"","R1504202609","R1504202610","R1504202611","R1504202612","R1504202613","R1504202614","R1504202615","R1504202616","R1504202617","R1509285785","R1509285786","R1509285787","R1509285788","R1509285789","R1509285790","R1509285791","R1509285792","R1509285793","R1509285794","R1509285795","R1509285796","R1509285798","R1509285799","R1509285800","R1509285801","R1509285803","R1509285804","R1509285805","R1509285806","R1509285807","R1509285808","R1509285809","R1509285810","R1509285811","R1509285813","R1509285815","R1509285816","R1509285817","R1509285818","R1509285819","R1509285820","R1509285821","R1509285822","R1509285823","R1509285824","R1509285825","R1509285826","R1509285827","R1509285828","R1509285829","R1509285830","R1509285832","R1509285833","R1509285834","R1509285835","R1509285836","R1509285837","R1509285838","R1509285839","R1509285840","R1509285841","R1509285842","R1509285843","R1509285845","R1509285846","R1509285847","R1509285848","R1509285849","R1509285850","R1509285851","R1509285852","R1509285853","R1509285854","R1509285855","R1509285856","R1509285857","R1509285858","R1509285859","R1509285861","R1509285862","R1509285863","R1509285864","R1509285865","R1509285866","R1509285867","R1509285868","R1509285869","R1509285870","R1509285871","R1509285872","R1509285874","R1509285875","R1509285876","R1509285877","R1509285878","R1509285879","R1509285880","R1509285881","R1509285882","R1509285883","R1509285884","R1509285885","R1509285886","R1509285887","R1509285888","R1509285889","R1509285890","R1509285891","R1509285892","R1509285893","R1509285895","R1509285896","R1509285897","R1509285898","R1509285899","R1509285900","R1509285901","R1509285902","R1509285903","R1509285904","R1509285905","R1509285906","R1509285907","R1509285908","R1509285909","R1509285910","R1509285911","R1509285912","R1509285913","R1509285914","R1509285915","R1509285916","R1509285917","R1509285918","R1509285919","R1509285920","R1509285921","R1509285922","R1509285923","R1509285924","R1509285925","R1509285926","R1509285927","R1509285928","R1509285929","R1509285930","R1509285931","R1509285932","R1509285933","R1509285934","R1509285935","R1509285936","R1509285937"
"chr1:874816_CCCCCTCATCACCTCCCCAGCCACGGTGAGGACCCACCCTGGCATGATCT/C_SAMD11","0/0","0/0","0/0","0/0","0/0","0/0","0/0","0/0","0/0","0/0","0/0","0/0","0/0","0/0","0/0","0/0","0/0","0/0","0/0","0/0","0/0","0/0","0/0","0/0","0/0","0/0","0/0","0/0","0/0","0/0","0/0","0/0","0/0","0/0","0/0","0/0","0/0","0/0","0/0","0/0","0/0","0/0","0/0","0/0","0/0","0/0","0/0","0/0","0/0","0/0","0/0","0/0","0/0","0/0","0/0","0/0","0/0","0/0","0/0","0/0","0/0","0/0","0/0","0/0","0/0","0/0","0/1","0/1","0/1","0/1","0/0","0/0","0/0","0/0","0/0","0/0","0/0","0/0","0/0","0/0","0/0","0/0","0/0","0/0","0/0","0/0","0/0","0/0","0/1","0/1","0/0","0/0","0/0","0/0","0/0","0/0","0/0","0/0","0/0","0/0","0/0","0/0","0/0","0/0","0/0","0/0","0/0","0/0","0/0","0/0","0/0","0/0","0/0","0/0","0/0","0/0","0/0","0/0","0/0","0/0","0/0","0/0","0/0","0/0","0/0","0/0","0/0","0/0","0/0","0/0","0/0","0/0","0/0","0/0","0/0","0/0","0/0","0/0","0/0","0/0","0/0","0/0","0/0","0/0","0/0","0/0","0/0","0/0","0/0","0/0","0/0","0/0","0/0"
"chr1:1116222_C/CG_TTLL10","0/0","0/0","0/0","0/0","0/0","0/0","0/0","0/0","0/0","0/0","0/0","0/0","0/0","0/0","0/0","0/0","0/0","0/0","0/0","0/0","0/0","0/0","0/0","0/0","0/0","0/0","0/0","0/0","0/0","0/0","0/0","0/1","0/0","0/0","0/0","0/0","0/0","0/0","0/0","0/0","0/0","0/0","0/0","0/0","0/0","0/0","0/0","0/0","0/0","0/0","0/0","0/0","0/0","0/0","0/0","0/0","0/0","0/0","0/0","0/0","0/0","0/0","0/0","0/0","0/0","0/0","0/0","0/0","0/0","0/0","0/0","0/0","0/0","0/0","0/0","0/0","0/0","0/0","0/0","0/0","0/0","0/0","0/0","0/0","0/0","0/0","0/0","0/0","0/0","0/0","0/0","0/0","0/0","0/0","0/0","0/0","0/0","0/0","0/0","0/0","0/0","0/0","0/0","0/0","0/0","0/0","0/0","0/0","0/0","0/0","0/0","0/0","0/0","0/0","0/0","0/0","0/0","0/0","0/0","0/0","0/0","0/0","0/0","0/0","0/0","0/0","0/0","0/0","0/0","0/0","0/0","0/0","0/0","0/0","0/0","0/0","0/0","0/0","0/0","0/0","0/0","0/0","0/0","0/0","0/0","0/0","0/0","0/0","0/0","0/0","0/0","0/0","0/0"
"chr1:1147440_TG/T_TNFRSF4","0/0","0/0","0/0","0/0","0/0","0/0","0/0","0/0","0/0","0/0","0/0","0/0","0/0","0/0","0/0","0/0","0/0","0/0","0/0","0/0","0/0","0/0","0/0","0/0","0/0","0/0","0/0","0/0","0/0","0/0","0/0","0/1","0/0","0/0","0/0","0/0","0/0","0/0","0/0","0/0","0/0","0/0","0/0","0/0","0/0","0/0","0/0","0/0","0/0","0/0","0/0","0/0","0/0","0/0","0/0","0/0","0/0","0/0","0/0","0/0","0/0","0/0","0/0","0/0","0/0","0/0","0/0","0/0","0/0","0/0","0/0","0/0","0/0","0/0","0/0","0/0","0/0","0/0","0/0","0/0","0/0","0/0","0/0","0/0","0/0","0/0","0/0","0/0","0/0","0/0","0/0","0/0","0/0","0/0","0/0","0/0","0/0","0/0","0/0","0/0","0/0","0/0","0/0","0/0","0/0","0/0","0/0","0/0","0/0","0/0","0/0","0/0","0/0","0/0","0/0","0/0","0/0","0/0","0/0","0/0","0/0","0/0","0/0","0/0","0/0","0/0","0/0","0/0","0/0","0/0","0/0","0/0","0/0","0/0","0/0","0/0","0/0","0/0","0/0","0/0","0/0","0/0","0/0","0/0","0/0","0/0","0/0","0/0","0/0","0/0","0/0","0/0","0/0"
"chr1:1159212_CGT/C_SDF4","0/0","0/0","0/0","0/0","0/0","0/0","0/0","0/0","0/0","0/0","0/0","0/0","0/0","0/0","0/0","0/0","0/0","0/0","0/0","0/0","0/0","0/0","0/0","0/0","0/0","0/0","0/0","0/0","0/0","0/0","0/0","0/0","0/0","0/1","0/0","0/0","0/0","0/0","0/0","0/0","0/0","0/0","0/0","0/0","0/0","0/0","0/0","0/0","0/0","0/0","0/0","0/0","0/0","0/0","0/0","0/0","0/0","0/0","0/0","0/0","0/0","0/0","0/0","0/0","0/0","0/0","0/0","0/0","0/0","0/0","0/0","0/0","0/0","0/0","0/0","0/0","0/0","0/0","0/0","0/0","0/0","0/0","0/0","0/0","0/0","0/0","0/1","0/0","0/0","0/0","0/0","0/0","0/0","0/0","0/0","0/0","0/0","0/0","0/0","0/0","0/0","0/0","0/0","0/0","0/0","0/0","0/0","0/0","0/0","0/0","0/0","0/0","0/0","0/0","0/0","0/0","0/0","0/0","0/0","0/0","0/0","0/0","0/0","0/0","0/0","0/0","0/0","0/0","0/0","0/0","0/0","0/0","0/0","0/0","0/0","0/0","0/0","0/0","0/0","0/0","0/0","0/0","0/0","0/0","0/0","0/0","0/0","0/0","0/0","0/0","0/0","0/0","0/0"
"chr1:1167669_T/TGCGGCGGGCGTGGCG_B3GALT6","0/0","0/0","0/0","0/0","0/0",".","0/0","0/0","0/0","0/0","0/0","0/0",".",".","0/0","0/0","0/0","0/0","0/0","0/0","0/0","0/0","0/0","0/0","0/0","0/0","0/0","0/0","0/0","0/0","0/0","0/0","0/0","0/0","0/0","0/0","0/0","0/0","0/0","0/0","0/0","0/0","0/0","0/0","0/0","0/0","0/0","0/0","0/0","0/0","0/0","0/0","0/1","0/0","0/0","0/0","0/0","0/0",".","0/0","0/0",".","0/0",".","0/0","0/0","0/0","0/0","0/0",".",".","0/0","0/0","0/0","0/0","0/0","0/0","0/0",".","0/0","0/0",".","0/0","0/0","0/0","0/0","0/0","0/0","0/0","0/0","0/0","0/0","0/0","0/0","0/0","0/0","0/0","0/0","0/0","0/0","0/0","0/0","0/0","0/0","0/0","0/0",".","0/0","0/0","0/0","0/0",".","0/0","0/0","0/0","0/0","0/0","0/0","0/0","0/0","0/0","0/0","0/0","0/0",".",".","0/0",".","0/0","0/0","0/0","0/0","0/0","0/0","0/0","0/0","0/0","0/0","0/0",".",".",".","0/0","0/0","0/0","0/0","0/0","0/0","0/0","0/0","0/0","0/0","0/0"
"chr1:1223412_AGGCAGGTGAGGCTGGGCTGGCAGGGGGTGCGGG/A_SCNN1D","0/0","0/0","0/0","0/0","0/0","0/0","0/0","0/0","0/0","0/0","0/0","0/0","0/0","0/0","0/0","0/0","0/0","0/0","0/0","0/0","0/0","0/0","0/0","0/0","0/0","0/0","0/0","0/0","0/0","0/0","0/0","0/0","0/0","0/0","0/0","0/0","0/0","0/0","0/0","0/0","0/0","0/0","0/0","0/0","0/0","0/0","0/0","0/0","0/0","0/0","0/0","0/0","0/0","0/0","0/0","0/0","0/0","0/0","0/0","0/0","0/0","0/0","0/0","0/0","0/0","0/0","0/0","0/0","0/0","0/0","0/0","0/0","0/0","0/0","0/0","0/0","0/0","0/0","0/0","0/0","0/0","0/0","0/0","0/0","0/0","0/0","0/0","0/0","0/0","0/0","0/0","0/0","0/0","0/0","0/0","0/0","0/0","0/0","0/0","0/0","0/0","0/0","0/0","0/0","0/0","0/0","0/0","0/0","0/0","0/0","0/0","0/0","0/0","0/0","0/1","0/0","0/0","0/0","0/0","0/0","0/0","0/0","0/0","0/0","0/1","0/1","0/0","0/0","0/0","0/0","0/0","0/0","0/0","0/0","0/0","0/0","0/0","0/0","0/0","0/0","0/0","0/0","0/0","0/0","0/0","0/0","0/0","0/0","0/0","0/0","0/0","0/0","0/0"
"chr1:1647893_C/CTTTCTT_CDK11A_CDK11B","0/1","0/1","0/1","0/1","0/1","0/1","0/1","0/1","0/1","0/1","0/1","0/1","0/1","0/1","0/1","0/1","0/1","0/1","0/1","0/1","0/1","0/1","0/1","0/1","0/1","0/1","0/1","0/1","0/1","0/1","0/1","0/1","0/1","0/1","0/1","0/1","0/1","0/1","0/1","0/1","0/1","0/1","0/1","0/1","0/1","0/1","0/1","0/1","0/1","0/1","0/1","0/1","0/1","0/1","0/1","0/1","0/1","0/1","0/1","0/1","0/1","0/1","0/1","0/1","0/1","0/1","0/1","0/1","0/1","0/1","0/1","0/1","0/1","0/1","0/1","0/1","0/1","0/1","0/1","0/1","0/1","0/1","0/1","0/1","0/1","0/1","0/1","0/1","0/1","0/1","0/1","0/1","0/1","0/1","0/1","0/1","0/1","0/1","0/1","0/1","0/1","0/1","0/1","0/1","0/1","0/1","0/1","0/1","0/1","0/1","0/1","0/1","0/1","0/1","0/1","0/1","0/1","0/1","0/1","0/1","0/1","0/1","0/1","0/1","0/1","0/1","0/1","0/1","0/1","0/1","0/1","0/1","0/1","0/1","0/1","0/1","0/1","0/1","0/1","0/1","0/1","0/1","0/1","0/1","0/1","0/1","0/1","0/1","0/1","0/1","0/1","0/1","0/1"
"chr1:1684347_CCCT/CCCTCCT_NADK","0/0","0/0","0/0","1/1","0/1","0/1","0/1","0/1","0/1","0/1","0/1","1/1","0/1","0/0","0/1","0/1","0/0","0/0","0/1","0/1","0/1","0/3","0/1","0/0","0/1","0/1","0/0","0/1","0/1","0/0","0/1","0/1","0/1","0/0","0/0","0/0","0/1","1/1","0/0","0/0","0/0","1/1","0/0","0/1","0/0","0/1","0/0","0/0","0/0","0/0","0/0","0/0","0/1","0/1","0/0","0/1","0/1","0/1","0/0","1/1","0/0","0/1","0/1","1/1","1/1","0/1","0/1","0/0","0/0","0/1","0/1","0/1","0/1","0/1","0/1","0/1","0/1","1/1","1/1","0/1","0/1","1/1","0/0","0/0","0/2","0/1","0/1","1/1","0/1","0/1","0/0","0/1","0/1","0/1","0/1","0/0","1/1","0/0","0/1","0/1","0/0","0/0","0/0","0/1","0/1","1/1","0/1","0/1","0/1","0/0","1/1","0/0","0/0","1/1","0/0","1/1","1/1","0/0","0/1","0/0","0/1","0/1","1/1","0/0","0/0","0/2","0/1","1/1","0/0","0/0","0/0","0/0","0/1","0/1","0/1","0/1","0/1","0/1","0/1","0/1","0/1","0/0","0/0","0/0","0/0","0/0","1/1","1/1","1/1","0/1","0/1","0/1","0/1"
"chr1:1849515_AG/A_TMEM52","0/0","0/0","0/0","0/0","0/0","0/0","0/0","0/0","0/0","0/0","0/0","0/0","0/1","0/0","0/0","0/0","0/0","0/0","0/0","0/0","0/0","0/0","0/0","0/0","0/0","0/0","0/0","0/0","0/0","0/0","0/0","0/0","0/0","0/0","0/0","0/0","0/0","0/0","0/0","0/0","0/0","0/0","0/0","0/0","0/0","0/0","0/0","0/0","0/0","0/0","0/0","0/0","0/0","0/0","0/0","0/0","0/0","0/0","0/0","0/0","0/0","0/0","0/0","0/0","0/0","0/0","0/0","0/0","0/0","0/0","0/0","0/0","0/0","0/0","0/0","0/0","0/0","0/0","0/0","0/0","0/0","0/0","0/0","0/0","0/0","0/0","0/0","0/0","0/0","0/0","0/0","0/0","0/0","0/0","0/0","0/0","0/0","0/0","0/0","0/0","0/0","0/0","0/0","0/0","0/0","0/0","0/0","0/0","0/0","0/0","0/0","0/0","0/0","0/0","0/0","0/0","0/0","0/0","0/0","0/0","0/0","0/0","0/0","0/0","0/0","0/0","0/0","0/0","0/0","0/0","0/0","0/0","0/0","0/0","0/0","0/0","0/0","0/0","0/0","0/0","0/0","0/0","0/0","0/0","0/0","0/0","0/0","0/0","0/0","0/0","0/0","0/0","0/0"
"chr1:1850627_CAGCGGCAGGAGCGGCAGG/CAGCGGCAGG_TMEM52","0/0","0/0","0/0","1/1","0/0","0/0","0/0","0/0","0/0","1/1","0/1","1/1","0/0","0/0","1/1","1/1","0/0","0/1","0/1","0/1","0/1","0/1","1/1","0/0","1/1","0/1","0/0","0/1","1/1","0/0","0/0","1/1","0/1","0/0","0/0","0/0","0/0","1/1","0/0","1/1","0/0","0/1","0/0","0/1","0/0","1/1","0/0","0/0","0/1","0/0","0/0","0/1","1/1","0/0","0/0","1/1","0/0","1/1","0/1","0/0","0/1","0/0","0/1","0/0","0/0","0/1","0/1","0/0","0/0","0/1","0/1","0/1","0/1","0/1","0/0","0/0","0/0","1/1","1/1","0/0","0/1",".","0/1","0/1","0/1","0/1","0/0","0/0","0/1","0/0","0/0","0/0","0/0","0/1","1/1","0/0","0/1","0/0","0/1","0/1","0/0","1/1","0/0","0/1","0/1","0/1","0/0","0/0","0/1","0/0","1/1","0/0","0/0","0/0",".","1/1","1/1","0/1","0/0","0/1","1/1","1/1","1/1","0/1","0/0","0/1","1/1",".","0/0","0/0","0/0","0/0",".","1/1",".","1/1","1/1","0/0","1/1","1/1","1/1","0/0","0/2","0/1","0/0","0/0","1/1","1/1","1/1","0/2","0/2","0/0","2/2"
"chr1:1900106_T/TCTC_CFAP74","0/1","0/1","0/1","0/1","0/0","0/0","0/0","0/0","0/0","0/1","0/0","1/1","0/1","0/0","1/1","0/0","0/0","0/1","0/0","0/1","0/1","0/0","0/0","1/1","0/0","0/0","0/1","0/0","0/0","0/1","0/0","0/1","0/0","0/1","0/1","0/1","0/0","0/0","0/1","0/1","0/1","0/1","0/0","0/1","0/1","0/1","0/0","1/1","0/0","0/1","0/0","0/0","1/1","0/0","0/1","0/1","0/1","0/0","0/1","0/0","0/1","1/1","0/0","0/0","0/0","0/0","0/1","0/1","0/1","0/1","0/0","0/1","0/1","0/0","0/0","0/1","0/1","0/1","0/1","0/0","0/0","0/0","0/0","0/0","0/0","0/1","0/1","0/1","0/0","0/0","0/1","0/1","0/1","0/0","0/0","0/1","0/1","0/1","0/1","0/1","1/1","0/0","1/1","0/0","0/0","0/1","0/1","0/1","0/1","0/0","0/1","0/0","0/0","0/1","0/0","0/0","0/0","0/0","0/1","0/0","0/1","0/1","0/0","0/0","0/0","0/0","0/1","0/1","0/0","0/0","0/0","0/1","0/0","0/1","0/0","0/0","0/1","0/1","0/1","0/1","0/1","0/1","0/1","0/0","0/0","0/0","0/1","0/1","0/1","0/0","0/0","0/0","0/0"
"chr1:2430086_G/GGTGGGGGCC_PLCH2","0/0","0/0","0/0","0/0","0/1","0/0","0/0","0/0","0/0","0/1","0/0","0/1","0/0","0/0","0/0","0/0","0/0","0/1","0/0","0/1","0/1","0/0","0/0","0/0","0/0","0/0","0/0","0/0","0/0","0/0","0/0","0/0","0/0","0/0","0/0","0/0","0/0","0/0","0/1","0/1","0/0","0/0","0/0","0/0","0/1","0/0","0/0","0/0","0/0","0/0","0/0","0/0","0/0","0/0","0/1","0/0","0/0","0/0","0/0","0/0","0/0","0/0","0/0","0/1","0/1","0/0","0/1","0/0","0/0","0/1","0/0","0/0","0/0","0/1","0/1","0/0","0/0","0/0","0/0","0/0","0/0","0/0","0/0","0/0","0/0","0/0","0/0","0/0","0/0","0/0","0/0","0/0","0/0","0/0","0/0","0/0","0/0","0/0","0/0","0/0","0/0","0/0","0/0","0/1","0/1","0/0","0/0","0/0","0/0","0/0","0/0","0/0","0/0","0/0","0/0","0/1","0/1","0/0","0/0","0/0","0/0","0/0","0/1","0/0","0/0","0/0","0/0","0/0","0/0","0/0","0/0","0/0","0/0","0/0","0/0","0/0","0/0","0/0","0/0","0/0","0/0","0/0","0/0","0/0","0/0","0/0","0/0","0/0","0/0","0/1","0/1","0/1","0/1"
"chr1:2435372_CTCTCCACGCAGCGGCCACT/C_PLCH2","0/0","0/0","0/0","0/0","0/0","0/0","0/0","0/0","0/0","0/0","0/0","0/0","0/0","0/0","0/0","0/0","0/0","0/0","0/0","0/0","0/0","0/0","0/0","0/0","0/0","0/0","0/0","0/0","0/0","0/0","0/0","0/0","0/0","0/1","0/0","0/0","0/0","0/0","0/0","0/0","0/0","0/0","0/0","0/0","0/0","0/0","0/0","0/0","0/0","0/0","0/0","0/0","0/0","0/0","0/0","0/0","0/0","0/0","0/0","0/0","0/0","0/0","0/0","0/0","0/0","0/0","0/0","0/0","0/0","0/0","0/0","0/0","0/0","0/0","0/0","0/0","0/0","0/0","0/0","0/0","0/0","0/0","0/0","0/0","0/0","0/0","0/0","0/0","0/0","0/0","0/0","0/0","0/0","0/0","0/0","0/0","0/0","0/0","0/0","0/0","0/0","0/0","0/0","0/0","0/0","0/0","0/0","0/0","0/0","0/0","0/0","0/0","0/0","0/0","0/0","0/0","0/0","0/0","0/0","0/0","0/0","0/0","0/0","0/0","0/0","0/0","0/0","0/0","0/0","0/0","0/0","0/0","0/0","0/0","0/0","0/0","0/0","0/0","0/0","0/0","0/0","0/0","0/0","0/0","0/0","0/0","0/0","0/0","0/0","0/0","0/0","0/0","0/0"
"chr1:2435397_C/CCAA_PLCH2","0/0","0/0","0/0","0/0","0/0","0/0","0/0","0/0","0/0","0/0","0/0","0/0","0/0","0/0","0/0","0/0","0/0","0/0","0/0","0/0","0/0","0/0","0/0","0/0","0/0","0/0","0/0","0/0","0/0","0/0","0/0","0/0","0/0","0/1","0/0","0/0","0/0","0/0","0/0","0/0","0/0","0/0","0/0","0/0","0/0","0/0","0/0","0/0","0/0","0/0","0/0","0/0","0/0","0/0","0/0","0/0","0/0","0/0","0/0","0/0","0/0","0/0","0/0","0/0","0/0","0/0","0/0","0/0","0/0","0/0","0/0","0/0","0/0","0/0","0/0","0/0","0/0","0/0","0/0","0/0","0/0","0/0","0/0","0/0","0/0","0/0","0/0","0/0","0/0","0/0","0/0","0/0","0/0","0/0","0/0","0/0","0/0","0/0","0/0","0/0","0/0","0/0","0/0","0/0","0/0","0/0","0/0","0/0","0/0","0/0","0/0","0/0","0/0","0/0","0/0","0/0","0/0","0/0","0/0","0/0","0/0","0/0","0/0","0/0","0/0","0/0","0/0","0/0","0/0","0/0","0/0","0/0","0/0","0/0","0/0","0/0","0/0","0/0","0/0","0/0","0/0","0/0","0/0","0/0","0/0","0/0","0/0","0/0","0/0","0/0","0/0","0/0","0/0"
"chr1:2460944_CGCG/C_HES5","0/0","0/0","0/0","0/0","0/0","0/0","0/0","0/0","0/0","0/0","0/0","0/1","0/0","0/0","0/1","0/0","0/0","0/0","0/0","0/0","0/0","0/0","0/0","0/0","0/0","0/0","0/0","0/0","0/0","0/0","0/0","0/1","0/0","0/0","0/0","0/0","0/0","0/0","0/0","0/0","0/0","0/0","0/0","0/0","0/0","0/0","0/0","0/0","0/0","0/0","0/0","0/0","0/0","0/0","0/0","0/0","0/0","0/0","0/0","0/0","0/0","0/0","0/0","0/0","0/0","0/0","0/0","0/0","0/0","0/0","0/0","0/0","0/0","0/0","0/0","0/0","0/0","0/0","0/0","0/0","0/0","0/0","0/0","0/0","0/0","0/0","0/0","0/0","0/0","0/0","0/0","0/0","0/0","0/0","0/0","0/0","0/0","0/0","0/0","0/0","0/0","0/0","0/0","0/0","0/0","0/0","0/0","0/0","0/0","0/0","0/0","0/0","0/0","0/0","0/0","0/0","0/0","0/0","0/0","0/0","0/0","0/0","0/0","0/0","0/0","0/0","0/0","0/0","0/0","0/0","0/0","0/0","0/0","0/0","0/0","0/0","0/0","0/0","0/0","0/0","0/0","0/0","0/0","0/0","0/0","0/0","0/0","0/0","0/0","0/0","0/0","0/0","0/0"
"chr1:2938407_CAGA/C_ACTRT2","0/1","0/1","0/1","0/0","0/0","0/0","0/0","0/0","0/0","0/1","0/1","0/0","0/0","0/1","0/1","0/0","0/0","0/0","0/0","0/0","0/0","0/1","0/0","0/1","0/0","0/0","0/1","0/1","0/1","0/1","0/0","0/0","0/0","0/0","0/0","0/0","0/1","0/0","0/0","0/0","0/0","1/1","1/1","0/1","0/0","0/0","0/0","0/0","0/0","0/1","0/0","1/1","0/0","0/0","0/0","0/0","0/1","0/0","0/0","0/0","0/0","0/1","0/0","0/0","0/0","0/1","0/0","0/0","0/0","0/0","0/1","0/1","0/1","0/1","0/1","0/0","0/0","0/0","0/0","0/0","0/0","0/0","0/0","0/0","0/0","0/0","0/0","0/1","0/0","0/0","0/0","0/0","0/0","0/1","0/1","0/0","0/1","1/1","0/0","0/0","0/0","0/0","0/0","0/1","0/1","0/0","0/0","0/1","0/1","0/0","0/0","0/0","0/0","0/0","0/0","0/0","0/0","0/0","0/0","0/0","0/0","0/0","0/0","0/0","0/0","0/0","0/0","0/0","0/0","0/0","0/0","0/0","0/1","0/0","0/1","0/1","0/0","0/0","0/1","0/1","0/1","0/0","0/0","0/1","0/1","0/1","0/0","0/0","0/0","0/0","0/0","0/0","0/0"
"chr1:3647597_A/AC_TP73","0/0","0/0","0/0","0/0","0/0","0/0","0/0","0/0","0/0","0/0","0/0","0/0","0/0","0/0","0/0","0/0","0/0","0/0","0/0","0/0","0/0","0/0","0/0","0/0","0/0","0/0","0/0","0/0","0/0","0/0","0/0","0/0","0/0","0/0","0/0","0/0","0/0","0/0","0/0","0/0","0/0","0/0","0/0","0/0","0/0","0/0","0/0","0/0","0/0","0/0","0/0","0/0","0/0","0/0","0/1","0/0","0/0","0/0","0/0","0/0","0/0","0/0","0/0","0/0","0/0","0/0","0/0","0/0","0/0","0/0","0/0","0/0","0/0","0/0","0/0","0/0","0/0","0/0","0/0","0/0","0/0","0/0","0/0","0/0","0/0","0/0","0/0","0/0","0/0","0/0","0/0","0/0","0/0","0/0","0/0","0/0","0/0","0/0","0/0","0/0","0/0","0/0","0/0","0/0","0/0","0/0","0/0","0/0","0/0","0/0","0/0","0/0","0/0","0/0","0/0","0/0","0/0","0/0","0/0","0/0","0/0","0/0","0/0","0/0","0/0","0/0","0/0","0/0","0/0","0/0","0/0","0/0","0/0","0/0","0/0","0/0","0/0","0/0","0/0","0/0","0/0","0/0","0/0","0/0","0/0","0/0","0/0","0/0","0/0","0/0","0/0","0/0","0/0"
"chr1:3697861_CTT/C_LRRC47","0/0","0/0","0/0","0/0","0/0","0/0","0/0","0/0","0/0","0/0","0/0","0/0","0/0","0/0","0/0","0/0","0/0","0/0","0/0","0/0","0/0","0/0","0/0","0/0","0/0","0/0","0/0","0/0","0/0","0/0","0/0","0/1","0/0","0/0","0/0","0/0","0/0","0/0","0/0","0/0","0/0","0/0","0/0","0/0","0/0","0/0","0/0","0/0","0/0","0/0","0/0","0/0","0/0","0/0","0/0","0/0","0/0","0/0","0/0","0/0","0/0","0/0","0/0","0/0","0/0","0/0","0/0","0/0","0/0","0/0","0/0","0/0","0/0","0/0","0/0","0/0","0/0","0/0","0/0","0/0","0/0","0/0","0/0","0/0","0/0","0/0","0/0","0/0","0/0","0/0","0/0","0/0","0/0","0/0","0/0","0/0","0/0","0/0","0/0","0/0","0/0","0/0","0/0","0/0","0/0","0/0","0/0","0/0","0/0","0/0","0/0","0/0","0/0","0/0","0/0","0/0","0/0","0/0","0/0","0/0","0/0","0/0","0/0","0/0","0/0","0/0","0/0","0/0","0/0","0/0","0/0","0/0","0/0","0/0","0/0","0/0","0/0","0/0","0/0","0/0","0/0","0/0","0/0","0/0","0/0","0/0","0/0","0/0","0/0","0/0","0/0","0/0","0/0"
"chr1:3774255_C/CT_DFFB","0/0","0/0","0/0","0/0","0/0","0/0","0/0","0/0","0/0","0/0","0/0","0/0","0/0","0/0","0/0","0/0","0/0","0/0","0/1","0/0","0/0","0/0","0/0","0/0","0/0","0/0","0/0","0/0","0/0","0/0","0/0","0/0","0/0","0/0","0/0","0/0","0/0","0/0","0/0","0/0","0/0","0/0","0/0","0/0","0/0","0/0","0/0","0/0","0/0","0/0","0/0","0/0","0/0","0/0","0/0","0/0","0/0","0/0","0/0","0/0","0/0","0/0","0/0","0/0","0/0","0/0","0/0","0/0","0/0","0/0","0/0","0/0","0/0","0/0","0/0","0/0","0/0","0/0","0/0","0/0","0/0","0/0","0/0","0/0","0/0","0/0","0/0","0/0","0/0","0/0","0/0","0/0","0/0","0/0","0/0","0/0","0/0","0/0","0/0","0/0","0/0","0/0","0/0","0/0","0/0","0/0","0/0","0/0","0/0","0/0","0/0","0/0","0/0","0/0","0/0","0/0","0/0","0/0","0/0","0/0","0/0","0/0","0/0","0/0","0/0","0/0","0/0","0/0","0/0","0/0","0/0","0/0","0/0","0/0","0/0","0/0","0/0","0/0","0/0","0/0","0/0","0/0","0/0","0/0","0/0","0/0","0/0","0/0","0/0","0/0","0/0","0/0","0/0"
"chr1:6309792_GGCGAGTCGCGGGCTCCCCGCGGGCCGCTATCCAGGGCCGAGGGCCGCA/G_GPR153","0/0","0/0","0/0","0/0","0/0","0/0","0/0",".","0/0","0/0",".","0/0","0/0","0/0","0/0","0/0","0/0","0/0","0/0","0/0","0/0","0/0","0/0","0/0","0/0","0/0","0/0","0/0","0/0","0/0","0/0","0/0","0/0","0/0","0/0","0/0","0/0","0/0","0/0","0/0","0/0","0/0","0/0","0/0","0/0","0/0",".","0/0","0/0",".","0/0","0/0","0/0","0/0","0/0","0/0","0/0","0/0","0/0","0/0","0/0","0/0","0/0","0/0","0/0","0/0","0/0","0/0",".","0/0","0/0","0/0","0/0","0/0","0/0","0/0","0/0","0/0","0/0","0/0","0/0","0/0","0/0","0/0","0/0","0/0","0/0","0/0","0/0","0/0","0/0","0/0","0/0","0/0","0/0","0/0","0/0","0/0","0/0","0/0","0/0","1/1","0/0","0/0","0/0","0/0","0/0","0/0","0/0","0/1","0/0","0/0","0/0","0/0","0/0","0/0","0/0","0/0","0/0","0/0","0/0","0/0",".","0/0","0/0","0/0","0/0","0/0","0/0","0/0","0/0","0/0","0/0","0/0","0/0","0/0","0/0","0/0","0/0","0/0","0/0","0/0","0/0","0/0","0/0","0/0",".","0/0","0/0","0/0","0/0","0/0","0/0"
"chr1:6509021_GCCACCGCCGCCC/G_ESPN","0/1","0/0","0/0","0/0","0/0","0/0","0/0","0/0","0/0","0/0","0/0","0/0","0/0","0/0","0/0","0/0","0/0","0/0","0/0","0/0","0/0","0/0","0/0","0/0","0/0","0/0","0/0","0/0","0/0","0/0","0/0","0/0","0/0","0/0","0/0","0/0","0/0","0/0","0/0","0/0","0/0","0/0","0/0","0/0","0/0","0/0","0/0","0/0","0/0","0/0","0/0","0/0","0/0","0/0","0/0","0/0","0/0","0/0","0/0","0/0","0/0","0/0","0/0","0/0","0/0","0/0","0/0","0/0","0/0","0/0","0/0","0/0","0/0","0/0","0/0","0/0","0/0","0/0","0/0","0/0","0/0","0/0","0/0","0/0","0/0","0/0","0/0","0/0","0/0","0/0","0/0","0/0","0/0","0/0","0/0","0/0","0/0","0/0","0/0","0/0","0/0","0/0","0/0","0/0","0/0","0/0","0/0","0/0","0/0","0/0","0/0","0/0","0/0","0/0","0/0","0/0","0/0","0/0","0/0","0/0","0/0","0/0","0/0","0/0","0/0","0/0","0/0","0/0","0/0","0/0","0/0","0/0","0/0","0/0","0/0","0/0","0/0","0/0","0/0","0/0","0/0","0/0","0/0","0/0","0/0","0/0","0/0","0/0","0/0","0/0","0/0","0/0","0/0"
"chr1:6528134_TGAG/T_PLEKHG5","0/0","0/0","0/0","0/0","0/1","0/1","0/0","0/0","0/0","0/0","0/0","0/0","0/0","0/0","0/0","0/0","0/0","0/0","0/0","0/0","0/0","0/0","0/0","0/0","0/0","0/0","0/0","0/0","0/0","0/0","0/0","0/0","0/0","0/0","0/0","0/0","0/0","0/0","0/0","0/0","0/0","0/0","0/0","0/0","0/0","0/0","0/0","0/0","0/0","0/0","0/0","0/0","0/0","0/0","0/0","0/0","0/0","0/0","0/0","0/0","0/0","0/0","0/0","0/0","0/0","0/0","0/0","0/0","0/0","0/0","0/0","0/0","0/0","0/0","0/0","0/0","0/0","0/0","0/0","0/0","0/0","0/0","0/0","0/0","0/0","0/0","0/0","0/0","0/0","0/0","0/0","0/0","0/0","0/0","0/0","0/0","0/0","0/0","0/0","0/0","0/0","0/0","0/0","0/0","0/0","0/0","0/0","0/0","0/0","0/0","0/0","0/0","0/0","0/0","0/0","0/0","0/0","0/0","0/0","0/0","0/0","0/0","0/0","0/0","0/0","0/0","0/0","0/0","0/0","0/0","0/0","0/0","0/0","0/0","0/0","0/0","0/0","0/0","0/0","0/0","0/0","0/0","0/0","0/0","0/0","0/0","0/0","0/0","0/0","0/0","0/0","0/0","0/0"
"chr1:6529182_TTCCTCC/TTCC_PLEKHG5","0/0","0/0","0/0","0/0","0/0","0/0","0/0","0/0","0/0","0/0","0/0","0/0","0/0","0/0","0/0","0/0","0/0","0/0","0/0","0/0","0/0","0/0","0/0","0/0","0/0","0/0","0/0","0/0","0/0","0/0","0/0","0/0","0/0","0/0","0/0","0/0","0/0","0/0","0/0","0/0","0/0","0/0","0/0","0/0","0/0","0/0","0/0","0/0","0/0","0/0","0/0","0/0","0/0","0/0","0/0","0/0","0/1","0/0","0/0","0/2","0/0","0/0","0/0","0/0","0/0","0/0","0/0","0/0","0/0","0/0","0/0","0/0","0/0","0/0","0/0","0/0","0/0","0/1","0/1","0/0","0/0","0/0","0/0","0/0","0/0","0/0","0/0","0/0","0/0","0/0","0/0","0/0","0/0","0/0","0/0","0/0","0/0","0/0","0/0","0/0","0/0","0/0","0/0","0/0","0/0","0/0","0/0","0/0","0/0","0/0","0/0","0/0","0/0","0/0","0/0","0/0","0/0","0/0","0/0","0/0","0/0","0/0","0/0","0/0","0/0","0/0","0/0","0/0","0/0","0/0","0/0","0/0","0/0","0/0","0/0","0/0","0/0","0/0","0/0","0/0","0/0","0/0","0/0","0/1","0/1","0/1","0/0","0/0","0/0","0/0","0/0","0/0","0/0"
"chr1:6586828_CG/C_NOL9","0/0","0/0","0/0","0/0","0/0","0/0","0/0","0/0","0/0","0/0","0/0","0/0","0/0","0/0","0/0","0/0","0/0","0/0","0/0","0/0","0/0","0/0","0/0","0/0","0/0","0/0","0/0","0/0","0/0","0/0","0/0","0/0","0/0","0/0","0/0","0/0","0/1","0/0","0/0","0/0","0/0","0/0","0/0","0/0","0/0","0/0","0/0","0/0","0/0","0/0","0/0","0/0","0/0","0/0","0/0","0/0","0/0","0/0","0/0","0/0","0/0","0/0","0/0","0/0","0/0","0/0","0/0","0/0","0/0","0/0","0/0","0/0","0/0","0/0","0/0","0/0","0/0","0/0","0/0","0/0","0/0","0/0","0/0","0/0","0/0","0/0","0/0","0/0","0/0","0/0","0/0","0/0","0/0","0/0","0/0","0/0","0/0","0/0","0/0","0/0","0/0","0/0","0/0","0/0","0/0","0/0","0/0","0/0","0/0","0/0","0/0","0/0","0/0","0/0","0/0","0/0","0/0","0/0","0/0","0/0","0/0","0/0","0/0","0/0","0/0","0/0","0/0","0/0","0/0","0/0","0/0","0/0","0/0","0/0","0/0","0/0","0/0","0/0","0/0","0/0","0/0","0/0","0/0","0/0","0/0","0/0","0/0","0/0","0/0","0/0","0/0","0/0","0/0"
"chr1:8419880_TCTC/T_RERE","0/0","0/0","0/0","0/0","0/0","0/0","0/0","0/0","0/0","0/0","0/0","0/0","0/0","0/0","0/0","0/0","0/0","0/0","0/0","0/0","0/0","0/0","0/0","0/0","0/0","0/0","0/0","0/0","0/0","0/0","0/0","0/0","0/0","0/0","0/0","0/0","0/0","0/0","0/0","0/0","0/0","0/0","0/0","0/0","0/0","0/0","0/0","0/0","0/0","0/0","0/0","0/0","0/0","0/1","0/0","0/0","0/0","0/0","0/0","0/0","0/0","0/0","0/0","0/0","0/0","0/0","0/0","0/0","0/0","0/0","0/0","0/0","0/0","0/0","0/0","0/0","0/0","0/0","0/0","0/0","0/0","0/0","0/0","0/0","0/0","0/0","0/0","0/0","0/0","0/0","0/0","0/0","0/0","0/0","0/0","0/0","0/0","0/0","0/0","0/0","0/0","0/0","0/0","0/0","0/0","0/0","0/0","0/0","0/0","0/0","0/0","0/0","0/0","0/0","0/0","0/0","0/0","0/0","0/0","0/0","0/0","0/0","0/0","0/0","0/0","0/0","0/0","0/0","0/0","0/0","0/0","0/0","0/0","0/0","0/0","0/0","0/0","0/0","0/0","0/0","0/0","0/0","0/0","0/0","0/0","0/0","0/0","0/0","0/0","0/0","0/0","0/0","0/0"
"chr1:8716321_CTCTTTG/C_RERE","0/0","0/0","0/0","0/0","0/1","0/1","0/0","0/0","0/0","0/0","0/0","0/0","0/0","0/0","0/1","0/0","0/0","0/0","0/0","0/0","0/0","0/1","0/0","0/0","0/0","0/0","0/0","0/0","0/0","0/0","0/0","0/0","0/0","0/0","0/0","0/0","0/0","0/0","0/0","0/0","0/0","0/0","0/0","0/0","0/1","0/0","0/0","0/0","0/0","0/0","0/0","0/0","0/0","0/0","0/0","0/0","0/0","0/0","0/0","0/0","0/1","0/0","0/0","0/0","0/0","0/0","0/0","0/0","0/0","0/0","0/0","0/0","0/0","0/0","0/0","0/0","0/0","0/1","0/1","0/0","0/0","0/0","0/0","0/0","0/0","0/0","0/0","0/0","0/0","0/0","0/0","0/0","0/0","0/0","0/0","0/0","0/1","0/0","0/0","0/0","0/0","0/0","0/0","0/1","0/1","0/0","0/0","0/0","0/0","0/0","0/0","0/0","0/0","0/0","0/0","0/0","0/0","0/0","0/0","0/0","0/0","0/0","0/0","0/0","0/0","0/0","0/0","0/0","0/0","0/0","0/0","0/1","0/1","0/0","0/1","0/1","0/0","0/0","0/0","0/0","0/0","0/1","0/1","0/0","0/0","0/0","0/0","0/0","0/0","0/0","0/0","0/0","0/0"
"chr1:9067403_GAC/G_SLC2A7","0/0","0/0","0/0","0/0","0/0","0/0","0/0","0/0","0/0","0/0","0/0","0/0","0/0","0/0","0/0","0/0","0/0","0/0","0/0","0/0","0/0","0/0","0/0","0/0","0/0","0/0","0/0","0/1","0/0","0/0","0/0","0/0","0/0","0/0","0/0","0/0","0/0","0/0","0/0","0/0","0/0","0/0","0/0","0/0","0/0","0/0","0/0","0/0","0/0","0/0","0/0","0/0","0/0","0/0","0/0","0/0","0/0","0/0","0/0","0/0","0/0","0/0","0/0","0/0","0/0","0/0","0/0","0/0","0/0","0/0","0/0","0/0","0/0","0/0","0/0","0/0","0/0","0/0","0/0","0/0","0/0","0/0","0/0","0/0","0/0","0/0","0/0","0/0","0/0","0/0","0/0","0/0","0/0","0/0","0/0","0/0","0/0","0/0","0/0","0/0","0/0","0/0","0/0","0/0","0/0","0/0","0/0","0/0","0/0","0/0","0/0","0/0","0/0","0/0","0/0","0/0","0/0","0/0","0/0","0/0","0/0","0/0","0/0","0/0","0/0","0/0","0/0","0/0","0/0","0/0","0/0","0/0","0/0","0/0","0/0","0/0","0/0","0/0","0/0","0/0","0/0","0/0","0/0","0/0","0/0","0/0","0/0","0/0","0/0","0/0","0/0","0/0","0/0"
"chr1:9304978_CCCCAGGCA/C_H6PD","0/0","0/0","0/0","0/0","0/0","0/0","0/0","0/0","0/0","0/0","0/0","0/0","0/0","0/0","0/0","0/0","0/0","0/0","0/0","0/0","0/0","0/0","0/1","0/0","0/0","0/0","0/0","0/0","0/0","0/1","0/0","0/0","0/0","0/1","0/1","0/0","0/0","0/0","0/0","0/0","0/1","0/0","0/0","0/0","0/0","0/0","0/0","0/0","0/0","0/0","0/0","0/0","0/0","0/0","0/0","0/0","0/1","0/0","0/0","0/0","0/0","0/0","0/0","0/0","0/0","0/0","0/0","0/0","0/0","0/0","0/0","0/0","0/0","0/0","0/0","0/0","0/0","0/1","0/1","0/0","0/0","0/1","0/0","0/0","0/0","0/0","0/0","0/0","0/0","0/0","0/0","0/0","0/0","0/0","0/0","0/0","0/0","0/0","0/0","0/0","0/0","0/0","0/0","0/1","0/1","0/0","0/0","0/0","0/0","0/0","0/0","0/0","0/0","0/0","0/1","0/0","0/0","0/0","0/0","0/0","0/0","0/0","0/0","0/0","0/1","0/1","0/0","0/0","0/0","0/0","0/0","0/0","0/0","0/1","0/0","0/0","0/1","0/1","0/0","0/0","0/0","0/0","0/0","0/0","0/0","0/0","0/0","0/0","0/0","0/0","0/0","0/0","0/0"
"chr1:9656068_G/GGTGT_TMEM201","0/0","0/0","0/0","0/0","0/0","0/0","0/0","0/0","0/0","0/0","0/0","0/0","0/0","0/0","0/0","0/0","0/0","0/0","0/0","0/0","0/0","0/0","0/0","0/0","0/0","0/0","0/0","0/0","0/0","0/0","0/0","0/0","0/0","0/0","0/0","0/0","0/0","0/0","0/0","0/0","0/0","0/0","0/0","0/0","0/0","0/0","0/0","0/0","0/0","0/0","0/0","0/0","0/0","0/0","0/0","0/0","0/0","0/1","0/0","0/0","0/0","0/0","0/0","0/0","0/0","0/0","0/0","0/0","0/0","0/0","0/0","0/0","0/0","0/0","0/0","0/0","0/0","0/0","0/0","0/0","0/0","0/0","0/0","0/0","0/0","0/0","0/0","0/0","0/0","0/0","0/0","0/0","0/0","0/0","0/0","0/0","0/0","0/0","0/0","0/0","0/0","0/0","0/0","0/0","0/0","0/0","0/0","0/0","0/0","0/0","0/0","0/0","0/0","0/0","0/0","0/0","0/0","0/0","0/0","0/0","0/0","0/0","0/0","0/0","0/0","0/0","0/0","0/0","0/0","0/0","0/0","0/0","0/0","0/0","0/0","0/0","0/0","0/0","0/0","0/0","0/0","0/0","0/0","0/0","0/0","0/0","0/0","0/0","0/0","0/0","0/0","0/0","0/0"
"chr1:9778787_GA/G_PIK3CD","0/0","0/0","0/0","0/0","0/0","0/0","0/0","0/0","0/0","0/0","0/0","0/0","0/0","0/0","0/0","0/0","0/0","0/0","0/0","0/0","0/0","0/0","0/0","0/0","0/0","0/0","0/0","0/0","0/1","0/0","0/0","0/0","0/0","0/0","0/0","0/0","0/0","0/0","0/0","0/0","0/0","0/0","0/0","0/0","0/0","0/0","0/0","0/0","0/0","0/0","0/0","0/0","0/0","0/0","0/0","0/0","0/0","0/0","0/0","0/0","0/0","0/0","0/0","0/0","0/0","0/0","0/0","0/0","0/0","0/0","0/0","0/0","0/0","0/0","0/0","0/0","0/0","0/0","0/0","0/0","0/0","0/0","0/0","0/0","0/0","0/0","0/0","0/0","0/0","0/0","0/0","0/0","0/0","0/0","0/0","0/0","0/0","0/0","0/0","0/0","0/0","0/0","0/0","0/0","0/0","0/0","0/0","0/0","0/0","0/0","0/0","0/0","0/0","0/0","0/0","0/0","0/0","0/0","0/0","0/0","0/0","0/0","0/0","0/0","0/0","0/0","0/0","0/0","0/0","0/0","0/0","0/0","0/0","0/0","0/0","0/0","0/0","0/0","0/0","0/0","0/0","0/0","0/0","0/0","0/0","0/0","0/0","0/0","0/0","0/0","0/0","0/0","0/0"
"chr1:10699167_CTCGTCGTCG/CTCGTCG_CASZ1","0/0","0/0","0/0","0/0","0/0","0/0","0/1","0/1","0/1","0/2","0/0","0/0","0/0","0/0","0/0","0/0","0/0","0/2","0/0","0/0","0/0","0/0","0/0","0/0","0/0","0/0","0/0","0/0","0/0","0/0","0/0","0/0","0/0","0/0","0/0","0/0","0/0","0/0","0/0","0/0","0/0","0/0","0/0","0/0","0/0","0/0","0/0","0/0","0/0","0/0","0/0","0/0","0/0","0/0","0/0","0/0","0/0","0/0","0/0","0/0","0/0","0/0","0/0","0/0","0/0","0/0","0/0","0/0","0/0","0/0","0/0","0/0","0/0","0/0","0/0","0/0","0/0","0/0","0/0","0/0","0/0","0/0","0/0","0/0","0/0","0/0","0/0","0/0","0/0","0/0","0/0","0/0","0/0","0/0","0/0","0/0","0/0","0/0","0/0","0/0","0/0","0/0","0/0","0/0","0/0","0/0","0/0","0/0","0/0","0/0","0/0","0/0","0/0","0/0","0/0","0/0","0/0","0/0","0/0","0/0","0/0","0/0","0/0","0/0","0/0","0/0","0/0","0/0","0/0","0/0","0/0","0/0","0/0","0/0","0/0","0/0","0/0","0/0","0/0","0/0","0/0","0/0","0/0","0/0","0/0","0/0","0/0","0/0","0/0","0/0","0/0","0/0","0/0"
"chr1:11086938_CAAGTTA/C_MASP2","0/0","0/0","0/0","0/0","0/0","0/0","0/0","0/0","0/0","0/0","0/0","0/0","0/0","0/0","0/0","0/0","0/0","0/0","0/0","0/0","0/0","0/0","0/0","0/0","0/0","0/0","0/0","0/0","0/0","0/0","0/0","0/0","0/0","0/0","0/0","0/0","0/0","0/0","0/0","0/0","0/0","0/0","0/0","0/0","0/0","0/0","0/0","0/0","0/0","0/0","0/0","0/0","0/0","0/0","0/0","0/0","0/0","0/0","0/0","0/0","0/0","0/0","0/0","0/0","0/0","0/0","0/0","0/0","0/0","0/0","0/0","0/0","0/0","0/0","0/0","0/0","0/0","0/0","0/0","0/0","0/0","0/0","0/0","0/0","0/0","0/0","0/0","0/0","0/0","0/0","0/0","0/0","0/0","0/0","0/0","0/0","0/0","0/0","0/0","0/0","0/0","0/0","0/0","0/0","0/0","0/0","0/0","0/0","0/1","0/0","0/0","0/0","0/0","0/0","0/0","0/0","0/0","0/0","0/0","0/0","0/0","0/0","0/0","0/0","0/0","0/0","0/0","0/0","0/0","0/0","0/0","0/0","0/0","0/0","0/0","0/0","0/0","0/0","0/0","0/0","0/0","0/0","0/0","0/0","0/0","0/0","0/0","0/0","0/0","0/0","0/0","0/0","0/0"
"chr1:12091402_C/CT_MIIP","0/0","0/0","0/0","0/0","0/0","0/0","0/0","0/0","0/0","0/0","0/0","0/0","0/0","0/0","0/0","0/0","0/0","0/0","0/0","0/0","0/0","0/0","0/0","0/0","0/0","0/0","0/0","0/0","0/0","0/0","0/1","0/0","0/0","0/0","0/0","0/0","0/0","0/0","0/0","0/0","0/0","0/0","0/0","0/0","0/0","0/0","0/0","0/0","0/0","0/0","0/0","0/0","0/0","0/0","0/0","0/0","0/0","0/0","0/0","0/0","0/0","0/0","0/0","0/0","0/0","0/0","0/0","0/0","0/0","0/0","0/0","0/0","0/0","0/0","0/0","0/0","0/0","0/0","0/0","0/0","0/0","0/0","0/0","0/0","0/0","0/0","0/0","0/0","0/0","0/0","0/0","0/0","0/0","0/0","0/0","0/0","0/0","0/0","0/0","0/0","0/0","0/0","0/0","0/0","0/0","0/0","0/0","0/0","0/0","0/0","0/0","0/0","0/0","0/0","0/0","0/0","0/0","0/0","0/0","0/0","0/0","0/0","0/0","0/0","0/0","0/0","0/0","0/0","0/0","0/0","0/0","0/0","0/0","0/0","0/0","0/0","0/0","0/0","0/0","0/0","0/0","0/0","0/0","0/0","0/0","0/0","0/0","0/0","0/0","0/0","0/0","0/0","0/0"
"chr1:14106394_A/ACTC_PRDM2","1/1","1/1","1/1","0/1","1/1","1/1","0/1","0/1","1/1","1/1","0/0","0/1","0/1","0/0","0/1","0/0","0/1","1/1","0/0","1/1","0/0","0/0","0/0","0/1","1/1","0/1","1/1","1/1","1/1","0/1","0/1","0/0","0/1","0/1","1/1","0/1","0/1","1/1","1/1","1/1","1/1","1/1","0/1","0/1","1/1","1/1","0/1","0/1","0/1","0/1","1/1","0/0","0/1","1/1","0/1","0/1","1/1","1/1","0/0","1/1","1/1","0/1","0/1","0/1","0/1","0/1","1/1","0/1","0/1","1/1","0/1","0/0","0/0","0/1","0/1","1/1","1/1","0/1","0/1","1/1","1/1","0/1","1/1","1/1","1/1","0/1","0/1","0/1","1/1","1/1","1/1","0/1","0/1","1/1","1/1","1/1","0/1","0/1","0/1","0/1","0/1","1/1","0/1","0/1","0/1","1/1","1/1","0/1","0/1","1/1","0/1","0/1","0/1","0/0","1/1","0/0","0/0","1/1","0/1","1/1","0/1","0/1","0/0","1/1","1/1","1/1","0/0","0/0","0/1","0/1","0/1","1/1","1/1","0/1","1/1","1/1","0/1","0/1","0/1","0/1","0/1","1/1","1/1","0/1","0/1","0/1","0/1","0/1","0/1","1/1","1/1","1/1","1/1"
"chr1:14108559_GA/G_PRDM2","0/0","0/0","0/0","0/0","0/0","0/0","0/0","0/0","0/0","0/0","0/0","0/0","0/0","0/0","0/0","0/0","0/0","0/0","0/0","0/0","0/0","0/0","0/0","0/0","0/0","0/0","0/0","0/0","0/0","0/0","0/0","0/0","0/0","0/0","0/0","0/0","0/1","0/0","0/0","0/0","0/0","0/0","0/0","0/0","0/0","0/0","0/0","0/0","0/0","0/0","0/0","0/0","0/0","0/0","0/0","0/0","0/0","0/0","0/0","0/0","0/0","0/0","0/0","0/0","0/0","0/0","0/0","0/0","0/0","0/0","0/0","0/0","0/0","0/0","0/0","0/0","0/0","0/0","0/0","0/0","0/0","0/0","0/0","0/0","0/0","0/0","0/0","0/0","0/0","0/0","0/0","0/0","0/0","0/0","0/0","0/0","0/0","0/0","0/0","0/0","0/0","0/0","0/0","0/0","0/0","0/0","0/0","0/0","0/0","0/0","0/0","0/0","0/0","0/0","0/0","0/0","0/0","0/0","0/0","0/0","0/0","0/0","0/0","0/0","0/0","0/0","0/0","0/0","0/0","0/0","0/0","0/0","0/0","0/0","0/0","0/0","0/0","0/0","0/0","0/0","0/0","0/0","0/0","0/0","0/0","0/0","0/0","0/0","0/0","0/0","0/0","0/0","0/0"
"chr1:14108748_CA/C_PRDM2","0/0","0/0","0/0","0/0","0/0","0/0","0/0","0/0","0/0","0/0","0/0","0/0","0/0","0/0","0/0","0/0","0/0","0/0","0/0","0/0","0/0","0/0","0/0","0/0","0/0","0/0","0/0","0/0","0/0","0/0","0/0","0/0","0/0","0/0","0/0","0/0","0/1","0/0","0/0","0/0","0/0","0/0","0/0","0/0","0/0","0/0","0/0","0/0","0/0","0/0","0/0","0/0","0/0","0/0","0/0","0/0","0/0","0/0","0/0","0/0","0/0","0/0","0/0","0/0","0/0","0/0","0/0","0/0","0/0","0/0","0/0","0/0","0/0","0/0","0/0","0/0","0/0","0/0","0/0","0/1","0/0","0/0","0/0","0/0","0/0","0/0","0/0","0/0","0/0","0/0","0/0","0/0","0/0","0/0","0/0","0/0","0/0","0/0","0/0","0/0","0/0","0/0","0/0","0/0","0/0","0/0","0/0","0/0","0/0","0/0","0/0","0/0","0/0","0/0","0/0","0/0","0/0","0/0","0/0","0/0","0/0","0/0","0/0","0/0","0/0","0/0","0/0","0/0","0/0","0/0","0/0","0/0","0/0","0/0","0/0","0/0","0/0","0/0","0/0","0/0","0/0","0/0","0/0","0/0","0/0","0/0","0/0","0/0","0/0","0/0","0/0","0/0","0/0"
"chr1:14109057_GA/G_PRDM2","0/0","0/0","0/0","0/0","0/0","0/0","0/0","0/0","0/0","0/0","0/0","0/0","0/0","0/0","0/0","0/0","0/0","0/0","0/0","0/0","0/0","0/0","0/0","0/0","0/0","0/0","0/0","0/0","0/0","0/0","0/0","0/0","0/0","0/0","0/0","0/0","0/1","0/0","0/0","0/0","0/0","0/0","0/0","0/0","0/0","0/0","0/0","0/0","0/0","0/0","0/0","0/0","0/0","0/0","0/0","0/0","0/0","0/0","0/0","0/0","0/0","0/0","0/0","0/0","0/0","0/0","0/0","0/0","0/0","0/0","0/0","0/0","0/0","0/0","0/0","0/0","0/0","0/0","0/0","0/0","0/0","0/0","0/0","0/0","0/0","0/0","0/0","0/0","0/0","0/0","0/0","0/0","0/0","0/0","0/0","0/0","0/0","0/0","0/0","0/0","0/0","0/0","0/0","0/0","0/0","0/0","0/0","0/0","0/0","0/0","0/0","0/0","0/0","0/0","0/0","0/0","0/0","0/0","0/0","0/0","0/0","0/0","0/0","0/0","0/0","0/0","0/0","0/0","0/0","0/0","0/0","0/0","0/0","0/0","0/0","0/0","0/0","0/0","0/0","0/0","0/0","0/0","0/0","0/0","0/0","0/0","0/0","0/0","0/0","0/0","0/0","0/0","0/0"
"chr1:15654803_GACA/G_FHAD1","0/0","0/0","0/0","0/0","0/0","0/0","0/0","0/0","0/0","0/0","0/0","0/0","0/0","0/0","0/0","0/0","0/0","0/0","0/0","0/0","0/0","0/0","0/0","0/0","0/0","0/0","0/0","0/0","0/0","0/0","0/0","0/0","0/0","0/0","0/0","0/0","0/0","0/0","0/0","0/0","0/0","0/0","0/0","0/0","0/0","0/0","0/0","0/0","0/0","0/0","0/0","0/0","0/0","0/0","0/0","0/0","0/0","0/0","0/0","0/0","0/0","0/0","0/0","0/0","0/0","0/0","0/0","0/0","0/0","0/0","0/0","0/0","0/0","0/0","0/0","0/0","0/0","0/0","0/0","0/0","0/0","0/0","0/0","0/0","0/0","0/0","0/0","0/0","0/0","0/0","0/0","0/0","0/0","0/0","0/0","0/0","0/0","0/0","0/0","0/0","0/0","0/1","0/0","0/0","0/0","0/0","0/0","0/0","0/0","0/1","0/0","0/0","0/0","0/0","0/0","0/0","0/0","0/0","0/0","0/0","0/0","0/0","0/0","0/0","0/0","0/0","0/0","0/0","0/1","0/1","0/1","0/0","0/0","0/0","0/0","0/0","0/0","0/0","0/0","0/0","0/0","0/0","0/0","0/0","0/0","0/0","0/0","0/0","0/0","0/0","0/0","0/0","0/0"
"chr1:15736566_AGCG/A_EFHD2","0/0","0/0","0/0","0/0","0/0","0/0","0/0","0/0","0/0","0/0","0/0","0/0","0/0","0/0","0/0","0/0","0/0","0/0","0/0","0/0","0/0","0/0","0/0","0/0","0/0","0/0","0/0","0/0","0/0","0/0","0/0","0/0","0/0","0/0","0/0","0/0","0/0","0/0","0/0","0/0","0/0","0/0","0/0","0/0","0/0","0/0","0/0","0/0","0/0","0/0","0/0","0/0","0/0","0/0","0/0","0/0","0/0","0/0","0/0","0/0","0/0","0/0","0/0","0/0","0/0","0/0","0/0","0/0","0/0","0/0","0/0","0/0","0/0","0/0","0/0","0/0","0/0","0/0","0/1","0/0","0/0","0/0","0/0","0/0","0/0","0/0","0/0","0/0","0/0","0/0","0/0","0/0","0/0","0/0","0/0","0/0","0/0","0/0","0/0","0/0","0/0","0/0","0/0","0/0","0/0","0/0","0/0","0/0","0/0","0/0","0/0","0/0","0/0","0/0","0/0","0/0","0/0","0/0","0/0","0/0","0/0","0/0","0/0","0/0","0/0","0/0","0/0","0/0","0/0","0/0","0/0","0/0","0/0","0/0","0/0","0/0","0/0","0/0","0/0","0/0","0/0","0/0","0/0","0/0","0/0","0/0","0/0","0/0","0/0","0/0","0/0","0/0","0/0"
"chr1:15808796_TA/T_CELA2B","0/0","0/0","0/0","0/0","0/0","0/0","0/0","0/0","0/0","0/0","0/0","0/0","0/0","0/0","0/0","0/0","0/0","0/0","0/0","0/0","0/0","0/0","0/0","0/0","0/0","0/0","0/0","0/0","0/0","0/0","0/0","0/0","0/0","0/0","0/0","0/0","0/0","0/0","0/0","0/0","0/0","0/0","0/0","0/0","0/0","0/0","0/0","0/0","0/0","0/0","0/0","0/0","0/0","0/0","0/0","0/0","0/0","0/0","0/0","0/0","0/0","0/0","0/0","0/0","0/0","0/0","0/0","0/0","0/0","0/0","0/0","0/0","0/0","0/0","0/0","0/0","0/0","0/0","0/0","0/0","0/0","0/0","0/0","0/0","0/0","0/0","0/0","0/0","0/0","0/0","0/0","0/0","0/0","0/0","0/0","0/0","0/0","0/0","0/0","0/0","0/0","0/0","0/0","0/0","0/0","0/0","0/0","0/0","0/0","0/0","0/0","0/0","0/0","0/0","0/0","0/0","0/0","0/0","0/1","0/0","0/1","0/1","0/0","0/0","0/0","0/0","0/0","0/0","0/0","0/0","0/0","0/0","0/0","0/0","0/0","0/0","0/0","0/0","0/0","0/0","0/0","0/0","0/0","0/0","0/0","0/0","0/0","0/0","0/0","0/0","0/0","0/0","0/0"
"chr1:16259647_TAGC/T_SPEN","0/0","0/0","0/0","0/0","0/0","0/0","0/0","0/0","0/0","0/0","0/0","0/0","0/0","0/0","0/0","0/0","0/0","0/0","0/0","0/0","0/0","0/0","0/0","0/0","0/0","0/0","0/0","0/0","0/0","0/0","0/0","0/0","0/0","0/0","0/0","0/0","0/0","0/0","0/0","0/0","0/0","0/0","0/0","0/0","0/0","0/0","0/0","0/0","0/0","0/0","0/0","0/0","0/0","0/0","0/0","0/0","0/0","0/0","0/0","0/0","0/0","0/0","0/0","0/0","0/0","0/0","0/0","0/0","0/0","0/0","0/0","0/0","0/0","0/0","0/0","0/0","0/0","0/0","0/0","0/0","0/0","0/0","0/0","0/0","0/0","0/1","0/1","0/0","0/0","0/0","0/0","0/0","0/0","0/0","0/0","0/0","0/0","0/0","0/0","0/0","0/0","0/0","0/0","0/0","0/0","0/0","0/0","0/0","0/0","0/0","0/0","0/0","0/0","0/0","0/0","0/0","0/0","0/0","0/0","0/0","0/0","0/0","0/0","0/0","0/0","0/0","0/0","0/0","0/0","0/0","0/0","0/0","0/0","0/0","0/0","0/0","0/0","0/0","0/0","0/0","0/0","0/0","0/0","0/0","0/0","0/0","0/0","0/0","0/0","0/0","0/0","0/0","0/0"
"chr1:16535144_ACTT/A_ARHGEF19","0/0","0/0","0/0","0/0","0/0","0/0","0/0","0/0","0/0","0/0","0/0","0/0","0/0","0/0","0/0","0/0","0/0","0/0","0/0","0/0","0/0","0/0","0/0","0/0","0/0","0/0","0/0","0/0","0/0","0/0","0/0","0/1","0/0","0/0","0/0","0/0","0/0","0/0","0/0","0/0","0/0","0/0","0/0","0/0","0/0","0/0","0/0","0/0","0/0","0/0","0/0","0/0","0/0","0/0","0/0","0/0","0/0","0/0","0/0","0/0","0/0","0/0","0/0","0/0","0/0","0/0","0/0","0/0","0/0","0/0","0/0","0/0","0/0","0/0","0/0","0/0","0/0","0/0","0/0","0/0","0/0","0/0","0/0","0/0","0/0","0/0","0/0","0/0","0/0","0/0","0/0","0/0","0/0","0/0","0/0","0/0","0/0","0/0","0/0","0/0","0/0","0/0","0/0","0/0","0/0","0/0","0/0","0/0","0/0","0/0","0/0","0/0","0/0","0/0","0/0","0/0","0/0","0/0","0/0","0/0","0/0","0/0","0/0","0/0","0/0","0/0","0/0","0/0","0/0","0/0","0/0","0/0","0/0","0/0","0/0","0/0","0/0","0/0","0/0","0/0","0/0","0/0","0/0","0/0","0/0","0/0","0/0","0/0","0/0","0/0","0/0","0/0","0/0"
"chr1:17256405_GGCAGAGC/G_CROCC","0/0","0/0","0/0","0/0","0/0","0/0","0/0","0/0","0/0","0/0","0/0","0/0","0/0","0/0","0/0","0/0","0/0","0/0","0/0","0/0","0/0","0/0","0/0","0/0","0/0","0/0","0/0","0/0","0/0","0/0","0/0","0/0","0/0","0/0","0/0","0/0","0/0","0/0","0/0","0/0","0/0","0/0","0/0","0/0","0/0","0/0","0/0","0/0","0/0","0/0","0/1","0/0","0/0","0/0","0/0","0/0","0/0","0/0","0/0","0/0","0/0","0/0","0/0","0/0","0/0","0/0","0/0","0/0","0/0","0/0","0/0","0/0","0/0","0/0","0/0","0/0","0/0","0/0","0/0","0/0","0/0","0/0","0/1","0/0","0/0","0/0","0/0","0/0","0/0","0/0","0/0","0/0","0/0","0/0","0/0","0/0","0/0","0/0","0/0","0/0","0/0","0/0","0/0","0/0","0/0","0/0","0/0","0/0","0/0","0/0","0/0","0/0","0/0","0/0","0/0","0/0","0/0","0/0","0/0","0/0","0/0","0/0","0/0","0/0","0/0","0/0","0/0","0/0","0/0","0/0","0/0","0/0","0/0","0/0","0/0","0/0","0/0","0/0","0/0","0/0","0/0","0/0","0/0","0/0","0/0","0/0","0/0","0/0","0/0","0/0","0/0","0/0","0/0"
"chr1:17721468_TA/T_PADI6","0/0","0/0","0/0","0/0","0/0","0/0","0/0","0/0","0/0","0/1","0/0","0/0","0/0","0/0","0/0","0/0","0/0","0/0","0/0","0/0","0/0","0/0","0/0","0/0","0/0","0/0","0/0","0/0","0/0","0/0","0/0","0/0","0/0","0/0","0/0","0/0","0/0","0/0","0/0","0/0","0/0","0/0","0/0","0/0","0/0","0/0","0/0","0/0","0/0","0/0","0/0","0/0","0/0","0/0","0/0","0/0","0/0","0/0","0/0","0/0","0/0","0/0","0/0","0/0","0/0","0/0","0/0","0/0","0/0","0/0","0/0","0/0","0/0","0/0","0/0","0/0","0/0","0/0","0/0","0/0","0/0","0/0","0/0","0/0","0/0","0/0","0/0","0/0","0/0","0/0","0/0","0/0","0/0","0/0","0/0","0/0","0/0","0/0","0/0","0/0","0/0","0/0","0/0","0/0","0/0","0/0","0/0","0/0","0/0","0/0","0/0","0/0","0/0","0/0","0/0","0/0","0/0","0/0","0/0","0/0","0/0","0/0","0/0","0/0","0/0","0/0","0/0","0/0","0/0","0/0","0/0","0/0","0/0","0/0","0/0","0/0","0/0","0/0","0/0","0/0","0/0","0/0","0/0","0/0","0/0","0/0","0/0","0/0","0/0","0/0","0/0","0/0","0/0"
"chr1:20209135_TGGC/T_OTUD3","0/0","0/0","0/0",".","0/0","0/0","0/0","0/0","0/0","0/0","0/0","0/0","0/0","0/0","0/0","0/0","0/0","0/0","0/0","0/0","0/0","0/0","0/0","0/0","0/0","0/0","0/0","0/0","0/0","0/0","0/0","0/0","0/0","0/0","0/0","0/0","0/0","0/0","0/0","0/0","0/0","0/0","0/0","0/0","0/0","0/0","0/0","0/0","0/0","0/0","0/0","0/0","0/0","0/0","0/0","0/0","0/0","0/0","0/0","0/0","0/0","0/0","0/0","0/0","0/0","0/0","0/0","0/0","0/0","0/0","0/0","0/0","0/0","0/0","0/0","0/0","0/0","0/0","0/0","0/0","0/0","0/0","0/1","0/0","0/0","0/0","0/0","0/0","0/0","0/0","0/0","0/0","0/0","0/0","0/0","0/0","0/0","0/0","0/0","0/0","0/0","0/0","0/0","0/0","0/0","0/1","0/0","0/0","0/0","0/0","0/0","0/0","0/0","0/0","0/0","0/0","0/0","0/0","0/0","0/0","0/0","0/0","0/0","0/0","0/0","0/0","0/0","0/0","0/0","0/0","0/0","0/0","0/0","0/0","0/0","0/0","0/0","0/0","0/0","0/0","0/0","0/0","0/0","0/0","0/0","0/0","0/0","0/0","0/0","0/0","0/0","0/0","0/0"
"chr1:20517156_G/GCACATGATAAGGCCCAAGTCC_UBXN10","0/0","0/0","0/0","0/0","0/0","0/0","0/0","0/0","0/0","0/0","0/0","0/0","0/0","0/0","0/0","0/0","0/0","0/1","0/0","0/0","0/0","0/0","0/0","0/0","0/0","0/0","0/0","0/0","0/0","0/0","0/0","0/0","0/0","0/0","0/0","0/0","0/0","0/0","0/0","0/0","0/0","0/0","0/0","0/0","0/0","0/0","0/0","0/0","0/0","0/0","0/0","0/0","0/1","0/0","0/0","0/0","0/0","0/0","0/0","0/0","0/0","0/0","0/0","0/0","0/0","0/0","0/0","0/0","0/0","0/0","0/0","0/0","0/0","0/0","0/0","0/0","0/0","0/0","0/0","0/0","0/0","0/0","0/0","0/0","0/0","0/0","0/0","0/0","0/0","0/0","0/1","0/0","0/0","0/0","0/0","0/1","0/0","0/0","0/0","0/0","0/0","0/0","0/0","0/0","0/0","0/1","0/1","0/0","0/0","0/0","0/0","0/0","0/0","0/0","0/0","0/0","0/0","0/0","0/0","0/0","0/0","0/0","0/0","0/0","0/0","0/0","0/0","0/0","0/0","0/0","0/0","0/1","0/0","0/0","0/0","0/0","0/0","0/0","0/0","0/0","0/0","0/1","0/1","0/0","0/0","0/0","0/0","0/0","0/0","0/0","0/0","0/0","0/0"
"chr1:20880267_CGAG/C_FAM43B","0/0","0/0","0/0","0/0","0/0","0/0","0/0","0/0","0/0","0/0","0/0","0/0","0/0","0/0","0/1","0/0","0/0","0/0","0/0","0/0","0/0","0/0","0/0","0/0","0/0","0/0","0/0","0/0","0/0","0/0","0/0","0/0","0/0","0/0","0/0","0/0","0/0","0/0","0/0","0/0","0/0","0/0","0/0","0/0","0/0","0/0","0/0","0/0","0/0","0/0","0/0","0/0","0/0","0/0","0/0","0/0","0/0","0/0","0/0","0/0","0/0","0/0","0/0","0/0","0/0","0/0","0/0","0/0","0/0","0/0","0/0","0/0","0/0","0/0","0/0","0/0","0/1","0/0","0/0","0/0","0/0","0/1","0/0","0/0","0/0","0/0","0/0","0/0","0/0","0/0","0/0","0/0","0/0","0/0","0/0","0/0","0/0","0/0","0/0","0/0","0/0","0/0","0/0","0/0","0/0","0/0","0/0","0/0","0/0","0/0","0/0","0/0","0/0","0/0","0/0","0/0","0/0","0/0","0/0","0/0","0/0","0/0","0/0","0/0","0/0","0/1","0/1","0/0","0/0","0/0","0/0","0/0","0/0","0/0","0/0","0/0","0/0","0/0","0/0","0/0","0/0","0/0","0/1","0/0","0/0","0/0","0/0","0/0","0/0","0/0","0/0","0/0","0/0"
"chr1:21584033_T/TTTGTTCAGGTAATAGTC_ECE1","0/0","0/0","0/0","0/0","0/0","0/0","0/0","0/0","0/0","0/0","0/0","0/0","0/0","0/0","0/0","0/0","0/0","0/0","0/0","0/0","0/0","0/0","0/0","0/0","0/0","0/0","0/0","0/0","0/0","0/0","0/0","0/0","0/0","0/0","0/0","0/0","0/0","0/0","0/0","0/0","0/0","0/0","0/0","0/0","0/0","0/0","0/0","0/0","0/0","0/0","0/0","0/0","0/0","0/0","0/0","0/0","0/0","0/0","0/0","0/0","0/0","0/0","0/0","0/0","0/0","0/0","0/0","0/0","0/0","0/0","0/0","0/0","0/0","0/0","0/0","0/0","0/0","0/0","0/0","0/0","0/0","0/0","0/0","0/0","0/0","0/0","0/0","0/0","0/0","0/0","0/0","0/0","0/0","0/0","0/0","0/0","0/0","0/0","0/0","0/0","0/0","0/0","0/0","0/0","0/0","0/0","0/0","0/0","0/0","0/0","0/0","0/0","0/0","0/0","0/0","0/1","0/0","0/0","0/0","0/0","0/0","0/0","0/0","0/0","0/0","0/0","0/0","0/0","0/0","0/0","0/0","0/0","0/0","0/0","0/0","0/0","0/0","0/0","0/0","0/0","0/0","0/0","0/0","0/0","0/0","0/0","0/0","0/0","0/0","0/0","0/0","0/0","0/0"
"chr1:22446571_CGCTG/C_WNT4","0/0","0/0","0/0","0/0","0/0","0/0","0/0","0/0","0/0","0/0","0/0","0/0","0/0","0/0","0/0","0/0","0/0","0/0","0/0","0/0","0/0","0/0","0/0","0/0","0/0","0/0","0/0","0/0","0/0","0/0","0/0","0/0","0/0","0/0","0/0","0/0","0/0","0/0","0/0","0/0","0/0","0/0","0/0","0/0","0/0","0/0","0/0","0/0","0/0","0/0","0/0","0/0","0/0","0/0","0/0","0/0","0/0","0/0","0/0","0/0","0/0","0/0","0/0","0/0","0/0","0/0","0/0","0/0","0/0","0/0","0/0","0/0","0/0","0/0","0/0","0/0","0/0","0/0","0/0","0/0","0/0","0/0","0/0","0/0","0/0","0/0","0/0","0/0","0/0","0/0","0/0","0/0","0/0","0/0","0/0","0/0","0/0","0/0","0/0","0/0","0/0","0/0","0/0","0/0","0/0","0/0","0/0","0/0","0/0","0/0","0/0","0/0","0/0","0/0","0/0","0/0","0/0","0/0","0/0","0/0","0/0","0/0","0/0","0/0","0/0","0/0","0/0","0/0","0/0","0/0","0/0","0/0","0/0","0/0","0/0","0/0","0/0","0/0","0/0","0/0","0/0","0/0","0/0","0/0","0/0","0/0","0/0","0/0","0/0","0/1","0/0","0/0","0/0"
"chr1:22446578_AC/A_WNT4","0/0","0/0","0/0","0/0","0/0","0/0","0/0","0/0","0/0","0/0","0/0","0/0","0/0","0/0","0/0","0/0","0/0","0/0","0/0","0/0","0/0","0/0","0/0","0/0","0/0","0/0","0/0","0/0","0/0","0/0","0/0","0/0","0/0","0/0","0/0","0/0","0/0","0/0","0/0","0/0","0/0","0/0","0/0","0/0","0/0","0/0","0/0","0/0","0/0","0/0","0/0","0/0","0/0","0/0","0/0","0/0","0/0","0/0","0/0","0/0","0/0","0/0","0/0","0/0","0/0","0/0","0/0","0/0","0/0","0/0","0/0","0/0","0/0","0/0","0/0","0/0","0/0","0/0","0/0","0/0","0/0","0/0","0/0","0/0","0/0","0/0","0/0","0/0","0/0","0/0","0/0","0/0","0/0","0/0","0/0","0/0","0/0","0/0","0/0","0/0","0/0","0/0","0/0","0/0","0/0","0/0","0/0","0/0","0/0","0/0","0/0","0/0","0/0","0/0","0/0","0/0","0/0","0/0","0/0","0/0","0/0","0/0","0/0","0/0","0/0","0/0","0/0","0/0","0/0","0/0","0/0","0/0","0/0","0/0","0/0","0/0","0/0","0/0","0/0","0/0","0/0","0/0","0/0","0/0","0/0","0/0","0/0","0/0","0/0","0/1","0/0","0/0","0/0"
"chr1:25256278_T/TGCC_RUNX3","0/0","0/0","0/0","0/0","0/0","0/0","0/0","0/0","0/0","0/0","0/0","0/0","0/0","0/0","0/0","0/0","0/0","0/0","0/0","0/0","0/0","0/0","0/0","0/0","0/0","0/0","0/0","0/0","0/0","0/0","0/0","0/0","0/0","0/0","0/0","0/0","0/0","0/0","0/0","0/0","0/0","0/0","0/0","0/0","0/0","0/0","0/0","0/0","0/0","0/0","0/0","0/0","0/0","0/0","0/0","0/0","0/0","0/0","0/0","0/0","0/0","0/0","0/0","0/0","0/0","0/0","0/0","0/0","0/0","0/0","0/0","0/0","0/0","0/0","0/0","0/0","0/0","0/0","0/0","0/0","0/0","0/0","0/0","0/0","0/0","0/0","0/0","0/0","0/0","0/0","0/0","0/0","0/0","0/0","0/0","0/0","0/0","0/0","0/0","0/0","0/0","0/0","0/0","0/0","0/0","0/0","0/0","0/0","0/0","0/0","0/0","0/0","0/0","0/0","0/1","0/0","0/0","0/0","0/0","0/0","0/0","0/0","0/0","0/0","0/1","0/1","0/0","0/0","0/0","0/0","0/0","0/0","0/0","0/0","0/0","0/0","0/0","0/0","0/0","0/0","0/0","0/0","0/0","0/0","0/0","0/0","0/0","0/0","0/0","0/0","0/0","0/0","0/0"
"chr1:26608811_TCCAGGACAGGGACTGGGGCCGGGACCGGGACCGGGACTGGGGCCGGGACCGGGACCGGGACTGGGGCCGGGACCGGGA/T_UBXN11","0/0","0/0","0/0","0/0","0/0","0/0","0/0","0/0","0/0","0/0","0/0","0/1","0/1","0/1","0/0","0/0","0/1","0/0","0/0","0/0","0/1","0/0","0/1","0/0","0/0","0/0","0/0","0/0","0/0","0/1","0/1","0/0","0/1","0/0","0/1","0/0","0/1","0/0","0/0","0/1","0/0","0/0","0/0","0/0","0/1","0/1","0/1","0/0","0/0","0/1","0/1","0/1","0/0","0/0","0/0","0/1","0/1","0/1","0/1","0/0","0/0","0/1","0/0","0/1","0/1","0/0","0/0","0/0","0/0","0/0","0/0","0/1","0/1","0/0","0/0","0/0","0/0","0/0","0/0","0/1","0/1","0/1","0/1","0/0","0/0","0/0","0/0","0/1","0/1","0/1","0/1","0/0","0/0","0/1","0/0","0/1","0/1","0/0","0/1","0/1","0/1","0/1","0/1","0/0","0/0","0/0","0/0","0/0","0/0","0/1","0/0","0/1","0/1","0/0","0/1","0/0","0/0","0/0","0/1","0/0","0/1","0/1","0/0","0/0","0/1","0/1","0/0","0/0","0/1","0/1","0/1","0/0","0/0","0/1","0/0","0/1","0/1","0/1","0/2",".","0/0","0/1","0/1","0/1","0/1","0/1","0/0","0/0","0/0","0/0","0/0","0/0","0/0"
"chr1:26608819_AGGGACTGGGGCCGGGACCGGGACCGGGACTGGGGCCGGGACCGGGACCGGGACTGGGGCCGGGACC/AGGGACTGGGGCCGGGACCGGGACCGGGACTGGGGCCGGGACCGGGACCGGGACTGGGGCCGGGACCGGGACCGGGACTGGGGCCGGGACC_UBXN11","0/0","0/0","0/0","0/0","0/0","0/0","0/0","0/0","0/0","0/0","0/1","0/6","0/6","0/0","0/1","0/0","0/0","1/1","0/2","0/0","0/6","0/2","0/1","0/0","0/0","0/1","0/2","0/0","0/0","0/6","0/6","0/1","0/6","0/1","0/1","0/6","0/1","0/1","0/0","0/0","0/4","0/1","0/0","0/2","0/6","0/6","0/2","0/1","0/1","0/6","0/6","0/1","0/0","0/1","0/0","0/0","0/2","0/6","0/4","0/3","1/1","0/6","0/1","0/6","0/6","0/1","0/1","0/4","0/0","0/1","0/0","0/1","0/1","0/0","0/0","0/1","0/1","0/2","0/2","0/0","0/6","0/0","0/6","0/0","0/6","0/6","0/0","0/2","0/6","0/0","0/1","0/0","0/0","0/2","0/2","0/0","0/2","1/2","0/6","0/6","0/6","0/0","0/6","0/0","0/0","0/0","1/2","0/0","0/0","0/6","0/6","0/6","0/6","0/0","0/6","1/1","0/0","0/0","0/6","0/1","0/0","0/6","0/0","0/0","0/6","0/6","0/6","0/6","0/2","0/2","0/2","0/0","0/0","0/1","0/0","0/6","0/0","0/1","0/5",".","0/5","0/6","0/6","0/1","0/6","0/6","0/6","0/3","0/3","0/0","0/1","1/1","0/0"
"chr1:26608825_TGGGGCCG/T_UBXN11","0/0","0/0","0/0","0/3","0/0","0/0","0/0","0/0","0/0","0/0","0/0","0/1","0/1","0/1","0/0","0/0","0/1","0/0","0/0","0/0","0/1","0/3","0/1","0/0","0/0","0/0","0/3","0/0","0/0","0/1","0/1","0/0","0/1","0/0","0/1","0/3","0/1","0/0","0/0","0/1","0/0","0/0","0/0","0/3","0/1","0/1","0/1","0/0","0/0","0/1","0/3","0/1","0/0","0/1","0/0","0/1","0/1","0/1","0/1","0/0","0/0","0/1","0/3","0/1","0/1","0/3","0/0","0/0","0/0","0/0","0/0","0/1","0/1","0/0","0/0","0/0","0/0","0/3","0/3","0/1","0/1","0/1","0/1","0/3","0/3","0/3","0/0","0/1","0/1","0/1","0/1","0/0","0/0","0/1","0/1","0/1","0/1","0/3","0/1","0/1","0/3","0/1","0/1","0/0","0/0","0/0","0/3","0/0","0/1","0/3","0/3","0/1","0/1","0/2","0/1","0/0","0/0","0/3","0/1","0/0","0/3","0/1","0/0","0/0","0/1","0/1","0/3","0/3","0/1","0/1","0/1","0/1","0/1","0/3","0/1","0/1","0/1","0/1","0/3",".","0/0","0/1","0/1","0/1","0/3","0/1","0/3","0/0","0/0","0/0","0/0","0/0","0/0"
"chr1:26608835_ACCGGGACCGGGACTGGG/A_UBXN11","0/0","0/0","0/0","0/2","0/0","0/0","0/0","0/0","0/0","0/0","0/0","0/1","0/1","0/1","0/2",".","0/1","0/0","0/0","0/0","0/1","0/2","0/1","0/0","0/0","0/0","0/2","0/0","0/0","0/1","0/1","0/0","0/1","0/0","0/1","0/2","0/1","0/0","0/0","0/1","0/0","0/0","0/0","0/2","0/1","0/1","0/1","0/0","0/0","0/1","0/2","0/1","0/0","0/1","0/0","0/1","0/1","0/1","0/1","0/0","0/0","0/1","0/2","0/1","0/1","0/2","0/0","0/0","0/0","0/0","0/0","0/1","0/1",".","0/0","0/0","0/0","0/2","0/2","0/1","0/1","0/1","0/1","0/2","0/2","0/2","0/0","0/1","0/1","0/1","0/1","0/0","0/0","0/1","0/1","0/1","0/1","0/2","0/1","0/1","0/2","0/1","0/1","0/0","0/0","0/0","0/2","0/0","0/1","0/2","0/2","0/1","0/1","0/0","0/1","0/0","0/0","0/2","0/1","0/0","0/2","0/1","0/0","0/0","0/1","0/1","0/2","0/2","0/1","0/1","0/1","0/1","0/1","0/2","0/1","0/1","0/1","0/1","0/0",".","0/0","0/1","0/1","0/1","0/2","0/1","0/2","0/0","0/0","0/0","0/0","0/0","0/0"
"chr1:26608844_GGGACTGGGGCCGGGACCGGGACCGGGACTGGGGCCGGGACCGGGACCGGGAC/GGGACTGGGGCCGGGACCGGGACCAGGACTGGGGCCGGGACCGGGACCGGGACTGGGGCCGGGACCGGGACCGGGAC_UBXN11","0/0","0/0","0/0","0/0","0/0","0/0","0/0","0/0","0/0","0/0","0/0","0/3","0/3","0/3","0/0",".","0/3","0/0","0/0","0/0","0/3","0/0","0/3","0/0","0/0","0/0","0/0","0/0","0/0","0/3","0/3","0/0","0/3","0/0","0/3","0/3","0/0","0/0","0/0","0/3","0/0","0/0","0/0","0/0","0/3","0/3","0/3","0/0","0/0","0/3","0/0","0/3","0/0","0/1","0/0","0/3","0/3","0/3","0/3","0/0","0/0","0/3","0/0","0/3","0/3","0/0","0/0","0/0","0/0","0/0","0/0","0/3","0/3",".","0/0","0/0","0/0","0/2","0/2","0/3","0/3","0/3","0/3","0/3","0/3","0/3","0/0","0/3","0/3","0/3","0/3","0/0","0/0","0/3","0/0","0/3","0/3","0/0","0/3","0/3","0/3","0/3","0/3","0/0","0/0","0/0","0/0","0/0","0/3","0/3","0/3","0/3","0/3","0/0","0/3","0/0","0/0","0/3","0/3","0/0","0/3","0/3","0/0","0/0","0/3","0/3","0/3","0/3","0/3","0/3","0/3","0/3","0/0","0/3","0/3","0/3","0/3","0/3","0/0","0/0","0/0","0/3","0/3","0/3","0/3","0/3","0/3","0/0","0/0","0/0","0/0","0/0","0/0"
"chr1:26608848_CTGGGGCCGGG/C_UBXN11","0/0","0/0","0/0","0/0","0/0","0/0","0/0","0/0","0/0","0/0","0/0","0/2","0/2","0/2","0/0","0/1","0/2","0/0","0/0","0/0","0/2","0/0","0/2","0/0","0/0","0/0","0/0","0/0","0/0","0/2","0/2","0/0","0/2","0/0","0/2","0/2","0/2","0/0","0/0","0/2","0/0","0/0","0/0","0/0","0/1","0/2","0/2","0/0","0/0","0/2","0/2","0/2","0/0","0/0","0/0","0/2","0/2","0/2","0/2","0/2","0/0","0/2","0/0","0/2","0/2","0/0","0/0","0/0","0/0","0/0","0/0","0/2","0/2","0/1","0/1","0/0","0/0","0/2","0/2","0/2","0/2","0/2","0/2","0/2","0/2","0/2","0/0","0/2","0/2","0/2","0/2","0/0","0/0","0/2","0/0","0/2","0/2","0/0","0/2","0/2","0/2","0/2","0/2","0/0","0/0","0/0","0/0","0/0","0/2","0/2","0/2","0/2","0/2","0/0","0/2","0/0","0/0","0/2","0/2","0/0","0/2","0/2","0/0","0/0","0/2","0/2","0/2","0/2","0/2","0/2","0/2","0/2","0/0","0/2","0/2","0/2","0/2","0/2","0/0","0/0","0/0","0/2","0/2","0/2","0/2","0/2","0/2","0/0","0/0","0/0","0/0","0/0","0/0"
"chr1:26608859_ACCGGGACC/A_UBXN11","0/0","0/0","0/0","0/0","0/0","0/0","0/0","0/0","0/0","0/0","0/0","0/0","0/0","0/0","0/2","0/1","0/0","0/0","0/0","0/0","0/0","0/0","0/0","0/0","0/0","0/0","0/0","0/0","0/0","0/0","0/0","0/0","0/0","0/2","0/0","0/2","0/0","0/0","0/0","0/0","0/0","0/0","0/0","0/0","0/1","0/0","0/0","0/0","0/0","0/0","0/2","0/0","0/0","0/0","0/0","0/0","0/0","0/0","0/0","0/2","0/0","0/0","0/0","0/0","0/0","0/0","0/0","0/0","0/0","0/0","0/0","0/0","0/0","0/1","0/1","0/0","0/0","0/2","0/2","0/2","0/0","0/0","0/0","0/2","0/2","0/2","0/0","0/0","0/0","0/0","0/0",".",".","0/0","0/0","0/0","0/0","0/0","0/0","0/2","0/2","0/0","0/0","0/0","0/0","0/0","0/0","0/0","0/0","0/2","0/2","0/0","0/0","0/0","0/2","0/0","0/0","0/2","0/2","0/0","0/2","0/2","0/0","0/0","0/0","0/0","0/0","0/2","0/0","0/0","0/0","0/0","0/0","0/0",".","0/2","0/0","0/0","0/2","0/0","0/0","0/0","0/2","0/0","0/2","0/0","0/2","0/0","0/0","0/0","0/0","0/0","0/0"
"chr1:26608877_GCCGGGA/G_UBXN11","0/0","0/0","0/0","0/0","0/0","0/0","0/0","0/0","0/0","0/0","0/0","0/3","0/0","0/0","0/3","0/1","0/0","0/0","0/0","0/0","0/0","0/0","0/0","0/0","0/0","0/0","0/3","0/0","0/0","0/3","0/0","0/0","0/3","0/3","0/0","0/0","0/3","0/3","0/3","0/0","0/0","0/0","0/0","0/0","0/1","0/3","0/0","0/0","0/0","0/0","0/3","0/0","0/2","0/0","0/2","0/3","0/0","0/3","0/3","0/3","0/0","0/3","0/3","0/3","0/0","0/0","0/0","0/3","0/3","0/3","0/0","0/3","0/0","0/1","0/1","0/3","0/3","0/3","0/3","0/3","0/3","0/0","0/3","0/0","0/3","0/3","0/0","0/0","0/3","0/3","0/3","3/3","3/3","0/0","0/0","0/3","0/0","0/0","0/0","0/3","0/3","0/0","0/3","0/0","0/0","0/0","0/0",".","0/0","0/3","0/3","0/0","0/3","0/0","0/0","0/0","0/0","0/0","0/3","0/0","0/3","0/3","0/0","0/0","0/0","0/0","0/3","0/3","0/0","0/0","0/0","0/3","0/0","0/3","0/3","0/3","0/0","0/0","0/0","0/0","0/0","0/3","0/3","0/0","0/3","0/3","0/3","0/3","0/3","0/0","0/0","0/0","0/0"
"chr1:26671544_GGGGCCCTTCACGACCTCTTTCCAGGTGGGGAACAAGGCAGCAGGAGCACTGGACCCCTGCACCACCTCCTTCTGGGTGGGAGATGAGGCAGCAGGAGCACCA/GAGGCAGCAGGAGCACTGGACCCCTGCACCACCTCCTTCTGGGTGGGAGATGAGGCAGCAGGAGCACCA_AIM1L","0/1","0/0","0/0","0/0","0/0","0/0","0/0","0/1","0/0","0/0","0/0","0/1","0/1","0/0","0/0","0/1","0/0","0/0","0/0","0/0","1/1","0/0","0/0","0/0","0/0","0/0","0/0","0/0","0/0","1/1","0/1","0/0","0/1","0/0","0/1","0/0","0/1","0/0","0/0","0/1","0/0","0/0","0/0","0/0","0/1","0/1","0/0","0/0","0/0","1/1","0/1","0/1","0/0","0/0","0/0","0/1","0/1","0/1","0/1","0/0","0/0","0/1","0/0","0/1","0/1","0/0","0/0","0/0","0/0","0/0","0/0","0/0","0/0","0/0","0/0","0/0","0/0","0/0","0/0","0/0","0/1","0/1","0/1","0/0","0/0","0/0","0/0","0/0","0/1","1/1","0/1","0/0","0/0","0/1","0/0","0/1","0/0","0/0","1/1","1/1","0/0","0/0","0/1","0/0","0/0","0/0","0/0","0/1","0/2","0/0","0/0","1/1","1/1","0/0","0/1","0/0","0/0","0/0","0/1","0/0","0/1","0/0","0/0","0/0","0/1","0/0","0/0","0/0","0/1","0/1","0/1","0/1","0/1","0/0","0/0","0/1","0/1","0/0","0/0","0/0","0/0","0/0","0/1","0/1","0/1","0/1","0/0","0/0","0/0","0/0","0/0","0/0","0/0"
"chr1:26671970_CT/C_AIM1L","0/0","0/0","0/0","0/0","0/0","0/0","0/0","0/0","0/0","0/0","0/0","0/0","0/0","0/0","0/0","0/0","0/0","0/0","0/0","0/0","0/0","0/0","0/0","0/0","0/0","0/0","0/0","0/0","0/0","0/0","0/0","0/0","0/0","0/0","0/0","0/0","0/1","0/0","0/0","0/0","0/0","0/0","0/0","0/0","0/0","0/0","0/0","0/0","0/0","0/0","0/0","0/0","0/0","0/0","0/0","0/0","0/0","0/0","0/0","0/0","0/0","0/0","0/0","0/0","0/0","0/0","0/0","0/0","0/0","0/0","0/0","0/0","0/0","0/0","0/0","0/0","0/0","0/0","0/0","0/0","0/0","0/0","0/0","0/0","0/0","0/0","0/0","0/0","0/0","0/0","0/0","0/0","0/0","0/0","0/0","0/0","0/0","0/0","0/0","0/0","0/0","0/0","0/0","0/0","0/0","0/0","0/0","0/0","0/0","0/0","0/0","0/0","0/0","0/0","0/0","0/0","0/0","0/0","0/0","0/0","0/0","0/0","0/0","0/0","0/0","0/0","0/0","0/0","0/0","0/0","0/0","0/0","0/0","0/0","0/0","0/0","0/0","0/0","0/0","0/0","0/0","0/0","0/0","0/0","0/0","0/0","0/0","0/0","0/0","0/0","0/0","0/0","0/0"
"chr1:26881166_TGAGGTC/T_RPS6KA1","0/0","0/0","0/0","0/0","0/0","0/0","0/0","0/0","0/0","0/0","0/0","0/0","0/0","0/0","0/0","0/0","0/0","0/0","0/0","0/0","0/0","0/0","0/0","0/0","0/0","0/0","0/0","0/0","0/0","0/0","0/0","0/0","0/0","0/0","0/0","0/0","0/0","0/0","0/0","0/0","0/0","0/0","0/0","0/0","0/0","0/0","0/0","0/0","0/0","0/0","0/0","0/0","0/0","0/0","0/0","0/0","0/0","0/0","0/0","0/0","0/0","0/0","0/0","0/0","0/0","0/0","0/0","0/0","0/0","0/0","0/0","0/0","0/0","0/0","0/0","0/0","0/0","0/0","0/0","0/0","0/0","0/0","0/0","0/0","0/0","0/0","0/0","0/0","0/0","0/0","0/0","0/0","0/0","0/0","0/0","0/0","0/0","0/0","0/0","0/0","0/0","0/0","0/0","0/0","0/0","0/1","0/1","0/0","0/0","0/0","0/0","0/0","0/0","0/0","0/0","0/0","0/0","0/0","0/0","0/0","0/0","0/0","0/0","0/0","0/0","0/0","0/0","0/0","0/0","0/0","0/0","0/0","0/0","0/0","0/0","0/0","0/0","0/0","0/0","0/0","0/0","0/0","0/0","0/0","0/0","0/0","0/0","0/0","0/0","0/0","0/0","0/0","0/0"
"chr1:27022939_CCCG/C_ARID1A","0/0","0/0","0/0","0/0","0/0","0/0","0/0","0/0","0/0","0/0","0/0","0/0","0/0","0/0","0/0","0/0","0/0","0/0","0/0","0/0","0/0","0/0","0/0","0/0","0/0","0/0","0/0","0/0","0/0","0/0","0/0","0/0","0/0","0/0","0/0","0/0","0/0","0/0","0/0","0/0","0/0","0/0","0/1","0/0","0/0","0/0","0/0","0/1","0/0","0/0","0/0","0/0","0/0","0/0","0/0","0/0","0/0","0/0","0/0","0/0","0/0","0/0","0/0","0/0","0/0","0/0","0/0","0/0","0/0","0/0","0/0","0/0","0/0","0/0","0/0","0/0","0/0","0/0","0/0","0/0","0/0","0/0","0/0","0/0","0/0","0/0","0/0","0/0","0/0","0/0","0/0","0/0","0/0","0/0","0/0","0/0","0/0","0/0","0/0","0/0","0/0","0/0","0/0","0/0","0/0","0/0","0/0","0/0","0/0","0/0","0/0","0/0","0/0","0/0","0/0","0/0","0/0","0/0","0/0","0/0","0/0","0/0","0/0","0/0","0/0","0/0","0/0","0/0","0/0","0/0","0/0","0/0","0/0","0/0","0/0","0/0","0/0","0/0","0/0","0/0","0/0","0/0","0/0","0/0","0/0","0/0","0/0","0/0","0/0","0/0","0/0","0/0","0/0"
"chr1:27023289_TG/T_ARID1A","0/0","0/0","0/0","0/0","0/0","0/0","0/0","0/0","0/0","0/0","0/0","0/0","0/0","0/0","0/0","0/0","0/0","0/0","0/0","0/0","0/0","0/0","0/0","0/0","0/0","0/0","0/0","0/0","0/0","0/0","0/0","0/0","0/0","0/0","0/0","0/0","0/1","0/0","0/0","0/0","0/0","0/0","0/0","0/0","0/0","0/0","0/0","0/0","0/0","0/0","0/0","0/0","0/0","0/0","0/0","0/0","0/0","0/0","0/0","0/0","0/0","0/0","0/0","0/0","0/0","0/0","0/0","0/0","0/0","0/0","0/0","0/0","0/0","0/0","0/0","0/0","0/0","0/0","0/0","0/0","0/0","0/0","0/0","0/0","0/0","0/0","0/0","0/0","0/0","0/0","0/0","0/0","0/0","0/0","0/0","0/0","0/0","0/0","0/0","0/0","0/0","0/0","0/0","0/0","0/0","0/0","0/0","0/0","0/0","0/0","0/0","0/0","0/0","0/0","0/0","0/0","0/0","0/0","0/0","0/0","0/0","0/0","0/0","0/0","0/0","0/0","0/0","0/0","0/0","0/0","0/0","0/0","0/0","0/0","0/0","0/0","0/0","0/0","0/0","0/0","0/0","0/0","0/0","0/0","0/0","0/0","0/0","0/0","0/0","0/0","0/0","0/0","0/0"
"chr1:27023908_G/GGCT_ARID1A","0/0","0/0","0/0","0/0","0/0","0/0","0/0","0/0","0/0","0/0","0/0","0/0","0/0","0/0","0/0","0/0","0/0","0/0","0/0","0/0","0/0","0/0","0/0","0/0","0/0","0/0","0/0","0/0","0/0","0/0","0/0","0/0","0/0","0/0","0/0","0/0","0/0","0/0","0/0","0/0","0/0","0/0","0/0","0/0","0/0","0/0","0/0","0/0","0/0","0/0","0/0","0/0","0/0","0/0","0/0","0/0","0/0","0/0","0/0","0/0","0/0","0/0","0/0","0/0","0/0","0/0","0/0","0/0","0/0","0/0","0/0","0/0","0/0","0/0","0/0","0/0","0/0","0/0","0/0","0/0","0/0","0/0","0/0","0/0","0/0","0/0","0/0","0/0","0/0","0/0","0/0","0/0","0/0","0/0","0/0","0/0","0/0","0/0","0/0","0/0","0/0","0/0","0/0","0/0","0/0","0/0","0/0","0/0","0/0","0/0","0/0","0/0","0/0","0/0","0/1","0/0","0/0","0/0","0/0","0/0","0/0","0/0","0/0","0/0","0/1","0/1","0/0","0/0","0/0","0/0","0/0","0/0","0/0","0/0","0/0","0/0","0/0","0/0","0/0","0/0","0/0","0/0","0/0","0/0","0/0","0/0","0/0","0/0","0/0","0/0","0/0","0/0","0/0"
"chr1:27101116_AC/A_ARID1A","0/0","0/0","0/0","0/0","0/0","0/0","0/0","0/0","0/0","0/0","0/0","0/0","0/0","0/0","0/0","0/0","0/0","0/0","0/0","0/0","0/0","0/0","0/0","0/0","0/0","0/0","0/0","0/0","0/0","0/0","0/0","0/0","0/0","0/0","0/0","0/0","0/1","0/0","0/0","0/0","0/0","0/0","0/0","0/0","0/0","0/0","0/0","0/0","0/0","0/0","0/0","0/0","0/0","0/0","0/0","0/0","0/0","0/0","0/0","0/0","0/0","0/0","0/0","0/0","0/0","0/0","0/0","0/0","0/0","0/0","0/0","0/0","0/0","0/0","0/0","0/0","0/0","0/0","0/0","0/0","0/0","0/0","0/0","0/0","0/0","0/0","0/0","0/0","0/0","0/0","0/0","0/0","0/0","0/0","0/0","0/0","0/0","0/0","0/0","0/0","0/0","0/0","0/0","0/0","0/0","0/0","0/0","0/0","0/0","0/0","0/0","0/0","0/0","0/0","0/0","0/0","0/0","0/0","0/0","0/0","0/0","0/0","0/0","0/0","0/0","0/0","0/0","0/0","0/0","0/0","0/0","0/0","0/0","0/0","0/0","0/0","0/0","0/0","0/0","0/0","0/0","0/0","0/0","0/0","0/0","0/0","0/0","0/0","0/0","0/0","0/0","0/0","0/0"
"chr1:27106077_GC/G_ARID1A","0/0","0/0","0/0","0/0","0/0","0/0","0/0","0/0","0/0","0/0","0/0","0/0","0/0","0/0","0/0","0/0","0/0","0/0","0/0","0/0","0/0","0/0","0/0","0/0","0/0","0/0","0/0","0/0","0/0","0/0","0/0","0/0","0/0","0/0","0/0","0/0","0/1","0/0","0/0","0/0","0/0","0/0","0/0","0/0","0/0","0/0","0/0","0/0","0/0","0/0","0/0","0/0","0/0","0/0","0/0","0/0","0/0","0/0","0/0","0/0","0/0","0/0","0/0","0/0","0/0","0/0","0/0","0/0","0/0","0/0","0/0","0/0","0/0","0/0","0/0","0/0","0/0","0/0","0/0","0/0","0/0","0/0","0/0","0/0","0/0","0/0","0/0","0/0","0/0","0/0","0/0","0/0","0/0","0/0","0/0","0/0","0/0","0/0","0/0","0/0","0/0","0/0","0/0","0/0","0/0","0/0","0/0","0/0","0/0","0/0","0/0","0/0","0/0","0/0","0/0","0/0","0/0","0/0","0/0","0/0","0/0","0/0","0/0","0/0","0/0","0/0","0/0","0/0","0/0","0/0","0/0","0/0","0/0","0/0","0/0","0/0","0/0","0/0","0/0","0/0","0/0","0/0","0/0","0/0","0/0","0/0","0/0","0/0","0/0","0/0","0/0","0/0","0/0"
"chr1:27240130_GCCAACCCAA/G_NR0B2","0/0","0/0","0/0","0/0","1/1","1/1","0/0","0/0","0/0","0/0","0/0","0/0","0/0","0/0","0/0","0/0","0/0","0/0","0/0","0/0","0/0","0/0","0/0","0/0","0/0","0/0","0/0","0/0","0/0","0/0","0/0","0/0","0/0","0/0","0/0","0/0","0/0","0/0","0/0","0/0","0/0","0/0","0/0","0/0","0/0","0/0","0/0","0/0","0/0","0/0","0/0","0/0","0/0","0/0","0/0","0/0","0/0","0/0","0/0","0/0","0/0","0/0","0/0","0/0","0/0","0/0","0/0","0/0","0/0","0/0","0/0","0/0","0/0","0/0","0/0","0/0","0/0","0/0","0/0","0/0","0/0","0/0","0/0","0/0","0/0","0/0","0/0","0/0","0/0","0/0","0/0","0/0","0/0","0/0","0/0","0/0","0/0","0/0","0/0","0/0","0/0","0/0","0/0","0/0","0/0","0/0","0/0","0/0","0/0","0/0","0/0","0/0","0/0","0/0","0/0","0/0","0/0","0/0","0/0","0/0","0/0","0/0","0/0","0/0","0/0","0/0","0/0","0/0","0/0","0/0","0/0","0/0","0/0","0/0","0/0","0/0","0/0","0/0","0/0","0/0","0/0","0/0","0/0","0/0","0/0","0/0","0/0","0/0","0/0","0/0","0/0","0/0","0/0"
"chr1:27240139_A/AGT_NR0B2","0/0","0/0","0/0","0/0","1/1","1/1","0/0","0/0","0/0","0/0","0/0","0/0","0/0","0/0","0/0","0/0","0/0","0/0","0/0","0/0","0/0","0/0","0/0","0/0","0/0","0/0","0/0","0/0","0/0","0/0","0/0","0/0","0/0","0/0","0/0","0/0","0/0","0/0","0/0","0/0","0/0","0/0","0/0","0/0","0/0","0/0","0/0","0/0","0/0","0/0","0/0","0/0","0/0","0/0","0/0","0/0","0/0","0/0","0/0","0/0","0/0","0/0","0/0","0/0","0/0","0/0","0/0","0/0","0/0","0/0","0/0","0/0","0/0","0/0","0/0","0/0","0/0","0/0","0/0","0/0","0/0","0/0","0/0","0/0","0/0","0/0","0/0","0/0","0/0","0/0","0/0","0/0","0/0","0/0","0/0","0/0","0/0","0/0","0/0","0/0","0/0","0/0","0/0","0/0","0/0","0/0","0/0","0/0","0/0","0/0","0/0","0/0","0/0","0/0","0/0","0/0","0/0","0/0","0/0","0/0","0/0","0/0","0/0","0/0","0/0","0/0","0/0","0/0","0/0","0/0","0/0","0/0","0/0","0/0","0/0","0/0","0/0","0/0","0/0","0/0","0/0","0/0","0/0","0/0","0/0","0/0","0/0","0/0","0/0","0/0","0/0","0/0","0/0"
"chr1:27621107_T/TG_WDTC1","0/0","0/0","0/0","0/0","0/0","0/0","0/0","0/0","0/0","0/0","0/0","0/0","0/0","0/0","0/0","0/0","0/0","0/0","0/0","0/0","0/0","0/0","0/0","0/0","0/0","0/0","0/0","0/0","0/0","0/0","0/0","0/1","0/0","0/0","0/0","0/0","0/0","0/0","0/0","0/0","0/0","0/0","0/0","0/0","0/0","0/0","0/0","0/0","0/0","0/0","0/0","0/0","0/0","0/0","0/0","0/0","0/0","0/0","0/0","0/0","0/0","0/0","0/0","0/0","0/0","0/0","0/0","0/0","0/0","0/0","0/0","0/0","0/0","0/0","0/0","0/0","0/0","0/0","0/0","0/0","0/0","0/0","0/0","0/0","0/0","0/0","0/0","0/0","0/0","0/0","0/0","0/0","0/0","0/0","0/0","0/0","0/0","0/0","0/0","0/0","0/0","0/0","0/0","0/0","0/0","0/0","0/0","0/0","0/0","0/0","0/0","0/0","0/0","0/0","0/0","0/0","0/0","0/0","0/0","0/0","0/0","0/0","0/0","0/0","0/0","0/0","0/0","0/0","0/0","0/0","0/0","0/0","0/0","0/0","0/0","0/0","0/0","0/0","0/0","0/0","0/0","0/0","0/0","0/0","0/0","0/0","0/0","0/0","0/0","0/0","0/0","0/0","0/0"
"chr1:27689961_A/AG_MAP3K6","0/0","0/0","0/0","0/0","0/0","0/0","0/0","0/0","0/0","0/0","0/0","0/0","0/0","0/0","0/0","0/0","0/0","0/0","0/0","0/0","0/0","0/0","0/0","0/0","0/0","0/0","0/0","0/0","0/0","0/0","0/0","0/0","0/0","0/0","0/0","0/0","0/0","0/0","0/0","0/0","0/0","0/0","0/0","0/0","0/0","0/0","0/0","0/0","0/0","0/0","0/0","0/0","0/1","0/0","0/0","0/0","0/0","0/0","0/0","0/0","0/0","0/0","0/0","0/0","0/0","0/0","0/0","0/0","0/0","0/0","0/0","0/0","0/0","0/0","0/0","0/0","0/0","0/0","0/0","0/0","0/0","0/0","0/0","0/0","0/0","0/0","0/0","0/0","0/0","0/0","0/0","0/0","0/0","0/0","0/0","0/0","0/0","0/0","0/0","0/0","0/0","0/0","0/0","0/0","0/0","0/0","0/0","0/0","0/0","0/0","0/0","0/0","0/0","0/0","0/0","0/0","0/0","0/0","0/0","0/0","0/0","0/0","0/0","0/0","0/0","0/0","0/0","0/0","0/0","0/0","0/0","0/0","0/0","0/0","0/0","0/0","0/0","0/0","0/0","0/0","0/0","0/0","0/0","0/0","0/0","0/0","0/0","0/0","0/0","0/0","0/0","0/0","0/0"
"chr1:27875517_AAGG/A_AHDC1","0/0","0/0","0/0","0/0","0/0","0/0","0/0","0/0","0/0","0/0","0/0","0/0","0/0","0/0","0/0","0/0","0/0","0/0","0/0","0/0","0/0","0/0","0/0","0/0","0/0","0/0","0/0","0/0","0/0","0/0","0/0","0/0","0/0","0/0","0/0","0/0","0/0","0/0","0/0","0/0","0/0","0/0","0/0","0/0","0/1","0/0","0/0","0/0","0/0","0/0","0/0","0/0","0/0","0/0","0/0","0/0","0/0","0/0","0/0","0/0","0/0","0/0","0/1","0/0","0/0","0/0","0/0","0/0","0/0","0/0","0/0","0/0","0/0","0/0","0/0","0/0","0/0","0/0","0/0","0/0","0/0","0/0","0/0","0/0","0/0","0/0","0/0","0/0","0/0","0/0","0/0","0/0","0/0","0/0","0/0","0/0","0/0","0/0","0/0","0/0","0/0","0/0","0/0","0/0","0/0","0/0","0/0","0/0","0/0","0/0","0/0","0/0","0/0","0/0","0/0","0/0","0/0","0/0","0/0","0/0","0/0","0/0","0/0","0/0","0/0","0/0","0/0","0/0","0/0","0/0","0/0","0/0","0/0","0/0","0/0","0/0","0/0","0/0","0/0","0/0","0/0","0/0","0/0","0/0","0/0","0/0","0/0","0/0","0/0","0/0","0/0","0/0","0/0"
"chr1:27876868_GT/G_AHDC1","0/0","0/0","0/0","0/0","0/0","0/0","0/0","0/0","0/0","0/0","0/0","0/0","0/0","0/0","0/0","0/0","0/0","0/0","0/0","0/0","0/0","0/0","0/0","0/0","0/0","0/0","0/0","0/0","0/0","0/0","0/0","0/0","0/0","0/0","0/0","0/0","0/1","0/0","0/0","0/0","0/0","0/0","0/0","0/0","0/0","0/0","0/0","0/0","0/0","0/0","0/0","0/0","0/0","0/0","0/0","0/0","0/0","0/0","0/0","0/0","0/0","0/0","0/0","0/0","0/0","0/0","0/0","0/0","0/0","0/0","0/0","0/0","0/0","0/0","0/0","0/0","0/0","0/0","0/0","0/0","0/0","0/0","0/0","0/0","0/0","0/0","0/0","0/0","0/0","0/0","0/0","0/0","0/0","0/0","0/0","0/0","0/0","0/0","0/0","0/0","0/0","0/0","0/0","0/0","0/0","0/0","0/0","0/0","0/0","0/0","0/0","0/0","0/0","0/0","0/0","0/0","0/0","0/0","0/0","0/0","0/0","0/0","0/0","0/0","0/0","0/0","0/0","0/0","0/0","0/0","0/0","0/0","0/0","0/0","0/0","0/0","0/0","0/0","0/0","0/0","0/0","0/0","0/0","0/0","0/0","0/0","0/0","0/0","0/0","0/0","0/0","0/0","0/0"
"chr1:28785729_G/GA_PHACTR4","0/0","0/0","0/0","0/0","0/0","0/0","0/0","0/0","0/1","0/0","0/0","0/0","0/0","0/0","0/0","0/0","0/0","0/0","0/0","0/0","0/0","0/0","0/1","0/0","0/0","0/0","0/0","0/0","0/0","0/0","0/0","0/0","0/0","0/0","0/0","0/0","0/1","0/0","0/0","0/0","0/0","0/0","0/0","0/0","0/0","0/0","0/0","0/0","0/0","0/0","0/0","0/0","0/0","0/0","0/0","0/0","0/0","0/0","0/0","0/0","0/0","0/0","0/0","0/0","0/0","0/0","0/0","0/0","0/0","0/0","0/0","0/0","0/0","0/0","0/0","0/0","0/0","0/0","0/1","0/0","0/0","0/0","0/0","0/0","0/0","0/0","0/0","0/0","0/0","0/0","0/0","0/0","0/0","0/0","0/0","0/0","0/0","0/0","0/0","0/0","0/0","0/0","0/0","0/0","0/0","0/0","0/0","0/0","0/0","0/0","0/0","0/0","0/0","0/0","0/0","0/0","0/0","0/0","0/0","0/0","0/0","0/0","0/0","0/0","0/0","0/0","0/0","0/0","0/0","0/0","0/0","0/0","0/0","0/0","0/0","0/0","0/0","0/0","0/0","0/0","0/0","0/0","0/0","0/0","0/0","0/1","0/0","0/0","0/0","0/0","0/0","0/0","0/0"
"chr1:28887223_A/AC_TRNAU1AP","0/0","0/0","0/0","0/0","0/0","0/0","0/0","0/0","0/0","0/0","0/0","0/0","0/0","0/0","0/0","0/0","0/0","0/0","0/0","0/0","0/0","0/0","0/0","0/0","0/0","0/0","0/0","0/0","0/0","0/0","0/0","0/0","0/0","0/0","0/0","0/0","0/0","0/0","0/0","0/0","0/0","0/0","0/0","0/0","0/0","0/0","0/0","0/0","0/0","0/0","0/0","0/0","0/0","0/0","0/0","0/0","0/0","0/0","0/0","0/0","0/0","0/0","0/0","0/0","0/0","0/0","0/0","0/0","0/0","0/0","0/0","0/0","0/0","0/0","0/0","0/0","0/0","0/0","0/0","0/0","0/0","0/0","0/0","0/0","0/0","0/0","0/0","0/0","0/0","0/0","0/0","0/0","0/0","0/0","0/0","0/0","0/0","0/0","0/0","0/0","0/0","0/0","0/0","0/0","0/0","0/0","0/0","0/0","0/0","0/0","0/0","0/0","0/0","0/0","0/0","0/0","0/0","0/1","0/0","0/1","0/0","0/0","0/0","0/1","0/0","0/0","0/0","0/0","0/0","0/0","0/0","0/0","0/0","0/0","0/0","0/0","0/0","0/0","0/0","0/0","0/0","0/0","0/0","0/0","0/0","0/0","0/0","0/0","0/0","0/0","0/0","0/0","0/0"
"chr1:31196345_GAGC/G_MATN1","0/0","0/0","0/0","0/0","0/0","0/0","0/0","0/0","0/0","0/0","0/0","0/0","0/0","0/0","0/0","0/0","0/0","0/0","0/0","0/0","0/0","0/0","0/0","0/0","0/0","0/0","0/0","0/0","0/0","0/0","0/0","0/0","0/0","0/0","0/0","0/0","0/0","0/1","0/0","0/0","0/0","0/0","0/0","0/0","0/0","0/0","0/0","0/0","0/0","0/0","0/0","0/0","0/0","0/0","0/0","0/0","0/0","0/0","0/0","0/0","0/0","0/0","0/0","0/0","0/0","0/0","0/0","0/0","0/0","0/0","0/0","0/0","0/0","0/0","0/0","0/0","0/0","0/0","0/0","0/0","0/0","0/0","0/0","0/0","0/0","0/0","0/0","0/0","0/0","0/0","0/0","0/0","0/0","0/0","0/0","0/0","0/0","0/0","0/0","0/0","0/0","0/0","0/0","0/0","0/0","0/0","0/0","0/0","0/0","0/0","0/0","0/0","0/0","0/0","0/0","0/0","0/0","0/0","0/0","0/0","0/0","0/0","0/0","0/0","0/0","0/0","0/0","0/0","0/0","0/0","0/0","0/0","0/0","0/0","0/1","0/0","0/0","0/0","0/0","0/0","0/0","0/0","0/0","0/0","0/0","0/0","0/0","0/0","0/0","0/0","0/0","0/0","0/0"
"chr1:31905889_A/ACAG_SERINC2","0/1","0/1","0/1","0/1","0/1","0/1","0/1","0/1","0/0","1/1","0/1","1/1","0/1","1/1","0/0","0/1","0/1","0/1","1/1","1/1","0/1","0/1","1/1","1/1","0/1","1/1","1/1","1/1","1/1","1/1","0/1","0/1","0/1","0/1","0/0","1/1","0/1","0/1","1/1","0/0","0/1","0/1","1/1","0/1","1/1","1/1","0/1","1/1","0/1","0/1","0/1","0/1","0/0","0/1","0/1","0/0","0/0","0/1","0/1","1/1","0/1","0/1","0/0","0/1","0/1","1/1","0/1","0/1","1/1","0/1","1/1","1/1","1/1","1/1","1/1","0/1","0/1","0/1","0/1","0/0","0/0","0/1","1/1","0/1","0/1","1/1","0/1","0/0","1/1","1/1","0/0","0/1","0/1","0/0","0/0","0/0","0/0","0/1","0/1","0/1","0/1","0/1","0/1","0/1","0/1","0/1","0/1","0/1","1/1","1/1","0/1","1/1","1/1","0/1","0/1","0/1","0/1","0/1","0/1","0/1","0/1","0/1","0/1","0/1","0/1","0/1","0/1","0/1","0/1","0/1","0/1","1/1","0/1","1/1","0/1","0/1","1/1","0/1","1/1","0/1","1/1","0/1","0/1","0/1","0/1","0/1","0/1","0/1","0/1","0/1","0/1","0/1","0/1"
"chr1:32050896_CAA/C_TINAGL1","0/0","0/0","0/0","0/0","0/0","0/0","0/0","0/0","0/0","0/0","0/0","0/0","0/0","0/0","0/0","0/0","0/0","0/0","0/0","0/0","0/0","0/0","0/0","0/0","0/0","0/0","0/0","0/0","0/0","0/0","0/0","0/0","0/0","0/0","0/0","0/0","0/0","0/0","0/0","0/0","0/0","0/0","0/0","0/0","0/0","0/0","0/0","0/0","0/0","0/0","0/0","0/0","0/0","0/0","0/0","0/0","0/0","0/0","0/0","0/0","0/0","0/0","0/0","0/0","0/0","0/0","0/0","0/0","0/0","0/0","0/0","0/0","0/0","0/0","0/0","0/0","0/0","0/0","0/0","0/0","0/0","0/0","0/0","0/0","0/0","0/0","0/0","0/0","0/0","0/0","0/0","0/0","0/0","0/0","0/0","0/0","0/0","0/0","0/0","0/0","0/0","0/0","0/0","0/0","0/0","0/0","0/0","0/0","0/0","0/0","0/0","0/0","0/0","0/0","0/0","0/0","0/0","0/0","0/0","0/0","0/0","0/0","0/0","0/0","0/0","0/1","0/0","0/0","0/0","0/0","0/0","0/0","0/0","0/0","0/0","0/0","0/0","0/0","0/0","0/0","0/0","0/0","0/0","0/0","0/0","0/0","0/0","0/0","0/0","0/0","0/0","0/0","0/0"
"chr1:32828383_A/AT_TSSK3","0/0","0/0","0/0","0/0","0/0","0/0","0/0","0/0","0/0","0/0","0/0","0/0","0/0","0/0","0/0","0/0","0/0","0/0","0/0","0/0","0/0","0/0","0/0","0/0","0/0","0/0","0/0","0/0","0/0","0/0","0/0","0/0","0/0","0/0","0/0","0/0","0/0","0/0","0/0","0/0","0/0","0/0","0/0","0/0","0/0","0/0","0/0","0/0","0/0","0/0","0/0","0/0","0/0","0/0","0/0","0/0","0/0","0/0","0/0","0/0","0/0","0/0","0/0","0/0","0/0","0/0","0/0","0/0","0/0","0/0","0/0","0/0","0/0","0/0","0/0","0/0","0/0","0/0","0/0","0/0","0/0","0/0","0/0","0/0","0/0","0/0","0/0","0/0","0/0","0/0","0/0","0/1","0/1","0/0","0/0","0/0","0/0","0/0","0/0","0/0","0/0","0/0","0/0","0/0","0/0","0/0","0/0","0/0","0/0","0/0","0/0","0/0","0/0","0/0","0/0","0/0","0/0","0/0","0/0","0/0","0/0","0/0","0/0","0/0","0/0","0/0","0/0","0/0","0/0","0/0","0/0","0/0","0/0","0/0","0/0","0/0","0/0","0/0","0/0","0/0","0/0","0/0","0/0","0/0","0/0","0/0","0/0","0/0","0/0","0/0","0/0","0/0","0/0"
"chr1:33292096_A/AT_S100PBP","0/0","0/0","0/0","0/0","0/0","0/0","0/0","0/0","0/0","0/0","0/0","0/0","0/0","0/0","0/0","0/0","0/0","0/0","0/0","0/0","0/0","0/0","0/0","0/0","0/0","0/0","0/0","0/0","0/0","0/0","0/0","0/0","0/0","0/0","0/0","0/0","0/0","0/0","0/0","0/0","0/0","0/0","0/0","0/0","0/0","0/0","0/0","0/0","0/0","0/0","0/0","0/0","0/0","0/0","0/0","0/0","0/0","0/0","0/0","0/0","0/0","0/0","0/0","0/0","0/0","0/0","0/0","0/0","0/0","0/0","0/0","0/0","0/0","0/0","0/0","0/0","0/0","0/0","0/0","0/0","0/0","0/0","0/0","0/0","0/0","0/0","0/0","0/0","0/0","0/0","0/0","0/0","0/0","0/0","0/0","0/0","0/0","0/0","0/0","0/0","0/0","0/0","0/0","0/0","0/0","0/0","0/0","0/0","0/0","0/0","0/0","0/0","0/0","0/0","0/0","0/0","0/0","0/0","0/0","0/0","0/0","0/0","0/0","0/0","0/0","0/0","0/0","0/0","0/0","0/0","0/0","0/0","0/0","0/0","0/0","0/0","0/0","0/0","0/0","0/0","0/0","0/0","0/0","0/1","0/0","0/0","0/0","0/0","0/0","0/0","0/0","0/0","0/0"
"chr1:33773039_G/GTAC_A3GALT2","0/0","0/0","0/0","0/0","0/0","0/0","0/0","0/0","0/0","0/0","0/0","0/0","0/0","0/0","0/0","0/0","0/0","0/0","0/0","0/0","0/0","0/0","0/0","0/0","0/0","0/0","0/0","0/0","0/0","0/0","0/0","0/0","0/0","0/0","0/0","0/0","0/0","0/0","0/0","0/0","0/0","0/0","0/0","0/0","0/0","0/0","0/0","0/0","0/0","0/0","0/0","0/0","0/0","0/0","0/0","0/0","0/0","0/1","0/0","0/0","0/0","0/0","0/0","0/0","0/0","0/0","0/0","0/0","0/0","0/0","0/0","0/0","0/0","0/0","0/0","0/0","0/0","0/0","0/0","0/0","0/0","0/0","0/0","0/0","0/0","0/0","0/0","0/0","0/0","0/0","0/0","0/0","0/0","0/0","0/0","0/0","0/0","0/0","0/0","0/0","0/0","0/0","0/0","0/0","0/0","0/0","0/0","0/0","0/0","0/0","0/0","0/0","0/0","0/0","0/0","0/0","0/0","0/0","0/0","0/0","0/0","0/0","0/0","0/0","0/0","0/0","0/0","0/0","0/0","0/0","0/0","0/0","0/0","0/0","0/0","0/0","0/0","0/0","0/0","0/0","0/0","0/0","0/0","0/0","0/0","0/0","0/0","0/0","0/0","0/0","0/0","0/0","0/0"
"chr1:34066486_TC/T_CSMD2","0/0","0/0","0/0","0/0","0/0","0/0","0/0","0/0","0/0","0/0","0/0","0/0","0/0","0/0","0/0","0/0","0/0","0/0","0/0","0/0","0/0","0/0","0/0","0/0","0/0","0/0","0/0","0/0","0/0","0/0","0/0","0/0","0/0","0/0","0/0","0/0","0/1","0/0","0/0","0/0","0/0","0/0","0/0","0/0","0/0","0/0","0/0","0/0","0/0","0/0","0/0","0/0","0/0","0/0","0/0","0/0","0/0","0/0","0/0","0/0","0/0","0/0","0/0","0/0","0/0","0/0","0/0","0/0","0/0","0/0","0/0","0/0","0/0","0/0","0/0","0/0","0/0","0/0","0/0","0/0","0/0","0/0","0/0","0/0","0/0","0/0","0/0","0/0","0/0","0/0","0/0","0/0","0/0","0/0","0/0","0/0","0/0","0/0","0/0","0/0","0/0","0/0","0/0","0/0","0/0","0/0","0/0","0/0","0/0","0/0","0/0","0/0","0/0","0/0","0/0","0/0","0/0","0/0","0/0","0/0","0/0","0/0","0/0","0/0","0/0","0/0","0/0","0/0","0/0","0/0","0/0","0/0","0/0","0/0","0/0","0/0","0/0","0/0","0/0","0/0","0/0","0/0","0/0","0/0","0/0","0/0","0/0","0/0","0/0","0/0","0/0","0/0","0/0"
"chr1:35370730_A/AC_DLGAP3","0/0","0/0","0/0","0/0","0/0","0/0","0/0","0/0","0/0","0/0","0/0","0/0","0/0","0/0","0/0","0/0","0/0","0/0","0/0","0/0","0/0","0/0","0/0","0/0","0/0","0/0","0/0","0/0","0/0","0/0","0/0","0/0","0/0","0/0","0/0","0/0","0/0","0/0","0/0","0/0","0/0","0/0","0/0","0/0","0/0","0/0","0/0","0/0","0/0","0/0","0/0","0/1","0/0","0/0","0/0","0/0","0/0","0/0","0/0","0/0","0/0","0/0","0/0","0/0","0/0","0/0","0/0","0/0","0/0","0/0","0/0","0/0","0/0","0/0","0/0","0/0","0/0","0/0","0/0","0/0","0/0","0/0","0/0","0/0","0/0","0/0","0/0","0/0","0/0","0/0","0/0","0/0","0/0","0/0","0/0","0/0","0/0","0/0","0/0","0/0","0/0","0/0","0/0","0/0","0/0","0/0","0/0","0/0","0/0","0/0","0/0","0/0","0/0","0/0","0/0","0/0","0/0","0/0","0/0","0/0","0/0","0/0","0/0","0/0","0/0","0/0","0/0","0/0","0/0","0/0","0/0","0/0","0/0","0/0","0/0","0/0","0/0","0/0","0/0","0/0","0/0","0/0","0/0","0/0","0/0","0/0","0/0","0/0","0/0","0/0","0/0","0/0","0/0"
"chr1:35485089_AT/A_ZMYM6","0/0","0/0","0/0","0/0","0/0","0/0","0/0","0/0","0/0","0/0","0/0","0/0","0/0","0/0","0/0","0/0","0/0","0/0","0/0","0/0","0/0","0/0","0/0","0/0","0/0","0/0","0/0","0/0","0/0","0/0","0/0","0/0","0/0","0/0","0/0","0/0","0/1","0/0","0/0","0/0","0/0","0/0","0/0","0/0","0/0","0/0","0/0","0/0","0/0","0/0","0/0","0/0","0/0","0/0","0/0","0/0","0/0","0/0","0/0","0/0","0/0","0/0","0/0","0/0","0/0","0/0","0/0","0/0","0/0","0/0","0/0","0/0","0/0","0/0","0/0","0/0","0/0","0/0","0/0","0/0","0/0","0/0","0/0","0/0","0/0","0/0","0/0","0/0","0/0","0/0","0/0","0/0","0/0","0/0","0/0","0/0","0/0","0/0","0/0","0/0","0/0","0/0","0/0","0/0","0/0","0/0","0/0","0/0","0/0","0/0","0/0","0/0","0/0","0/0","0/0","0/0","0/0","0/0","0/0","0/0","0/0","0/0","0/0","0/0","0/0","0/0","0/0","0/0","0/0","0/0","0/0","0/0","0/0","0/0","0/0","0/0","0/0","0/0","0/0","0/0","0/0","0/0","0/0","0/0","0/0","0/0","0/0","0/0","0/0","0/0","0/0","0/0","0/0"
"chr1:36565799_T/TAGC_COL8A2","0/0","0/0","0/0","0/0","0/0","0/0","0/0","0/0","0/0","0/0","0/0","0/0","0/0","0/0","0/0","0/0","0/0","0/0","0/1","0/0","0/0","0/0","0/0","0/0","0/0","0/0","0/0","0/0","0/0","0/0","0/0","0/0","0/0","0/0","0/0","0/0","0/0","0/0","0/0","0/0","0/0","0/0","0/0","0/0","0/0","0/0","0/0","0/0","0/0","0/0","0/0","0/0","0/0","0/0","0/0","0/0","0/0","0/0","0/0","0/0","0/0","0/0","0/0","0/0","0/0","0/0","0/0","0/0","0/0","0/0","0/0","0/0","0/0","0/0","0/0","0/0","0/0","0/0","0/0","0/0","0/0","0/0","0/0","0/0","0/0","0/0","0/0","0/0","0/0","0/0","0/0","0/0","0/0","0/0","0/0","0/0","0/0","0/0","0/1","0/1","0/0","0/0","0/0","0/0","0/0","0/0","0/0","0/0","0/0","0/0","0/0","0/0","0/0","0/0","0/0","0/0","0/0","0/0","0/0","0/0","0/0","0/0","0/0","0/0","0/0","0/0","0/0","0/0","0/0","0/0","0/0","0/0","0/0","0/0","0/0","0/0","0/0","0/0","0/0","0/0","0/0","0/0","0/0","0/0","0/0","0/0","0/0","0/0","0/0","0/0","0/0","0/0","0/0"
"chr1:36643700_GAGA/G_MAP7D1","0/0","0/0","0/0","0/0","0/0","0/0","0/0","0/0","0/0","0/0","0/0","0/0","0/0","0/0","0/0","0/0","0/0","0/0","0/0","0/0","1/1","0/0","0/0","0/0","0/0","1/1","0/0","0/1","0/0","0/0","0/1","0/1","0/0","0/1","0/0","0/0","0/0","0/0","0/1","0/0","0/0","0/1","0/0","0/0","1/1","0/0","0/1","0/0","0/1","0/1","0/0","0/1","0/0","0/0","0/0","0/1","0/0","0/0","0/1","1/1","0/0","0/0","0/1","0/0","0/0","0/1","1/1","0/1","0/1","1/1","0/1","0/1","0/1","0/0","0/0","0/0","0/0","0/0","0/0","1/1","1/1","0/0","0/0","0/1","0/1","0/0","0/0","0/0","0/0","0/0","0/1","0/0","0/0","0/1","0/0","0/1","0/0","0/1","0/0","0/0","0/0","0/0","0/0","0/0","0/0","0/0","0/0","0/1","0/1","0/0","0/0","0/0","0/0","0/0","0/0","0/0","0/0","0/0","0/1","0/0","0/1","0/1","0/0","0/0","0/0","0/0","0/0","0/0","0/0","0/0","0/0","0/0","0/0","0/1","0/0","0/0","0/1","0/1","0/1","0/1","0/1","0/0","0/0","0/0","0/0","0/0","0/0","0/0","0/0","0/1","0/1","0/1","0/1"
"chr1:38188835_TTGAC/T_EPHA10","0/0","0/0","0/0","0/0","0/0","0/0","0/0","0/0","0/0","0/0","0/0","0/0","0/0","0/0","0/0","0/0","0/0","0/0","0/0","0/0","0/0","0/0","0/0","0/0","0/0","0/0","0/0","0/0","0/0","0/0","0/0","0/0","0/0","0/0","0/0","0/0","0/0","0/0","0/0","0/0","0/0","0/0","0/0","0/0","0/0","0/0","0/0","0/0","0/0","0/0","0/0","0/0","0/0","0/0","0/0","0/0","0/0","0/0","0/0","0/0","0/0","0/0","0/0","0/0","0/0","0/0","0/0","0/0","0/0","0/0","0/0","0/0","0/0","0/0","0/0","0/0","0/0","0/0","0/0","0/0","0/0","0/0","0/0","0/0","0/0","0/0","0/0","0/0","0/0","0/0","0/0","0/0","0/0","0/0","0/0","0/0","0/0","0/0","0/0","0/0","0/0","0/0","0/0","0/0","0/0","0/0","0/0","0/0","0/0","0/0","0/0","0/0","0/0","0/0","0/0","0/0","0/0","0/0","0/0","0/0","0/0","0/0","0/0","0/0","0/0","0/0","0/0","0/0","0/0","0/0","0/0","0/0","0/0","0/0","0/0","0/0","0/0","0/0","0/1","0/1","0/1","0/0","0/0","0/0","0/0","0/0","0/0","0/0","0/0","0/0","0/0","0/0","0/0"
"chr1:38511083_TGTG/T_POU3F1","0/0","0/0","0/0","0/0","0/0","0/0","0/0","0/0","0/0","0/0","0/0","0/0","0/0","0/0","0/0","0/0","0/0","0/0","0/0","0/0","0/0","0/0","0/0","0/0","0/0","0/0","0/0","0/0","0/0","0/0","0/0","0/0","0/0","0/0","0/0","0/0","0/0","0/0","0/0","0/0","0/0","0/0","0/0","0/0","0/0","0/0","0/0","0/0","0/0","0/0","0/0","0/0","0/0","0/0","0/0","0/0","0/0","0/0","0/0","0/0","0/0","0/0","0/0","0/0","0/0","0/0","0/0","0/0","0/0","0/0","0/0","0/0","0/0","0/0","0/0","0/0","0/0","0/0","0/0","0/0","0/0","0/0","0/0","0/0","0/0","0/0","0/0","0/0","0/1","0/0","0/0","0/0","0/0","0/0","0/0","0/0","0/0","0/0","0/0","0/0","0/0","0/0","0/0","0/0","0/0","0/0","0/0","0/0","0/0","0/0","0/0","0/0","0/0","0/0","0/0","0/0","0/0","0/0","0/0","0/0","0/0","0/0","0/0","0/0","0/0","0/0","0/0","0/0","0/0","0/0","0/0","0/0","0/0","0/0","0/0","0/0","0/0","0/0","0/0","0/0","0/0","0/0","0/0","0/0","0/0","0/0","0/0","0/0","0/0","0/0","0/0","0/0","0/0"
"chr1:38512308_GGCC/G_POU3F1","0/0","0/0","0/0","0/0","0/0","0/0","0/0","0/0","0/0","0/0","0/1","0/0","0/0","0/0","0/0","0/0","0/0","0/0","0/0","0/0","0/0","0/0","0/0","0/1","0/0","0/0","0/0","0/0","0/0","0/0","0/0","0/0","0/0","0/0","0/1","0/0","0/0","0/0","0/0","0/0","0/0","0/0","0/1","0/0","0/0","0/0","0/0","0/0","0/0","0/0","0/0","0/1","0/0","0/0","0/0","0/0","0/0","0/0","0/0","0/0","0/0","0/0","0/0","0/0","0/0","0/0","0/0","0/0","0/0","0/0","0/0","0/0","0/0","0/0","0/1","0/0","0/0","0/0","0/0","0/0","0/0","0/0","0/0","0/0","0/0","0/0","0/0","0/0","0/0","0/0","0/0","0/0","0/0","0/0","0/0","0/0","0/0","0/0","0/1","0/0","0/0","0/0","0/0","0/0","0/0","0/0","0/0","0/0","0/0","0/0","0/0","0/0","0/0","0/0","0/0","0/0","0/0","0/0","0/0","0/0","0/0","0/0","0/0","0/0","0/0","0/0","0/0","0/0","0/0","0/0","0/1","0/0","0/0","0/0","0/0","0/0","0/0","0/0","0/0","0/0","0/0","0/0","0/0","0/0","0/0","0/0","0/0","0/0","0/0","0/0","0/0","0/0","0/0"
"chr1:40129103_AGG/A_NT5C1A","0/0","0/0","0/0","0/0","0/0","0/0","0/0","0/0","0/0","0/0","0/0","0/0","0/0","0/0","0/0","0/1","0/0","0/0","0/0","0/0","0/0","0/0","0/0","0/0","0/0","0/0","0/0","0/0","0/0","0/0","0/0","0/0","0/0","0/0","0/0","0/0","0/0","0/0","0/0","0/0","0/0","0/0","0/0","0/0","0/0","0/0","0/0","0/0","0/0","0/0","0/0","0/0","0/0","0/0","0/0","0/0","0/0","0/0","0/0","0/0","0/0","0/0","0/0","0/0","0/0","0/0","0/0","0/0","0/0","0/0","0/0","0/0","0/0","0/0","0/0","0/0","0/0","0/0","0/0","0/0","0/0","0/0","0/0","0/0","0/0","0/0","0/0","0/0","0/0","0/0","0/0","0/0","0/0","0/0","0/0","0/0","0/0","0/0","0/0","0/0","0/0","0/0","0/0","0/0","0/0","0/0","0/0","0/0","0/0","0/0","0/0","0/0","0/0","0/0","0/0","0/0","0/0","0/0","0/0","0/0","0/0","0/0","0/0","0/0","0/0","0/0","0/0","0/0","0/0","0/0","0/0","0/0","0/0","0/0","0/0","0/0","0/0","0/0","0/0","0/0","0/0","0/0","0/0","0/0","0/0","0/0","0/0","0/0","0/0","0/0","0/0","0/0","0/0"
"chr1:40702960_T/TA_RLF","0/0","0/0","0/0","0/0","0/0","0/0","0/0","0/0","0/0","0/0","0/0","0/0","0/0","0/0","0/0","0/0","0/0","0/0","0/0","0/0","0/0","0/0","0/0","0/0","0/0","0/0","0/0","0/0","0/0","0/0","0/0","0/0","0/0","0/0","0/0","0/0","0/0","0/0","0/0","0/0","0/0","0/0","0/0","0/0","0/0","0/0","0/0","0/0","0/0","0/0","0/0","0/0","0/0","0/0","0/0","0/0","0/0","0/0","0/0","0/0","0/0","0/0","0/0","0/0","0/0","0/0","0/0","0/0","0/0","0/0","0/0","0/0","0/0","0/0","0/0","0/0","0/0","0/0","0/0","0/0","0/0","0/1","0/0","0/0","0/0","0/0","0/0","0/0","0/0","0/0","0/0","0/0","0/0","0/0","0/0","0/0","0/0","0/0","0/0","0/0","0/0","0/0","0/0","0/0","0/0","0/0","0/0","0/0","0/0","0/0","0/0","0/0","0/0","0/0","0/0","0/0","0/0","0/0","0/0","0/0","0/0","0/0","0/0","0/0","0/0","0/0","0/0","0/0","0/0","0/0","0/0","0/0","0/0","0/0","0/0","0/0","0/0","0/0","0/0","0/0","0/0","0/0","0/0","0/0","0/0","0/0","0/0","0/0","0/0","0/0","0/0","0/0","0/0"
"chr1:40981007_CTG/C_EXO5","0/0","0/0","0/0","0/0","0/0","0/0","0/0","0/0","0/0","0/0","0/1","0/0","0/0","0/0","0/0","0/1","0/0","0/0","0/0","0/0","0/1","0/0","0/0","0/1","0/1","0/1","0/1","0/0","0/1","0/1","0/0","0/1","0/1","0/0","0/1","0/0","0/0","0/0","0/0","0/0","0/1","0/0","0/1","0/0","0/0","0/0","0/0","0/0","0/1","0/0","0/0","0/0","0/1","0/1","0/0","0/1","0/1","0/0","0/0","0/0","0/0","0/0","0/0","0/0","0/0","0/0","0/1","0/1","0/1","0/1","0/0","0/0","0/0","0/0","0/0","0/0","0/0","0/0","0/0","1/1","1/1","0/1","0/0","0/0","0/0","0/0","0/0","0/0","0/0","0/0","0/0","0/1","0/1","0/0","0/0","0/0","0/0","1/1","0/0","0/0","0/0","0/0","0/0","0/0","0/0","0/0","0/0","0/0","0/0","0/0","0/0","0/0","0/0","0/0","0/0","0/1","0/1","0/0","0/1","0/0","0/1","0/1","0/1","0/0","0/0","0/0","0/0","0/0","1/1","1/1","1/1","0/0","0/0","0/0","0/0","0/0","0/0","0/0","0/0","0/1","0/0","0/0","0/0","0/1","0/1","0/1","0/1","0/1","0/1","0/0","0/0","0/0","0/0"
"chr1:41481863_ATCT/A_SLFNL1","0/0","0/0","0/0","0/0","0/0","0/0","0/0","0/0","0/0","0/0","0/0","0/0","0/0","0/0","0/0","0/0","0/0","0/0","0/0","0/0","0/0","0/0","0/1","0/0","0/0","0/0","0/0","0/0","0/0","0/0","0/0","0/1","0/0","0/0","0/0","0/1","0/0","0/0","0/0","0/0","0/0","0/0","0/0","0/0","0/0","0/0","0/0","0/1","0/0","0/1","0/0","0/0","0/0","0/0","0/1","0/0","0/0","0/0","0/0","0/0","0/0","0/1","0/0","0/0","0/0","0/0","0/0","0/0","0/0","0/0","0/0","0/0","0/0","0/0","0/0","0/0","0/0","0/0","0/0","0/0","0/0","0/0","0/0","0/0","0/0","0/0","0/0","0/0","0/0","0/0","0/0","0/0","0/0","0/0","0/0","0/0","0/0","0/0","0/0","0/0","0/0","0/0","0/0","0/0","0/0","0/0","0/0","0/0","0/0","0/0","0/0","0/0","0/0","0/0","0/0","0/0","0/0","0/0","0/0","0/0","0/0","0/0","0/0","0/0","0/0","0/0","0/0","0/0","0/0","0/0","0/0","0/0","0/0","0/0","0/0","0/0","0/0","0/0","0/0","0/0","0/0","0/0","0/0","0/0","0/0","0/0","0/0","0/0","0/0","0/0","0/0","0/0","0/0"
"chr1:41847872_G/GGCCCGCGCCGGGACGCCCGCCTACTTCGGCGGCTGCAAGGGCGGCGCCTACGGCGGGGGCGGGGGCTTCGGGCCGCCGGCGATGGGCGCTCTGCGCCGTCTGCCCATGCAGACCATCCAGGAGAACAAGCAGGCCAGCTTCGTGCCGGCCGCGGCGCCCTTCCGCCCTGGGGCGCTGCCCGCGCTGCTGCCGCCGCCGCC_FOXO6","0/0","0/0",".","0/0",".",".","0/0",".","0/0","0/0","1/1","1/1",".",".",".","0/0",".","0/0",".",".","0/0",".","1/1","0/0","0/0","1/1","1/1","0/0",".","0/0","0/0","0/0",".","0/0","0/0","0/0",".","0/0",".",".","1/1",".","0/0","1/1","0/0","0/0","1/1","0/0","1/1",".","0/0","0/0",".","1/1",".","1/1",".","1/1",".","0/0","1/1",".","1/1",".","1/1","0/0","0/0","1/1","0/0","1/1",".",".","1/1",".",".","0/0",".","1/1",".",".","0/0",".","1/1",".","1/1",".","1/1",".",".",".",".","1/1","0/0","1/1","1/1",".",".","0/0",".","0/0",".",".",".","1/1",".",".",".",".","0/0","0/0",".",".",".","0/0","0/0","0/0",".",".",".",".","0/0","0/0","0/0","0/0","0/0",".","0/0",".",".","0/0",".",".","0/0",".","0/0","0/0",".",".","1/1","0/0","0/0","0/0",".","0/0","0/0","0/0",".",".",".",".","0/0","0/0","."
"chr1:41847881_CCA/CGGGACGCCCGCCTACTTCGGCGGCTGCAAGGGCGGCGCCTACGGCGGGGGCGGGGGCTTCA_FOXO6","0/0","0/0","0/0","0/0","0/0","0/0","0/0","0/0","0/0","0/0","0/0","0/0","0/0","0/0","0/0","0/0","0/0","0/0","0/0","0/1","0/0","0/0","0/0","0/0","0/0","0/0","0/0","0/0","0/0","0/0","0/0","0/0","0/0","0/0","0/0","0/2","0/0","0/0","0/2","0/0","0/0","0/0","0/0","0/0","0/0","0/0","0/0","0/0","0/0","0/0","0/0","0/0","0/0","0/0","0/0","0/0","0/0","0/0","0/0","0/0","0/0","0/0","0/0","0/0","0/0","0/0","0/3","0/0","0/0","0/0","0/2","0/0","0/0","0/2","0/2","0/0","0/0","0/0","0/0","0/0","0/0","0/0","0/0","0/3","0/0","0/0","0/0","0/0","0/0","0/0","0/0","0/0","0/0","0/0","0/0","0/0","0/0","0/0","0/0","0/0","0/0","0/0","0/2","0/0","0/0","0/0","0/0","0/0",".","0/0","0/4","0/0","0/0","0/0","0/0","0/0","0/0","0/0","0/0","0/0","0/0","0/0","0/0","0/0","0/0","0/0","0/0","0/0","0/0","0/0","0/0","0/0",".","0/0","0/4","0/0","0/0","0/2","0/0","0/0","0/0","0/0","0/0","0/0","0/0","0/0","0/0","0/4","0/0","0/4","0/0","0/0","0/0"
"chr1:41847884_G/GGGAC_FOXO6","0/0","0/0","0/0","0/0","0/0","0/0","0/0","0/0","0/0","0/0","0/0","0/0","0/0","0/0","0/0","0/0","0/0","0/0","0/0","0/0","0/0","0/0","0/0","0/0","0/0","0/0","0/0","0/0","0/0","0/0","0/0","0/0","0/0","0/0","0/0","0/1","0/0","0/0","0/1","0/0","0/0","0/0","0/0","0/0","0/0","0/0","0/0","0/0","0/0","0/0","0/0","0/0","0/0","0/0","0/0","0/0","0/0","0/0","0/0","0/0","0/0","0/0","0/0","0/0","0/0","0/0","0/0","0/0","0/0","0/0","0/1","0/0","0/0","0/1","0/0","0/0","0/0","0/0","0/0","0/0","0/0","0/0","0/0","0/0","0/0","0/0","0/0","0/0","0/0","0/0","0/0","0/0","0/0","0/0","0/0","0/0","0/0","0/0","0/0","0/0","0/0","0/0","0/1","0/0","0/0","0/0","0/0","0/0",".","0/0","0/0","0/0","0/0","0/0","0/0","0/0","0/0","0/0","0/0","0/0","0/0","0/0","0/0","0/0","0/0","0/0","0/0","0/0","0/0","0/0","0/0","0/0",".","0/0","0/0","0/0","0/0","0/0","0/0","0/0","0/0","0/0","0/0","0/0","0/0","0/0","0/0","0/0","0/0","0/0","0/0","0/0","0/0"
"chr1:41847885_G/GGA_FOXO6","0/0",".","0/0","0/0","0/0","0/0",".","0/0","0/0",".","0/0","0/0","0/0","0/0","0/0","0/0","0/0","0/0","0/0","0/0","0/0","0/0","0/0","0/0","0/0","0/0","0/0","0/0","0/0","0/0","0/0",".","0/0",".","0/0",".","0/0","0/0","0/0","0/0","0/0","0/0",".","0/0",".","0/0","0/0","0/0","0/0","0/0",".","0/0","0/0",".","0/0","0/0","0/0","0/0","0/0","0/0","0/0","0/0","0/0","0/0","0/0","0/0","0/0",".","0/0","0/0","0/0","0/0","0/0","0/0","0/1",".","0/0","0/0","0/0","0/0","0/0","0/0","0/0","0/0",".","0/0","0/0","0/0","0/0","0/0","0/0","0/0","0/0","0/0","0/0","0/0","0/0",".","0/0","0/0","0/0","0/0","0/0","0/0","0/0","0/0","0/0","0/0",".","0/0","0/0","0/0","0/0","0/0","0/0","0/0","0/0","0/0","0/0","0/0","0/0",".","0/0","0/0","0/0","0/0","0/0","0/0","0/0","0/0","0/0","0/0",".","0/0","0/0",".","0/0","0/1","0/0","0/0","0/0","0/0","0/0","0/0",".","0/0","0/0","0/0","0/0","0/0",".","0/0","0/0"
"chr1:41847887_C/CCGCCTACTTCGGCGGCTGCAAGGG_FOXO6","0/0",".","0/0","0/0","0/0","0/0",".","0/0","0/0",".","0/0","0/0","0/0","0/0","0/0","0/0","0/0","0/0","0/0","0/0","0/0","0/0","0/0","0/0","0/0","0/0","0/0","0/0","0/0","0/0","0/0",".","0/0",".","0/0",".","0/0","0/0","0/1","0/0","0/0","0/0",".","0/0",".","0/0","0/0","0/0","0/0","0/0",".","0/0","0/0",".","0/0","0/0","0/0","0/0","0/0","0/0","0/0","0/0","0/0","0/0","0/0","0/0","0/0",".","0/0","0/0","0/0","0/0","0/0","0/0","0/0",".","0/0","0/0","0/0","0/0","0/0","0/0",".","0/0",".","0/0","0/0","0/0","0/0","0/0","0/0","0/0","0/0","0/0","0/0","0/0","0/0",".","0/0","0/0","0/0","0/0","0/1","0/0","0/0","0/0","0/0","0/0",".","0/0","0/0","0/0","0/0","0/0","0/0","0/0","0/0","0/0","0/0","0/0",".",".","0/0",".","0/0","0/0","0/0","0/0","0/0","0/0","0/0","0/0",".","0/0","0/0",".","0/0","0/0","0/0",".","0/0","0/0","0/0",".",".","0/0","0/0","0/0","0/0","0/0",".","0/0","0/0"
"chr1:42915725_AC/A_ZMYND12","0/0","0/0","0/0","0/0","0/0","0/0","0/0","0/0","0/0","0/0","0/0","0/0","0/0","0/0","0/0","0/0","0/0","0/0","0/0","0/0","0/0","0/0","0/0","0/0","0/0","0/0","0/0","0/0","0/0","0/0","0/0","0/0","0/0","0/0","0/0","0/0","0/0","0/0","0/0","0/0","0/0","0/0","0/0","0/0","0/0","0/0","0/0","0/0","0/0","0/0","0/0","0/0","0/0","0/0","0/0","0/1","0/0","0/0","0/0","0/0","0/0","0/0","0/0","0/0","0/0","0/0","0/0","0/0","0/0","0/0","0/0","0/0","0/0","0/0","0/0","0/0","0/0","0/0","0/0","0/0","0/0","0/0","0/0","0/0","0/0","0/0","0/0","0/0","0/0","0/0","0/0","0/0","0/0","0/0","0/0","0/0","0/0","0/0","0/0","0/0","0/0","0/0","0/0","0/0","0/0","0/0","0/0","0/0","0/0","0/0","0/0","0/0","0/0","0/0","0/0","0/0","0/0","0/0","0/0","0/0","0/0","0/0","0/0","0/0","0/0","0/0","0/0","0/0","0/0","0/0","0/0","0/0","0/0","0/0","0/0","0/0","0/0","0/0","0/0","0/0","0/0","0/0","0/0","0/0","0/0","0/0","0/0","0/0","0/0","0/0","0/0","0/0","0/0"
"chr1:43002199_AAG/A_CCDC30","0/0","0/0","0/1","0/0","0/0","0/0","0/0","0/0","0/0","0/0","0/0","0/0","0/0","0/0","0/0","0/0","0/0","0/0","0/0","0/0","0/0","0/0","0/0","0/0","0/0","0/0","0/0","0/0","0/0","0/0","0/0","0/0","0/0","0/0","0/0","0/0","0/0","0/0","0/0","0/0","0/0","0/0","0/0","0/0","0/0","0/0","0/0","0/0","0/0","0/0","0/0","0/0","0/0","0/1","0/0","0/0","0/0","0/0","0/0","0/0","0/0","0/0","0/0","0/0","0/0","0/0","0/0","0/0","0/0","0/0","0/0","0/0","0/0","0/0","0/0","0/0","0/0","0/1","0/0","0/0","0/1","0/0","0/0","0/0","0/0","0/0","0/0","0/0","0/0","0/0","0/0","0/0","0/0","0/0","0/0","0/0","0/0","0/0","0/0","0/0","0/0","0/0","0/1","0/0","0/0","0/0","0/0","0/0","0/0","0/0","0/0","0/0","0/0","0/0","0/0","0/0","0/0","0/0","0/0","0/0","0/0","0/0","0/0","0/0","0/0","0/0","0/0","0/0","0/0","0/0","0/0","0/0","0/0","0/0","0/0","0/0","0/0","0/0","0/0","0/1","0/0","0/0","0/0","0/0","0/0","0/0","0/0","0/0","0/0","0/0","0/0","0/0","0/0"
"chr1:44072494_G/GCC_PTPRF","0/0","0/0","0/0","0/0","0/0","0/0","0/0","0/0","0/0","0/0","0/0","0/0","0/0","0/0","0/0","0/0","0/0","0/0","0/0","0/0","0/0","0/0","0/0","0/0","0/0","0/0","0/0","0/0","0/0","0/0","0/0","0/0","0/0","0/0","0/0","0/0","0/0","0/0","0/0","0/0","0/0","0/0","0/0","0/0","0/0","0/0","0/0","0/0","0/0","0/0","0/0","0/0","0/0","0/0","0/0","0/0","0/0","0/0","0/0","0/0","0/0","0/0","0/0","0/0","0/0","0/0","0/0","0/0","0/0","0/0","0/0","0/0","0/0","0/0","0/0","0/0","0/0","0/0","0/0","0/0","0/0","0/0","0/0","0/0","0/0","0/0","0/0","0/0","0/0","0/0","0/0","0/0","0/0","0/0","0/0","0/0","0/0","0/0","0/0","0/0","0/0","0/0","0/0","0/0","0/0","0/0","0/0","0/0","0/0","0/0","0/0","0/0","0/0","0/0","0/0","0/0","0/0","0/0","0/0","0/0","0/0","0/0","0/0","0/0","0/0","0/0","0/0","0/0","0/0","0/0","0/0","0/0","0/0","0/0","0/0","0/0","0/0","0/0","0/0","0/0","0/0","0/0","0/0","0/0","0/0","0/0","0/0","0/0","0/0","0/1","0/0","0/0","0/0"
"chr1:44596379_CCAA/C_KLF17","0/1","0/1","0/1","0/0","0/0","0/0","0/1","0/1","0/1","0/1","0/1","0/0","0/0","0/1","0/0","0/1","0/0","0/1","0/1","0/1","0/0","0/0","1/1","0/0","0/0","0/0","0/0","0/0","0/0","0/0","0/1","0/1","0/1","0/0","0/0","0/0","0/1","0/1","0/0","0/0","0/0","1/1","0/0","0/0","0/0","0/0","0/0","1/1","0/0","0/0","0/0","0/1","0/0","0/0","0/0","0/0","0/0","0/0","0/0","0/1","0/0","0/1","0/1","0/0","0/0","0/0","0/0","0/0","0/0","0/0","0/0","0/0","0/0","0/1","0/1","0/0","0/0","0/1","0/1","0/0","0/0","0/0","0/0","0/1","0/1","0/0","0/0","0/1","0/1","0/1","0/0","0/0","0/0","0/0","0/0","0/0","0/1","0/0","0/0","0/0","0/0","0/1","0/0","0/0","0/0","0/0","0/0","0/0","0/0","0/1","0/0","0/0","0/0","0/1","0/0","0/0","0/0","0/0","0/1","0/0","0/1","0/1","0/0","0/0","0/0","0/0","0/1","0/1","0/0","0/0","0/0","0/0","0/0","0/1","0/0","0/0","0/1","0/1","0/1","0/1","0/1","0/0","0/0","0/0","0/0","0/0","0/0","0/0","0/0","0/1","0/1","0/1","0/1"
"chr1:45295115_CAG/C_PTCH2","0/0","0/0","0/0","0/0","0/0","0/0","0/0","0/0","0/0","0/0","0/0","0/0","0/0","0/0","0/0","0/0","0/0","0/0","0/0","0/0","0/0","0/0","0/0","0/0","0/0","0/0","0/0","0/0","0/0","0/0","0/0","0/0","0/0","0/0","0/0","0/0","0/0","0/0","0/0","0/0","0/0","0/0","0/0","0/0","0/0","0/0","0/0","0/0","0/0","0/0","0/0","0/0","0/0","0/0","0/0","0/0","0/0","0/0","0/0","0/0","0/0","0/0","0/1","0/0","0/0","0/0","0/0","0/0","0/0","0/0","0/0","0/0","0/0","0/0","0/0","0/0","0/0","0/0","0/0","0/0","0/0","0/0","0/0","0/0","0/0","0/0","0/0","0/0","0/0","0/0","0/0","0/0","0/0","0/0","0/0","0/0","0/0","0/0","0/0","0/0","0/0","0/0","0/0","0/0","0/0","0/0","0/0","0/0","0/0","0/0","0/0","0/0","0/0","0/0","0/0","0/0","0/0","0/0","0/0","0/0","0/0","0/0","0/0","0/0","0/0","0/0","0/0","0/0","0/0","0/0","0/0","0/0","0/0","0/0","0/0","0/0","0/0","0/0","0/0","0/0","0/0","0/0","0/0","0/0","0/0","0/0","0/0","0/0","0/0","0/0","0/0","0/0","0/0"
"chr1:46032596_AC/A_AKR1A1","0/0","0/0","0/0","0/0","0/0","0/0","0/0","0/0","0/0","0/0","0/0","0/0","0/0","0/1","0/0","0/0","0/0","0/0","0/0","0/0","0/0","0/0","0/0","0/0","0/0","0/0","0/0","0/0","0/0","0/0","0/0","0/0","0/0","0/0","0/0","0/0","0/0","0/0","0/0","0/0","0/0","0/0","0/0","0/0","0/0","0/0","0/0","0/0","0/0","0/0","0/0","0/0","0/0","0/0","0/0","0/0","0/0","0/0","0/0","0/0","0/0","0/0","0/0","0/0","0/0","0/0","0/0","0/0","0/0","0/0","0/0","0/0","0/0","0/0","0/0","0/0","0/0","0/0","0/0","0/0","0/0","0/0","0/0","0/0","0/0","0/0","0/0","0/0","0/0","0/0","0/0","0/0","0/0","0/0","0/0","0/0","0/0","0/0","0/0","0/0","0/0","0/0","0/0","0/0","0/0","0/0","0/0","0/0","0/0","0/0","0/0","0/0","0/0","0/0","0/0","0/0","0/0","0/0","0/0","0/0","0/0","0/0","0/0","0/0","0/0","0/0","0/0","0/0","0/0","0/0","0/0","0/0","0/0","0/0","0/0","0/0","0/0","0/0","0/0","0/0","0/0","0/0","0/0","0/0","0/0","0/0","0/0","0/0","0/0","0/0","0/0","0/0","0/0"
"chr1:47280746_GAT/G_CYP4B1","0/0","0/0","0/0","0/0","0/0","0/0","0/0","0/0","0/0","0/0","0/0","0/0","0/0","0/0","0/1","0/0","1/1","0/1","0/1","0/0","0/1","0/0","0/0","0/1","0/1","0/0","0/0","0/1","0/0","0/0","0/1","0/0","0/1","0/0","0/0","0/1","0/0","0/0","0/0","0/0","0/0","0/1","0/1","0/1","0/0","0/1","0/0","0/1","0/1","0/0","0/0","0/1","0/0","0/0","0/0","0/1","0/0","0/0","0/0","1/1","0/1","0/0","0/0","0/0","0/0","0/1","0/0","0/1","0/1","0/0","0/1","0/0","0/0","0/0","0/0","0/0","0/0","0/0","0/0","0/0","0/0","0/1","0/0","0/1","0/1","0/0","0/0","0/0","0/1","0/1","0/0","0/0","0/0","0/0","0/0","0/0","0/0","0/0","0/1","0/1","0/0","0/1","0/0","0/0","0/0","0/0","0/0","0/1","0/1","0/1","0/0","0/1","0/1","0/0","1/1","0/0","0/0","0/0","0/0","0/0","0/0","0/0","0/0","0/0","1/1","1/1","0/0","0/0","0/1","0/1","0/1","0/0","0/1","1/1","0/1","0/1","1/1","1/1","0/0","0/0","0/0","0/0","0/0","0/1","0/1","0/1","0/0","0/0","0/0","0/1","0/1","0/1","0/1"
"chr1:47904668_T/TCCGCAC_FOXD2","1/1","1/1","1/1","1/1","1/1","1/1","1/1","1/1","1/1","1/1","1/1","1/1","1/1","1/1","1/1","1/1","1/1","1/1","1/1","1/1","1/1","1/1","1/1","1/1","1/1","1/1","1/1","1/1","1/1","1/1","1/1","1/1","1/1","1/1","1/1","1/1","1/1","1/1","1/1","1/1","1/1","1/1","1/1","1/1","1/1","1/1","1/1","1/1","1/1","1/1","1/1","1/1","1/1","1/1","1/1","1/1","1/1","1/1","1/1","1/1","1/1","1/1","1/1","1/1","1/1","1/1","1/1","1/1","1/1","1/1","1/1","1/1","1/1","1/1","1/1","1/1","1/1","1/1","1/1","1/1","1/1","1/1","1/1","1/1","1/1","1/1","1/1","1/1","1/1","1/1","1/1","1/1","1/1","1/1","1/1","1/1","1/1","1/1","1/1","1/1","1/1","1/1","1/1","1/1","1/1","1/1","1/1","1/1","1/1","1/1","1/1","1/1","1/1","1/1","1/1","1/1","1/1","1/1","1/1","1/1","1/1","1/1","1/1","1/1","1/1","1/1","1/1","1/1","1/1","1/1","1/1","1/1","1/1","1/1","1/1","1/1","1/1","1/1","1/1","1/1","1/1","1/1","1/1","1/1","1/1","1/1","1/1","1/1","1/1","1/1","1/1","1/1","1/1"
"chr1:49201966_CT/C_BEND5","0/0","0/0","0/0","0/0","0/0","0/0","0/0","0/0","0/0","0/0","0/0","0/0","0/0","0/0","0/0","0/0","0/0","0/0","0/0","0/0","0/0","0/0","0/0","0/0","0/0","0/0","0/0","0/0","0/0","0/0","0/0","0/0","0/0","0/0","0/0","0/0","0/1","0/0","0/0","0/0","0/0","0/0","0/0","0/0","0/0","0/0","0/0","0/0","0/0","0/0","0/0","0/0","0/0","0/0","0/0","0/0","0/0","0/0","0/0","0/0","0/0","0/0","0/0","0/0","0/0","0/0","0/0","0/0","0/0","0/0","0/0","0/0","0/0","0/0","0/0","0/0","0/0","0/0","0/0","0/0","0/0","0/0","0/0","0/0","0/0","0/0","0/0","0/0","0/0","0/0","0/1","0/0","0/0","0/0","0/0","0/0","0/0","0/0","0/0","0/0","0/0","0/0","0/0","0/0","0/0","0/0","0/0","0/0","0/1","0/0","0/0","0/0","0/0","0/0","0/0","0/0","0/0","0/0","0/0","0/0","0/0","0/0","0/0","0/0","0/0","0/0","0/0","0/0","0/0","0/0","0/0","0/0","0/0","0/0","0/0","0/0","0/0","0/0","0/0","0/0","0/0","0/0","0/0","0/0","0/0","0/0","0/0","0/0","0/0","0/0","0/0","0/0","0/0"
"chr1:50884773_CCGGCGG/C_DMRTA2","0/0","0/0","0/0","0/0","0/1","0/0","0/0","0/0","0/0","0/0","0/0","0/0","0/0","0/1","0/0","0/0","0/1","0/0","0/0","1/1","0/0","0/0","0/0","0/0","0/0","0/0","0/0","0/1","1/1","0/0","0/1","0/0","0/0","0/0","0/0","0/2","0/1","0/0","0/0","0/0","0/0","0/0","0/0","0/0","0/0","0/0","0/0","0/0","0/0","0/1","0/0","0/0","0/0","0/0","1/1","0/0","1/2","0/1","0/0","0/0","0/0","0/0","0/0","0/1","0/1","0/0","1/1","0/2","0/2","1/1","0/0","0/0","0/0","0/0","0/0","0/0","0/0","0/0","0/0","0/0","0/0","1/1","0/0","0/0","0/0","0/0","0/0","1/1","0/0","0/0","0/0","0/0","0/0","0/0","0/0","0/1","1/1","0/1","0/1","0/1","0/0","0/0","0/0","0/1","0/1","0/0","0/0","0/1","0/1","0/0","0/0","0/2","0/2","0/0","0/1","0/0","0/0","0/0","0/0","0/1","0/0","0/0","0/0","0/1","0/1","0/1","0/0","0/0","0/1","0/0","0/0","0/0","0/0","0/0","0/0","0/0","0/0","0/0","0/2","0/2","0/2","0/0","0/0","0/1","0/1","0/1","0/1","0/1","0/1","0/0","0/0","0/0","0/0"
"chr1:50884775_G/GGCA_DMRTA2","0/0","0/0","0/0","0/0","0/2","0/0","0/0","0/0","0/0","0/0","0/0","0/1","0/0","0/2","0/0","0/0","0/2","0/0","0/0","2/2","0/0","0/0",".","0/0","0/0","0/0","0/0","0/2","2/2","0/0","0/2","0/0","0/0","0/0","0/0","0/2","0/2","0/0","0/0","0/0","0/0","0/0","0/0","0/0","0/0","0/1","0/0","0/0","0/0","0/2","0/0","0/0","0/0","0/0","2/2","0/0","2/2","0/2","0/0","0/0","0/0","0/0","0/0","0/2","0/2","0/0","2/2","0/2","0/2","2/2","0/0","0/0","0/0","0/0","0/0","0/0","0/0","0/0","0/0",".","0/0","2/2","0/0","0/0","0/0","0/0","0/0","2/2","0/0","0/0","0/0","0/0","0/0","0/0","0/0","0/2","2/2","0/2","0/2","0/2","0/0","0/0","0/0","0/2","0/2","0/0","0/0","0/2","0/2","0/0","0/0","0/2","0/2","0/0","0/2","0/0","0/0","0/0","0/0","0/2","0/0","0/0","0/0","0/2","0/2","0/2","0/0","0/0","0/2","0/0","0/0","0/0","0/0","0/0","0/0","0/0","0/0","0/0","0/2","0/2","0/2","0/0","0/0","0/2","0/2","0/2","0/2","0/2","0/2","0/0","0/0","0/0","0/0"
"chr1:52306063_ATCT/A_NRDC","1/1","1/1","1/1","1/1","1/1","1/1","1/1","1/1","1/1","1/1","1/1","1/1","1/1","1/1","1/1","1/1","1/1","1/1","1/1","1/1","1/1","1/1","0/1","1/1","1/1","1/1","1/1","1/1","0/1","0/1","1/1","1/1","1/1","1/1","1/1","1/1","1/1","1/1","1/1","1/1","0/1","1/1","1/1","1/1","1/1","1/1","1/1","1/1","1/1","1/1","1/1","1/1","1/1","1/1","0/1","0/1","1/1","0/1","1/1","1/1","1/1","1/1","1/1","1/1","1/1","1/1","1/1","1/1","1/1","1/1","1/1","1/1","1/1","0/1","0/1","1/1","1/1","1/1","1/1","1/1","1/1","1/1","1/1","1/1","1/1","1/1","1/1","1/1","1/1","1/1","1/1","1/1","1/1","0/1","0/0","1/1","1/1","1/1","1/1","1/1","1/1","0/1","1/1","1/1","1/1","1/1","1/1","1/1","1/1","0/1","1/1","1/1","1/1","1/1","1/1","1/1","1/1","1/1","1/1","1/1","1/1","1/1","1/1","1/1","1/1","1/1","1/1","1/1","1/1","1/1","1/1","1/1","1/1","1/1","1/1","1/1","1/1","1/1","1/1","1/1","1/1","1/1","1/1","0/1","0/1","0/1","0/1","0/1","0/1","0/1","0/1","0/1","0/1"
"chr1:53108581_GC/G_FAM159A","0/0","0/0","0/0","0/0","0/0","0/0","0/0","0/0","0/0","0/0","0/0","0/0","0/0","0/0","0/0","0/0","0/0","0/0","0/0","0/0","0/0","0/0","0/0","0/0","0/0","0/0","0/0","0/0","0/0","0/0","0/0","0/0","0/0","0/0","0/0","0/0","0/0","0/0","0/0","0/0","0/0","0/0","0/0","0/0","0/0","0/0","0/0","0/0","0/0","0/0","0/0","0/0","0/0","0/0","0/0","0/0","0/0","0/0","0/0","0/0","0/0","0/0","0/0","0/0","0/0","0/0","0/0","0/0","0/0","0/0","0/0","0/0","0/0","0/0","0/0","0/0","0/0","0/0","0/0","0/0","0/0","0/0","0/0","0/0","0/0","0/0","0/0","0/0","0/0","0/0","0/0","0/0","0/0","0/0","0/0","0/0","0/0","0/1","0/0","0/0","0/0","0/0","0/0","0/0","0/0","0/0","0/0","0/0","0/0","0/0","0/0","0/0","0/0","0/0","0/0","0/0","0/0","0/0","0/0","0/0","0/0","0/0","0/0","0/0","0/0","0/0","0/0","0/0","0/0","0/0","0/0","0/0","0/0","0/0","0/0","0/0","0/0","0/0","0/0","0/0","0/0","0/0","0/0","0/0","0/0","0/0","0/0","0/0","0/0","0/0","0/0","0/0","0/0"
"chr1:53458927_AAGG/A_SCP2","0/0","0/0","0/0","0/0","0/0","0/0","0/0","0/0","0/0","0/0","0/0","0/0","0/0","0/0","0/0","0/0","0/0","0/0","0/0","0/0","0/0","0/0","0/0","0/0","0/0","0/0","0/0","0/0","0/0","0/0","0/0","0/0","0/0","0/0","0/0","0/0","0/0","0/0","0/0","0/0","0/0","0/0","0/0","0/0","0/0","0/0","0/0","0/0","0/0","0/0","0/0","0/0","0/0","0/0","0/1","0/0","0/0","0/0","0/0","0/0","0/0","0/0","0/0","0/0","0/0","0/0","0/0","0/0","0/0","0/0","0/0","0/0","0/0","0/0","0/0","0/0","0/0","0/0","0/0","0/0","0/0","0/0","0/0","0/0","0/0","0/0","0/0","0/0","0/0","0/0","0/0","0/0","0/0","0/0","0/0","0/0","0/0","0/0","0/0","0/0","0/0","0/0","0/0","0/0","0/0","0/0","0/0","0/0","0/0","0/0","0/0","0/0","0/0","0/0","0/0","0/0","0/0","0/0","0/0","0/0","0/0","0/0","0/0","0/0","0/0","0/0","0/0","0/0","0/0","0/0","0/0","0/0","0/0","0/0","0/0","0/0","0/0","0/0","0/0","0/0","0/0","0/0","0/0","0/0","0/0","0/0","0/0","0/0","0/0","0/0","0/0","0/0","0/0"
"chr1:53793510_CTG/C_LRP8","0/1","0/0","0/0","0/0","0/0","0/0","0/0","0/0","0/0","0/0","0/0","0/0","0/0","0/0","0/0","0/0","0/0","0/0","0/0","0/0","0/0","0/0","0/0","0/1","0/0","0/0","0/0","0/0","0/0","0/0",".","0/0","0/1","0/0","0/0","0/0","0/0","0/0","0/0","0/0","0/0","0/0","0/0","0/0","0/0","0/0","0/1","0/0","0/0","0/0","0/0","0/0","0/0","0/0","0/0","0/0","0/0","0/1",".","0/0","0/0","0/0","0/1","0/0","0/0","0/0","0/0","0/0","0/0","0/0","0/0","0/0","0/0","0/0","0/0","0/0","0/0","0/0","0/0","0/0","0/0","0/0","0/0","0/0","0/0","0/0","0/0","0/0","0/0","0/0","0/0","0/0","0/0","0/0","0/1","0/0","0/0","0/0","0/0","0/0","0/0","0/0","0/0","0/0","0/0","0/0","0/0","0/0","0/0","0/0","0/0","0/0","0/0","0/0","0/0","0/0","0/0","0/0","0/0","0/0","0/0","0/0","0/0","0/0","0/0","0/0","0/0","0/0","0/1","0/0","0/0","0/0",".","0/0",".","0/1","0/0","0/0","0/0","0/0","0/1","0/0","0/0","0/0","0/0","0/0","0/0","0/0","0/0","0/0","0/0","0/0","0/0"
"chr1:53793513_CA/C_LRP8","0/1","0/0","0/0","0/0","0/0","0/0","0/0","0/0","0/0","0/0","0/0","0/0","0/0","0/0","0/0","0/0","0/0","0/0","0/0","0/0","0/0","0/0","0/0","0/1","0/0","0/0","0/0","0/0","0/0","0/0","0/0","0/0","0/1","0/0","0/0","0/0","0/0","0/0","0/0","0/0","0/0","0/0","0/0","0/0","0/0","0/0","0/1","0/0","0/0","0/0","0/0","0/0","0/0","0/0","0/0","0/0","0/0","0/0","0/0","0/0","0/0","0/0","0/1","0/0","0/0","0/0","0/0","0/0","0/0","0/0","0/0","0/0","0/0","0/0","0/0","0/0","0/0","0/0","0/0","0/0","0/0","0/0","0/0","0/0","0/0","0/0","0/0","0/0","0/0","0/0","0/0","0/0","0/0","0/0","0/1","0/0","0/0","0/0","0/0","0/0","0/0","0/0","0/0","0/0","0/0","0/0","0/0","0/0","0/0","0/0","0/0","0/0","0/0","0/0","0/0","0/0","0/0","0/0","0/0","0/0","0/0","0/0","0/0","0/0","0/0","0/0","0/0","0/0","0/1","0/0","0/0","0/0","0/0","0/0","0/0","0/1","0/0","0/0","0/0","0/0","0/1","0/0","0/0","0/0","0/0","0/0","0/0","0/0","0/0","0/0","0/0","0/0","0/0"
"chr1:53925373_G/GCCGCCC_DMRTB1","0/0","0/0","0/0","0/0","0/0","0/0","0/0","0/0","0/0","0/0","0/0","0/0","0/1","0/0","0/0","0/0","0/0","0/0","0/0","0/0","0/0","1/1","0/1","0/0","0/1","0/0","0/0","0/1","0/1","0/1","0/0","0/1","0/0","0/0","0/0","0/0","0/0","0/0","0/1","0/0","0/0","0/1","0/1","0/1","0/0","0/1","1/1","0/0","0/0","0/0","0/0","0/0","0/0","0/0","0/0","0/1","0/0","0/0","0/1","0/0","0/0","0/1","0/1","0/0","0/0","0/0","0/0","0/0","0/0","0/0","0/0","0/0","0/0","0/0","0/0","0/0","0/0","0/0","0/0","0/0","0/0","0/1","0/0","0/0","0/0","0/1","0/1","0/0","0/1","0/1","1/1","0/0","0/0","0/0","0/0","1/1","0/0","0/0","0/0","0/0","0/0","0/0","0/0","0/0","0/0","0/0","0/0","0/1","0/1","0/0","0/0","0/1","0/1","0/0","0/0","0/0","0/0","0/0","0/1","0/0","0/1","0/0","0/0","0/0","0/0","0/0","0/0","0/0","0/0","0/0","0/0","0/0","0/0","0/0","0/0","0/0","0/0","0/0","0/0","0/0","0/0","0/0","0/0","0/1","0/1","0/1","0/1","0/0","0/0","0/0","0/0","0/0","0/0"
"chr1:53930350_TGCCGCC/T_DMRTB1","0/0","0/0","0/0","0/0","0/0","0/0","0/0","0/0","0/0","0/1","0/0","0/0","0/0","0/0","0/0","0/0","0/0","0/0","0/0","0/0","0/0","0/0","0/0","0/0","0/0","0/0","0/0","0/0","0/0","0/0","0/0","0/0","0/0","0/0","0/0","0/0","0/0","0/0","0/0","0/0","0/0","0/0","0/0","0/0","0/0","0/0","0/0","0/0","0/0","0/0","0/0","0/0","0/0","0/0","0/0","0/0","0/0","0/0","0/0","0/0","0/0","0/0","0/0","0/0","0/0","0/0","0/0","0/0","0/0","0/0","0/0","0/0","0/0","0/0","0/0","0/0","0/0","0/0","0/0","0/0","0/0","0/0","0/0","0/0","0/0","0/0","0/0","0/1","0/0","0/0","0/0","0/0","0/0","0/0","0/0","0/0","0/1","0/0","0/0","0/0","0/0","0/0","0/0","0/0","0/0","0/0","0/0","0/0","0/0","0/0","0/0","0/0","0/0","0/0","0/0","0/0","0/0","0/0","0/0","0/0","0/0","0/0","0/0","0/0","0/0","0/0","0/0","0/0","0/0","0/0","0/0","0/0","0/0","0/0","0/0","0/0","0/0","0/0","0/0","0/0","0/0","0/0","0/0","0/0","0/0","0/0","0/0","0/0","0/0","0/0","0/0","0/0","0/0"
"chr1:54605318_T/TGG_CDCP2","0/1","0/1","0/1","1/2","0/1","0/1","0/1","0/1","0/0","1/2","0/2","2/2","0/1","0/1","1/2","1/2","0/1","1/1","0/2","2/2",".","0/2","0/1",".","1/1","2/2","0/0","1/2","2/2","0/3","1/2","0/3","1/1","2/2","0/3","2/3","0/2","1/2","0/3","0/1","0/3","1/1","0/0","0/1","0/1","2/2","1/2","1/2","0/0",".","0/1","0/1","0/1","0/2","0/0","1/1","0/1",".","0/0","1/2","2/2","0/1","0/1","0/1","0/1","0/1","1/1","1/3","1/3","1/1","0/1","0/1","0/1","0/0","0/0","0/1","0/1","1/2","1/2","0/1","0/1","0/1","0/1","0/2","0/2","0/1","0/1","0/2","0/0","0/0","0/2","0/2","0/2","0/2","0/2","0/2","0/2",".","0/0",".","1/2","1/2","1/2","1/1","1/1","1/1","1/1","0/1","0/1","1/2","1/2","0/0",".","0/1","1/1","0/1","0/1","1/2","1/2","1/2","1/2","1/2","0/1","1/2","1/1","1/2","0/1","0/1","0/1","0/1","0/1","0/2","1/2","0/0","1/2","1/2","0/0","0/0","0/2","0/2","0/2","0/2","0/2","0/0","0/0","0/0","0/1","0/1","0/1","0/0",".","0/0","0/0"
"chr1:54605319_G/GC_CDCP2","0/1","0/1","0/1",".","0/1","0/1","0/1","0/1","0/1",".","0/1",".","0/1","0/1",".",".","0/1",".","0/1",".","1/1","0/1","0/1","1/1",".",".","1/1",".",".","0/1",".","0/1",".",".","0/1",".","0/1",".","0/1","0/1","0/1",".","1/1","0/1","0/1",".",".",".","1/2","1/1","0/1","0/1","0/1","0/1","0/1",".","0/1","1/1","1/1",".",".","0/1","0/1","0/1","0/1","0/1",".",".",".",".","0/1","0/1","0/1","1/1","1/1","0/1","0/1",".",".","0/1","0/1","0/1","0/1","0/1","0/1","0/1","0/1","0/1","1/1","1/1","0/1","0/1","0/1","0/1","0/1","0/1","0/1","1/1","1/1","1/1",".",".",".",".",".",".",".","0/1","0/1",".",".","1/1","1/1","0/1",".","0/1","0/1",".",".",".",".",".","0/1",".",".",".","0/1","0/1","0/1","0/1","0/1","0/1",".","1/1",".",".","1/1","1/1","0/1","0/1","0/1","0/1","0/1","1/1","1/1","1/1","0/1","0/1","0/1","1/1","1/1","1/1","1/1"
"chr1:55078162_TCA/T_FAM151A","0/0","0/0","0/0","0/0","0/0","0/0","0/0","0/0","0/0","0/0","0/0","0/0","0/0","0/0","0/0","0/0","0/0","0/0","0/0","0/0","0/0","0/0","0/0","0/0","0/0","0/0","0/0","0/0","0/0","0/0","0/0","0/0","0/0","0/0","0/0","0/0","0/0","0/0","0/0","0/0","0/0","0/0","0/0","0/0","0/0","0/0","0/0","0/0","0/0","0/0","0/0","0/0","0/0","0/0","0/0","0/0","0/0","0/0","0/0","0/0","0/0","0/0","0/0","0/0","0/0","0/0","0/0","0/0","0/0","0/0","0/0","0/0","0/0","0/0","0/0","0/0","0/0","0/0","0/0","0/0","0/0","0/0","0/0","0/0","0/0","0/0","0/0","0/0","0/0","0/0","0/0","0/0","0/0","0/0","0/0","0/0","0/0","0/0","0/0","0/0","0/0","0/0","0/0","0/0","0/0","0/0","0/0","0/0","0/0","0/0","0/0","0/0","0/0","0/0","0/0","0/0","0/0","0/0","0/0","0/0","0/0","0/0","0/0","0/0","0/0","0/0","0/0","0/0","0/0","0/0","0/0","0/0","0/0","0/1","0/0","0/0","0/1","0/1","0/0","0/0","0/0","0/0","0/0","0/0","0/0","0/0","0/0","0/0","0/0","0/0","0/0","0/0","0/0"
"chr1:55266352_C/CCGA_TTC22","0/1","0/1","0/1","0/0","0/0","0/0","0/0","0/0","0/0","0/0","0/0","0/0","0/0","0/0","0/0","0/0","0/0","0/0","0/0","0/0","0/1","0/0","0/0","0/0","0/0","0/0","0/0","0/0","0/0","0/0","0/0","0/0","0/0","0/0","0/0","0/0","0/0","0/0","0/0","0/0","0/0","0/0","0/0","0/0","0/0","0/0","0/0","0/0","0/0","0/0","0/0","0/0","0/0","0/0","0/0","0/0","0/0","0/0","0/0","0/0","0/0","0/0","0/0","0/0","0/0","0/0","0/0","0/0","0/0","0/0","0/0","0/0","0/0","0/0","0/0","0/0","0/0","0/0","0/0","0/0","0/0","0/0","0/0","0/0","0/0","0/0","0/0","0/0","0/0","0/0","0/0","0/0","0/0","0/0","0/0","0/0","0/0","0/0","0/0","0/0","0/0","0/0","0/0","0/0","0/0","0/0","0/0","0/0","0/0","0/0","0/0","0/0","0/0","0/0","0/0","0/0","0/0","0/0","0/0","0/0","0/0","0/0","0/0","0/0","0/0","0/0","0/0","0/0","0/0","0/0","0/0","0/0","0/0","0/0","0/0","0/0","0/0","0/0","0/0","0/0","0/0","0/0","0/0","0/0","0/0","0/0","0/0","0/0","0/0","0/0","0/0","0/0","0/0"
"chr1:55680540_GGCC/G_USP24","0/0","0/0","0/0","0/0","0/0","0/0","0/0","0/0","0/0","0/0","0/0","0/0","0/0","0/0","0/0","0/0","0/0","0/0","0/0","0/0","0/0","0/0","0/0","0/0","0/0","0/0","0/0","0/0","0/0","0/0","0/0","0/0","0/0","0/0","0/0","0/0","0/0","0/0","0/0","0/0","0/0","0/0","0/0","0/0","0/0","0/0","0/0","0/0","0/0","0/0","0/0","0/0","0/0","0/0","0/0","0/0","0/0","0/0","0/0","0/0","0/0","0/0","0/0","0/0","0/0","0/0","0/0","0/0","0/0","0/0","0/0","0/0","0/0","0/1","0/0","0/0","0/0","0/0","0/0","0/0","0/0","0/0","0/0","0/0","0/0","0/0","0/0","0/0","0/0","0/0","0/0","0/0","0/0","0/0","0/0","0/0","0/0","0/0","0/0","0/0","0/0","0/0","0/0","0/0","0/0","0/0","0/0","0/0","0/0","0/0","0/0","0/0","0/0","0/0","0/0","0/0","0/0","0/0","0/0","0/0","0/0","0/0","0/0","0/0","0/0","0/0","0/0","0/0","0/0","0/0","0/0","0/0","0/0","0/0","0/0","0/0","0/0","0/0","0/0","0/0","0/0","0/0","0/0","0/0","0/0","0/0","0/0","0/0","0/0","0/0","0/0","0/0","0/0"
"chr1:59812016_C/CG_FGGY","0/0","0/0","0/0","0/0","0/0","0/0","0/0","0/0","0/0","0/0","0/0","0/0","0/0","0/0","0/0","0/0","0/0","0/0","0/0","0/0","0/0","0/0","0/0","0/0","0/0","0/0","0/0","0/0","0/0","0/0","0/0","0/0","0/0","0/0","0/0","0/0","0/1","0/0","0/0","0/0","0/0","0/0","0/0","0/0","0/0","0/0","0/0","0/0","0/0","0/0","0/0","0/0","0/0","0/0","0/0","0/0","0/0","0/0","0/0","0/0","0/0","0/0","0/0","0/0","0/0","0/0","0/0","0/0","0/0","0/0","0/0","0/0","0/0","0/0","0/0","0/0","0/0","0/0","0/0","0/0","0/0","0/0","0/0","0/0","0/0","0/0","0/0","0/0","0/0","0/0","0/0","0/0","0/0","0/0","0/0","0/0","0/0","0/0","0/0","0/0","0/0","0/0","0/0","0/0","0/0","0/0","0/0","0/0","0/0","0/0","0/0","0/0","0/0","0/0","0/0","0/0","0/0","0/0","0/1","0/0","0/1","0/1","0/0","0/0","0/0","0/0","0/0","0/0","0/0","0/0","0/0","0/0","0/0","0/0","0/0","0/0","0/0","0/0","0/0","0/0","0/0","0/0","0/0","0/0","0/0","0/0","0/0","0/0","0/0","0/0","0/0","0/0","0/0"
"chr1:62586932_CAA/C_INADL","0/0","0/0","0/0","0/0","0/0","0/0","0/0","0/0","0/0","0/0","0/0","0/0","0/0","0/0","0/0","0/0","0/0","0/0","0/0","0/0","0/0","0/0","0/0","0/0","0/0","0/0","0/0","0/0","0/0","0/0","0/0","0/0","0/0","0/0","0/0","0/0","0/0","0/0","0/0","0/0","0/0","0/0","0/0","0/0","0/0","0/0","0/0","0/0","0/0","0/0","0/0","0/0","0/0","0/0","0/0","0/0","0/0","0/0","0/0","0/0","0/0","0/0","0/0","0/0","0/0","0/0","0/0","0/0","0/0","0/0","0/0","0/0","0/0","0/1","0/0","0/0","0/0","0/0","0/0","0/0","0/0","0/0","0/0","0/0","0/0","0/0","0/0","0/0","0/0","0/0","0/0","0/0","0/0","0/0","0/0","0/0","0/0","0/0","0/0","0/0","0/0","0/0","0/0","0/0","0/0","0/0","0/0","0/0","0/0","0/0","0/0","0/0","0/0","0/0","0/0","0/0","0/0","0/0","0/0","0/0","0/0","0/0","0/0","0/0","0/0","0/0","0/0","0/0","0/0","0/0","0/0","0/0","0/0","0/0","0/0","0/0","0/0","0/0","0/0","0/0","0/0","0/0","0/0","0/0","0/0","0/0","0/0","0/0","0/0","0/0","0/0","0/0","0/0"
"chr1:62973702_TG/T_DOCK7","0/0","0/0","0/0","0/0","0/0","0/0","0/0","0/0","0/0","0/0","0/0","0/0","0/0","0/0","0/0","0/0","0/0","0/0","0/0","0/0","0/0","0/0","0/0","0/0","0/0","0/0","0/0","0/0","0/0","0/0","0/0","0/0","0/0","0/0","0/0","0/0","0/0","0/0","0/0","0/0","0/0","0/0","0/0","0/0","0/0","0/0","0/0","0/0","0/0","0/0","0/0","0/0","0/0","0/0","0/0","0/0","0/0","0/0","0/0","0/0","0/0","0/0","0/0","0/0","0/0","0/0","0/0","0/0","0/0","0/0","0/0","0/0","0/0","0/0","0/0","0/0","0/0","0/0","0/0","0/0","0/0","0/0","0/0","0/0","0/0","0/0","0/0","0/0","0/0","0/0","0/0","0/0","0/0","0/0","0/0","0/0","0/0","0/0","0/0","0/0","0/0","0/0","0/0","0/0","0/0","0/0","0/0","0/0","0/0","0/1","0/0","0/0","0/0","0/0","0/0","0/0","0/0","0/0","0/0","0/0","0/0","0/0","0/0","0/0","0/0","0/0","0/0","0/0","0/0","0/0","0/0","0/0","0/0","0/0","0/0","0/0","0/0","0/0","0/0","0/0","0/0","0/0","0/0","0/0","0/0","0/0","0/0","0/0","0/0","0/0","0/0","0/0","0/0"
"chr1:63270837_TGCTAGG/T_ATG4C","0/0","0/0","0/0","0/0","0/0","0/0","0/0","0/0","0/0","0/0","0/0","0/0","0/0","0/0","0/0","0/0","0/0","0/0","0/0","0/0","0/0","0/0","0/0","0/0","0/0","0/0","0/0","0/0","0/0","0/0","0/0","0/0",".","0/0","0/0","0/0","0/0","0/0","0/0","0/0","0/0","0/0","0/0","0/0","0/0","0/0","0/0","0/0","0/0","0/0","0/0","0/0","0/0","0/0","0/0","0/0","0/0","0/0","0/0","0/0","0/0","0/0","0/0","0/0","0/0","0/0","0/0","0/0","0/0","0/0","0/1","0/0","0/0","0/0","0/0","0/0","0/0","0/0","0/0","0/0","0/0","0/0","0/0","0/0","0/0","0/0","0/0","0/0","0/0","0/0","0/0","0/0","0/0","0/0","0/0","0/0","0/0","0/0","0/0","0/0","0/0","0/0","0/0","0/0","0/0","0/0","0/0","0/0","0/0","0/0","0/0","0/0","0/0","0/0","0/0","0/0","0/0","0/0","0/0","0/0","0/0","0/0","0/0","0/0","0/0","0/0","0/0","0/0","0/0","0/0","0/0","0/0","0/0","0/0","0/0","0/0","0/0","0/0","0/0","0/0","0/0","0/0","0/0","0/0","0/0","0/0","0/0","0/0","0/0","0/0","0/0","0/0","0/0"
"chr1:64089337_AT/A_PGM1","0/0","0/0","0/0","0/0","0/0","0/0","0/0","0/0","0/0","0/0","0/0","0/0","0/0","0/0","0/0","0/0","0/0","0/0","0/0","0/0","0/0","0/0","0/0","0/0","0/0","0/0","0/0","0/0","0/0","0/0","0/0","0/0","0/0","0/0","0/0","0/0","0/0","0/0","0/0","0/0","0/0","0/0","0/0","0/1","0/0","0/0","0/0","0/0","0/0","0/0","0/0","0/0","0/0","0/0","0/0","0/0","0/0","0/0","0/0","0/0","0/0","0/0","0/0","0/0","0/0","0/0","0/0","0/0","0/0","0/0","0/0","0/0","0/0","0/0","0/0","0/0","0/0","0/0","0/0","0/0","0/0","0/0","0/0","0/0","0/0","0/0","0/0","0/0","0/0","0/0","0/0","0/0","0/0","0/0","0/0","0/0","0/0","0/0","0/0","0/0","0/0","0/0","0/0","0/0","0/0","0/0","0/0","0/0","0/0","0/0","0/0","0/0","0/0","0/0","0/0","0/0","0/0","0/0","0/0","0/0","0/0","0/0","0/0","0/0","0/0","0/0","0/0","0/0","0/0","0/0","0/0","0/0","0/0","0/0","0/0","0/0","0/0","0/0","0/0","0/0","0/0","0/0","0/0","0/0","0/0","0/0","0/0","0/0","0/0","0/0","0/0","0/0","0/0"
"chr1:67724232_A/AAAAG_IL23R","0/0","0/0","0/0","0/0","0/0","0/0","0/0","0/0","0/0","0/0","0/0","0/0","0/0","0/0","0/0","0/0","0/0","0/0","0/0","0/0","0/0","0/0","0/0","0/0","0/0","0/0","0/0","0/0","0/0","0/0","0/0","0/0","0/0","0/0","0/0","0/0","0/1","0/0","0/0","0/0","0/0","0/0","0/0","0/0","0/0","0/0","0/0","0/0","0/0","0/0","0/0","0/0","0/0","0/0","0/0","0/0","0/0","0/0","0/0","0/0","0/0","0/0","0/0","0/0","0/0","0/0","0/0","0/0","0/0","0/0","0/0","0/0","0/0","0/0","0/0","0/0","0/0","0/0","0/0","0/0","0/0","0/0","0/0","0/0","0/0","0/0","0/0","0/0","0/0","0/0","0/0","0/0","0/0","0/0","0/0","0/0","0/0","0/0","0/0","0/0","0/0","0/0","0/0","0/0","0/0","0/0","0/0","0/0","0/0","0/0","0/0","0/0","0/0","0/0","0/0","0/0","0/0","0/0","0/0","0/0","0/0","0/0","0/0","0/0","0/0","0/0","0/0","0/0","0/0","0/0","0/0","0/0","0/0","0/0","0/0","0/0","0/0","0/0","0/0","0/0","0/0","0/0","0/0","0/0","0/0","0/0","0/0","0/0","0/0","0/0","0/0","0/0","0/0"
"chr1:68943611_G/GT_DEPDC1","0/0","0/0","0/0","0/0","0/0","0/0","0/0","0/0","0/0","0/0","0/0","0/0","0/0","0/0","0/0","0/0","0/0","0/0","0/0","0/0","0/0","0/0","0/0","0/0","0/0","0/0","0/0","0/0","0/0","0/0","0/0","0/0","0/0","0/0","0/0","0/0","0/0","0/0","0/0","0/0","0/0","0/0","0/0","0/0","0/0","0/0","0/0","0/0","0/0","0/0","0/0","0/0","0/0","0/0","0/0","0/0","0/0","0/0","0/0","0/0","0/0","0/0","0/0","0/0","0/0","0/0","0/0","0/0","0/0","0/0","0/0","0/0","0/0","0/0","0/0","0/0","0/0","0/0","0/0","0/0","0/0","0/0","0/0","0/0","0/0","0/0","0/0","0/0","0/0","0/0","0/0","0/0","0/0","0/0","0/0","0/0","0/0","0/0","0/0","0/0","0/0","0/0","0/0","0/1","0/1","0/0","0/0","0/0","0/0","0/0","0/0","0/0","0/0","0/0","0/0","0/0","0/0","0/0","0/0","0/0","0/0","0/0","0/0","0/0","0/0","0/0","0/0","0/0","0/0","0/0","0/0","0/0","0/0","0/0","0/0","0/0","0/0","0/0","0/0","0/0","0/0","0/0","0/0","0/0","0/0","0/0","0/0","0/0","0/0","0/0","0/0","0/0","0/0"
"chr1:74575212_G/GT_LRRIQ3","0/0","0/0","0/0","0/1","0/0","0/0","0/0","0/0","0/0","0/0","0/0","0/0","0/0","0/0","0/0","0/0","0/0","0/0","0/0","0/0","0/0","0/0","0/0","0/0","0/0","0/0","0/0","0/0","0/0","0/0","0/0","0/0","0/0","0/0","0/0","0/0","0/0","0/0","0/0","0/0","0/0","0/0","0/0","0/0","0/0","0/0","0/0","0/0","0/0","0/0","0/0","0/0","0/0","0/0","0/0","0/0","0/0","0/0","0/0","0/0","0/0","0/0","0/0","0/1","0/1","0/1","0/0","0/0","0/0","0/0","0/0","0/0","0/0","0/0","0/0","0/0","0/0","0/0","0/0","0/0","0/0","0/0","0/0","0/0","0/0","0/0","0/0","0/0","0/0","0/0","0/0","0/0","0/0","0/0","0/0","0/0","0/0","0/0","0/0","0/1","0/0","0/0","0/0","0/0","0/0","0/0","0/0","0/0","0/0","0/0","0/0","0/0","0/0","0/0","0/0","0/1","0/0","0/0","0/0","0/0","0/0","0/0","0/0","0/0","0/0","0/0","0/0","0/0","0/0","0/0","0/0","0/0","0/0","0/0","0/0","0/0","0/0","0/0","0/0","0/0","0/0","0/0","0/0","0/0","0/0","0/0","0/0","0/0","0/0","0/0","0/0","0/0","0/0"
"chr1:75037857_CCCT/C_ERICH3","0/0","0/0","0/0","0/1","0/0","0/0","0/1","0/1","0/1","0/0","0/0","0/0","0/1","0/1","0/0","0/0","1/1","0/1","0/1","0/0","0/1","0/0","0/1","0/0","0/0","0/0","0/0","0/0","0/1","0/0","0/1","0/0","0/1","0/0","0/1","0/0","0/0","0/0","0/1","0/0","0/1","0/0","0/1","0/0","0/1","0/0","0/1","0/0","0/0","0/0","0/1","0/0","0/0","0/0","0/1","0/1","0/0","0/0","0/0","0/0","0/0","0/0","0/0","0/0","0/0","0/0","0/0","0/0","0/0","0/0","0/0","0/0","0/0","0/0","0/0","0/0","0/0","0/0","0/0","0/0","0/0","0/0","0/1","0/0","0/0","0/1","0/1","0/1","0/0","0/0","0/1","0/1","0/1","0/0","0/0","0/1","0/1","0/0","0/1","0/1","0/0","0/0","0/0","0/0","0/0","1/1","1/1","0/0","0/0","0/0","0/1","0/0","0/0","0/0","0/0","0/1","0/1","0/0","0/1","0/0","0/1","0/1","0/1","0/0","0/0","0/0","0/0","0/0","0/0","0/0","0/0","0/0","0/1","0/0","0/1","0/1","0/0","0/0","1/1","1/1","1/1","0/0","0/0","0/1","0/1","0/1","0/0","0/0","0/0","0/1","0/1","0/1","0/1"
"chr1:75172844_TA/T_CRYZ","0/0","0/0","0/0","0/0","0/0","0/0","0/0","0/0","0/0","0/0","0/0","0/0","0/0","0/0","0/0","0/0","0/0","0/0","0/0","0/0","0/0","0/0","0/0","0/0","0/0","0/0","0/0","0/0","0/0","0/0","0/0","0/0","0/0","0/0","0/0","0/0","0/0","0/0","0/0","0/0","0/0","0/0","0/0","0/0","0/0","0/0","0/0","0/0","0/0","0/0","0/0","0/0","0/0","0/0","0/0","0/0","0/0","0/0","0/0","0/0","0/0","0/0","0/0","0/0","0/0","0/0","0/0","0/0","0/0","0/0","0/0","0/0","0/0","0/1","0/1","0/0","0/0","0/0","0/0","0/0","0/0","0/0","0/0","0/0","0/0","0/0","0/0","0/0","0/0","0/0","0/0","0/0","0/0","0/0","0/0","0/0","0/0","0/0","0/0","0/0","0/0","0/0","0/0","0/0","0/0","0/0","0/0","0/0","0/0","0/0","0/0","0/0","0/0","0/0","0/0","0/0","0/0","0/0","0/0","0/0","0/0","0/0","0/0","0/0","0/0","0/0","0/0","0/0","0/0","0/0","0/0","0/0","0/0","0/0","0/0","0/0","0/0","0/0","0/0","0/0","0/0","0/0","0/0","0/0","0/0","0/0","0/0","0/0","0/0","0/0","0/0","0/0","0/0"
"chr1:76262859_GAGC/G_MSH4","0/0","0/0","0/0","0/0","0/0","0/0","0/0","0/0","0/0","0/0","0/0","0/0","0/0","0/0","0/0","0/0","0/0","0/0","0/0","0/0","0/1","0/0","0/0","0/0","0/0","0/0","0/0","0/0","0/0","0/0","0/0","0/0","0/0","0/0","0/0","0/0","0/0","0/0","0/0","0/0","0/0","0/0","0/0","0/0","0/0","0/0","0/0","0/0","0/0","0/0","0/0","0/0","0/0","0/0","0/0","0/0","0/0","0/0","0/0","0/0","0/0","0/0","0/0","0/0","0/0","0/0","0/0","0/0","0/0","0/0","0/0","0/0","0/0","0/0","0/0","0/0","0/0","0/0","0/0","0/0","0/0","0/0","0/0","0/0","0/0","0/0","0/0","0/0","0/0","0/0","0/0","0/0","0/0","0/0","0/0","0/0","0/0","0/0","0/0","0/0","0/0","0/0","0/0","0/0","0/0","0/0","0/0","0/0","0/0","0/0","0/0","0/0","0/0","0/0","0/0","0/0","0/0","0/0","0/0","0/0","0/0","0/0","0/0","0/0","0/0","0/0","0/0","0/0","0/0","0/0","0/0","0/0","0/0","0/0","0/0","0/0","0/0","0/0","0/0","0/0","0/0","0/0","0/0","0/0","0/0","0/0","0/0","0/0","0/0","0/0","0/0","0/0","0/0"
"chr1:77984293_GA/G_AK5","0/0","0/0","0/0","0/0","0/0","0/0","0/0","0/0","0/0","0/0","0/0","0/0","0/0","0/0","0/0","0/0","0/0","0/0","0/0","0/0","0/0","0/0","0/0","0/0","0/0","0/0","0/0","0/0","0/0","0/0","0/0","0/0","0/0","0/0","0/0","0/0","0/0","0/0","0/0","0/0","0/0","0/0","0/0","0/0","0/0","0/0","0/0","0/0","0/0","0/0","0/0","0/0","0/0","0/0","0/0","0/0","0/0","0/0","0/0","0/0","0/0","0/0","0/0","0/0","0/0","0/0","0/0","0/0","0/0","0/0","0/0","0/0","0/0","0/0","0/0","0/0","0/0","0/0","0/0","0/0","0/0","0/0","0/0","0/0","0/0","0/0","0/0","0/0","0/0","0/0","0/0","0/0","0/0","0/0","0/0","0/0","0/0","0/0","0/0","0/0","0/0","0/0","0/0","0/0","0/0","0/0","0/0","0/0","0/0","0/0","0/0","0/0","0/0","0/0","0/0","0/0","0/0","0/0","0/0","0/0","0/0","0/0","0/0","0/0","0/0","0/1","0/0","0/0","0/0","0/0","0/0","0/0","0/0","0/0","0/0","0/0","0/0","0/0","0/0","0/0","0/0","0/0","0/0","0/0","0/0","0/0","0/0","0/0","0/0","0/0","0/0","0/0","0/0"
"chr1:78024345_C/CTAT_AK5","1/1","1/1","1/1","0/1","1/1","1/1","1/1","1/1","1/1","1/1","1/1","1/1","1/1","1/1","0/1","1/1","0/1","1/1","1/1","1/1","0/1","0/0","1/1","1/1","1/1","0/1","0/1","0/1","0/1","1/1","1/1","0/1","0/1","0/1","0/0","1/1","0/0","0/1","0/1","0/0","0/0","1/1","0/0","1/1","0/0","1/1","1/1","0/1","1/1","0/1","0/0","0/1","1/1","1/1","1/1","1/1","0/1","0/1","0/0","0/1","1/1","1/1","0/1","1/1","1/1","1/1","0/0","1/1","1/1","0/0","1/1","1/1","1/1","1/1","1/1","1/1","1/1","1/1","1/1","0/1","0/1","1/1","0/0","0/1","0/1","1/1","1/1","1/1","0/0","0/0","1/1","1/1","1/1","0/1","1/1","1/1","1/1","1/1","1/1","1/1","0/1","1/1","0/1","1/1","1/1","1/1","1/1","1/1","1/1","1/1","0/1","0/1","0/1","0/1","1/1","0/1","0/1","1/1","1/1","1/1","1/1","1/1","0/1","1/1","1/1","1/1","0/1","0/1","0/0","0/0","0/0","0/1","1/1","0/1","1/1","1/1","0/1","0/1","1/1","1/1","1/1","0/1","0/1","1/1","1/1","1/1","1/1","1/1","1/1","0/1","0/1","0/1","0/1"
"chr1:79093772_T/TA_IFI44L","0/0","0/0","0/0","0/0","0/0","0/0","0/0","0/0","0/0","0/0","0/0","0/0","0/0","0/0","0/0","0/0","0/0","0/0","0/0","0/0","0/0","0/0","0/0","0/0","0/0","0/0","0/0","0/0","0/0","0/0","0/0","0/0","0/0","0/0","0/0","0/0","0/0","0/0","0/0","0/0","0/0","0/0","0/0","0/0","0/0","0/0","0/0","0/0","0/0","0/0","0/0","0/0","0/0","0/0","0/0","0/0","0/0","0/0","0/0","0/0","0/0","0/0","0/0","0/0","0/0","0/0","0/0","0/0","0/0","0/0","0/0","0/0","0/0","0/0","0/0","0/0","0/0","0/0","0/0","0/1","0/1","0/0","0/0","0/0","0/0","0/0","0/0","0/0","0/0","0/0","0/0","0/0","0/0","0/0","0/0","0/0","0/0","0/0","0/0","0/0","0/0","0/0","0/0","0/0","0/0","0/0","0/0","0/0","0/0","0/0","0/0","0/0","0/0","0/0","0/0","0/0","0/0","0/0","0/0","0/0","0/0","0/0","0/0","0/0","0/0","0/0","0/0","0/0","0/0","0/0","0/0","0/0","0/0","0/0","0/0","0/0","0/0","0/0","0/0","0/0","0/0","0/0","0/0","0/0","0/0","0/0","0/0","0/0","0/0","0/0","0/0","0/0","0/0"
"chr1:85018771_G/GA_SPATA1","0/0","0/0","0/0","0/0","0/0","0/0","0/0","0/0","0/1","0/0","0/0","0/0","0/0","0/0","0/0","0/0","0/0","0/0","0/0","0/0","0/0","0/0","0/0","0/0","0/0","0/0","0/0","0/0","0/0","0/0","0/0","0/1","0/0","0/0","0/0","0/0","0/0","0/0","0/0","0/0","0/0","0/0","0/0","0/0","0/0","0/0","0/0","0/0","0/0","0/0","0/0","0/0","0/0","0/0","0/0","0/0","0/0","0/0","0/0","0/0","0/0","0/0","0/1","0/0","0/0","0/0","0/0","0/0","0/0","0/0","0/0","0/0","0/0","0/0","0/0","0/0","0/0","0/0","0/0","0/0","0/0","0/0","0/0","0/0","0/0","0/0","0/0","0/0","0/0","0/0","0/0","0/0","0/0","0/0","0/0","0/0","0/0","0/0","0/0","0/0","0/0","0/0","0/0","0/0","0/0","0/0","0/0","0/0","0/0","0/0","0/0","0/0","0/0","0/0","0/0","0/0","0/0","0/0","0/0","0/0","0/0","0/0","0/0","0/0","0/0","0/0","0/0","0/0","0/0","0/0","0/0","0/0","0/0","0/0","0/0","0/0","0/0","0/0","0/0","0/0","0/0","0/0","0/0","0/0","0/0","0/0","0/1","0/0","0/0","0/0","0/0","0/0","0/0"
"chr1:85598679_T/TA_WDR63","0/0","0/0","0/0","0/0","0/0","0/0","0/0","0/0","0/0","0/1","0/0","0/0","0/0","0/1","0/0","0/0","0/1","0/0","0/0","0/1","0/0","0/0","0/0","0/1","0/0","0/0","0/0","0/1","0/1","0/1","0/1","0/1","0/1","0/1","0/0","0/0","0/1","0/0","0/0","0/1","0/0","0/1","0/0","0/0","0/0","0/1","0/0","0/0","0/0","0/0","0/1","0/0","0/0","0/0","0/0","0/1","0/0","1/1","0/0","0/1","0/1","0/1","0/1","0/0","0/0","0/1","0/1","0/0","0/0","0/1","0/1","0/0","0/0","0/0","0/0","0/0","0/0","0/0","0/0","0/0","0/0","0/1","0/1","0/1","0/1","0/0","0/0","0/0","0/0","0/0","0/1","0/0","0/0","0/1","0/1","0/1","0/0","0/0","0/0","0/0","0/0","0/1","0/0","0/0","0/0","0/0","0/0","0/0","0/0","0/1","0/0","0/1","0/1","0/0","0/1","0/0","0/0","0/0","0/0","0/0","0/0","0/0","0/0","0/0","0/1","0/1","0/0","0/0","0/0","0/0","0/0","0/0","0/0","0/0","0/0","0/0","0/0","0/0","0/0","0/0","0/0","0/0","0/0","0/0","0/0","0/0","0/1","0/1","0/1","0/0","0/0","0/0","0/0"
"chr1:85624523_GT/G_SYDE2","0/0","0/0","0/0","0/0","0/0","0/0","0/0","0/0","0/0","0/0","0/0","0/0","0/0","0/0","0/0","0/0","0/0","0/0","0/0","0/0","0/0","0/0","0/0","0/0","0/0","0/0","0/0","0/0","0/0","0/0","0/0","0/0","0/0","0/0","0/0","0/0","0/0","0/0","0/0","0/0","0/0","0/0","0/0","0/0","0/0","0/0","0/0","0/0","0/1","0/0","0/0","0/0","0/0","0/0","0/0","0/0","0/0","0/0","0/0","0/0","0/0","0/0","0/0","0/0","0/0","0/0","0/0","0/0","0/0","0/0","0/0","0/0","0/0","0/0","0/0","0/0","0/0","0/0","0/0","0/0","0/0","0/0","0/0","0/0","0/0","0/0","0/0","0/0","0/0","0/0","0/0","0/0","0/0","0/0","0/0","0/0","0/0","0/0","0/0","0/0","0/0","0/0","0/0","0/0","0/0","0/0","0/0","0/0","0/0","0/0","0/0","0/0","0/0","0/0","0/0","0/0","0/0","0/0","0/0","0/0","0/0","0/0","0/0","0/0","0/0","0/0","0/0","0/0","0/0","0/0","0/0","0/0","0/0","0/0","0/0","0/0","0/0","0/0","0/0","0/0","0/0","0/0","0/0","0/0","0/0","0/0","0/0","0/0","0/0","0/0","0/0","0/0","0/0"
"chr1:85787173_AG/A_DDAH1","0/0","0/0","0/0","0/0","0/0","0/0","0/0","0/0","0/0","0/0","0/0","0/0","0/0","0/0","0/0","0/0","0/0","0/0","0/0","0/1","0/0","0/0","0/0","0/0","0/0","0/0","0/0","0/0","0/0","0/0","0/0","0/0","0/0","0/0","0/0","0/0","0/0","0/0","0/0","0/0","0/0","0/0","0/0","0/0","0/0","0/0","0/0","0/0","0/0","0/0","0/0","0/0","0/0","0/0","0/0","0/0","0/0","0/0","0/0","0/0","0/0","0/0","0/0","0/0","0/0","0/0","0/0","0/0","0/0","0/0","0/0","0/0","0/0","0/0","0/0","0/0","0/0","0/0","0/0","0/0","0/0","0/0","0/0","0/0","0/0","0/0","0/0","0/0","0/0","0/0","0/0","0/0","0/0","0/0","0/0","0/0","0/0","0/0","0/0","0/0","0/0","0/0","0/0","0/0","0/0","0/0","0/0","0/0","0/0","0/0","0/0","0/0","0/0","0/0","0/0","0/0","0/0","0/0","0/0","0/0","0/0","0/0","0/0","0/0","0/0","0/0","0/0","0/0","0/0","0/0","0/0","0/0","0/0","0/0","0/0","0/0","0/0","0/0","0/0","0/0","0/0","0/0","0/0","0/0","0/0","0/0","0/0","0/0","0/0","0/0","0/0","0/0","0/0"
"chr1:86591595_AT/A_COL24A1","0/0","0/0","0/0","0/0","0/0","0/0","0/0","0/0","0/0","0/0","0/0","0/0","0/0","0/0","0/0","0/0","0/0","0/0","0/0","0/0","0/0","0/0","0/0","0/0","0/0","0/0","0/0","0/0","0/0","0/0","0/0","0/0","0/0","0/0","0/0","0/0","0/1","0/0","0/0","0/0","0/0","0/0","0/0","0/0","0/0","0/0","0/0","0/0","0/0","0/0","0/0","0/0","0/0","0/0","0/0","0/0","0/0","0/0","0/0","0/0","0/0","0/0","0/0","0/0","0/0","0/0","0/0","0/0","0/0","0/0","0/0","0/0","0/0","0/0","0/0","0/0","0/0","0/0","0/0","0/0","0/0","0/0","0/0","0/0","0/0","0/0","0/0","0/0","0/0","0/0","0/0","0/0","0/0","0/0","0/0","0/0","0/0","0/0","0/0","0/0","0/0","0/0","0/0","0/0","0/0","0/0","0/0","0/0","0/0","0/0","0/0","0/0","0/0","0/0","0/0","0/0","0/0","0/0","0/0","0/0","0/0","0/0","0/0","0/0","0/0","0/0","0/0","0/0","0/0","0/0","0/0","0/0","0/0","0/0","0/0","0/0","0/0","0/0","0/0","0/0","0/0","0/0","0/0","0/0","0/0","0/0","0/0","0/0","0/0","0/0","0/0","0/0","0/0"
"chr1:87045896_TCCTACA/T_CLCA4","0/1","0/1","0/1","0/1","1/1","1/1","1/1","1/1","1/1","1/1","0/1","0/0","0/1","0/0","1/1","1/1","0/1","1/1","1/1","0/0","0/1","1/1","0/1","1/1","1/1","0/1","1/1","1/1","0/1","1/1","1/1","1/1","1/1","1/1","0/1","0/1","1/1","0/1","0/1","1/1","1/1","1/1","0/1","0/0","1/1","1/1","0/1","0/1","0/1","0/1","1/1","1/1","0/1","0/1","1/1","0/1","1/1","0/1","1/1","0/1","0/1","1/1","0/1","0/1","0/1","0/1","1/1","0/1","0/1","1/1","0/1","0/1","0/1","0/1","0/1","1/1","1/1","1/1","1/1","0/1","0/1","0/1","1/1","0/1","0/1","1/1","1/1","1/1","1/1","1/1","1/1","1/1","1/1","1/1","1/1","1/1","1/1","1/1","1/1","1/1","0/0","1/1","0/0","1/1","1/1","0/1","0/1","1/1","1/1","1/1","0/1","1/1","1/1","0/1","1/1","1/1","1/1","1/1","1/1","1/1","1/1","1/1","1/1","1/1","1/1","1/1","0/1","0/1","1/1","1/1","1/1","1/1","1/1","1/1","1/1","1/1","1/1","1/1","1/1","1/1","1/1","1/1","1/1","1/1","1/1","1/1","1/1","1/1","1/1","0/1","0/1","0/1","0/1"
"chr1:89473441_G/GT_GBP3","0/0","0/0","0/0","0/0","0/0","0/0","0/0","0/1","0/0","0/0","0/0","0/0","0/0","0/0","0/0","0/0","0/0","0/0","0/0","0/0","0/0","0/0","0/0","0/0","0/0","0/0","0/0","0/0","0/0","0/0","0/0","0/0","0/0","0/0","0/0","0/0","0/1","0/0","0/0","0/0","0/0","0/0","0/0","0/0","0/0","0/0","0/1","0/0","0/0","0/0","0/0","0/0","0/0","0/0","0/0","0/0","0/0","0/0","0/0","0/0","0/0","0/0","0/1","0/0","0/0","0/0","0/0","0/0","0/0","0/0","0/0","0/0","0/0","0/0","0/0","0/0","0/0","0/0","0/0","0/0","0/0","0/0","0/0","0/0","0/0","0/0","0/0","0/0","0/0","0/0","0/0","0/0","0/0","0/0","0/0","0/0","0/0","0/0","0/0","0/0","0/0","0/0","0/0","0/0","0/0","0/0","0/0","0/0","0/0","0/0","0/0","0/0","0/0","0/1","0/0","0/0","0/0","0/0","0/0","0/0","0/0","0/0","0/0","0/0","0/0","0/0","0/0","0/0","0/0","0/0","0/0","0/0","0/0","0/0","0/0","0/0","0/0","0/0","0/0","0/0","0/0","0/0","0/0","0/0","0/0","0/0","0/0","0/0","0/0","0/0","0/0","0/0","0/0"
"chr1:91985715_ATTTC/A_CDC7","0/0","0/0","0/0","0/0","0/0","0/0","0/0","0/0","0/0","0/0","0/0","0/0","0/0","0/0","0/0","0/0","0/0","0/0","0/0","0/0","0/0","0/0","0/0","0/0","0/0","0/0","0/0","0/0","0/0","0/0","0/0","0/0","0/0","0/0","0/0","0/0","0/0","0/0","0/0","0/0","0/0","0/0","0/0","0/0","0/0","0/0","0/0","0/0","0/0","0/0","0/0","0/0","0/0","0/0","0/0","0/0","0/0","0/0","0/0","0/0","0/0","0/0","0/0","0/0","0/0","0/0","0/0","0/0","0/0","0/0","0/0","0/0","0/0","0/0","0/0","0/0","0/0","0/0","0/0","0/0","0/0","0/0","0/0","0/0","0/0","0/0","0/0","0/0","0/0","0/0","0/0","0/0","0/0","0/0","0/0","0/0","0/0","0/0","0/0","0/0","0/0","0/0","0/0","0/0","0/0","0/0","0/0","0/0","0/0","0/0","0/0","0/0","0/0","0/0","0/0","0/0","0/0","0/0","0/0","0/0","0/0","0/0","0/0","0/0","0/0","0/0","0/0","0/0","0/0","0/0","0/0","0/0","0/0","0/0","0/0","0/0","0/0","0/0","0/0","0/0","0/0","0/0","0/0","0/1","0/1","0/1","0/0","0/0","0/0","0/0","0/0","0/0","0/0"
"chr1:92540208_CCAT/C_SETSIP","0/0","0/0","0/0","0/0","0/0","0/0","0/0","0/0",".",".","0/0","0/0","0/0",".","0/0","0/0","0/0","0/0","0/0","1/1","0/0","0/0","0/0","0/0","0/0",".","0/0","0/0","0/0","0/0","0/0","0/0","0/0","0/0","0/0","0/0","0/0","0/0","0/0","0/0","0/0","0/0","0/0","0/0","0/0",".","0/0","0/0",".","0/0",".","0/0",".","0/0",".","0/0","0/0","0/0","0/0","0/0","0/0","0/0",".","2/2","2/2","0/0","0/0","0/0",".","0/0","0/0","0/0","0/0","0/0","0/0","0/0","0/0","0/0","0/0","0/0","0/0","0/0","1/1",".","0/0","0/0","0/0","0/0","0/0","0/0",".","0/0","0/0","0/0","0/0",".","0/0","0/0","0/0","0/0","0/0","0/0","0/0","0/0","0/0","0/0","0/0",".","0/0","0/0","0/0","0/0","0/0","0/0","0/0","0/0","0/0","0/0","0/0","0/0",".","0/0","0/0","0/0","0/0","0/0","0/0","0/0","0/0",".","0/0","0/0","0/0","0/0","0/0",".","0/0","0/0","0/0","0/0",".","0/0","0/0","0/0","0/0","0/0","0/0","0/0",".","0/0","0/0","0/0","0/0"
"chr1:93584884_TCTTAGA/T_MTF2","0/0","0/0","0/0","0/0","0/0","0/0","0/0","0/0","0/0","0/0","0/0","0/0","0/0","0/0","0/0","0/0","0/0","0/0","0/0","0/0","0/0","0/0","0/0","0/0","0/0","0/0","0/1","0/0","0/0",".","0/0",".","0/0","0/0","0/0","0/0","0/0","0/0","0/0",".",".","0/0","0/0","0/0","0/0","0/0","0/0","0/0","0/0","0/0","0/0","0/0","0/0","0/0","0/0","0/0","0/0","0/0","0/0","0/0","0/0","0/0",".","0/0","0/0","0/0","0/0","0/0","0/0","0/0","0/0","0/0","0/0","0/0","0/0","0/0","0/0","0/0","0/0","0/1","0/0","0/0","0/0","0/0","0/0","0/0","0/0","0/0","0/0","0/0","0/0","0/0",".","0/0","0/0",".","0/0","0/0","0/0","0/0","0/0","0/0","0/0","0/0","0/0","0/0","0/0","0/0","0/0","0/0","0/0","0/0","0/0","0/0","0/0","0/0","0/0","0/0","0/0","0/0","0/0","0/0","0/0","0/0","0/0","0/0","0/0","0/0","0/1","0/0","0/0","0/0","0/0","0/0","0/0","0/1","0/0","0/1","0/0","0/0","0/0","0/0","0/0","0/0","0/0","0/0","0/0","0/0","0/0","0/1","0/0","0/0","0/0"
"chr1:94650959_G/GA_ARHGAP29","0/0","0/0","0/0","0/0","0/0","0/0","0/0","0/0","0/0","0/0","0/0","0/0","0/0","0/0","0/0","0/0","0/0","0/0","0/0","0/0","0/0","0/0","0/0","0/0","0/0","0/0","0/0","0/0","0/0","0/0","0/0","0/0","0/0","0/0","0/0","0/0","0/0","0/0","0/0","0/0","0/0","0/0","0/0","0/0","0/0","0/0","0/0","0/0","0/0","0/0","0/0","0/0","0/0","0/0","0/0","0/0","0/0","0/0","0/0","0/0","0/0","0/0","0/0","0/0","0/0","0/0","0/0","0/0","0/0","0/0","0/0","0/0","0/0","0/0","0/0","0/0","0/0","0/0","0/0","0/0","0/0","0/0","0/0","0/0","0/0","0/0","0/0","0/0","0/0","0/0","0/0","0/0","0/0","0/0","0/0","0/0","0/0","0/0","0/0","0/0","0/0","0/0","0/0","0/0","0/0","0/0","0/0","0/0","0/0","0/0","0/0","0/0","0/0","0/0","0/0","0/0","0/0","0/0","0/0","0/0","0/0","0/0","0/0","0/0","0/0","0/1","0/0","0/0","0/0","0/0","0/0","0/0","0/0","0/0","0/0","0/0","0/0","0/0","0/0","0/0","0/0","0/0","0/0","0/0","0/0","0/0","0/0","0/0","0/0","0/0","0/0","0/0","0/0"
"chr1:95712384_TAAG/T_RWDD3","0/0","0/0","0/0","0/0","0/0","0/0","0/0","0/0","0/0","0/0","0/0","0/0","0/0","0/0","0/0","0/0","0/0","0/0","0/0","0/0","0/0","0/0","0/0","0/0","0/0","0/0","0/0","0/0","0/0","0/0","0/0","0/0","0/0","0/0","0/0","0/0","0/0","0/0","0/0","0/0","0/0","0/0","0/0","0/0","0/0","0/0","0/0","0/0","0/0","0/1","0/0","0/0","0/0","0/0","0/0","0/0","0/0","0/0","0/0","0/0","0/1","0/0","0/0","0/0","0/0","0/0","0/0","0/0","0/0","0/0","0/0","0/0","0/0","0/0","0/0","0/0","0/0","0/0","0/0","0/0","0/0","0/0","0/0","0/0","0/0","0/0","0/0","0/0","0/0","0/0","0/0","0/0","0/0","0/0","0/0","0/0","0/0","0/0","0/0","0/0","0/0","0/0","0/0","0/0","0/0","0/0","0/0","0/1","0/1","0/0","0/0","0/0","0/0","0/0","0/0","0/0","0/0","0/0","0/0","0/0","0/0","0/0","0/0","0/0","0/0","0/0","0/0","0/0","0/0","0/0","0/0","0/0","0/0","0/0","0/0","0/0","0/0","0/0","0/0","0/0","0/0","0/0","0/0","0/0","0/0","0/0","0/0","0/0","0/0","0/0","0/0","0/0","0/0"
"chr1:99164259_TAGAA/T_SNX7","0/0","0/0","0/0","0/0","0/1","0/0","0/0","0/0","0/0","0/0","0/0","0/0","0/0","0/0","0/0","0/0","0/0","0/0","0/1","0/0","0/0","0/0","0/0","0/0","0/0","0/0","0/0","0/0","0/0","0/0","0/0","0/0","0/0","0/0","0/0","0/0","0/0","0/0","0/0","0/0","0/0","0/0","0/0","0/0","0/0","0/0","0/0","0/0","0/0","0/0","0/0","0/0","0/0","0/0","0/0","0/0","0/0","0/0","0/0","0/0","0/0","0/0","0/0","0/0","0/0","0/0","0/0","0/0","0/0","0/0","0/0","0/0","0/0","0/0","0/0","0/0","0/0","0/0","0/0","0/0","0/0","0/0","0/0","0/0","0/0","0/0","0/0","0/0","0/0","0/0","0/0","0/0","0/0","0/0","0/0","0/0","0/0","0/0","0/0","0/0","0/0","0/0","0/0","0/0","0/0","0/0","0/0","0/0","0/0","0/0","0/0","0/0","0/0","0/0","0/0","0/0","0/0","0/0","0/0","0/0","0/0","0/0","0/0","0/0","0/0","0/0","0/0","0/0","0/0","0/0","0/0","0/0","0/0","0/0","0/0","0/0","0/0","0/0","0/0","0/0","0/0","0/0","0/0","0/0","0/0","0/0","0/0","0/0","0/0","0/0","0/0","0/0","0/0"
"chr1:100534121_CT/C_MFSD14A","0/0","0/0","0/0","0/0","0/0","0/0","0/0","0/0","0/0","0/0","0/0","0/0","0/0","0/0","0/0","0/0","0/0","0/0","0/0","0/0","0/0","0/0","0/0","0/0","0/0","0/0","0/0","0/0","0/0","0/0","0/0","0/0","0/0","0/0","0/0","0/0","0/1","0/0","0/0","0/0","0/0","0/0","0/0","0/0","0/0","0/0","0/0","0/0","0/0","0/0","0/0","0/0","0/0","0/0","0/0","0/0","0/0","0/0","0/0","0/0","0/0","0/0","0/0","0/0","0/0","0/0","0/0","0/0","0/0","0/0","0/0","0/0","0/0","0/0","0/0","0/0","0/0","0/0","0/0","0/0","0/0","0/0","0/0","0/0","0/0","0/0","0/0","0/0","0/0","0/0","0/0","0/0","0/0","0/0","0/0","0/0","0/0","0/0","0/0","0/0","0/0","0/0","0/0","0/0","0/0","0/0","0/0","0/0","0/0","0/0","0/0","0/0","0/0","0/0","0/0","0/0","0/0","0/0","0/0","0/0","0/0","0/0","0/0","0/0","0/0","0/0","0/0","0/0","0/0","0/0","0/0","0/0","0/0","0/0","0/0","0/0","0/0","0/0","0/0","0/0","0/0","0/0","0/0","0/0","0/0","0/0","0/0","0/0","0/0","0/0","0/0","0/0","0/0"
"chr1:104076466_G/GA_RNPC3","0/1","0/0","0/0","0/0","0/0","0/0","0/0","0/0","0/0","0/0","0/0","0/0","0/0","0/0","0/0","0/0","0/0","0/0","0/0","0/0","0/1","0/0","0/0","0/0","0/0","0/0","0/0","0/0","0/0","0/0","0/0","0/0","0/0","0/0","0/0","0/0","0/0","0/0","0/0","0/1","0/1","0/0","0/1","0/0","0/0","0/0","0/0","0/0","0/0","0/1","0/0","0/0","0/0","0/0","0/1","0/0","0/0","0/0","0/0","0/0","0/0","0/0","0/1","0/0","0/0","0/1","0/0","0/0","0/0","0/0","0/0","0/0","0/0","0/0","0/0","0/0","0/0","0/0","0/0","0/0","0/0","0/0","0/0","0/0","0/0","0/0","0/1","0/0","0/0","0/0","0/0","0/1","0/0","0/0","0/0","0/0","0/0","0/0","0/0","0/0","0/0","0/0","0/0","0/0","0/0","0/0","0/0","0/0","0/0","0/0","0/0","0/0","0/1","0/0","0/1","0/0","0/0","0/0","0/0","0/0","0/0","0/0","0/0","0/0","0/0","0/0","0/0","0/0","0/0","0/0","0/0","0/1","0/1","0/0","0/0","0/0","0/0","0/1","0/0","0/0","0/1","0/0","0/1","0/0","0/0","0/0","0/0","0/1","0/0","0/0","0/0","0/0","0/1"
"chr1:108724604_AC/A_SLC25A24","0/1","0/1","0/1","0/0","0/0","0/0","0/0","0/0","0/0","0/0","0/0","0/0","0/0","0/0","0/0","0/0","0/0","0/0","0/1","0/0","0/0","0/0","0/0","0/0","0/0","0/0","0/0","0/0","0/0","0/0","0/0","0/0","0/0","0/0","0/0","0/0","0/0","0/0","0/0","0/0","0/0","0/0","0/0","0/0","0/0","0/0","0/0","0/0","0/0","0/0","0/0","0/0","0/0","0/0","0/0","0/0","0/0","0/0","0/0","0/0","0/0","0/0","0/0","0/0","0/0","0/0","0/0","0/0","0/0","0/0","0/0","0/0","0/0","0/0","0/0","0/0","0/0","0/0","0/0","0/0","0/0","0/0","0/0","0/0","0/0","0/0","0/0","0/0","0/0","0/0","0/0","0/0","0/0","0/0","0/0","0/0","0/0","0/0","0/0","0/0","0/0","0/0","0/0","0/0","0/0","0/0","0/0","0/0","0/0","0/0","0/0","0/0","0/0","0/0","0/0","0/0","0/0","0/0","0/0","0/0","0/0","0/0","0/0","0/0","0/0","0/0","0/0","0/0","0/0","0/0","0/0","0/0","0/0","0/0","0/0","0/0","0/0","0/0","0/0","0/0","0/0","0/0","0/0","0/0","0/0","0/0","0/0","0/0","0/0","0/0","0/0","0/0","0/0"
"chr1:109465156_TCAA/T_GPSM2","0/0","0/0","0/0","0/0","0/0","0/0","0/0","0/0","0/0","0/0","0/0","0/0","0/0","0/0","0/0","0/0","0/0","0/0","0/0","0/0","0/0","0/0","0/0","0/0","0/0","0/0","0/0","0/0","0/0","0/0","0/0","0/0","0/0","0/0","0/0","0/0","0/0","0/0","0/0","0/0","0/1","0/0","0/0","0/0","0/0","0/0","0/0","0/0","0/0","0/0","0/0","0/0","0/0","0/0","0/0","0/0","0/0","0/0","0/0","0/0","0/0","0/0","0/0","0/0","0/0","0/0","0/0","0/0","0/0","0/0","0/0","0/0","0/0","0/0","0/0","0/0","0/0","0/0","0/0","0/0","0/0","0/0","0/0","0/0","0/0","0/0","0/0","0/0","0/0","0/0","0/0","0/0","0/0","0/0","0/0","0/0","0/0","0/0","0/0","0/0","0/0","0/0","0/0","0/0","0/0","0/0","0/0","0/0","0/0","0/0","0/0","0/0","0/0","0/0","0/0","0/1","0/1","0/0","0/0","0/0","0/0","0/0","0/1","0/0","0/0","0/0","0/0","0/0","0/0","0/0","0/0","0/0","0/0","0/0","0/0","0/0","0/0","0/0","0/0","0/0","0/0","0/0","0/0","0/1","0/1","0/1","0/0","0/0","0/0","0/0","0/0","0/0","0/0"
"chr1:109465165_ACTT/A_GPSM2","0/1","0/1","0/1","0/0","0/0","0/0","0/1","0/1","0/1","0/0","0/0","0/0","0/0","0/0","0/0","0/0","0/0","0/0","0/0","0/0","0/0","0/0","0/0","0/0","0/0","0/0","0/0","0/0","0/0","0/0","0/1","0/0","0/1","0/0","0/0","0/0","0/0","0/0","0/0","0/0","0/0","0/0","0/0","0/0","0/1","0/0","0/0","0/0","0/0","0/0","0/0","0/1","0/0","0/1","0/0","0/0","0/0","0/0","0/0","0/0","0/0","0/0","0/0","0/0","0/0","0/0","0/0","0/0","0/0","0/0","0/0","0/0","0/0","0/0","0/0","0/0","0/0","0/0","0/0","0/0","0/0","0/0","0/0","0/0","0/0","0/0","0/0","0/0","0/1","0/1","0/0","0/0","0/0","0/0","0/0","0/0","0/0","0/0","0/0","0/0","0/0","0/0","0/0","0/0","0/0","0/0","0/0","0/0","0/0","0/0","0/0","0/1","0/1","0/0","0/0","0/0","0/0","0/0","0/0","0/0","0/0","0/0","0/0","0/0","0/0","0/0","0/0","0/0","0/1","0/1","0/1","0/0","0/1","0/0","0/1","0/1","0/0","0/0","0/0","0/0","0/0","0/0","0/0","0/0","0/0","0/0","0/0","0/0","0/0","0/0","0/0","0/0","0/0"
"chr1:109466667_ATCT/A_GPSM2","0/0","0/0","0/0","0/0","0/0","0/0","0/0","0/0","0/0","0/0","0/0","0/0","0/0","0/0","0/0","0/0","0/0","0/0","0/0","0/0","0/0","0/0","0/0","0/0","0/0","0/0","0/0","0/0","0/0","0/0","0/0","0/0","0/0","0/0","0/0","0/0","0/0","0/0","0/0","0/0","0/0","0/0","0/0","0/1","0/0","0/0","0/0","0/0","0/0","0/0","0/0","0/0","0/0","0/0","0/0","0/0","0/0","0/0","0/0","0/0","0/0","0/0","0/0","0/0","0/0","0/0","0/0","0/0","0/0","0/0","0/0","0/0","0/0","0/0","0/0","0/0","0/0","0/0","0/0","0/0","0/0","0/0","0/0","0/0","0/0","0/0","0/0","0/0","0/0","0/0","0/0","0/0","0/0","0/0","0/0","0/0","0/0","0/0","0/0","0/0","0/0","0/0","0/0","0/0","0/0","0/0","0/0","0/0","0/0","0/0","0/0","0/0","0/0","0/0","0/0","0/0","0/0","0/0","0/0","0/0","0/0","0/0","0/0","0/0","0/0","0/0","0/0","0/0","0/0","0/0","0/0","0/0","0/0","0/0","0/0","0/0","0/0","0/0","0/0","0/0","0/0","0/0","0/0","0/0","0/0","0/0","0/0","0/0","0/0","0/0","0/0","0/0","0/0"
"chr1:109773632_TA/T_SARS","0/0","0/0","0/0","0/0","0/0","0/0","0/0","0/0","0/0","0/0","0/0","0/0","0/0","0/0","0/0","0/0","0/0","0/0","0/0","0/0","0/1","0/0","0/0","0/0","0/0","0/0","0/0","0/0","0/0","0/0","0/0","0/0","0/0","0/0","0/0","0/0","0/0","0/0","0/0","0/0","0/0","0/0","0/0","0/0","0/0","0/0","0/0","0/0","0/0","0/0","0/0","0/0","0/0","0/0","0/0","0/0","0/0","0/0","0/0","0/0","0/0","0/0","0/0","0/0","0/0","0/0","0/0","0/0","0/0","0/0","0/0","0/0","0/0","0/0","0/0","0/0","0/0","0/0","0/0","0/0","0/0","0/0","0/0","0/0","0/0","0/0","0/0","0/0","0/0","0/0","0/0","0/0","0/0","0/0","0/0","0/0","0/0","0/0","0/0","0/0","0/0","0/0","0/0","0/0","0/0","0/0","0/0","0/0","0/0","0/0","0/0","0/0","0/0","0/0","0/0","0/0","0/0","0/0","0/0","0/0","0/0","0/0","0/0","0/0","0/0","0/0","0/0","0/0","0/0","0/0","0/0","0/0","0/0","0/0","0/0","0/0","0/0","0/0","0/0","0/0","0/0","0/0","0/0","0/0","0/0","0/0","0/0","0/0","0/0","0/0","0/0","0/0","0/0"
"chr1:109792735_A/ACGC_CELSR2","1/1","1/1","1/1","1/1","1/1","1/1","1/1","1/1","1/1","0/1","1/1","0/1","0/1","1/1","1/1","1/1","0/1","0/1","1/1","0/1","0/0","1/1","1/1","0/0","0/0","1/1","0/1","0/1","0/1","0/0","0/0","0/1","0/1","1/1","0/1","0/1","1/1","0/0","1/1","0/1","0/1","0/0","0/1","0/1","0/0","0/1","1/1","0/1","0/1","1/1","1/1","0/1","0/0","1/1","0/0","0/0","0/0","0/0","0/1","0/1","0/1","0/0","0/1","0/1","0/1","0/0","0/1","0/0","0/0","0/1","0/0","0/1","0/1","0/1","0/1","0/1","0/1","1/1","1/1","1/1","1/1","1/1","1/1","0/1","0/1","0/1","0/1","0/0","0/1","0/1","0/0","0/1","0/1","0/0","0/0","0/0","0/0","0/1","1/1","1/1","0/1","0/0","0/1","1/1","1/1","0/1","0/1","0/1","1/1","0/0","1/1","0/1","0/1","0/1","0/1","0/1","0/1","0/0","0/0","0/0","0/0","0/0","0/1","0/0","0/1","0/1","0/1","0/1","0/0","0/0","0/0","0/1","0/0","0/1","0/0","0/0","0/1","0/1","1/1","0/1","1/1","0/1","0/1","0/1","0/1","0/1","0/1","0/1","0/1","0/1","0/1","0/1","0/1"
"chr1:110300579_GT/G_EPS8L3","0/0","0/0","0/0","0/0","0/0","0/0","0/0","0/0","0/0","0/0","0/0","0/0","0/0","0/0","0/0","0/0","0/0","0/0","0/0","0/0","0/0","0/0","0/0","0/0","0/0","0/0","0/0","0/0","0/0","0/0","0/0","0/0","0/0","0/0","0/0","0/0","0/1","0/0","0/0","0/0","0/0","0/0","0/0","0/0","0/0","0/0","0/0","0/0","0/0","0/0","0/0","0/0","0/0","0/0","0/0","0/0","0/0","0/0","0/0","0/0","0/0","0/0","0/0","0/0","0/0","0/0","0/0","0/0","0/0","0/0","0/0","0/0","0/0","0/0","0/0","0/0","0/0","0/0","0/0","0/0","0/0","0/0","0/0","0/0","0/0","0/0","0/0","0/0","0/0","0/0","0/0","0/0","0/0","0/0","0/0","0/0","0/0","0/0","0/0","0/0","0/0","0/0","0/0","0/0","0/0","0/0","0/0","0/0","0/0","0/0","0/0","0/0","0/0","0/0","0/0","0/0","0/0","0/0","0/0","0/0","0/0","0/0","0/0","0/0","0/0","0/0","0/0","0/0","0/0","0/0","0/0","0/0","0/0","0/0","0/0","0/0","0/0","0/0","0/0","0/0","0/0","0/0","0/0","0/0","0/0","0/0","0/0","0/0","0/0","0/0","0/0","0/0","0/0"
"chr1:110906426_CA/C_SLC16A4","0/0","0/0","0/0","0/0","0/0","0/0","0/0","0/0","0/0","0/0","0/0","0/0","0/0","0/0","0/0","0/0","0/0","0/0","0/0","0/0","0/0","0/0","0/0","0/0","0/0","0/0","0/0","0/0","0/0","0/0","0/0","0/0","0/0","0/0","0/0","0/0","0/1","0/0","0/0","0/0","0/0","0/0","0/0","0/0","0/0","0/0","0/0","0/0","0/0","0/0","0/0","0/0","0/0","0/0","0/0","0/0","0/0","0/0","0/0","0/0","0/0","0/0","0/0","0/0","0/0","0/0","0/0","0/0","0/0","0/0","0/0","0/0","0/0","0/0","0/0","0/0","0/0","0/0","0/0","0/0","0/0","0/0","0/0","0/0","0/0","0/0","0/0","0/0","0/0","0/0","0/0","0/0","0/0","0/0","0/0","0/0","0/0","0/0","0/0","0/0","0/0","0/0","0/0","0/0","0/0","0/0","0/0","0/0","0/0","0/0","0/0","0/0","0/0","0/0","0/0","0/1","0/0","0/0","0/0","0/0","0/0","0/0","0/0","0/0","0/0","0/0","0/0","0/0","0/0","0/0","0/0","0/0","0/0","0/0","0/0","0/0","0/0","0/0","0/0","0/0","0/0","0/0","0/0","0/0","0/0","0/0","0/0","0/0","0/0","0/0","0/0","0/0","0/0"
"chr1:111861210_C/CCCCT_CHIA","0/0","0/0","0/0","0/0","0/0","0/0","0/0","0/0","0/0","0/0","0/0","0/0","0/0","0/0","0/0","0/0","0/0","0/0","0/0","0/0","0/0","0/0","0/0","0/0","0/0","0/0","0/0","0/0","0/0","0/0","0/0","0/0","0/0","0/0","0/0","0/0","0/0","0/0","0/0","0/0","0/0","0/0","0/0","0/0","0/0","0/0","0/0","0/0","0/0","0/0","0/0","0/0","0/0","0/0","0/0","0/0","0/0","0/0","0/0","0/0","0/0","0/0","0/0","0/0","0/0","0/0","0/0","0/0","0/0","0/0","0/0","0/0","0/0","0/0","0/0","0/1","0/1","0/0","0/0","0/0","0/0","0/0","0/0","0/0","0/0","0/0","0/0","0/0","0/0","0/0","0/0","0/0","0/0","0/0","0/0","0/0","0/0","0/0","0/0","0/0","0/0","0/0","0/0","0/0","0/0","0/0","0/0","0/0","0/0","0/0","0/0","0/0","0/0","0/0","0/0","0/0","0/0","0/0","0/0","0/0","0/0","0/0","0/0","0/0","0/0","0/0","0/0","0/0","0/0","0/0","0/0","0/0","0/0","0/0","0/0","0/0","0/0","0/0","0/0","0/0","0/0","0/0","0/0","0/0","0/0","0/0","0/0","0/0","0/0","0/0","0/0","0/0","0/0"
"chr1:111957547_GGGTCAGGGTCTTTTCCCCAGGGGTCACAGACTGATAACCCACAGA/G_OVGP1","0/0","0/0","0/0","0/0","0/0","0/0","0/0","0/0","0/0","0/1","0/1","0/0","0/0","0/0","0/0","0/2","0/0","0/0","0/0","0/0","0/0","0/0","0/0","0/0","0/0","0/0","0/0","0/0","0/0","0/0","0/1","0/0","0/0","0/0","0/0","0/0","0/1","0/0","0/0","0/1","0/0","0/0","0/0","0/0","0/0","0/0","0/1","0/0","0/0","0/0","0/0","0/0","0/0","0/0","0/0","0/0","0/0","0/1","0/0","0/0","0/0","0/0","0/0","0/0","0/0","0/0","0/0","0/0","0/0","0/0","0/0","0/0","0/0","0/0","0/0","0/0","0/0","0/1","0/1","0/0","0/0","0/0","0/0","0/0","0/0","0/0","0/0","0/1","0/0","0/0","0/1","0/0","0/0","0/1","0/1","0/1","0/1","0/0","0/0","0/0","0/0","0/1","0/0","0/0","0/0","0/0","0/0","0/0","0/0","0/1","0/0","0/0","0/0","0/1","0/0","0/0","0/0","0/0","0/0","0/0","0/0","0/0","0/0","0/0","0/0","0/0","0/1","0/0","0/0","0/0","0/0","0/0","0/0","0/0","0/0","0/0","0/0","0/0","0/0","0/0","0/0","0/0","0/0","0/1","0/1","0/1","0/0","0/0","0/0","0/0","0/0","0/0","0/0"
"chr1:115537600_GA/GAA_SYCP1","0/0","0/0","0/0","0/0","0/1","0/0","0/0","0/0","0/1","0/0","0/0","0/0","0/0","0/0","0/0","0/0","0/1","0/0","0/1","0/0","0/0","0/0","0/0","0/0","0/0","0/0","0/0","0/0","0/0","0/0","0/0","0/0","0/2","0/0","0/0","0/0","0/2","0/0","0/0","0/0","0/0","0/0","0/0","0/0","0/0","0/0","0/0","0/0","0/0","0/0","0/0","0/0","0/0","0/0","0/0","0/0","0/0","0/0","0/0","0/0","0/0","0/0","0/0","0/0","0/0","0/0","0/0","0/1","0/1","0/0","0/0","0/0","0/0","0/0","0/0","0/0","0/0","0/0","0/0","0/0","0/0","0/0","0/0","0/0","0/0","0/0","0/1","0/0","0/0","0/0","0/0","0/0","0/0","0/0","0/1","0/0","0/0","0/0","0/0","0/0","0/0","0/0","0/0","0/0","0/0","0/0","0/0","0/0","0/0","0/0","0/0","0/0","0/0","0/0","0/0","0/0","0/0","0/0","0/0","0/0","0/0","0/0","0/0","0/0","0/0","0/0","0/0","0/0","0/0","0/0","0/0","0/0","0/0","0/0","0/0","0/0","0/0","0/0","0/0","0/0","0/0","0/0","0/0","0/0","0/1","0/0","0/0","0/0","0/0","0/0","0/0","0/0","0/0"
"chr1:118642237_TGAA/T_SPAG17","0/0","0/0","0/0","0/0","0/0","0/0","0/0","0/0","0/0","0/0","0/0","0/0","0/0","0/0","0/0","0/0","0/0","0/0","0/0","0/0","0/0","0/0","0/0","0/0","0/0","0/0","0/0","0/0","0/0","0/0","0/0","0/0","0/0","0/0","0/0","0/0","0/0","0/0","0/0","0/0","0/0","0/0","0/0","0/0","0/0","0/0","0/0","0/0","0/0","0/0","0/0","0/0","0/0","0/0","0/0","0/0","0/0","0/0","0/0","0/0","0/0","0/0","0/0","0/0","0/0","0/0","0/1","0/0","0/0","0/0","0/0","0/0","0/0","0/0","0/0","0/0","0/0","0/0","0/0","0/0","0/0","0/0","0/0","0/0","0/0","0/0","0/0","0/0","0/0","0/0","0/0","0/0","0/0","0/0","0/0","0/0","0/0","0/0","0/0","0/0","0/0","0/0","0/0","0/0","0/0","0/0","0/0","0/0","0/0","0/0","0/0","0/0","0/0","0/0","0/0","0/0","0/0","0/0","0/0","0/0","0/0","0/0","0/0","0/0","0/0","0/0","0/0","0/0","0/0","0/0","0/0","0/0","0/0","0/0","0/0","0/0","0/0","0/0","0/0","0/0","0/0","0/0","0/0","0/0","0/0","0/0","0/0","0/0","0/0","0/0","0/0","0/0","0/0"
"chr1:144615250_G/GAA_NBPF8_NBPF9","1/1",".","1/1",".","1/1",".","1/1","0/1","1/1","0/1","0/0","0/0","1/1","1/1","0/0","1/1","0/0","1/1","1/1","0/0","0/0","1/1","0/1","1/1","0/1","0/1","0/1","0/1","0/1","0/0","0/1","0/0","1/1","1/1","1/1","1/1",".","0/1","0/0","1/1","0/1","1/1","0/1","0/0","0/0","0/0","0/0","0/1","0/0","0/0","1/1","0/0","0/0","0/1","0/0",".","0/1","1/1",".","1/1","0/0","0/1","1/1","1/1","1/1","0/0","1/1","1/1","1/1","1/1","0/0","1/1","1/1","1/1","1/1","1/1","1/1","1/1","1/1","0/1","0/1","0/1","0/1",".","0/1","0/1","0/1","0/1","0/0",".","0/0","1/1","1/1","1/1","1/1","0/0","1/1","0/1","1/1","1/1","0/0","0/0","0/1","0/0","0/0","0/0","0/0","1/1","1/1","0/0","0/1","1/1","1/1","0/1","0/1","0/0","0/0","1/1","0/0","1/1","0/0","0/0","0/0","1/1","1/1","0/1","0/0","0/1","0/1","1/1","0/1","0/1","0/0","1/1","0/0","0/1","1/1","1/1","0/0","0/0","0/0","0/0",".","1/1","1/1","1/1","1/1","0/1","1/1","0/0","0/0","0/0","0/0"
"chr1:144873962_CT/C_PDE4DIP","0/0","0/0","0/0","0/0","0/0","0/0","0/0","0/0","0/0","0/1","0/0","0/1","0/0","0/0","0/1","0/0","0/0","0/0","0/0","0/0","0/0","0/0","0/0","0/0","0/0","0/0","0/0","0/0","0/0","0/0","0/1","0/0","0/0","0/0","0/0","0/0","0/0","0/0","0/0","0/0","0/0","0/0","0/0","0/0","0/0","0/0","0/0","0/0","0/1","0/0","0/0","0/0","0/1","0/0","0/1","0/0","0/1","0/0","0/0","0/0","0/1","0/1","0/0","0/0","0/0","0/1","0/0","0/0","0/0","0/0","0/1","0/0","0/0","0/0","0/0","0/0","0/0","0/0","0/0","0/0","0/0","0/0","0/0","0/1","0/1","0/0","0/0","0/0","0/0","0/0","0/0","0/0","0/0","0/0","0/0","0/0","0/0","0/0","0/0","0/0","0/1","0/1","0/1","0/0","0/0","0/0","0/0","0/0","0/0","0/0","0/0","0/0","0/0","0/0","0/0","0/0","0/0","0/0","0/0","0/0","0/0","0/0","0/0","0/0","0/0","0/0","0/0","0/0","0/0","0/0","0/0","0/0","0/0","0/0","0/0","0/0","0/0","0/0","0/0","0/0","0/0","0/0","0/0","0/0","0/0","0/0","0/0","0/0","0/0","0/0","0/0","0/0","0/0"
"chr1:144915623_AG/A_PDE4DIP","0/1","0/1","0/1","0/1","0/1","0/1","0/1","0/1","0/1","0/1","0/1","0/1","0/1","0/1","0/0","0/1","0/0","0/1","0/1","0/0","0/0","0/1","0/1","0/1","0/1","0/1","0/1","0/1","0/1","0/1","0/1","0/0","0/1","0/0","0/1","0/1","0/1","0/1","0/0","0/1","0/1","0/1","0/1","0/1","0/0","0/0","0/1","0/1","0/0","0/0","0/1","0/1","0/0","0/0","0/0","0/1","0/1","0/1","0/1","0/1","0/0","0/1","0/1","0/1","0/1","0/0","0/1","0/1","0/1","0/1","0/0","0/1","0/1","0/1","0/1","0/1","0/1","0/1","0/1","0/1","0/1","0/1","0/1","0/1","0/1","0/1","0/1","0/1","0/0","0/0","0/0","0/1","0/1","0/1","0/1","0/0","0/1","0/1","0/1","0/1","0/1","0/0","0/1","0/0","0/0","0/0","0/0","0/1","0/1","0/0","0/1","0/1","0/1","0/1","0/1","0/0","0/0","0/1","0/0","0/1","0/0","0/0","0/0","0/1","0/1","0/1","0/1","0/1","0/1","0/1","0/1","0/1","0/1","0/1","0/1","0/1","0/1","0/1","0/0","0/0","0/0","0/1","0/1","0/1","0/1","0/1","0/1","0/1","0/1","0/0","0/0","0/0","0/0"
"chr1:144917827_CA/C_PDE4DIP","0/0","0/0","0/0","0/0","0/0","0/0","0/0","0/0","0/0","0/1","0/0","0/0","0/0","0/0","0/1","0/0","0/0","0/0","0/0","0/0","0/0","0/0","0/1","0/0","0/0","0/0","0/0","0/0","0/0","0/0","0/1","0/0","0/0","0/0","0/0","0/0","0/0","0/0","0/0","0/0","0/0","0/0","0/0","0/0","0/0","0/0","0/0","0/0","0/1","0/0","0/0","0/0","0/1","0/0","0/0","0/0","0/0","0/0","0/0","0/0","0/1","0/0","0/0","0/0","0/0","0/1","0/0","0/0","0/0","0/0","0/1","0/0","0/0","0/0","0/0","0/0","0/0","0/0","0/0","0/0","0/0","0/0","0/0","0/1","0/1","0/0","0/0","0/0","0/0","0/0","0/0","0/0","0/0","0/0","0/0","0/0","0/0","0/0","0/0","0/0","0/1","0/1","0/1","0/0","0/0","0/0","0/0","0/0","0/0","0/1","0/0","0/0","0/0","0/0","0/0","0/0","0/0","0/0","0/0","0/0","0/0","0/0","0/0","0/0","0/0","0/0","0/0","0/0","0/0","0/0","0/0","0/0","0/0","0/0","0/0","0/0","0/0","0/0","0/0","0/0","0/0","0/0","0/0","0/0","0/0","0/0","0/0","0/0","0/0","0/0","0/0","0/0","0/0"
"chr1:144923728_GT/G_PDE4DIP","0/1","0/1","0/1","0/1","0/1","0/1","0/1","0/1","0/1","0/1","0/1","0/1","0/1","0/1","0/0","0/1","0/0","0/1","0/1","0/0","0/0","0/1","0/1","0/1","0/0","0/1","0/1","0/1","0/1","0/1","0/1","0/0","0/1","0/1","0/1","0/1","0/1","0/1","0/1","0/1","0/1","0/1","0/1","0/1","0/0","0/0","0/0","0/1","0/0","0/0","0/1","0/1","0/0","0/1","0/0","0/1","0/1","0/1","0/1","0/1","0/0","0/1","0/1","0/1","0/1","0/0","0/1","0/1","0/1","0/1","0/0","0/1","0/1","0/1","0/1","0/1","0/1","0/1","0/1","0/1","0/1","0/1","0/1","0/1","0/1","0/1","0/1","0/1","0/0","0/0","0/0","0/1","0/1","0/1","0/1","0/0","0/1","0/1","0/1","0/1","0/1","0/0","0/1","0/0","0/0","0/0","0/0","0/1","0/1","0/0","0/1","0/1","0/1","0/1","0/1","0/0","0/0","0/1","0/0","0/1","0/0","0/0","0/0","0/1","0/1","0/1","0/1","0/1","0/1","0/1","0/1","0/1","0/1","0/1","0/1","0/1","0/1","0/1","0/0","0/0","0/0","0/1","0/1","0/1","0/1","0/1","0/1","0/1","0/1","0/0","0/0","0/0","0/0"
"chr1:145457039_CTCT/C_POLR3GL","0/0","0/0","0/0","0/0","0/0","0/0","0/0","0/0","0/0","0/0","0/0","0/0","0/0","0/0","0/0","0/0","0/0","0/0","0/0","0/0","0/0","0/0","0/0","0/0","0/0","0/0","0/0","0/0","0/0","0/0","0/0","0/0","0/0","0/0","0/0","0/0","0/0","0/0","0/0","0/0","0/0","0/0","0/0","0/0","0/0","0/0","0/0","0/0","0/0","0/0","0/0","0/0","0/0","0/0","0/0","0/0","0/0","0/0","0/0","0/0","0/0","0/0","0/0","0/0","0/0","0/0","0/0","0/0","0/0","0/0","0/0","0/1","0/0","0/0","0/1","0/0","0/0","0/0","0/0","0/1","0/0","0/0","0/0","0/0","0/0","0/0","0/0","0/0","0/0","0/0","0/0","0/0","0/0","0/0","0/0","0/0","0/0","0/0","0/0","0/0","0/0","0/0","0/0","0/0","0/0","0/0","0/0","0/0","0/0","0/0","0/0","0/0","0/0","0/0","0/0","0/0","0/0","0/0","0/0","0/0","0/0","0/0","0/0","0/0","0/0","0/0","0/0","0/0","0/0","0/0","0/0","0/1","0/0","0/0","0/0","0/0","0/0","0/0","0/0","0/0","0/0","0/0","0/0","0/0","0/0","0/0","0/0","0/0","0/0","0/0","0/0","0/0","0/0"
"chr1:145477291_GCCCCGCCGCCTCCCGCACCGC/G_LIX1L","0/0","0/0","0/0","0/0","0/0","0/0","0/0","0/0","0/0","0/0","0/0","0/0","0/0","0/0","0/0","0/0","0/0","0/0","0/0","0/0","0/0","0/0","0/0","0/0","0/0","0/0","0/0","0/0","0/0","0/0","0/0","0/0","0/0","0/0","0/1","0/1","0/0","0/0","0/0","0/0","0/0","0/0","0/0","0/0","0/0","0/0","0/0","0/0","0/0","0/1","0/0","0/0","0/0","0/0","0/0","0/0","0/0","0/1","0/0","0/0","0/0","0/0","0/0","0/0","0/0","0/0","0/0","0/0","0/0","0/0","0/0","0/0","0/0","0/0","0/0","0/0","0/0","0/0","0/0","0/0","0/0","0/0","0/0","0/0","0/0","0/0","0/0","0/0","0/0","0/0","0/0","0/0","0/0","0/0","0/0","0/0","0/0","0/0","0/0","0/0","0/0","0/0","0/0","0/0","0/0","0/0","0/0","0/0","0/0","0/0","0/0","0/0","0/0","0/0","0/0","0/0","0/0","0/0","0/0","0/0","0/0","0/0","0/0","0/0","0/0","0/0","0/0","0/0","0/0","0/0","0/0","0/0","0/0","0/0","0/0","0/0","0/0","0/0","0/0","0/0","0/0","0/0","0/0","0/0","0/0","0/0","0/0","0/0","0/0","0/0","0/0","0/0","0/0"
"chr1:146672829_CT/C_FMO5","0/0","0/0","0/0","0/0","0/0","0/0","0/0","0/0","0/0","0/0","0/0","0/0","0/0","0/0","0/0","0/0","0/0","0/0","0/0","0/0","0/0","0/1","0/0","0/0","0/0","0/0","0/0","0/0","0/0","0/0","0/0","0/0","0/0","0/0","0/0","0/0","0/0","0/0","0/0","0/0","0/0","0/0","0/0","0/0","0/0","0/0","0/0","0/0","0/0","0/0","0/0","0/0","0/0","0/0","0/0","0/0","0/0","0/0","0/0","0/0","0/0","0/0","0/0","0/0","0/0","0/0","0/0","0/0","0/0","0/0","0/0","0/0","0/0","0/0","0/0","0/0","0/0","0/0","0/0","0/0","0/0","0/0","0/0","0/0","0/0","0/0","0/0","0/0","0/0","0/0","0/0","0/0","0/0","0/0","0/0","0/0","0/0","0/0","0/0","0/0","0/0","0/0","0/0","0/0","0/0","0/0","0/0","0/0","0/0","0/0","0/0","0/0","0/0","0/0","0/0","0/0","0/0","0/0","0/0","0/0","0/0","0/0","0/0","0/0","0/0","0/0","0/0","0/0","0/0","0/0","0/0","0/0","0/0","0/0","0/0","0/0","0/0","0/0","0/0","0/0","0/0","0/0","0/0","0/0","0/0","0/0","0/0","0/0","0/0","0/0","0/0","0/0","0/0"
"chr1:146672834_CAGG/C_FMO5","0/0","0/0","0/0","0/0","0/0","0/0","0/0","0/0","0/0","0/0","0/0","0/0","0/0","0/0","0/0","0/0","0/0","0/0","0/0","0/0","0/0","0/1","0/0","0/0","0/0","0/0","0/0","0/0","0/0","0/0","0/0","0/0","0/0","0/0","0/0","0/0","0/0","0/0","0/0","0/0","0/0","0/0","0/0","0/0","0/0","0/0","0/0","0/0","0/0","0/0","0/0","0/0","0/0","0/0","0/0","0/0","0/0","0/0","0/0","0/0","0/0","0/0","0/0","0/0","0/0","0/0","0/0","0/0","0/0","0/0","0/0","0/0","0/0","0/0","0/0","0/0","0/0","0/0","0/0","0/0","0/0","0/0","0/0","0/0","0/0","0/0","0/0","0/0","0/0","0/0","0/0","0/0","0/0","0/0","0/0","0/0","0/0","0/0","0/0","0/0","0/0","0/0","0/0","0/0","0/0","0/0","0/0","0/0","0/0","0/0","0/0","0/0","0/0","0/0","0/0","0/0","0/0","0/0","0/0","0/0","0/0","0/0","0/0","0/0","0/0","0/0","0/0","0/0","0/0","0/0","0/0","0/0","0/0","0/0","0/0","0/0","0/0","0/0","0/0","0/0","0/0","0/0","0/0","0/0","0/0","0/0","0/0","0/0","0/0","0/0","0/0","0/0","0/0"
"chr1:146672838_TTA/T_FMO5","0/0","0/0","0/0","0/0","0/0","0/0","0/0","0/0","0/0","0/0","0/0","0/0","0/0","0/0","0/0","0/0","0/0","0/0","0/0","0/0","0/0","0/1","0/0","0/0","0/0","0/0","0/0","0/0","0/0","0/0","0/0","0/0","0/0","0/0","0/0","0/0","0/0","0/0","0/0","0/0","0/0","0/0","0/0","0/0","0/0","0/0","0/0","0/0","0/0","0/0","0/0","0/0","0/0","0/0","0/0","0/0","0/0","0/0","0/0","0/0","0/0","0/0","0/0","0/0","0/0","0/0","0/0","0/0","0/0","0/0","0/0","0/0","0/0","0/0","0/0","0/0","0/0","0/0","0/0","0/0","0/0","0/0","0/0","0/0","0/0","0/0","0/0","0/0","0/0","0/0","0/0","0/0","0/0","0/0","0/0","0/0","0/0","0/0","0/0","0/0","0/0","0/0","0/0","0/0","0/0","0/0","0/0","0/0","0/0","0/0","0/0","0/0","0/0","0/0","0/0","0/0","0/0","0/0","0/0","0/0","0/0","0/0","0/0","0/0","0/0","0/0","0/0","0/0","0/0","0/0","0/0","0/0","0/0","0/0","0/0","0/0","0/0","0/0","0/0","0/0","0/0","0/0","0/0","0/0","0/0","0/0","0/0","0/0","0/0","0/0","0/0","0/0","0/0"
"chr1:147090981_GC/G_BCL9","0/0","0/0","0/0","0/0","0/0","0/0","0/0","0/0","0/0","0/0","0/0","0/0","0/0","0/0","0/0","0/0","0/0","0/0","0/0","0/0","0/0","0/0","0/0","0/0","0/0","0/0","0/0","0/0","0/0","0/0","0/0","0/0","0/0","0/0","0/0","0/0","0/1","0/0","0/0","0/0","0/0","0/0","0/0","0/0","0/0","0/0","0/0","0/0","0/0","0/0","0/0","0/0","0/0","0/0","0/0","0/0","0/0","0/0","0/0","0/0","0/0","0/0","0/0","0/0","0/0","0/0","0/0","0/0","0/0","0/0","0/0","0/0","0/0","0/0","0/0","0/0","0/0","0/0","0/0","0/0","0/0","0/0","0/0","0/0","0/0","0/0","0/0","0/0","0/0","0/0","0/0","0/0","0/0","0/0","0/0","0/0","0/0","0/0","0/0","0/0","0/0","0/0","0/0","0/0","0/0","0/0","0/0","0/0","0/0","0/0","0/0","0/0","0/0","0/0","0/0","0/0","0/0","0/0","0/0","0/0","0/0","0/0","0/0","0/0","0/0","0/0","0/0","0/0","0/0","0/0","0/0","0/0","0/0","0/0","0/0","0/0","0/0","0/0","0/0","0/0","0/0","0/0","0/0","0/0","0/0","0/0","0/0","0/0","0/0","0/0","0/0","0/0","0/0"
"chr1:147092237_CT/C_BCL9","0/0","0/0","0/0","0/0","0/0","0/0","0/0","0/0","0/0","0/0","0/0","0/0","0/0","0/0","0/0","0/0","0/0","0/0","0/0","0/0","0/0","0/0","0/0","0/0","0/0","0/0","0/0","0/0","0/0","0/0","0/0","0/0","0/0","0/0","0/0","0/0","0/0","0/0","0/0","0/0","0/0","0/0","0/0","0/0","0/0","0/0","0/0","0/0","0/0","0/0","0/0","0/0","0/0","0/0","0/0","0/0","0/0","0/0","0/0","0/0","0/0","0/0","0/0","0/0","0/0","0/0","0/0","0/0","0/0","0/0","0/0","0/0","0/0","0/0","0/0","0/0","0/0","0/0","0/0","0/0","0/0","0/0","0/0","0/0","0/0","0/0","0/0","0/0","0/0","0/0","0/0","0/0","0/0","0/0","0/0","0/0","0/1","0/0","0/0","0/0","0/0","0/0","0/0","0/0","0/0","0/0","0/0","0/0","0/0","0/0","0/0","0/0","0/0","0/0","0/0","0/0","0/0","0/0","0/0","0/0","0/0","0/0","0/0","0/0","0/0","0/0","0/0","0/0","0/0","0/0","0/0","0/0","0/0","0/0","0/0","0/0","0/0","0/0","0/0","0/0","0/0","0/0","0/0","0/0","0/0","0/0","0/0","0/0","0/0","0/0","0/0","0/0","0/0"
"chr1:147092658_A/AGCT_BCL9","0/0","0/0","0/0","0/0","0/0","0/0","0/0","0/0","0/0","0/0","0/0","0/0","0/0","0/0","0/0","0/0","0/0","0/0","0/0","0/0","0/0","0/0","0/0","0/0","0/0","0/0","0/0","0/0","0/0","0/0","0/0","0/1","0/0","0/0","0/0","0/0","0/0","0/0","0/0","0/0","0/0","0/0","0/0","0/0","0/0","0/0","0/0","0/0","0/0","0/0","0/0","0/0","0/0","0/0","0/0","0/0","0/0","0/0","0/0","0/0","0/0","0/0","0/0","0/0","0/0","0/0","0/0","0/0","0/0","0/0","0/0","0/0","0/0","0/0","0/0","0/0","0/0","0/1","0/1","0/0","0/0","0/0","0/0","0/0","0/0","0/0","0/0","0/0","0/0","0/0","0/0","0/0","0/0","0/0","0/0","0/0","0/0","0/0","0/0","0/0","0/0","0/0","0/0","0/0","0/0","0/0","0/0","0/0","0/0","0/0","0/0","0/0","0/0","0/0","0/0","0/0","0/0","0/0","0/0","0/0","0/0","0/0","0/0","0/0","0/0","0/0","0/0","0/0","0/0","0/0","0/0","0/0","0/0","0/0","0/0","0/0","0/0","0/0","0/0","0/0","0/0","0/0","0/0","0/0","0/0","0/0","0/0","0/0","0/0","0/0","0/0","0/0","0/0"
"chr1:149859242_CTTG/C_HIST2H2AB","0/0","0/0","0/0","0/0","0/0","0/0","0/0","0/0","0/0","0/0","0/0","0/0","0/0","0/0","0/0","0/0","0/0","0/0","0/0","0/0","0/0","0/0","0/0","0/0","0/0","0/0","0/0","0/0","0/0","0/0","0/0","0/0","0/1","0/0","0/0","0/0","0/0","0/0","0/0","0/0","0/0","0/0","0/0","0/0","0/0","0/0","0/0","0/0","0/0","0/0","0/0","0/0","0/0","0/0","0/0","0/0","0/0","0/0","0/0","0/0","0/0","0/0","0/0","0/0","0/0","0/0","0/0","0/0","0/0","0/0","0/0","0/0","0/0","0/0","0/0","0/0","0/0","0/0","0/0","0/0","0/0","0/0","0/0","0/0","0/0","0/0","0/0","0/0","0/0","0/0","0/0","0/0","0/0","0/0","0/0","0/0","0/0","0/0","0/0","0/0","0/0","0/0","0/0","0/0","0/0","0/0","0/0","0/0","0/0","0/0","0/0","0/0","0/0","0/0","0/0","0/0","0/0","0/0","0/0","0/0","0/0","0/0","0/0","0/0","0/0","0/0","0/0","0/0","0/0","0/0","0/0","0/0","0/0","0/0","0/0","0/0","0/0","0/0","0/0","0/0","0/0","0/0","0/0","0/0","0/0","0/0","0/0","0/0","0/0","0/0","0/0","0/0","0/0"
"chr1:149871962_ACT/A_BOLA1","0/0","0/0","0/0","0/0","0/0","0/0","0/0","0/0","0/0","0/0","0/0","0/0","0/0","0/0","0/0","0/0","0/0","0/0","0/0","0/0","0/0","0/0","0/0","0/0","0/0","0/0","0/0","0/0","0/0","0/0","0/0","0/0","0/0","0/0","0/0","0/0","0/0","0/0","0/0","0/0","0/0","0/0","0/0","0/0","0/0","0/0","0/0","0/0","0/0","0/0","0/0","0/0","0/0","0/0","0/0","0/0","0/0","0/0","0/0","0/0","0/0","0/0","0/0","0/0","0/0","0/0","0/0","0/0","0/0","0/0","0/0","0/0","0/0","0/0","0/0","0/0","0/0","0/1","0/1","0/0","0/0","0/0","0/0","0/0","0/0","0/0","0/0","0/0","0/0","0/0","0/0","0/0","0/0","0/0","0/0","0/0","0/0","0/0","0/0","0/0","0/0","0/0","0/0","0/0","0/0","0/0","0/0","0/0","0/0","0/0","0/0","0/0","0/0","0/0","0/0","0/0","0/0","0/0","0/0","0/0","0/0","0/0","0/0","0/0","0/0","0/0","0/0","0/0","0/0","0/0","0/0","0/0","0/0","0/0","0/0","0/0","0/0","0/0","0/0","0/0","0/0","0/0","0/0","0/0","0/0","0/0","0/0","0/0","0/0","0/0","0/0","0/0","0/0"
"chr1:149895561_TG/T_SF3B4","0/0","0/0","0/0","0/0","0/0","0/0","0/0","0/0","0/0","0/0","0/0","0/0","0/0","0/0","0/0","0/0","0/0","0/0","0/0","0/0","0/0","0/0","0/0","0/0","0/0","0/0","0/0","0/0","0/0","0/0","0/0","0/1","0/0","0/0","0/0","0/0","0/0","0/0","0/0","0/0","0/0","0/0","0/0","0/0","0/0","0/0","0/0","0/0","0/0","0/0","0/0","0/0","0/0","0/0","0/0","0/0","0/0","0/0","0/0","0/0","0/0","0/0","0/0","0/0","0/0","0/0","0/0","0/0","0/0","0/0","0/0","0/0","0/0","0/0","0/0","0/0","0/0","0/0","0/0","0/0","0/0","0/0","0/0","0/0","0/0","0/0","0/0","0/0","0/0","0/0","0/0","0/0","0/0","0/0","0/0","0/0","0/0","0/0","0/0","0/0","0/0","0/0","0/0","0/0","0/0","0/0","0/0","0/0","0/0","0/0","0/0","0/0","0/0","0/0","0/0","0/0","0/0","0/0","0/0","0/0","0/0","0/0","0/0","0/0","0/0","0/0","0/0","0/0","0/0","0/0","0/0","0/0","0/0","0/0","0/0","0/0","0/0","0/0","0/0","0/0","0/0","0/0","0/0","0/0","0/0","0/0","0/0","0/0","0/0","0/0","0/0","0/0","0/0"
"chr1:150445723_TCA/T_RPRD2","0/0","0/0","0/0","0/0","0/0","0/0","0/0","0/0","0/0","0/0","0/0","0/0","0/0","0/0","0/0","0/0","0/0","0/0","0/0","0/0","0/0","0/0","0/0","0/0","0/0","0/0","0/0","0/0","0/0","0/0","0/0","0/0","0/0","0/0","0/0","0/0","0/0","0/0","0/0","0/0","0/0","0/0","0/0","0/0","0/0","0/0","0/0","0/0","0/0","0/0","0/0","0/0","0/0","0/0","0/0","0/0","0/0","0/0","0/0","0/0","0/0","0/0","0/0","0/0","0/0","0/0","0/0","0/0","0/0","0/0","0/0","0/0","0/0","0/0","0/0","0/0","0/0","0/0","0/0","0/0","0/0","0/0","0/0","0/0","0/0","0/0","0/0","0/0","0/0","0/0","0/0","0/0","0/0","0/0","0/0","0/0","0/0","0/0","0/0","0/0","0/0","0/0","0/0","0/0","0/0","0/0","0/0","0/0","0/0","0/0","0/0","0/0","0/0","0/0","0/0","0/1","0/0","0/0","0/0","0/0","0/0","0/0","0/0","0/0","0/0","0/0","0/0","0/0","0/0","0/0","0/0","0/0","0/0","0/0","0/0","0/0","0/0","0/0","0/0","0/0","0/0","0/0","0/0","0/0","0/0","0/0","0/0","0/0","0/0","0/0","0/0","0/0","0/0"
"chr1:150485879_AG/A_ECM1","0/0","0/0","0/0","0/0","0/0","0/0","0/0","0/0","0/0","0/0","0/0","0/0","0/0","0/0","0/0","0/0","0/0","0/0","0/0","0/0","0/0","0/0","0/0","0/0","0/0","0/0","0/0","0/0","0/0","0/0","0/0","0/1","0/0","0/0","0/0","0/0","0/0","0/0","0/0","0/0","0/0","0/0","0/0","0/0","0/0","0/0","0/0","0/0","0/0","0/0","0/0","0/0","0/0","0/0","0/0","0/0","0/0","0/0","0/0","0/0","0/0","0/0","0/0","0/0","0/0","0/0","0/0","0/0","0/0","0/0","0/0","0/0","0/0","0/0","0/0","0/0","0/0","0/0","0/0","0/0","0/0","0/0","0/0","0/0","0/0","0/0","0/0","0/0","0/0","0/0","0/0","0/0","0/0","0/0","0/0","0/0","0/0","0/0","0/0","0/0","0/0","0/0","0/0","0/0","0/0","0/0","0/0","0/0","0/0","0/0","0/0","0/0","0/0","0/0","0/0","0/0","0/0","0/0","0/0","0/0","0/0","0/0","0/0","0/0","0/0","0/0","0/0","0/0","0/0","0/0","0/0","0/0","0/0","0/0","0/0","0/0","0/0","0/0","0/0","0/0","0/0","0/0","0/0","0/0","0/0","0/0","0/0","0/0","0/0","0/0","0/0","0/0","0/0"
"chr1:150530505_TG/T_ADAMTSL4","0/0","0/0","0/0","0/0","0/0","0/0","0/0","0/0","0/0","0/0","0/0","0/0","0/0","0/0","0/0","0/0","0/0","0/0","0/0","0/0","0/0","0/0","0/0","0/0","0/0","0/0","0/0","0/0","0/0","0/0","0/0","0/1","0/0","0/0","0/0","0/0","0/0","0/0","0/0","0/0","0/0","0/0","0/0","0/0","0/0","0/0","0/0","0/0","0/0","0/0","0/0","0/0","0/0","0/0","0/0","0/0","0/0","0/0","0/0","0/0","0/0","0/0","0/0","0/0","0/0","0/0","0/0","0/0","0/0","0/0","0/0","0/0","0/0","0/0","0/0","0/0","0/0","0/0","0/0","0/0","0/0","0/0","0/0","0/0","0/0","0/0","0/0","0/0","0/0","0/0","0/0","0/0","0/0","0/0","0/0","0/0","0/0","0/0","0/0","0/0","0/0","0/0","0/0","0/0","0/0","0/0","0/0","0/0","0/0","0/0","0/0","0/0","0/0","0/0","0/0","0/0","0/0","0/0","0/0","0/0","0/0","0/0","0/0","0/0","0/0","0/0","0/0","0/0","0/0","0/0","0/0","0/0","0/0","0/0","0/0","0/0","0/0","0/0","0/0","0/0","0/0","0/0","0/0","0/0","0/0","0/0","0/0","0/0","0/0","0/0","0/0","0/0","0/0"
"chr1:150727474_CACTT/C_CTSS","0/0","0/0","0/0","0/0","0/0","0/0","0/0","0/0","0/0","0/0","0/0","0/0","0/0","0/0","0/0","0/0","0/0","0/0","0/0","0/0","0/0","0/0","0/0","0/0","0/0","0/0","0/0","0/0","0/0","0/0","0/0","0/0","0/0","0/0","0/0","0/0","0/1","0/0","0/0","0/0","0/0","0/0","0/0","0/0","0/0","0/0","0/0","0/0","0/0","0/0","0/0","0/0","0/0","0/0","0/0","0/0","0/0","0/0","0/0","0/0","0/0","0/0","0/0","0/0","0/0","0/0","0/0","0/0","0/0","0/0","0/0","0/0","0/0","0/0","0/0","0/0","0/0","0/0","0/0","0/0","0/0","0/0","0/0","0/0","0/0","0/0","0/0","0/0","0/0","0/0","0/0","0/0","0/0","0/0","0/0","0/0","0/0","0/0","0/0","0/0","0/0","0/0","0/0","0/0","0/0","0/0","0/0","0/0","0/0","0/0","0/0","0/0","0/0","0/0","0/0","0/0","0/0","0/0","0/0","0/0","0/0","0/0","0/0","0/0","0/0","0/0","0/0","0/0","0/0","0/0","0/0","0/0","0/0","0/0","0/0","0/0","0/0","0/0","0/0","0/0","0/0","0/0","0/0","0/0","0/0","0/0","0/0","0/0","0/0","0/0","0/0","0/0","0/0"
"chr1:150933381_AC/A_SETDB1","0/0","0/0","0/0","0/0","0/0","0/0","0/0","0/0","0/0","0/0","0/0","0/0","0/0","0/0","0/0","0/0","0/0","0/0","0/0","0/0","0/0","0/0","0/0","0/0","0/0","0/0","0/0","0/0","0/0","0/0","0/0","0/0","0/0","0/0","0/0","0/0","0/1","0/0","0/0","0/0","0/0","0/0","0/0","0/0","0/0","0/0","0/0","0/0","0/0","0/0","0/0","0/0","0/0","0/0","0/0","0/0","0/0","0/0","0/0","0/0","0/0","0/0","0/0","0/0","0/0","0/0","0/0","0/0","0/0","0/0","0/0","0/0","0/0","0/0","0/0","0/0","0/0","0/0","0/0","0/0","0/0","0/0","0/0","0/0","0/0","0/0","0/0","0/0","0/0","0/0","0/0","0/0","0/0","0/0","0/0","0/0","0/0","0/0","0/0","0/0","0/0","0/0","0/0","0/0","0/0","0/0","0/0","0/0","0/0","0/0","0/0","0/0","0/0","0/0","0/0","0/0","0/0","0/0","0/0","0/0","0/0","0/0","0/0","0/0","0/0","0/0","0/0","0/0","0/0","0/0","0/0","0/0","0/0","0/0","0/0","0/0","0/0","0/0","0/0","0/0","0/0","0/0","0/0","0/0","0/0","0/0","0/0","0/0","0/0","0/0","0/0","0/0","0/0"
"chr1:151774032_AG/A_LINGO4","0/0","0/0","0/0","0/0","0/0","0/0","0/0","0/0","0/0","0/0","0/0","0/0","0/0","0/0","0/0","0/0","0/0","0/0","0/0","0/0","0/0","0/0","0/0","0/0","0/0","0/0","0/0","0/0","0/0","0/0","0/0","0/0","0/0","0/0","0/0","0/0","0/1","0/0","0/0","0/0","0/0","0/0","0/0","0/0","0/0","0/0","0/0","0/0","0/0","0/0","0/0","0/0","0/0","0/0","0/0","0/0","0/0","0/0","0/0","0/0","0/0","0/0","0/0","0/0","0/0","0/0","0/0","0/0","0/0","0/0","0/0","0/0","0/0","0/0","0/0","0/0","0/0","0/0","0/0","0/0","0/0","0/0","0/0","0/0","0/0","0/0","0/0","0/0","0/0","0/0","0/0","0/0","0/0","0/0","0/0","0/0","0/0","0/0","0/0","0/0","0/0","0/0","0/0","0/0","0/0","0/0","0/0","0/0","0/0","0/0","0/0","0/0","0/0","0/0","0/0","0/0","0/0","0/0","0/0","0/0","0/0","0/0","0/0","0/0","0/0","0/0","0/0","0/0","0/0","0/0","0/0","0/0","0/0","0/0","0/0","0/0","0/0","0/0","0/0","0/0","0/0","0/0","0/0","0/0","0/0","0/0","0/0","0/0","0/0","0/0","0/0","0/0","0/0"
"chr1:152284603_G/GCC_FLG","0/0","0/0","0/0","0/0","0/0","0/0","0/0","0/0","0/0","0/0","0/0","0/0","0/0","0/0","0/0","0/0","0/0","0/0","0/0","0/0","0/0","0/0","0/0","0/0","0/0","0/0","0/0","0/0","0/0","0/0","0/0","0/0","0/0","0/0","0/0","0/0","0/0","0/0","0/0","0/0","0/0","0/0","0/0","0/0","0/0","0/0","0/0","0/0","0/0","0/0","0/0","0/0","0/0","0/0","0/1","0/0","0/0","0/0","0/0","0/0","0/0","0/0","0/0","0/0","0/0","0/0","0/0","0/0","0/0","0/0","0/0","0/0","0/0","0/0","0/0","0/0","0/0","0/0","0/0","0/0","0/0","0/0","0/0","0/0","0/0","0/0","0/0","0/0","0/0","0/0","0/0","0/0","0/0","0/0","0/0","0/0","0/0","0/0","0/0","0/0","0/0","0/0","0/0","0/0","0/0","0/0","0/0","0/0","0/0","0/0","0/0","0/0","0/0","0/0","0/0","0/0","0/0","0/0","0/1","0/0","0/1","0/0","0/0","0/0","0/0","0/0","0/0","0/0","0/0","0/0","0/0","0/0","0/0","0/0","0/0","0/0","0/0","0/0","0/0","0/0","0/0","0/0","0/0","0/1","0/1","0/1","0/0","0/0","0/0","0/0","0/0","0/0","0/0"
"chr1:152284605_ATG/A_FLG","0/0","0/0","0/0","0/0","0/0","0/0","0/0","0/0","0/0","0/0","0/0","0/0","0/0","0/0","0/0","0/0","0/0","0/0","0/0","0/0","0/0","0/0","0/0","0/0","0/0","0/0","0/0","0/0","0/0","0/0","0/0","0/0","0/0","0/0","0/0","0/0","0/0","0/0","0/0","0/0","0/0","0/0","0/0","0/0","0/0","0/0","0/0","0/0","0/0","0/0","0/0","0/0","0/0","0/0","0/1","0/0","0/0","0/0","0/0","0/0","0/0","0/0","0/0","0/0","0/0","0/0","0/0","0/0","0/0","0/0","0/0","0/0","0/0","0/0","0/0","0/0","0/0","0/0","0/0","0/0","0/0","0/0","0/0","0/0","0/0","0/0","0/0","0/0","0/0","0/0","0/0","0/0","0/0","0/0","0/0","0/0","0/0","0/0","0/0","0/0","0/0","0/0","0/0","0/0","0/0","0/0","0/0","0/0","0/0","0/0","0/0","0/0","0/0","0/0","0/0","0/0","0/0","0/0","0/1","0/0","0/1","0/0","0/0","0/0","0/0","0/0","0/0","0/0","0/0","0/0","0/0","0/0","0/0","0/0","0/0","0/0","0/0","0/0","0/0","0/0","0/0","0/0","0/0","0/1","0/1","0/1","0/0","0/0","0/0","0/0","0/0","0/0","0/0"
"chr1:152487991_G/GGGCTGCTGCGGCGACTCA_CRCT1","0/0","0/0","0/0","0/0","0/0","0/0","0/0","0/0","0/0","0/0","0/0","0/0","0/0","0/0","0/0","0/0","0/0","0/0","0/0","0/0","0/0","0/0","0/0","0/0","0/0","0/0","0/0","0/0","0/0","0/0","0/0","0/0","0/0","0/0","0/0","0/0","0/0","0/0","0/0","0/0","0/0","0/0","0/0","0/0","0/0","0/0","0/0","0/0","0/0","0/0","0/0","0/0","0/0","0/0","0/1","0/0","0/0","0/0","0/0","0/0","0/0","0/0","0/0","0/0","0/0","0/0","0/0","0/0","0/0","0/0","0/0","0/0","0/0","0/0","0/0","0/0","0/0","0/0","0/0","0/0","0/0","0/0","0/0","0/0","0/0","0/0","0/0","0/0","0/0","0/0","0/0","0/0","0/0","0/0","0/0","0/0","0/0","0/0","0/0","0/0","0/0","0/0","0/0","0/0","0/0","0/0","0/0","0/0","0/0","0/0","0/0","0/0","0/0","0/0","0/0","0/0","0/0","0/0","0/0","0/0","0/0","0/0","0/0","0/0","0/0","0/0","0/0","0/0","0/0","0/0","0/0","0/0","0/0","0/0","0/0","0/0","0/0","0/0","0/0","0/0","0/0","0/0","0/0","0/0","0/0","0/0","0/0","0/0","0/0","0/0","0/0","0/0","0/0"
"chr1:152681680_C/CAGCTCTGGGGGCTGCTGT_LCE4A","0/0","0/0","0/0","0/1","0/1","0/1","0/0","0/0","0/0","0/0","0/0","0/1","0/1","0/1","0/1","1/1","0/1","0/1","0/0","0/1","1/1","0/0","0/1","0/1","0/1","1/1","0/1","0/1","0/0","1/1","1/1","1/1","0/1","0/1","1/1","0/1","0/1","1/1","0/0","0/1","1/1","0/1","1/1","0/1","1/1","0/1","0/1","0/1","0/1","1/1","0/1","0/1","0/0","0/1","1/1","0/1","1/1","0/1","1/1","0/1","0/1","1/1","1/1","0/1","0/1","1/1","1/1","0/0","0/0","1/1","1/1","0/1","0/1","1/1","1/1","0/1","0/1","0/1","0/1","0/1","0/1","0/0","0/1","0/1","0/1","0/1","0/1","1/1","0/0","0/0","0/1","1/1","1/1","0/1","0/1","0/1","1/1","0/0","1/1","1/1","1/1","1/1","1/1","1/1","1/1","0/0","0/0","0/0","0/0","1/1","0/1","0/1","0/1","1/1","1/1","0/1","0/1","0/1","0/1","0/1","0/1","0/1","0/1","0/1","1/1","1/1","1/1","1/1","0/1","0/1","0/1","1/1","0/1","1/1","0/1","0/1","1/1","1/1","1/1","0/1","1/1","1/1","1/1","1/1","1/1","1/1","0/1","0/1","0/1","0/1","0/1","0/1","0/1"
"chr1:152681689_G/GGGCTGCTGTAGCTCTGGC_LCE4A","0/0","0/0","0/0","0/1","0/0","0/0","1/1","1/1","1/1","0/0","0/0","0/1","0/0","0/1","0/0","0/0","0/1","0/1","0/1","0/1","0/0","0/0","0/0","0/1","0/0","0/0","0/0","0/0","0/1","0/0","0/0","0/0","0/0","0/0","0/0","0/1","0/0","0/0","0/0","0/0","0/0","0/0","0/0","0/1","0/0","0/0","0/1","0/0","0/0","0/0","0/1","0/1","0/0","0/0","0/0","0/0","0/0","0/0","0/0","0/0","0/0","0/0","0/0","0/0","0/0","0/0","0/0","0/1","0/1","0/0","0/0","0/0","0/0","0/0","0/0","0/1","0/1","0/0","0/0","0/0","0/0","0/0","0/1","0/0","0/0","0/1","0/1","0/0","0/1","0/1","0/0","0/0","0/0","0/1","0/1","0/0","0/0","0/1","0/0","0/0","0/0","0/0","0/0","0/0","0/0","0/0","0/0","1/1","1/1","0/0","0/1","0/0","0/0","0/0","0/0","0/1","0/1","0/0","0/0","0/0","0/0","0/0","0/1","0/0","0/0","0/0","0/0","0/0","0/1","0/1","0/1","0/0","0/0","0/0","0/0","0/0","0/0","0/0","0/0","0/0","0/0","0/0","0/0","0/0","0/0","0/0","0/0","0/0","0/0","0/0","0/0","0/0","0/0"
"chr1:152732677_AC/A_KPRP","0/0","0/0","0/0","0/0","0/0","0/0","0/0","0/0","0/0","0/0","0/0","0/0","0/0","0/0","0/0","0/0","0/0","0/0","0/0","0/0","0/0","0/0","0/0","0/0","0/0","0/0","0/0","0/0","0/0","0/0","0/0","0/0","0/0","0/0","0/0","0/0","0/1","0/0","0/0","0/0","0/0","0/0","0/0","0/0","0/0","0/0","0/0","0/0","0/0","0/0","0/0","0/0","0/0","0/0","0/0","0/0","0/0","0/0","0/0","0/0","0/0","0/0","0/0","0/0","0/0","0/0","0/0","0/0","0/0","0/0","0/0","0/0","0/0","0/0","0/0","0/0","0/0","0/0","0/0","0/0","0/0","0/0","0/0","0/0","0/0","0/0","0/0","0/0","0/0","0/0","0/0","0/0","0/0","0/0","0/0","0/0","0/0","0/0","0/0","0/0","0/0","0/0","0/0","0/0","0/0","0/0","0/0","0/0","0/0","0/0","0/0","0/0","0/0","0/0","0/0","0/0","0/0","0/0","0/0","0/0","0/0","0/0","0/0","0/0","0/0","0/0","0/0","0/0","0/0","0/0","0/0","0/0","0/0","0/0","0/0","0/0","0/0","0/0","0/0","0/0","0/0","0/0","0/0","0/0","0/0","0/0","0/0","0/0","0/0","0/0","0/0","0/0","0/0"
"chr1:152799997_AC/A_LCE1A","0/0","0/0","0/0","0/0","0/0","0/0","0/0","0/0","0/0","0/0","0/0","0/0","0/0","0/0","0/0","0/0","0/0","0/0","0/0","0/0","0/0","0/0","0/0","0/0","0/0","0/0","0/0","0/0","0/0","0/0","0/0","0/0","0/0","0/0","0/0","0/0","0/0","0/0","0/0","0/0","0/0","0/0","0/0","0/0","0/0","0/0","0/0","0/0","0/0","0/0","0/0","0/0","0/0","0/0","0/0","0/0","0/0","0/0","0/0","0/0","0/0","0/0","0/0","0/0","0/0","0/0","0/0","0/0","0/0","0/0","0/0","0/0","0/0","0/0","0/0","0/0","0/0","0/0","0/0","0/0","0/0","0/0","0/0","0/0","0/0","0/1","0/1","0/0","0/0","0/0","0/0","0/0","0/0","0/0","0/0","0/0","0/0","0/0","0/0","0/0","0/0","0/0","0/0","0/0","0/0","0/0","0/0","0/0","0/0","0/0","0/0","0/0","0/0","0/0","0/0","0/0","0/0","0/0","0/0","0/0","0/0","0/0","0/0","0/0","0/0","0/0","0/0","0/0","0/0","0/0","0/0","0/0","0/0","0/0","0/0","0/0","0/0","0/0","0/0","0/0","0/0","0/0","0/0","0/0","0/0","0/0","0/0","0/0","0/0","0/0","0/0","0/0","0/0"
"chr1:153233488_CGGCGGT/CGGCGGTGGCGGT_LOR","0/0","0/0","0/0","0/0","0/0","0/0","0/0","0/0","0/0","0/0","0/0","0/0","0/0","0/0","0/0","0/0","0/0","0/0","0/0","0/0","0/0","0/0","0/0","0/1","0/0","0/0","0/0","0/0","0/1","0/0","0/0","0/0","0/0","0/0","0/1","0/0","0/2","0/0","0/1","0/0","0/0","0/0","0/0","0/0","0/0","0/1","0/1","0/1","0/0","0/0","0/0","0/0","0/0","0/0","0/1","0/0","0/0","0/0","0/1","0/0","0/0","0/0","0/0","0/1","0/1","0/0","0/0","0/0","0/0","0/0","0/0","0/0","0/0","0/0","0/0","0/0","0/0","0/0","0/0","0/1","0/1","0/0","0/0","0/0","0/0","0/0","0/0","0/0","0/1","0/1","0/1","0/0","0/0","0/0","0/0","0/1","0/0","0/0","0/0","0/0","0/0","0/0","0/0","0/0","0/0","0/0","0/0","0/0","0/0","0/0","0/0","0/1","0/1","0/0","0/0","0/0","0/0","0/0","0/0","0/0","0/0","0/0","0/0","0/0","0/0","0/0","0/0","0/0","0/1","0/1","0/1","0/0","0/0","0/0","0/0","0/0","0/0","0/0","0/0","0/0","0/0","0/0","0/0","0/1","0/1","0/1","0/0","0/0","0/0","0/0","0/0","0/0","0/0"
"chr1:153390616_T/TA_S100A7A","0/0","0/0","0/0","0/0","0/0","0/0","0/0","0/0","0/0","0/0","0/0","0/0","0/0","0/0","0/0","0/0","0/0","0/0","0/0","0/0","0/0","0/0","0/0","0/0","0/0","0/0","0/0","0/0","0/0","0/0","0/0","0/0","0/0","0/0","0/0","0/0","0/0","0/0","0/0","0/0","0/0","0/0","0/0","0/0","0/0","0/0","0/0","0/0","0/0","0/0","0/0","0/0","0/0","0/0","0/0","0/0","0/0","0/0","0/0","0/0","0/0","0/0","0/0","0/0","0/0","0/0","0/0","0/0","0/0","0/0","0/0","0/0","0/0","0/0","0/0","0/0","0/0","0/0","0/0","0/0","0/0","0/0","0/0","0/0","0/0","0/0","0/0","0/0","0/0","0/0","0/0","0/0","0/0","0/0","0/0","0/0","0/0","0/1","0/0","0/0","0/0","0/0","0/0","0/0","0/0","0/0","0/0","0/0","0/0","0/0","0/0","0/0","0/0","0/0","0/0","0/0","0/0","0/0","0/0","0/0","0/0","0/0","0/0","0/0","0/0","0/0","0/0","0/0","0/0","0/0","0/0","0/0","0/0","0/0","0/0","0/0","0/0","0/0","0/0","0/0","0/0","0/0","0/0","0/0","0/0","0/0","0/0","0/0","0/0","0/0","0/0","0/0","0/0"
"chr1:153587795_CTGG/C_S100A14","0/0","0/0","0/0","0/0","0/0","0/0","0/0","0/0","0/0","0/0","0/0","0/0","0/0","0/0","0/0","0/0","0/0","0/0","0/0","0/0","0/0","0/0","0/1","0/0","0/0","0/0","0/0","0/0","0/0","0/0","0/0","0/0","0/0","0/0","0/0","0/0","0/0","0/0","0/0","0/0","0/0","0/0","0/0","0/0","0/0","0/0","0/0","0/1","0/0","0/0","0/0","0/0","0/0","0/0","0/0","0/0","0/0","0/0","0/0","0/0","0/0","0/0","0/0","0/0","0/0","0/0","0/0","0/0","0/0","0/0","0/0","0/0","0/0","0/0","0/0","0/0","0/0","0/0","0/0","0/0","0/0","0/0","0/0","0/0","0/0","0/0","0/0","0/0","0/1","0/1","0/0","0/0","0/0","0/0","0/0","0/0","0/0","0/0","0/0","0/0","0/0","0/0","0/0","0/0","0/0","0/0","0/0","0/0","0/0","0/0","0/0","0/0","0/0","0/0","0/0","0/0","0/0","0/0","0/0","0/0","0/0","0/0","0/0","0/0","0/0","0/0","0/0","0/0","0/0","0/0","0/0","0/0","0/0","0/0","0/0","0/0","0/0","0/0","0/0","0/0","0/0","0/0","0/0","0/0","0/0","0/0","0/0","0/0","0/0","0/0","0/0","0/0","0/0"
"chr1:153750653_G/GC_SLC27A3","0/0","0/0","0/0","0/0","0/0","0/0","0/0","0/0","0/0","0/0","0/0","0/0","0/0","0/0","0/0","0/0","0/0","0/0","0/0","0/0","0/0","0/0","0/0","0/0","0/0","0/0","0/0","0/0","0/0","0/0","0/0","0/0","0/0","0/0","0/0","0/0","0/0","0/0","0/0","0/0","0/1","0/0","0/0","0/0","0/0","0/0","0/0","0/0","0/0","0/0","0/0","0/0","0/0","0/0","0/0","0/0","0/0","0/0","0/0","0/0","0/0","0/0","0/0","0/0","0/0","0/0","0/0","0/0","0/0","0/0","0/0","0/0","0/0","0/0","0/0","0/0","0/0","0/0","0/0","0/0","0/0","0/0","0/0","0/0","0/0","0/0","0/0","0/0","0/0","0/0","0/0","0/0","0/0","0/0","0/0","0/0","0/0","0/0","0/0","0/0","0/0","0/0","0/0","0/0","0/0","0/0","0/0","0/0","0/0","0/0","0/0","0/0","0/0","0/0","0/0","0/0","0/0","0/0","0/0","0/0","0/0","0/0","0/0","0/0","0/0","0/0","0/0","0/0","0/0","0/0","0/0","0/0","0/0","0/0","0/0","0/0","0/0","0/0","0/0","0/0","0/0","0/0","0/0","0/0","0/0","0/0","0/0","0/0","0/0","0/0","0/0","0/0","0/0"
"chr1:153907305_G/GC_DENND4B","0/0","0/0","0/0","0/0","0/0","0/0","0/0","0/0","0/0","0/0","0/0","0/0","0/1","0/0","0/1","0/0","0/1","0/0","0/0","0/0","0/0","0/0","0/0","0/1","0/0","0/0","0/0","0/0","0/0","0/0","0/1","0/0","0/0","0/0","0/0","0/0","0/0","0/0","0/0","0/1","0/1","0/1","0/0","0/0","0/0","0/0","0/1","0/0","0/1","0/1","0/1","0/0","0/0","0/0","0/1","0/0","0/0","0/0","1/1","0/0","0/0","0/1","0/1","0/0","0/0","0/0","0/0","0/1","0/1","0/0","0/0","0/0","0/0","0/0","0/0","0/0","0/0","0/0","0/0","0/1","0/1","0/1","0/1","0/0","0/0","0/1","0/1","0/0","0/0","0/0","0/0","0/0","0/0","0/0","0/0","0/0","0/0","0/0","1/1","0/1","0/0","0/0","0/0","0/0","0/0","0/1","0/1","0/1","0/1","0/0","0/0","0/0","0/0","0/0","0/1","0/0","0/0","0/1","0/1","0/1","0/1","0/1","0/0","0/1","0/1","0/1","0/0","0/0","0/0","0/0","0/0","0/0","0/0","0/0","0/0","0/0","0/0","0/0","0/0","0/0","0/0","0/0","0/0","0/1","1/1","1/1","0/1","0/1","0/1","0/1","0/1","0/1","0/1"
"chr1:154842199_G/GGCTGCTGCT_KCNN3","1/2","2/3","2/3","1/3","2/3","2/3","3/4","4/4","4/4","2/4","2/3","1/2","2/2","2/3","3/4","3/4","3/3","3/5","2/4","3/4","3/4","2/3","1/4","2/3","3/4","2/3","2/2","1/2","2/2","3/4","3/4","2/3","3/3","3/4","2/3","3/3","0/4","3/4","2/4","3/4","1/2","2/3","2/3","2/2","2/3","2/3","3/5","3/4","2/4","3/4","3/4","0/2","3/4","3/4","3/3","3/6","3/4","2/4","2/3","3/6","2/3","2/3","3/4","3/4","3/4","3/4","2/3","2/2","1/2","3/3","4/4","4/6","4/6","3/4","3/4","3/4","4/4","3/4","4/4","3/3","3/3","3/4","3/4","2/3","2/3","3/4","3/3","3/5","4/4","4/4","3/4","2/6","2/2","2/3","2/2","3/4","3/5","3/4","0/2","1/2","4/4","3/4","0/4","3/4","2/3","3/3","1/3","3/4","3/4","3/4","2/3","2/3","3/3","1/2","3/3","3/4","3/4","2/3","2/3","2/3","3/3","2/3","3/4","2/3","3/3","3/4","1/2","1/2","3/4","3/4","3/4","3/4","2/3","3/4","2/3","2/3","3/4","3/4","0/3","0/3","0/3","3/4","3/4","2/3","2/3","2/3","3/4","4/4","3/4","3/4","3/4","3/4","3/4"
"chr1:154842330_TTGCTGCTGC/TTGCTGC_KCNN3","0/0","0/0","0/0","0/0","0/0","0/0","0/0","0/0","0/0","0/0","0/0","0/0","0/0","0/0","0/0","0/0","0/1","0/0","0/0","0/1","0/0","0/0","0/0","0/0","0/0","0/0","0/1","0/0","0/0","0/0","0/0","0/0","0/0","0/0","0/0","0/0","0/0","0/0","0/1","0/0","0/0","0/0","0/0","0/0","0/0","0/2","0/0","0/0","0/2","0/0","0/0","0/0","0/0","0/0","0/0","0/0","0/0","0/0","0/0","0/0","0/0","0/0","0/0","0/0","0/0","0/0","0/0","0/0","0/0","0/0","0/0","0/0","0/0","0/0","0/0","0/0","0/0","0/0","0/0","0/0","0/0","0/0","0/0","0/0","0/0","0/0","0/1","0/0","0/0","0/0","0/0","0/0","0/0","0/0","0/0","0/0","0/0","0/0","0/0","0/0","0/0","0/0","0/0","0/0","0/0","0/0","0/0","0/0","0/0","0/0","0/0","0/0","0/0","0/0","0/0","0/0","0/0","0/0","0/0","0/0","0/0","0/0","0/0","0/0","0/0","0/0","0/0","0/0","0/0","0/0","0/0","0/0","0/2","0/0","0/2","0/2","0/0","0/0","0/0","0/0","0/0","0/0","0/0","0/0","0/0","0/0","0/0","0/0","0/0","0/0","0/0","0/0","0/0"
"chr1:154931796_AGAG/A_PYGO2","0/0","0/0","0/0","0/0","0/0","0/0","0/0","0/0","0/0","0/0","0/0","0/0","0/0","0/0","0/0","0/0","0/0","0/0","0/0","0/0","0/0","0/0","0/0","0/0","0/0","0/0","0/0","0/0","0/0","0/0","0/0","0/0","0/0","0/0","0/0","0/0","0/0","0/0","0/0","0/0","0/0","0/0","0/0","0/0","0/0","0/0","0/1","0/0","0/0","0/0","0/0","0/0","0/0","0/0","0/0","0/0","0/0","0/0","0/0","0/0","0/0","0/0","0/0","0/0","0/0","0/0","0/0","0/0","0/0","0/0","0/0","0/0","0/0","0/0","0/0","0/0","0/0","0/0","0/0","0/0","0/0","0/0","0/0","0/0","0/0","0/0","0/0","0/0","0/0","0/0","0/0","0/0","0/0","0/0","0/0","0/0","0/0","0/0","0/0","0/0","0/0","0/0","0/0","0/0","0/0","0/0","0/0","0/0","0/0","0/0","0/0","0/0","0/0","0/0","0/0","0/0","0/0","0/0","0/0","0/0","0/0","0/0","0/0","0/0","0/0","0/0","0/0","0/0","0/0","0/0","0/0","0/0","0/0","0/0","0/0","0/0","0/0","0/0","0/0","0/0","0/0","0/0","0/0","0/0","0/0","0/0","0/0","0/0","0/0","0/0","0/0","0/0","0/0"
"chr1:155658033_C/CTT_YY1AP1","0/0","0/0","0/0","0/0","0/0","0/0","0/0","0/0","0/0","0/0","0/0","0/0","0/0","0/0","0/0","0/0","0/0","0/0","0/0","0/0","0/0","0/0","0/0","0/0","0/0","0/0","0/0","0/0","0/0","0/0","0/0","0/0","0/0","0/0","0/0","0/0","0/0","0/0","0/0","0/0","0/0","0/0","0/0","0/0","0/0","0/0","0/0","0/0","0/0","0/0","0/0","0/0","0/0","0/0","0/0","0/0","0/0","0/0","0/0","0/0","0/0","0/0","0/0","0/0","0/0","0/0","0/0","0/0","0/0","0/0","0/0","0/0","0/0","0/0","0/0","0/0","0/0","0/0","0/0","0/0","0/0","0/0","0/0","0/0","0/0","0/1","0/1","0/0","0/0","0/0","0/0","0/0","0/0","0/0","0/0","0/0","0/0","0/0","0/0","0/0","0/0","0/0","0/0","0/0","0/0","0/0","0/0","0/0","0/0","0/0","0/0","0/0","0/0","0/0","0/0","0/0","0/0","0/0","0/0","0/0","0/0","0/0","0/0","0/0","0/0","0/0","0/0","0/0","0/0","0/0","0/0","0/0","0/0","0/0","0/0","0/0","0/0","0/0","0/0","0/0","0/0","0/0","0/0","0/0","0/0","0/0","0/0","0/0","0/0","0/0","0/0","0/0","0/0"
"chr1:155658111_GGCGGCGGCA/G_YY1AP1","0/0","0/0","0/0","0/0","0/0","0/0","0/0","0/0","0/0","0/0","0/0","0/0","0/0","0/0","0/0","0/0","0/0","0/0","0/0","0/0","0/0","0/0","0/0","0/0","0/0","0/0","0/0","0/0","0/0","0/0","0/0","0/0","0/0","0/0","0/0","0/0","0/0","0/0","0/0","0/0","0/0","0/1","0/0","0/0","0/0","0/0","0/0","0/0","0/0","0/0","0/0","0/0","0/0","0/0","0/0","0/0","0/0","0/0","0/0","0/0","0/0","0/0","0/0","0/0","0/0","0/0","0/0","0/0","0/0","0/0","0/0","0/0","0/0","0/0","0/0","0/0","0/0","0/0","0/0","0/0","0/0","0/0","0/0","0/0","0/0","0/0","0/0","0/0","0/0","0/0","0/0","0/0","0/0","0/0","0/0","0/0","0/0","0/0","0/0","0/0","0/0","0/0","0/0","0/0","0/0","0/0","0/0","0/0","0/0","0/0","0/0","0/0","0/0","0/1","0/0","0/0","0/0","0/0","0/0","0/0","0/0","0/0","0/0","0/0","0/0","0/0","0/1","0/1","0/0","0/0","0/0","0/0","0/0","0/0","0/0","0/0","0/0","0/0","0/0","0/0","0/0","0/0","0/0","0/0","0/0","0/0","0/0","0/0","0/0","0/0","0/0","0/0","0/0"
"chr1:155707954_CAGA/C_DAP3","0/0","0/0","0/0","0/0","0/0","0/0","0/0","0/0","0/0","0/0","0/0","0/0","0/0","0/0","0/0","0/0","0/0","0/0","0/0","0/0","0/0","0/0","0/0","0/0","0/0","0/0","0/0","0/1","0/0","0/0","0/0","0/0","0/0","0/0","0/1","0/0","0/0","0/0","0/0","0/0","0/0","0/0","0/0","0/0","0/0","0/0","0/0","0/0","0/0","0/0","0/0","0/0","0/0","0/0","0/1","0/0","0/1","0/0","0/0","0/0","0/0","0/1","0/0","0/0","0/0","0/0","0/0","0/0","0/0","0/0","0/0","0/0","0/0","0/0","0/0","0/0","0/0","0/0","0/0","0/0","0/0","0/0","0/0","0/1","0/1","0/0","0/0","0/0","0/0","0/0","0/0","0/0","0/0","0/0","0/0","0/0","0/0","0/0","0/0","0/0","0/0","0/0","0/0","0/1","0/1","0/0","0/0","0/1","0/1","0/0","0/0","0/0","0/0","0/0","0/0","0/0","0/0","0/0","0/0","0/0","0/0","0/0","0/0","0/0","0/0","0/0","0/0","0/0","0/0","0/0","0/0","0/0","0/0","0/0","0/0","0/0","0/0","0/0","0/0","0/0","0/0","0/0","0/0","0/0","0/0","0/0","0/0","0/0","0/0","0/0","0/0","0/0","0/0"
"chr1:155886421_CCT/C_KIAA0907","0/0","0/0","0/0","0/0","0/0","0/0","0/0","0/0","0/0","0/0","0/0","0/0","0/0","0/0","0/0","0/0","0/0","0/0","0/0","0/0","0/0","0/0","0/0","0/0","0/0","0/0","0/0","0/0","0/0","0/0","0/0","0/0","0/0","0/0","0/0","0/0","0/1","0/0","0/0","0/0","0/0","0/0","0/0","0/0","0/0","0/0","0/0","0/0","0/0","0/0","0/0","0/0","0/0","0/0","0/0","0/0","0/0","0/0","0/0","0/0","0/0","0/0","0/0","0/0","0/0","0/0","0/0","0/0","0/0","0/0","0/0","0/0","0/0","0/0","0/0","0/0","0/0","0/0","0/0","0/0","0/0","0/0","0/0","0/0","0/0","0/0","0/0","0/0","0/0","0/0","0/0","0/0","0/0","0/0","0/0","0/0","0/0","0/0","0/0","0/0","0/0","0/0","0/0","0/0","0/0","0/0","0/0","0/0","0/0","0/0","0/0","0/0","0/0","0/0","0/0","0/0","0/0","0/0","0/0","0/0","0/0","0/0","0/0","0/0","0/0","0/0","0/0","0/0","0/0","0/0","0/0","0/0","0/0","0/0","0/0","0/0","0/0","0/0","0/0","0/0","0/0","0/0","0/0","0/0","0/0","0/0","0/0","0/0","0/0","0/0","0/0","0/0","0/0"
"chr1:156209347_CAG/C_PMF1","0/0","0/0","0/0","0/0","0/0","0/0","0/0","0/0","0/0","0/0","0/0","0/0","0/0","0/0","0/0","0/0","0/0","0/0","0/0","0/0","0/0","0/0","0/0","0/0","0/0","0/0","0/0","0/0","0/0","0/0","0/0","0/1","0/0","0/0","0/0","0/0","0/0","0/0","0/0","0/0","0/0","0/0","0/0","0/0","0/0","0/0","0/0","0/0","0/0","0/0","0/0","0/0","0/0","0/0","0/0","0/0","0/0","0/0","0/0","0/0","0/0","0/0","0/0","0/0","0/0","0/0","0/0","0/0","0/0","0/0","0/0","0/0","0/0","0/0","0/0","0/0","0/0","0/0","0/0","0/0","0/0","0/0","0/0","0/0","0/0","0/0","0/0","0/0","0/0","0/0","0/0","0/0","0/0","0/0","0/0","0/0","0/0","0/0","0/0","0/0","0/0","0/0","0/0","0/0","0/0","0/0","0/0","0/0","0/0","0/0","0/0","0/0","0/0","0/0","0/0","0/0","0/0","0/0","0/0","0/0","0/0","0/0","0/0","0/0","0/0","0/0","0/0","0/0","0/0","0/0","0/0","0/0","0/0","0/0","0/0","0/0","0/0","0/0","0/0","0/0","0/0","0/0","0/0","0/0","0/0","0/0","0/0","0/0","0/0","0/0","0/0","0/0","0/0"
"chr1:156551485_AG/A_TTC24","0/0","0/0","0/0","0/0","0/0","0/0","0/0","0/0","0/0","0/0","0/0","0/0","0/0","0/0","0/0","0/0","0/0","0/0","0/0","0/0","0/0","0/0","0/0","0/0","0/0","0/0","0/0","0/0","0/0","0/0","0/0","0/0","0/0","0/0","0/0","0/0","0/0","0/0","0/0","0/0","0/0","0/0","0/0","0/0","0/0","0/0","0/0","0/0","0/0","0/0","0/0","0/0","0/0","0/0","0/0","0/0","0/0","0/0","0/0","0/0","0/0","0/0","0/0","0/0","0/0","0/0","0/0","0/0","0/0","0/0","0/0","0/0","0/0","0/0","0/0","0/0","0/0","0/0","0/0","0/0","0/0","0/0","0/0","0/0","0/0","0/0","0/0","0/0","0/0","0/0","0/0","0/0","0/0","0/0","0/0","0/0","0/0","0/0","0/0","0/0","0/0","0/0","0/0","0/0","0/0","0/0","0/0","0/0","0/0","0/0","0/0","0/0","0/0","0/0","0/0","0/0","0/0","0/0","0/0","0/0","0/0","0/0","0/0","0/0","0/0","0/0","0/0","0/0","0/0","0/0","0/0","0/0","0/0","0/0","0/0","0/0","0/0","0/0","0/1","0/1","0/1","0/0","0/0","0/0","0/0","0/0","0/0","0/0","0/0","0/0","0/0","0/0","0/0"
"chr1:156553231_GC/G_TTC24","0/0","0/0","0/0","0/0","0/0","0/0","0/0","0/0","0/0","0/0","0/0","0/0","0/1","0/0","0/0","0/1","0/0","0/0","0/0","0/0","0/0","0/0","0/0","0/0","0/0","0/0","0/0","0/0","0/0","0/0","0/0","0/0","0/0","0/0","0/0","0/0","0/0","0/0","0/0","0/0","0/0","0/0","0/0","0/0","0/1","0/0","0/0","0/0","0/0","0/0","0/0","0/0","0/0","0/0","0/0","0/0","0/0","0/1","0/0","0/0","0/0","0/0","0/0","0/0","0/0","0/0","0/0","0/0","0/0","0/0","0/0","0/0","0/0","0/0","0/0","0/0","0/0","0/0","0/0","0/0","0/0","0/0","0/0","0/0","0/0","0/0","0/0","0/0","0/0","0/0","0/0","0/0","0/0","0/0","0/0","0/0","0/0","0/0","0/0","0/0","0/0","0/0","0/0","0/0","0/0","0/0","0/0","0/0","0/0","0/0","0/0","0/0","0/0","0/0","0/0","0/0","0/0","0/0","0/0","0/0","0/0","0/0","0/0","0/0","0/0","0/0","0/0","0/0","0/0","0/0","0/0","0/0","0/0","0/0","0/0","0/0","0/0","0/0","0/0","0/0","0/0","0/0","0/0","0/0","0/0","0/0","0/0","0/0","0/0","0/0","0/0","0/0","0/0"
"chr1:158576486_T/TG_OR10Z1","0/0","0/0","0/0","0/0","0/0","0/0","0/0","0/0","0/0","0/0","0/0","0/0","0/0","0/0","0/0","0/0","0/0","0/0","0/0","0/0","0/0","0/0","0/0","0/0","0/0","0/0","0/0","0/0","0/0","0/0","0/0","0/0","0/0","0/0","0/0","0/0","0/1","0/0","0/0","0/0","0/0","0/0","0/0","0/0","0/0","0/0","0/0","0/0","0/0","0/0","0/0","0/0","0/0","0/0","0/0","0/0","0/0","0/0","0/0","0/0","0/0","0/0","0/0","0/0","0/0","0/0","0/0","0/0","0/0","0/0","0/0","0/0","0/0","0/0","0/0","0/0","0/0","0/0","0/0","0/0","0/0","0/0","0/0","0/0","0/0","0/0","0/0","0/0","0/0","0/0","0/0","0/0","0/0","0/0","0/0","0/0","0/0","0/0","0/0","0/0","0/0","0/0","0/0","0/0","0/0","0/0","0/0","0/0","0/0","0/0","0/0","0/0","0/0","0/0","0/0","0/0","0/0","0/0","0/0","0/0","0/0","0/0","0/0","0/0","0/0","0/0","0/0","0/0","0/0","0/0","0/0","0/0","0/0","0/0","0/0","0/0","0/0","0/0","0/0","0/0","0/0","0/0","0/0","0/0","0/0","0/0","0/0","0/0","0/0","0/0","0/0","0/0","0/0"
"chr1:158817534_AG/A_MNDA","0/0","0/0","0/0","0/0","0/0","0/0","0/0","0/0","0/0","0/0","0/0","0/0","0/0","0/0","0/0","0/0","0/0","0/0","0/0","0/0","0/0","0/0","0/0","0/0","0/0","0/0","0/0","0/0","0/0","0/0","0/0","0/0","0/0","0/0","0/0","0/0","0/0","0/0","0/0","0/0","0/0","0/0","0/0","0/0","0/0","0/0","0/0","0/0","0/0","0/0","0/0","0/0","0/0","0/0","0/0","0/0","0/0","0/0","0/0","0/0","0/0","0/0","0/0","0/0","0/0","0/0","0/0","0/0","0/0","0/0","0/0","0/0","0/0","0/0","0/0","0/0","0/0","0/0","0/0","0/0","0/0","0/0","0/0","0/0","0/0","0/0","0/0","0/0","0/0","0/0","0/0","0/0","0/0","0/0","0/0","0/0","0/0","0/0","0/0","0/0","0/0","0/0","0/0","0/0","0/0","0/0","0/0","0/0","0/0","0/0","0/0","0/0","0/0","0/0","0/0","0/0","0/0","0/0","0/0","0/0","0/0","0/0","0/0","0/0","0/0","0/0","0/0","0/0","0/0","0/0","0/0","0/0","0/0","0/0","0/0","0/0","0/0","0/0","0/0","0/0","0/0","0/0","0/0","0/1","0/1","0/1","0/0","0/0","0/0","0/0","0/0","0/0","0/0"
"chr1:159032486_GT/G_AIM2","0/0","0/0","0/0","0/0","0/0","0/0","0/0","0/0","0/0","0/0","0/0","0/0","0/0","0/0","0/0","0/0","0/0","0/0","0/0","0/0","0/0","0/0","0/0","0/0","0/0","0/0","0/0","0/0","0/0","0/0","0/0","0/1","0/0","0/0","0/0","0/0","0/1","0/0","0/0","0/0","0/0","0/0","0/0","0/0","0/0","0/0","0/0","0/0","0/0","0/0","0/0","0/0","0/0","0/0","0/0","0/0","0/0","0/0","0/0","0/0","0/0","0/0","0/0","0/0","0/0","0/0","0/0","0/0","0/0","0/0","0/0","0/0","0/0","0/0","0/0","0/0","0/0","0/0","0/0","0/0","0/0","0/0","0/0","0/0","0/0","0/0","0/0","0/0","0/0","0/0","0/0","0/0","0/0","0/0","0/0","0/0","0/0","0/0","0/0","0/0","0/0","0/0","0/0","0/0","0/0","0/0","0/0","0/0","0/0","0/0","0/0","0/0","0/1","0/0","0/0","0/0","0/0","0/0","0/0","0/0","0/0","0/0","0/0","0/0","0/0","0/0","0/0","0/0","0/0","0/0","0/0","0/0","0/0","0/0","0/0","0/0","0/0","0/0","0/0","0/0","0/0","0/0","0/0","0/0","0/0","0/0","0/0","0/0","0/0","0/0","0/0","0/0","0/0"
"chr1:159558228_GA/G_APCS","0/0","0/0","0/0","0/0","0/0","0/0","0/0","0/0","0/0","0/0","0/0","0/0","0/0","0/0","0/0","0/0","0/0","0/0","0/0","0/0","0/0","0/0","0/0","0/0","0/0","0/0","0/0","0/0","0/0","0/0","0/0","0/0","0/0","0/0","0/0","0/0","0/1","0/0","0/0","0/0","0/0","0/0","0/0","0/0","0/0","0/0","0/0","0/0","0/0","0/0","0/0","0/0","0/0","0/0","0/0","0/0","0/0","0/0","0/0","0/0","0/0","0/0","0/0","0/0","0/0","0/0","0/0","0/0","0/0","0/0","0/0","0/0","0/0","0/0","0/0","0/0","0/0","0/0","0/0","0/0","0/0","0/0","0/0","0/0","0/0","0/0","0/0","0/0","0/0","0/0","0/0","0/0","0/0","0/0","0/0","0/0","0/0","0/0","0/0","0/0","0/0","0/0","0/0","0/0","0/0","0/0","0/0","0/0","0/0","0/0","0/0","0/0","0/0","0/0","0/0","0/0","0/0","0/0","0/0","0/0","0/0","0/0","0/0","0/0","0/0","0/0","0/0","0/0","0/0","0/0","0/0","0/0","0/0","0/0","0/0","0/0","0/0","0/0","0/0","0/0","0/0","0/0","0/0","0/0","0/0","0/0","0/0","0/0","0/0","0/0","0/0","0/0","0/0"
"chr1:160589600_CT/C_SLAMF1","0/0","0/0","0/0","0/0","0/0","0/0","0/0","0/0","0/0","0/0","0/0","0/0","0/0","0/0","0/0","0/0","0/0","0/0","0/0","0/0","0/0","0/0","0/0","0/0","0/0","0/0","0/0","0/0","0/0","0/0","0/0","0/1","0/0","0/0","0/0","0/0","0/1","0/0","0/0","0/0","0/0","0/0","0/0","0/0","0/0","0/0","0/0","0/0","0/0","0/0","0/0","0/0","0/0","0/0","0/0","0/0","0/0","0/0","0/0","0/0","0/0","0/0","0/0","0/0","0/0","0/0","0/0","0/0","0/0","0/0","0/0","0/0","0/0","0/0","0/0","0/0","0/0","0/0","0/0","0/0","0/0","0/0","0/0","0/0","0/0","0/0","0/0","0/0","0/0","0/0","0/0","0/0","0/0","0/0","0/0","0/0","0/0","0/0","0/0","0/0","0/0","0/0","0/0","0/0","0/0","0/0","0/0","0/0","0/0","0/0","0/0","0/0","0/0","0/0","0/0","0/0","0/0","0/0","0/0","0/0","0/0","0/0","0/0","0/0","0/0","0/0","0/0","0/0","0/0","0/0","0/0","0/0","0/0","0/0","0/0","0/0","0/0","0/0","0/0","0/0","0/0","0/0","0/0","0/0","0/0","0/0","0/0","0/0","0/0","0/0","0/0","0/0","0/0"
"chr1:160650918_AC/A_CD48","0/1","0/1","0/1","0/0","0/0","0/0","0/0","0/0","0/0","0/1","0/0","0/0","0/0","0/1","0/0","0/1","0/0","0/1","0/0","0/1","0/1","0/1","0/0","0/0","0/0","0/0","0/0","0/0","0/0","0/1","0/0","0/0","0/1","0/1","0/0","0/0","0/1","0/1","0/0","0/0","0/0","0/0","0/1","0/0","0/0","0/0","0/1","0/0","0/0","0/0","0/1","0/0","0/0","0/0","0/0","0/0","0/1","0/1","0/0","0/1","0/0","0/0","0/0","0/0","0/0","0/0","0/1","0/1","0/1","0/1","0/0","0/0","0/0","0/0","0/0","0/1","0/1","0/1","0/1","0/0","0/0","0/0","0/1","0/0","0/0","0/0","0/0","0/1","0/0","0/0","0/0","0/0","0/0","0/0","0/0","0/0","0/1","0/0","0/0","0/0","0/0","0/0","0/0","0/0","0/0","0/0","0/0","0/0","0/0","0/0","0/0","0/1","0/1","0/0","0/0","0/0","0/0","1/1","0/0","1/1","0/0","0/0","0/0","1/1","0/0","0/0","0/0","0/0","0/1","0/1","0/1","0/0","0/0","0/0","0/0","0/0","0/0","0/0","0/0","0/0","0/0","0/0","0/0","0/0","0/0","0/0","0/0","0/0","0/0","0/1","0/1","0/1","0/1"
"chr1:161254153_CGGA/C_PCP4L1","0/0","0/0","0/0","0/0","0/0","0/0","0/0","0/0","0/0","0/0","0/0","0/0","0/0","0/1","0/0","0/0","0/0","0/0","0/0","0/0","0/0","0/0","0/0","0/0","0/0","0/0","0/0","0/0","0/0","0/0","0/0","0/0","0/0","0/0","0/0","0/0","0/0","0/0","0/0","0/0","0/0","0/0","0/0","0/0","0/0","0/0","0/0","0/0","0/0","0/0","0/0","0/0","0/0","0/0","0/0","0/0","0/0","0/0","0/0","0/0","0/0","0/0","0/0","0/0","0/0","0/0","0/0","0/0","0/0","0/0","0/0","0/0","0/0","0/0","0/0","0/0","0/0","0/0","0/0","0/0","0/0","0/0","0/0","0/0","0/0","0/0","0/0","0/0","0/0","0/0","0/0","0/0","0/0","0/0","0/0","0/0","0/0","0/0","0/0","0/0","0/0","0/0","0/0","0/0","0/0","0/0","0/0","0/0","0/0","0/0","0/0","0/0","0/0","0/0","0/0","0/0","0/0","0/0","0/0","0/0","0/0","0/0","0/0","0/0","0/0","0/0","0/0","0/0","0/0","0/0","0/0","0/0","0/0","0/0","0/0","0/0","0/0","0/0","0/0","0/0","0/0","0/0","0/0","0/0","0/0","0/0","0/0","0/0","0/0","0/0","0/0","0/0","0/0"
"chr1:161681982_GC/G_FCRLA","0/0","0/0","0/0","0/0","0/0","0/0","0/0","0/0","0/0","0/0","0/0","0/0","0/0","0/0","0/0","0/0","0/1","0/0","0/0","0/0","0/0","0/0","0/0","0/0","0/0","0/0","0/0","0/0","0/0","0/0","0/0","0/0","0/0","0/0","0/0","0/0","0/0","0/0","0/0","0/0","0/0","0/0","0/0","0/0","0/0","0/0","0/0","0/0","0/0","0/0","0/0","0/0","0/0","0/0","0/0","0/0","0/0","0/0","0/0","0/0","0/0","0/0","0/0","0/0","0/0","0/0","0/0","0/0","0/0","0/0","0/0","0/0","0/0","0/0","0/0","0/0","0/0","0/0","0/0","0/0","0/0","0/0","0/0","0/0","0/0","0/0","0/0","0/0","0/0","0/0","0/0","0/0","0/0","0/0","0/0","0/0","0/0","0/0","0/0","0/0","0/0","0/0","0/0","0/0","0/0","0/0","0/0","0/0","0/0","0/0","0/0","0/0","0/0","0/0","0/0","0/0","0/0","0/0","0/0","0/0","0/0","0/0","0/0","0/0","0/0","0/0","0/0","0/0","0/0","0/0","0/0","0/0","0/0","0/0","0/0","0/0","0/0","0/0","0/0","0/0","0/0","0/0","0/0","0/0","0/0","0/0","0/0","0/0","0/0","0/0","0/0","0/0","0/0"
"chr1:165177331_T/TTGC_LMX1A","0/0","0/0","0/0","0/0","0/0","0/0","0/0","0/0","0/0","0/0","0/0","0/0","0/1","0/0","0/0","0/0","0/0","0/0","0/0","0/0","0/0","0/0","0/0","0/0","0/0","0/0","0/0","0/0","0/0","0/0","0/0","0/0","0/0","0/0","0/0","0/0","0/0","0/0","0/0","0/0","0/0","0/0","0/0","0/0","0/0","0/0","0/0","0/0","0/0","0/0","0/0","0/0","0/0","0/0","0/0","0/0","0/0","0/0","0/0","0/0","0/0","0/0","0/0","0/0","0/0","0/0","0/0","0/0","0/0","0/0","0/0","0/0","0/0","0/0","0/0","0/0","0/0","0/0","0/0","0/0","0/0","0/0","0/0","0/0","0/0","0/0","0/0","0/0","0/0","0/0","0/0","0/0","0/0","0/0","0/0","0/0","0/0","0/0","0/0","0/0","0/0","0/0","0/0","0/0","0/0","0/0","0/0","0/0","0/0","0/0","0/0","0/0","0/0","0/0","0/0","0/0","0/0","0/0","0/0","0/0","0/0","0/0","0/0","0/0","0/0","0/0","0/0","0/0","0/0","0/0","0/0","0/0","0/0","0/0","0/0","0/0","0/0","0/0","0/0","0/0","0/0","0/0","0/0","0/0","0/0","0/0","0/0","0/0","0/0","0/0","0/0","0/0","0/0"
"chr1:166819588_CAGG/C_POGK","0/0","0/0","0/0","0/0","0/0","0/0","0/0","0/0","0/0","0/0","0/0","0/0","0/0","0/0","0/0","0/0","0/0","0/0","0/0","0/0","0/0","0/0","0/0","0/0","0/0","0/0","0/0","0/0","0/0","0/0","0/0","0/0","0/0","0/0","0/0","0/0","0/0","0/0","0/0","0/0","0/0","0/0","0/0","0/0","0/0","0/0","0/0","0/0","0/0","0/0","0/0","0/0","0/0","0/0","0/0","0/0","0/0","0/0","0/1","0/0","0/0","0/0","0/0","0/0","0/0","0/0","0/0","0/0","0/0","0/0","0/0","0/0","0/0","0/0","0/0","0/0","0/0","0/0","0/0","0/0","0/0","0/0","0/0","0/0","0/0","0/0","0/0","0/0","0/0","0/0","0/0","0/0","0/0","0/0","0/0","0/0","0/0","0/0","0/0","0/0","0/0","0/0","0/0","0/0","0/0","0/0","0/0","0/0","0/0","0/0","0/0","0/0","0/0","0/0","0/0","0/0","0/0","0/0","0/0","0/0","0/0","0/0","0/0","0/0","0/0","0/0","0/0","0/0","0/0","0/0","0/0","0/0","0/0","0/0","0/0","0/0","0/0","0/0","0/0","0/0","0/0","0/0","0/0","0/0","0/0","0/0","0/0","0/0","0/0","0/0","0/0","0/0","0/0"
"chr1:168054868_GC/G_GPR161","0/0","0/0","0/0","0/0","0/0","0/0","0/0","0/0","0/0","0/1","0/0","0/0","0/0","0/0","0/0","0/0","0/0","0/0","0/0","0/0","0/0","0/0","0/0","0/0","0/0","0/0","0/0","0/0","0/0","0/0","0/0","0/0","0/0","0/0","0/0","0/0","0/0","0/0","0/0","0/0","0/0","0/0","0/0","0/0","0/0","0/0","0/0","0/0","0/0","0/0","0/0","0/0","0/0","0/0","0/0","0/0","0/0","0/0","0/0","0/0","0/0","0/0","0/0","0/0","0/0","0/0","0/0","0/0","0/0","0/0","0/0","0/0","0/0","0/0","0/0","0/0","0/0","0/0","0/0","0/0","0/0","0/0","0/0","0/0","0/0","0/0","0/0","0/0","0/0","0/0","0/0","0/0","0/0","0/0","0/0","0/0","0/0","0/0","0/0","0/0","0/0","0/0","0/0","0/0","0/0","0/0","0/0","0/0","0/0","0/0","0/0","0/0","0/0","0/0","0/0","0/0","0/0","0/0","0/0","0/0","0/0","0/0","0/0","0/0","0/0","0/0","0/0","0/0","0/0","0/0","0/0","0/0","0/0","0/0","0/0","0/0","0/0","0/0","0/0","0/0","0/0","0/0","0/0","0/0","0/0","0/0","0/0","0/0","0/0","0/0","0/0","0/0","0/0"
"chr1:168105581_A/AG_GPR161","0/0","0/0","0/0","0/0","0/0","0/0","0/0","0/0","0/0","0/0","0/0","0/0","0/0","0/0","0/0","0/0","0/0","0/0","0/0","0/1","0/0","0/0","0/1","0/0","0/0","0/0","0/0","0/0","0/0","0/0","0/0","0/0","1/1","0/0","0/1","0/1","0/0","0/0","0/0","0/1","0/0","0/0","0/0","0/0","0/0","0/0","0/0","0/0","0/0","0/1","0/1","0/0","0/0","0/0","0/1","0/0","0/0","0/0","0/0","0/0","0/0","0/0","0/0","0/1","0/1","0/0","0/0","0/0","0/0","0/0","0/0","0/0","0/0","0/0","0/0","0/0","0/0","0/0","0/0","0/0","0/0","0/0","0/1","0/0","0/0","0/0","0/0","0/0","0/0","0/0","0/1","0/0","0/0","0/0","0/0","0/1","0/0","0/0","0/0","0/0","0/0","0/0","0/0","0/0","0/0","0/0","0/0","0/0","0/0","0/0","0/0","0/0","0/0","0/0","0/0","0/0","0/0","0/1","0/0","0/1","0/0","0/0","0/0","0/1","0/0","0/0","0/0","0/0","0/0","0/0","0/0","0/1","0/0","0/0","0/0","0/0","0/0","0/0","0/1","0/1","0/1","0/1","0/1","0/1","0/1","0/1","0/0","0/0","0/0","0/0","0/0","0/0","0/0"
"chr1:169993579_TA/T_KIFAP3","0/0","0/0","0/0","0/0","0/0","0/0","0/0","0/0","0/0","0/0","0/0","0/0","0/0","0/0","0/0","0/0","0/0","0/0","0/0","0/0","0/0","0/0","0/0","0/0","0/0","0/0","0/0","0/0","0/0","0/0","0/0","0/0","0/0","0/0","0/0","0/0","0/1","0/0","0/0","0/0","0/0","0/0","0/0","0/0","0/0","0/0","0/0","0/0","0/0","0/0","0/0","0/0","0/0","0/0","0/0","0/0","0/0","0/0","0/0","0/0","0/0","0/0","0/0","0/0","0/0","0/0","0/0","0/0","0/0","0/0","0/0","0/0","0/0","0/0","0/0","0/0","0/0","0/0","0/0","0/0","0/0","0/0","0/0","0/0","0/0","0/0","0/0","0/0","0/0","0/0","0/0","0/0","0/0","0/0","0/0","0/0","0/0","0/0","0/0","0/0","0/0","0/0","0/0","0/0","0/0","0/0","0/0","0/0","0/0","0/0","0/0","0/0","0/0","0/0","0/0","0/0","0/0","0/0","0/0","0/0","0/0","0/0","0/0","0/0","0/0","0/0","0/0","0/0","0/0","0/0","0/0","0/0","0/0","0/0","0/0","0/0","0/0","0/0","0/0","0/0","0/0","0/0","0/0","0/0","0/0","0/0","0/0","0/0","0/0","0/0","0/0","0/0","0/0"
"chr1:170024446_A/AT_KIFAP3","0/0","0/0","0/0","0/0","0/0","0/0","0/0","0/0","0/0","0/0","0/0","0/0","0/0","0/0","0/0","0/0","0/0","0/0","0/0","0/0","0/0","0/0","0/0","0/0","0/0","0/0","0/0","0/0","0/0","0/0","0/0","0/1","0/0","0/0","0/0","0/0","0/0","0/0","0/0","0/0","0/0","0/0","0/0","0/0","0/0","0/0","0/0","0/0","0/0","0/0","0/0","0/0","0/0","0/0","0/0","0/0","0/0","0/0","0/0","0/0","0/0","0/0","0/0","0/0","0/0","0/0","0/0","0/0","0/0","0/0","0/0","0/0","0/0","0/0","0/0","0/0","0/0","0/0","0/0","0/0","0/0","0/0","0/0","0/0","0/0","0/0","0/0","0/0","0/0","0/0","0/0","0/0","0/0","0/0","0/0","0/0","0/0","0/0","0/0","0/0","0/0","0/0","0/0","0/0","0/0","0/0","0/0","0/0","0/0","0/0","0/0","0/0","0/0","0/0","0/0","0/0","0/0","0/0","0/0","0/0","0/0","0/0","0/0","0/0","0/0","0/0","0/0","0/0","0/0","0/0","0/0","0/0","0/0","0/0","0/0","0/0","0/0","0/0","0/0","0/0","0/0","0/0","0/0","0/0","0/0","0/0","0/0","0/0","0/0","0/0","0/0","0/0","0/0"
"chr1:171178257_C/CT_FMO2","0/0","0/0","0/0","0/0","0/0","0/0","0/0","0/0","0/0","0/0","0/0","0/1","0/0","0/0","0/0","0/0","0/0","0/0","0/1","0/0","0/0","0/1","0/1","0/0","0/1","0/1","0/0","0/0","0/0","0/1","0/1","0/0","0/1","0/1","0/1","0/0","0/0","0/0","0/0","0/1","0/0","0/0","0/1","0/0","0/1","0/0","1/1","0/1","0/0","0/0","0/1","0/0","0/0","0/1","0/0","0/0","0/0","0/1","0/1","0/0","0/1","0/1","0/0","0/0","0/0","0/1","0/1","0/0","0/0","0/1","0/1","0/1","0/1","0/0","0/0","0/1","0/1","0/1","0/1","0/1","0/1","0/1","0/1","0/1","0/1","0/1","0/1","0/0","0/0","0/0","0/0","0/1","0/1","0/1","0/1","0/0","0/0","0/0","0/0","0/0","0/1","0/1","0/1","0/1","0/1","0/0","0/0","0/1","0/1","0/1","0/0","0/1","0/1","0/1","0/1","0/0","0/0","0/0","0/0","0/0","0/0","0/0","0/0","0/0","0/1","0/1","0/1","0/1","0/0","0/0","0/0","0/1","0/0","0/0","0/0","0/0","0/0","0/0","0/0","0/0","0/0","0/1","0/1","0/1","0/1","0/1","0/1","0/1","0/1","0/1","0/1","0/1","0/1"
"chr1:171751185_GAA/G_METTL13","0/0","0/0","0/0","0/0","0/0","0/0","0/0","0/0","0/0","0/0","0/0","0/0","0/0","0/0","0/0","0/0","0/0","0/0","0/0","0/0","0/0","0/0","0/0","0/0","0/0","0/0","0/0","0/0","0/0","0/0","0/0","0/0","0/0","0/0","0/0","0/0","0/1","0/0","0/0","0/0","0/0","0/0","0/0","0/0","0/0","0/0","0/0","0/0","0/0","0/0","0/0","0/0","0/0","0/0","0/0","0/0","0/0","0/0","0/0","0/0","0/0","0/0","0/0","0/0","0/0","0/0","0/0","0/0","0/0","0/0","0/0","0/0","0/0","0/0","0/0","0/0","0/0","0/0","0/0","0/0","0/0","0/0","0/0","0/0","0/0","0/0","0/0","0/0","0/0","0/0","0/0","0/0","0/0","0/0","0/0","0/0","0/0","0/0","0/0","0/0","0/0","0/0","0/0","0/0","0/0","0/0","0/0","0/0","0/0","0/0","0/0","0/0","0/0","0/0","0/0","0/0","0/0","0/0","0/0","0/0","0/0","0/0","0/0","0/0","0/0","0/0","0/0","0/0","0/0","0/0","0/0","0/0","0/0","0/0","0/0","0/0","0/0","0/0","0/0","0/0","0/0","0/0","0/0","0/0","0/0","0/0","0/0","0/0","0/0","0/0","0/0","0/0","0/0"
"chr1:172414277_TAG/T_C1orf105","0/0","0/0","0/0","0/0","0/0","0/0","0/0","0/0","0/0","0/0","0/0","0/0","0/0","0/0","0/0","0/0","0/0","0/0","0/0","0/0","0/0","0/0","0/0","0/0","0/0","0/0","0/0","0/0","0/0","0/0","0/0","0/0","0/0","0/0","0/0","0/0","0/0","0/0","0/0","0/0","0/0","0/0","0/0","0/0","0/0","0/0","0/0","0/0","0/0","0/0","0/0","0/0","0/0","0/0","0/0","0/0","0/0","0/0","0/0","0/0","0/0","0/0","0/0","0/0","0/0","0/0","0/0","0/0","0/0","0/0","0/0","0/0","0/0","0/0","0/0","0/0","0/0","0/0","0/0","0/0","0/0","0/0","0/0","0/0","0/0","0/0","0/0","0/0","0/0","0/0","0/0","0/0","0/0","0/0","0/0","0/0","0/0","0/0","0/0","0/0","0/1","0/0","0/1","0/0","0/0","0/0","0/0","0/0","0/0","0/0","0/0","0/0","0/0","0/0","0/0","0/0","0/0","0/0","0/0","0/0","0/0","0/0","0/0","0/0","0/0","0/0","0/0","0/0","0/0","0/0","0/0","0/0","0/0","0/0","0/0","0/0","0/0","0/0","0/0","0/0","0/0","0/0","0/0","0/0","0/0","0/0","0/0","0/0","0/0","0/0","0/0","0/0","0/0"
"chr1:172414280_TG/T_C1orf105","0/0","0/0","0/0","0/0","0/0","0/0","0/0","0/0","0/0","0/0","0/0","0/0","0/0","0/0","0/0","0/0","0/0","0/0","0/0","0/0","0/0","0/0","0/0","0/0","0/0","0/0","0/0","0/0","0/0","0/0","0/0","0/0","0/0","0/0","0/0","0/0","0/0","0/0","0/0","0/0","0/0","0/0","0/0","0/0","0/0","0/0","0/0","0/0","0/0","0/0","0/0","0/0","0/0","0/0","0/0","0/0","0/0","0/0","0/0","0/0","0/0","0/0","0/0","0/0","0/0","0/0","0/0","0/0","0/0","0/0","0/0","0/0","0/0","0/0","0/0","0/0","0/0","0/0","0/0","0/0","0/0","0/0","0/0","0/0","0/0","0/0","0/0","0/0","0/0","0/0","0/0","0/0","0/0","0/0","0/0","0/0","0/0","0/0","0/0","0/0","0/1","0/0","0/1","0/0","0/0","0/0","0/0","0/0","0/0","0/0","0/0","0/0","0/0","0/0","0/0","0/0","0/0","0/0","0/0","0/0","0/0","0/0","0/0","0/0","0/0","0/0","0/0","0/0","0/0","0/0","0/0","0/0","0/0","0/0","0/0","0/0","0/0","0/0","0/0","0/0","0/0","0/0","0/0","0/0","0/0","0/0","0/0","0/0","0/0","0/0","0/0","0/0","0/0"
"chr1:175129924_C/CCTT_KIAA0040","0/0","0/0","0/0","0/1","0/0","0/0","0/1","0/1","1/1","0/0","0/0","0/1","0/1","0/1",".",".","1/1","0/0","0/0","0/0","0/1","0/0",".","0/0","0/1","0/0",".","0/1","0/0","0/1","0/1","0/0","0/0","0/0","0/1","0/1","0/1","0/0","0/1","0/0","0/1","0/0","0/1","0/1","0/0","0/1","0/1","0/0","0/0",".","0/0","0/0","0/0","0/0","0/0","0/0","0/1","0/1","0/0","0/1","0/0","0/1","0/0","1/1","1/1","0/1","0/1","0/1","0/1","0/1","0/1",".",".","0/0","0/0","0/0","0/0","0/0","0/0","1/1","1/1","0/1","0/0","0/0","0/0","0/0","0/0","0/0","0/1","0/1","0/0",".",".","0/0","0/0",".","0/0","0/1","0/1","0/1","0/0","0/1","0/0","1/1","1/1","1/1","1/1","0/2","0/2","0/1","0/1","0/0",".","0/0","0/1","1/1","1/1","0/1","0/1","0/1","0/1","0/1","1/1","0/1","0/1","0/1","0/0","0/0","0/0","0/0","0/0","0/1","1/1",".","1/1","1/1","0/0",".","0/1","0/1","0/1","0/1","0/1",".","0/0","0/0","0/1","0/1","0/1","0/0","0/0","0/0","0/0"
"chr1:175129942_TC/T_KIAA0040","0/0","0/0","0/0","0/0","0/0","0/0","0/0","0/0","0/0","0/0","0/0","0/0","0/0","0/0","0/0","0/0","0/0","0/0","0/0","0/0","0/0","0/0","0/0","0/0","0/0","0/0","0/1","0/0","0/0","0/0","0/0","0/0","0/0","0/0","0/0","0/0","0/0","0/0","0/1","0/0","0/0","0/0","0/0","0/0","0/0","0/0","0/0","0/0","0/0","1/1","0/0","0/0","0/1","0/1","0/0","0/0","0/0","0/0","0/0","0/0","0/0","0/0","0/0","0/0","0/0","0/0","0/0","0/0","0/0","0/0","0/0","0/0","0/0","0/0","0/0","0/0","0/0","0/0","0/0","0/0","0/0","0/0","0/0","0/0","0/1","0/0","0/0","0/0","0/0","0/0","0/0","0/0","0/0","0/0","0/0","0/0","0/0","0/0","0/0","0/0","0/0","0/0","0/0","0/0","0/0","0/0","0/0","0/0","0/0","0/0","0/0","0/0","0/0","0/0","0/0","0/0","0/0","0/0","0/1","0/0","0/1","0/1","0/0","0/0","0/0","0/0","0/0","0/0","0/0","0/0","0/0","0/0","0/0","0/0","0/0","0/0","0/0","0/0","0/0","0/0","0/0","0/0","0/0","0/1","0/1","0/1","0/0","0/1","0/0","0/0","0/0","0/0","0/0"
"chr1:175129944_TTC/T_KIAA0040","0/0","0/0","0/0","0/0","0/0","0/0","0/0","0/0","0/0","0/0","0/0","0/0","0/0","0/0","0/0","0/0","0/0","0/0","0/0","0/0","0/0","0/0","0/0","0/0","0/0","0/0","0/1","0/0","0/0","0/0","0/0","0/0","0/0","0/0","0/0","0/0","0/0","0/0","0/1","0/0","0/0","0/0","0/0","0/0","0/0","0/0","0/0","0/0","0/0","1/1","0/0","0/0","0/1","0/0","0/0","0/0","0/0","0/0","0/0","0/0","0/0","0/0","0/0","0/0","0/0","0/0","0/0","0/0","0/0","0/0","0/0","0/0","0/0","0/0","0/0","0/0","0/0","0/0","0/0","0/0","0/0","0/0","0/0","0/0","0/1","0/0","0/0","0/0","0/0","0/0","0/0","0/0","0/0","0/0","0/0","0/0","0/0","0/0","0/0","0/0","0/0","0/0","0/0","0/0","0/0","0/0","0/0","0/0","0/0","0/0","0/0","0/0","0/0","0/0","0/0","0/0","0/0","0/0","0/1","0/0","0/1","0/1","0/0","0/0","0/0","0/0","0/0","0/0","0/0","0/0","0/0","0/0","0/0","0/0","0/0","0/0","0/0","0/0","0/0","0/0","0/0","0/0","0/0","0/1","0/1","0/1","0/0","0/1","0/0","0/0","0/0","0/0","0/0"
"chr1:175129945_TC/T_KIAA0040","0/0","0/0","0/0","0/0","0/0","0/0","0/1","0/1","0/0","0/0","0/0","0/0","0/1","0/0","0/1","0/1","0/0","0/0","0/0","0/0","0/0","0/0","1/1","0/1","0/1","0/0","0/2","0/0","0/1","0/0","0/0","0/0","0/0","0/1","0/0","0/1","0/0","0/0","0/2","0/0","0/0","0/0","0/0","0/0","0/1","0/0","0/0","0/0","0/0","2/2","0/0","0/0","0/2","0/1","0/0","0/0","0/0","0/1","0/0","0/0","0/1","0/0","0/0","0/0","0/0","0/0","0/0","0/0","0/0","0/0","0/0","1/1","1/1","0/0","0/0","0/1","0/1","0/0","0/0","0/0","0/0","0/0","0/0","0/0","0/2","0/0","0/0","0/0","0/0","0/0","0/1","0/1","0/1","0/0","0/0","0/1","0/0","0/0","0/0","0/0","0/0","0/0","0/0","0/0","0/0","0/0","0/0","0/0","0/0","0/0","0/0","0/1","0/1","0/0","0/0","0/0","0/0","0/0","0/2","0/0","0/2","0/2","0/0","0/0","0/0","0/0","0/0","0/0","0/0","0/0","0/0","0/0","0/0","0/1","0/0","0/0","0/1","0/1","0/0","0/0","0/0","0/0","0/0","0/2","0/2","0/2","0/0","0/2","0/0","0/0","0/0","0/0","0/0"
"chr1:175129947_TTCTTCTTG/T_KIAA0040","0/0","0/0","0/0","0/0","0/0","0/0","0/1","0/1","0/0","0/0","0/0","0/0","0/1","0/0","0/1","0/1","0/0","0/0","0/0","0/0","0/0","0/0","0/1","0/1","0/1","0/0","0/0","0/0","0/1","0/0","0/0","0/0","0/0","0/1","0/0","0/1","0/0","0/0","0/0","0/0","0/0","0/0","0/0","0/0","0/1","0/0","0/0","0/0","0/0","0/0","0/0","0/0","0/0","0/1","0/0","0/0","0/0","0/1","0/0","0/0","0/1","0/0","0/0","0/0","0/0","0/0","0/0","0/0","0/0","0/0","0/0","1/1","1/1","0/0","0/0","0/1","0/1","0/0","0/0","0/0","0/0","0/0","0/0","0/0","0/0","0/0","0/0","0/0","0/0","0/0","0/1","0/1","0/1","0/0","0/0","0/1","0/0","0/0","0/0","0/0","0/0","0/0","0/0","0/0","0/0","0/0","0/0","0/0","0/0","0/0","0/0","0/1","0/1","0/0","0/0","0/0","0/0","0/0","0/0","0/0","0/0","0/0","0/0","0/0","0/0","0/0","0/0","0/0","0/0","0/0","0/0","0/0","0/0","0/1","0/0","0/0","0/1","0/1","0/0","0/0","0/0","0/0","0/0","0/0","0/0","0/0","0/0","0/0","0/0","0/0","0/0","0/0","0/0"
"chr1:177927332_TG/T_SEC16B","0/0","0/0","0/0","0/0","0/0","0/0","0/0","0/0","0/0","0/0","0/0","0/0","0/0","0/0","0/0","0/0","0/0","0/0","0/0","0/0","0/0","0/0","0/0","0/0","0/0","0/0","0/0","0/0","0/0","0/0","0/0","0/1","0/0","0/0","0/0","0/0","0/0","0/0","0/0","0/0","0/0","0/0","0/0","0/0","0/0","0/0","0/0","0/0","0/0","0/0","0/0","0/0","0/0","0/0","0/0","0/0","0/0","0/0","0/0","0/0","0/0","0/0","0/0","0/0","0/0","0/0","0/0","0/0","0/0","0/0","0/0","0/0","0/0","0/0","0/0","0/0","0/0","0/0","0/0","0/0","0/0","0/0","0/0","0/0","0/0","0/0","0/0","0/0","0/0","0/0","0/0","0/0","0/0","0/0","0/0","0/0","0/0","0/0","0/0","0/0","0/0","0/0","0/0","0/0","0/0","0/0","0/0","0/0","0/0","0/0","0/0","0/0","0/0","0/0","0/0","0/0","0/0","0/0","0/0","0/0","0/0","0/0","0/0","0/0","0/0","0/0","0/0","0/0","0/0","0/0","0/0","0/0","0/0","0/0","0/0","0/0","0/0","0/0","0/0","0/0","0/0","0/0","0/0","0/0","0/0","0/0","0/0","0/0","0/0","0/0","0/0","0/0","0/0"
"chr1:177930027_G/GAGGGATGTAGAACTTCATGGGTGCTTTGGGACC_SEC16B","0/0","0/0","0/0","0/0","0/0","0/0","0/0","0/0","0/0","0/0","0/0","0/0","0/0","0/0","0/0","0/0","0/0","0/0","0/0","0/0","0/0","0/0","0/0","0/0","0/0","0/1","0/0","0/0","0/0","0/0","0/0","0/0","0/0","0/0","0/0","0/0","0/0","0/0","0/0","0/1","0/0","0/1","0/1","0/0","0/0","0/0","0/0","0/1","0/0","0/0","0/0","0/0","0/1","0/0","0/1","0/0","0/0","0/0","0/0","0/0","0/0","0/0","0/0","0/0","0/0","0/0","0/0","0/0","0/0","0/0","0/0","0/0","0/0","0/0","0/0","0/0","0/0","0/0","0/0","0/0","0/0","0/0","0/0","0/0","0/0","0/0","0/0","0/0","0/0","0/0","0/0","0/0","0/0","0/0","0/0","0/0","0/0","0/0","0/0","0/0","0/1","0/1","0/1","0/0","0/0","0/0","0/0","0/0","0/0","0/1","0/0","0/0","0/0","0/0","0/1","0/0","0/0","0/0","0/0","0/0","0/0","0/0","0/0","0/0","0/1","0/1","0/0","0/0","0/0","0/0","0/0","0/0","0/0","0/0","0/0","0/0","0/0","0/0","0/0","0/0","0/0","0/0","0/0","0/0","0/0","0/0","0/0","0/0","0/0","0/0","0/0","0/0","0/0"
"chr1:178871335_ACT/A_RALGPS2","0/0","0/0","0/0","0/0","0/0","0/0","0/0","0/0","0/0","0/0","0/0","0/0","0/0","0/0","0/0","0/0","0/0","0/0","0/0","0/0","0/0","0/0","0/0","0/0","0/0","0/0","0/0","0/0","0/0","0/0","0/0","0/1","0/0","0/0","0/0","0/0","0/0","0/0","0/0","0/0","0/0","0/0","0/0","0/0","0/0","0/0","0/0","0/0","0/0","0/0","0/0","0/0","0/0","0/0","0/0","0/0","0/0","0/0","0/0","0/0","0/0","0/0","0/0","0/0","0/0","0/0","0/0","0/0","0/0","0/0","0/0","0/0","0/0","0/0","0/0","0/0","0/0","0/0","0/0","0/0","0/0","0/0","0/0","0/0","0/0","0/0","0/0","0/0","0/0","0/0","0/0","0/0","0/0","0/0","0/0","0/0","0/0","0/0","0/0","0/0","0/0","0/0","0/0","0/0","0/0","0/0","0/0","0/0","0/0","0/0","0/0","0/0","0/0","0/0","0/0","0/0","0/0","0/0","0/0","0/0","0/0","0/0","0/0","0/0","0/0","0/0","0/0","0/0","0/0","0/0","0/0","0/0","0/0","0/0","0/0","0/0","0/0","0/0","0/0","0/0","0/0","0/0","0/0","0/0","0/0","0/0","0/0","0/0","0/0","0/0","0/0","0/0","0/0"
"chr1:179504025_AAAG/A_AXDND1","0/0","0/0","0/0","0/1","0/1","0/1","1/1","1/1","1/1","0/0","1/1","0/1","0/1","0/1","0/0","0/1","0/0","0/1","0/1","0/0","0/1","1/1","1/1","0/1","0/1","0/1","0/1","0/1","0/1","1/1","0/1","0/0","0/0","0/1","0/1","0/0","0/1","0/0","0/1","0/0","0/0","0/1","0/1","0/0","0/0","0/1","0/1","1/1","0/0","0/1","0/1","0/1","0/1","0/0","0/1","0/0","0/0","0/0","0/1","0/0","0/1","0/1","0/1","0/1","0/1","0/1","0/1","0/1","0/1","0/1","0/1","0/1","0/1","1/1","1/1","0/1","0/1","0/0","0/0","0/0","0/0","0/1","0/1","0/1","0/1","0/1","0/1","0/1","0/0","0/0","0/1","1/1","1/1","1/1","1/1","0/1","0/1","0/1","0/0","0/0","0/0","0/1","0/0","1/1","1/1","1/1","1/1","0/0","0/0","0/1","0/1","0/1","0/1","0/0","0/1","0/0","0/0","0/1","0/1","0/1","0/1","0/1","0/0","0/1","0/1","0/1","0/0","0/0","0/0","0/0","0/0","0/1","1/1","0/1","1/1","1/1","0/1","0/1","0/0","0/0","0/0","0/1","0/1","0/0","0/0","0/0","0/1","0/1","0/1","0/1","0/1","0/1","0/1"
"chr1:179504037_GAAC/G_AXDND1","0/0","0/0","0/0","0/0","0/0","0/0","0/0","0/0","0/0","0/0","0/0","0/0","0/0","0/0","0/0","0/0","0/0","0/0","0/0","0/0","0/0","0/0","0/0","0/0","0/0","0/0","0/0","0/0","0/0","0/0","0/0","0/0","0/0","0/0","0/0","0/0","0/0","0/0","0/0","0/0","0/0","0/0","0/0","0/0","0/0","0/1","0/0","0/0","0/0","0/0","0/0","0/0","0/0","0/0","0/0","0/0","0/0","0/0","0/0","0/0","0/0","0/0","0/0","0/0","0/0","0/0","0/0","0/0","0/0","0/0","0/0","0/0","0/0","0/0","0/0","0/0","0/0","0/0","0/0","0/0","0/0","0/0","0/0","0/0","0/0","0/0","0/0","0/0","0/0","0/0","0/0","0/0","0/0","0/0","0/0","0/0","0/0","0/0","0/0","0/0","0/0","0/0","0/0","0/0","0/0","0/0","0/0","0/0","0/0","0/0","0/0","0/0","0/0","0/0","0/0","0/0","0/0","0/0","0/0","0/0","0/0","0/0","0/0","0/0","0/0","0/0","0/0","0/0","0/0","0/0","0/0","0/0","0/0","0/0","0/0","0/0","0/0","0/0","0/0","0/0","0/0","0/0","0/0","0/0","0/0","0/0","0/0","0/0","0/0","0/0","0/0","0/0","0/0"
"chr1:179620100_CA/C_TDRD5","0/0","0/0","0/0","0/0","0/0","0/0","0/0","0/0","0/0","0/0","0/0","0/0","0/0","0/0","0/0","0/0","0/0","0/0","0/0","0/0","0/0","0/0","0/0","0/0","0/0","0/0","0/0","0/0","0/0","0/0","0/0","0/0","0/0","0/0","0/0","0/0","0/0","0/0","0/0","0/0","0/0","0/0","0/0","0/0","0/0","0/0","0/0","0/0","0/0","0/0","0/0","0/0","0/0","0/0","0/0","0/0","0/0","0/0","0/0","0/0","0/0","0/0","0/0","0/0","0/0","0/0","0/0","0/0","0/0","0/0","0/0","0/0","0/0","0/0","0/0","0/0","0/0","0/0","0/0","0/0","0/0","0/0","0/0","0/0","0/0","0/0","0/0","0/0","0/0","0/0","0/0","0/0","0/0","0/0","0/0","0/0","0/0","0/0","0/0","0/0","0/0","0/0","0/0","0/0","0/0","0/0","0/0","0/0","0/0","0/0","0/0","0/0","0/0","0/0","0/0","0/0","0/0","0/0","0/0","0/0","0/0","0/0","0/0","0/0","0/0","0/0","0/0","0/0","0/0","0/0","0/0","0/0","0/0","0/0","0/0","0/0","0/0","0/0","0/1","0/0","0/0","0/0","0/0","0/0","0/0","0/0","0/0","0/0","0/0","0/0","0/0","0/0","0/0"
"chr1:179853882_C/CTCA_TOR1AIP1","0/0","0/0","0/0","0/0","0/0","0/0","0/0","0/0","0/0","0/1","0/1","0/0","0/0","0/0","0/0","0/0","0/0","0/0","0/1","0/0","0/0","0/0","0/1","0/0","0/0","0/0","0/0","0/0","0/0","0/0","0/0","0/0","0/0","0/0","0/0","0/0","0/0","0/0","0/0","0/0","0/0","0/0","0/0","0/1","0/0","0/0","0/0","0/0","0/0","0/0","0/0","0/0","0/0","0/0","0/0","0/0","0/0","0/0","0/0","0/0","0/0","0/0","0/0","0/0","0/0","0/0","0/0","0/0","0/0","0/0","0/0","0/1","0/1","0/0","0/0","0/0","0/0","0/0","0/0","0/0","0/0","0/0","0/0","0/0","0/0","0/0","0/0","0/0","0/0","0/0","0/0","0/0","0/0","0/0","0/0","0/0","0/0","0/0","0/0","0/0","0/0","0/0","0/0","0/0","0/0","0/0","0/0","0/0","0/0","0/0","0/0","0/0","0/0","0/0","0/0","0/0","0/0","0/0","0/0","0/0","0/0","0/0","0/0","0/0","0/0","0/0","0/0","0/0","0/0","0/0","0/0","0/0","0/0","0/0","0/0","0/0","0/0","0/0","0/0","0/0","0/0","0/0","0/0","0/0","0/0","0/0","0/0","0/0","0/0","0/0","0/0","0/0","0/0"
"chr1:181058571_GC/G_IER5","0/0","0/0","0/0","0/0","0/0","0/0","0/0","0/0","0/0","0/0","0/0","0/0","0/0","0/0","0/0","0/0","0/0","0/0","0/0","0/0","0/0","0/0","0/0","0/0","0/0","0/0","0/0","0/0","0/0","0/0","0/0","0/0","0/0","0/0","0/0","0/0","0/0","0/0","0/0","0/0","0/0","0/0","0/0","0/0","0/0","0/0","0/0","0/0","0/0","0/0","0/0","0/0","0/0","0/0","0/0","0/0","0/0","0/0","0/0","0/0","0/0","0/0","0/0","0/0","0/0","0/0","0/0","0/0","0/0","0/0","0/0","0/0","0/0","0/0","0/0","0/0","0/0","0/0","0/0","0/0","0/0","0/0","0/0","0/0","0/0","0/0","0/0","0/0","0/0","0/0","0/0","0/0","0/0","0/0","0/0","0/0","0/0","0/0","0/0","0/0","0/0","0/0","0/0","0/0","0/0","0/0","0/0","0/0","0/0","0/0","0/0","0/0","0/0","0/0","0/0","0/0","0/0","0/0","0/0","0/0","0/0","0/0","0/0","0/0","0/0","0/0","0/1","0/0","0/0","0/0","0/0","0/0","0/0","0/0","0/0","0/0","0/0","0/0","0/0","0/0","0/0","0/0","0/0","0/0","0/0","0/0","0/0","0/0","0/0","0/0","0/0","0/0","0/0"
"chr1:181680101_A/AAG_CACNA1E","0/0","0/0","0/0","0/0","0/0","0/0","0/0","0/0","0/0","0/0","0/0","0/0","0/0","0/0","0/0","0/0","0/0","0/0","0/0","0/0","0/0","0/0","0/0","0/0","0/0","0/0","0/0","0/0","0/0","0/0","0/0","0/0","0/0","0/0","0/0","0/0","0/1","0/0","0/0","0/0","0/0","0/0","0/0","0/0","0/0","0/0","0/0","0/0","0/0","0/0","0/0","0/0","0/0","0/0","0/0","0/0","0/0","0/0","0/0","0/0","0/0","0/0","0/0","0/0","0/0","0/0","0/0","0/0","0/0","0/0","0/0","0/0","0/0","0/0","0/0","0/0","0/0","0/0","0/0","0/0","0/0","0/0","0/0","0/0","0/0","0/0","0/0","0/0","0/0","0/0","0/0","0/0","0/0","0/0","0/0","0/0","0/0","0/0","0/0","0/0","0/0","0/0","0/0","0/0","0/0","0/0","0/0","0/0","0/0","0/0","0/0","0/0","0/0","0/0","0/0","0/0","0/0","0/0","0/0","0/0","0/0","0/0","0/0","0/0","0/0","0/0","0/0","0/0","0/0","0/0","0/0","0/0","0/0","0/0","0/0","0/0","0/0","0/0","0/0","0/0","0/0","0/0","0/0","0/0","0/0","0/0","0/0","0/0","0/0","0/0","0/0","0/0","0/0"
"chr1:182545499_AT/A_RNASEL","0/0","0/0","0/0","0/0","0/0","0/0","0/0","0/0","0/0","0/0","0/0","0/0","0/0","0/0","0/0","0/0","0/0","0/0","0/0","0/0","0/0","0/0","0/0","0/0","0/0","0/0","0/0","0/0","0/0","0/0","0/0","0/0","0/0","0/0","0/0","0/0","0/1","0/0","0/0","0/0","0/0","0/0","0/0","0/0","0/0","0/0","0/0","0/0","0/0","0/0","0/0","0/0","0/0","0/0","0/0","0/0","0/0","0/0","0/0","0/0","0/0","0/0","0/0","0/0","0/0","0/0","0/0","0/0","0/0","0/0","0/0","0/0","0/0","0/0","0/0","0/0","0/0","0/0","0/0","0/0","0/0","0/0","0/0","0/0","0/0","0/0","0/0","0/0","0/0","0/0","0/0","0/0","0/0","0/0","0/0","0/0","0/0","0/0","0/0","0/0","0/0","0/0","0/0","0/0","0/0","0/0","0/0","0/0","0/0","0/0","0/0","0/0","0/0","0/0","0/0","0/0","0/0","0/0","0/0","0/0","0/0","0/0","0/0","0/0","0/0","0/0","0/0","0/0","0/0","0/0","0/0","0/0","0/0","0/0","0/0","0/0","0/0","0/0","0/0","0/0","0/0","0/0","0/0","0/0","0/0","0/0","0/0","0/0","0/0","0/0","0/0","0/0","0/0"
"chr1:182908602_AAATT/A_SHCBP1L","0/0","0/0","0/0","0/0","0/0","0/0","0/0","0/0","0/0","0/0","0/0","0/0","0/0","0/0","0/0","0/0","0/0","0/0","0/0","0/0","0/0","0/0","0/0","0/0","0/0","0/0","0/0","0/0","0/0","0/0","0/1","0/0","0/0","0/0","0/1","0/0","0/0","0/0","0/0","0/0","0/0","0/0","0/0","0/0","0/0","0/0","0/0","0/0","0/0","0/0","0/0","0/0","0/0","0/0","0/0","0/0","0/0","0/0","0/0","0/0","0/0","0/0","0/0","0/0","0/0","0/0","0/0","0/0","0/0","0/0","0/0","0/0","0/0","0/0","0/0","0/0","0/0","0/0","0/0","0/0","0/0","0/0","0/0","0/0","0/0","0/0","0/0","0/0","0/0","0/0","0/1","0/0","0/0","0/0","0/0","0/1","0/0","0/0","0/0","0/0","0/0","0/0","0/0","0/0","0/0","0/0","0/0","0/1","0/1","0/0","0/0","0/0","0/0","0/0","0/0","0/0","0/0","0/0","0/0","0/0","0/0","0/0","0/0","0/0","0/0","0/0","0/0","0/0","0/0","0/0","0/0","0/0","0/0","0/0","0/0","0/0","0/0","0/0","0/1","0/1","0/1","0/0","0/0","0/0","0/0","0/0","0/0","0/0","0/0","0/0","0/0","0/0","0/0"
"chr1:182922000_T/TCCG_SHCBP1L","0/0","0/0","0/0","0/0","0/0","0/0","0/0","0/0","0/0","0/0","0/0","0/0","0/0","0/0","0/0","0/0","0/0","0/0","0/0","0/0","0/0","0/0","0/0","0/0","0/0","0/0","0/0","0/0","0/0","0/0","0/0","0/0","0/0","0/0","0/0","0/0","0/0","0/0","0/0","0/0","0/0","0/0","0/0","0/0","0/0","0/0","0/0","0/0","0/0","0/0","0/0","0/0","0/0","0/0","0/0","0/0","0/0","0/1","0/0","0/0","0/0","0/0","0/0","0/0","0/0","0/0","0/0","0/0","0/0","0/0","0/0","0/0","0/0","0/0","0/0","0/0","0/0","0/0","0/0","0/0","0/0","0/0","0/0","0/0","0/0","0/0","0/0","0/0","0/0","0/0","0/0","0/0","0/0","0/0","0/0","0/0","0/0","0/0","0/0","0/0","0/0","0/0","0/0","0/0","0/0","0/0","0/0","0/0","0/0","0/0","0/0","0/0","0/0","0/0","0/0","0/0","0/0","0/0","0/0","0/0","0/0","0/0","0/0","0/0","0/0","0/0","0/0","0/0","0/0","0/0","0/0","0/0","0/0","0/0","0/0","0/0","0/0","0/0","0/0","0/0","0/0","0/0","0/0","0/0","0/0","0/0","0/0","0/0","0/0","0/0","0/0","0/0","0/0"
"chr1:183899414_TGAGAG/T_COLGALT2","0/0","0/0","0/0","0/0","0/0","0/0","0/0","0/0","0/0","0/0","0/0","0/0","0/0","0/0","0/0","0/0","0/0","0/0","0/0","0/0","0/0","0/0","0/0","0/0","0/0","0/0","0/1","0/0","0/0","0/0","0/0","0/0","0/0","0/0","0/0","0/0","0/0","0/0","0/0","0/0","0/0","0/0","0/0","0/0","0/0","0/0","0/0","0/0","0/0","0/0","0/0","0/0","0/0","0/0","0/0","0/0","0/0","0/0","0/0","0/0","0/0","0/0","0/0","0/0","0/0","0/0","0/0","0/0","0/0","0/0","0/0","0/0","0/0","0/0","0/0","0/0","0/0","0/0","0/0","0/0","0/0","0/0","0/0","0/0","0/0","0/0","0/0","0/0","0/0","0/0","0/0","0/0","0/0","0/0","0/0","0/0","0/0","0/0","0/0","0/0","0/0","0/0","0/0","0/0","0/0","0/0","0/0","0/0","0/0","0/0","0/0","0/0","0/0","0/0","0/0","0/0","0/0","0/0","0/0","0/0","0/0","0/0","0/0","0/0","0/0","0/0","0/0","0/0","0/0","0/0","0/0","0/0","0/0","0/0","0/0","0/0","0/0","0/0","0/0","0/0","0/0","0/0","0/0","0/0","0/0","0/0","0/0","0/0","0/0","0/0","0/0","0/0","0/0"
"chr1:186276346_G/GCACCCACCACTCCCAAGGAGCCTGCACCCACCACCACCAAGGAGCCTT_PRG4","0/0","0/0","0/0","0/0","0/0","0/0","0/0","0/0","0/0","0/0","0/0","0/0","0/0","0/0","0/0","0/0","0/0","0/0","0/0","0/0","0/0","0/0","0/0","0/0","0/0","0/0","0/0","0/0","0/0","0/0","0/0","0/0","0/0","0/0","0/0","0/0","0/0","0/0","0/0","0/0","0/0","0/0","0/0","0/0","0/0","0/0","0/0","0/0","0/0","0/0","0/0","0/0","0/0","0/0","0/0","0/0","0/0","0/0","0/0","0/0","0/0","0/0","0/0","0/0","0/0","0/0","0/0","0/0","0/0","0/0","0/0","0/0","0/0","0/0","0/0","0/0","0/0","0/0","0/0","0/0","0/0","0/0","0/0","0/0","0/0","0/0","0/0","0/0","0/0","0/0","0/0","0/0","0/0","0/0","0/0","0/0","0/0","0/0","0/0","0/0","0/0","0/0","0/0","0/0","0/0","0/0","0/0","0/0","0/0","0/0","0/0","0/0","0/0","0/0","0/0","0/0","0/0","0/0","0/0","0/0","0/0","0/0","0/0","0/0","0/0","0/0","0/0","0/0","0/0","0/0","0/0","0/0","0/0","0/0","0/0","0/0","0/0","0/0","0/0","0/0","0/0","0/0","0/0","0/0","0/1","0/0","0/0","0/0","0/0","0/0","0/0","0/0","0/0"
"chr1:196928051_CAT/C_CFHR2","0/0","0/0","0/0","0/1","0/0","0/0","0/0","0/0","0/0","0/0","0/0","0/0","0/0","0/0","0/0","0/0","0/0","0/0","0/0","0/0","0/0","0/0","0/0","0/0","0/0","0/0","0/0","0/0","0/0","0/0","0/0","0/0","0/0","0/0","0/0","0/0","0/0","0/0","0/0","0/1","0/0","0/0","0/0","0/0","0/0","0/0","0/0","0/0","0/0","0/0","0/0","0/0","0/0","0/0","0/0","0/0","1/1","0/0","0/0","0/0","0/0","0/0","0/0","0/0","0/0","0/0","0/0","0/0","0/0","0/0","0/0","0/0","0/0","0/0","0/0","0/0","0/0","0/0","0/0","0/0","0/0","0/0","0/0","0/0","0/0","0/0","0/0","0/0","0/0","0/0","0/0","0/0","0/0","0/0","0/0","0/0","0/0","0/0","0/0","0/0","0/0","0/0","0/0","0/0","0/0","0/0","0/0","0/0","0/0","0/0","0/1","0/0","0/0","0/0","0/0","0/0","0/0","0/0","0/0","0/0","0/0","0/0","0/0","0/0","0/0","0/0","0/0","0/0","0/0","0/0","0/0","0/0","0/0","0/0","0/0","0/0","0/0","0/0","0/0","0/0","0/0","0/0","0/0","0/0","0/0","0/0","0/0","0/0","0/0","0/0","0/0","0/0","0/0"
"chr1:197145702_AT/A_ZBTB41","0/0","0/0","0/0","0/0","0/0","0/0","0/0","0/0","0/0","0/0","0/0","0/0","0/0","0/0","0/0","0/0","0/0","0/0","0/0","0/0","0/0","0/0","0/0","0/0","0/0","0/0","0/0","0/0","0/0","0/0","0/0","0/0","0/0","0/0","0/0","0/0","0/1","0/0","0/0","0/0","0/0","0/0","0/0","0/0","0/0","0/0","0/0","0/0","0/0","0/0","0/0","0/0","0/0","0/0","0/0","0/0","0/0","0/0","0/0","0/0","0/0","0/0","0/0","0/0","0/0","0/0","0/0","0/0","0/0","0/0","0/0","0/0","0/0","0/0","0/0","0/0","0/0","0/0","0/0","0/0","0/0","0/0","0/0","0/0","0/0","0/0","0/0","0/0","0/0","0/0","0/0","0/0","0/0","0/0","0/0","0/0","0/0","0/0","0/0","0/0","0/0","0/0","0/0","0/0","0/0","0/0","0/0","0/0","0/0","0/0","0/0","0/0","0/0","0/0","0/0","0/0","0/0","0/0","0/0","0/0","0/0","0/0","0/0","0/0","0/0","0/0","0/0","0/0","0/0","0/0","0/0","0/0","0/0","0/0","0/0","0/0","0/0","0/0","0/0","0/0","0/0","0/0","0/0","0/0","0/0","0/0","0/0","0/0","0/0","0/0","0/0","0/0","0/0"
"chr1:201183319_T/TTC_IGFN1","0/0","0/0","0/0","0/0","0/0","0/0","0/0","0/0","0/0","0/0","0/0","0/0","0/0","0/0","0/0","0/0","0/0","0/0","0/0","0/0","0/0","0/0","0/0","0/0","0/0","0/0","0/0","0/0","0/0","0/0","0/0","0/0","0/0","0/0","0/0","0/0","0/1","0/0","0/0","0/0","0/0","0/0","0/0","0/0","0/0","0/0","0/0","0/0","0/0","0/0","0/0","0/0","0/0","0/0","0/0","0/0","0/0","0/0","0/0","0/0","0/0","0/0","0/0","0/0","0/0","0/0","0/0","0/0","0/0","0/0","0/0","0/0","0/0","0/0","0/0","0/0","0/0","0/0","0/0","0/0","0/0","0/0","0/0","0/0","0/0","0/0","0/0","0/0","0/0","0/0","0/0","0/0","0/0","0/0","0/0","0/0","0/0","0/0","0/0","0/0","0/0","0/0","0/0","0/0","0/0","0/0","0/0","0/0","0/0","0/0","0/0","0/0","0/0","0/0","0/0","0/0","0/0","0/0","0/0","0/0","0/0","0/0","0/0","0/0","0/0","0/0","0/0","0/0","0/0","0/0","0/0","0/0","0/0","0/0","0/0","0/0","0/0","0/0","0/0","0/0","0/0","0/0","0/0","0/0","0/0","0/0","0/0","0/0","0/0","0/0","0/0","0/0","0/0"
"chr1:201356000_GC/G_LAD1","0/0","0/0","0/0","0/0","0/0","0/0","0/1","0/1","0/1","0/0","0/0","0/0","0/0","0/0","0/0","0/0","0/0","0/0","0/0","0/0","0/0","0/0","0/0","0/0","0/0","0/0","0/0","0/0","0/0","0/0","0/0","0/0","0/0","0/0","0/0","0/0","0/0","0/0","0/0","0/0","0/0","0/0","0/0","0/0","0/0","0/0","0/0","0/0","0/0","0/0","0/0","0/0","0/0","0/0","0/0","0/0","0/0","0/0","0/0","0/0","0/0","0/0","0/0","0/0","0/0","0/0","0/0","0/0","0/0","0/0","0/0","0/0","0/0","0/0","0/0","0/0","0/0","0/0","0/0","0/0","0/0","0/0","0/0","0/0","0/0","0/0","0/0","0/0","0/0","0/0","0/0","0/1","0/1","0/0","0/0","0/0","0/0","0/0","0/1","0/1","0/0","0/0","0/0","0/1","0/1","0/0","0/0","0/0","0/0","0/0","0/0","0/0","0/0","0/0","0/0","0/0","0/0","0/0","0/0","0/0","0/0","0/0","0/0","0/0","0/0","0/0","0/0","0/0","0/0","0/0","0/0","0/0","0/1","0/0","0/1","0/1","0/0","0/0","0/0","0/0","0/0","0/0","0/0","0/1","0/1","0/1","0/0","0/0","0/0","0/1","0/1","0/1","0/1"
"chr1:201356001_CCCA/C_LAD1","0/0","0/0","0/0","0/0","0/0","0/0","0/2","0/2","0/2","0/0","0/1","0/0","0/0","0/0","0/0","0/0","0/0","0/0","0/0","0/0","0/0","0/0","0/0","0/0","0/0","0/1","0/0","0/0","0/0","0/0","0/0","0/0","0/1","0/0","0/0","0/0","0/0","0/0","0/0","0/0","0/0","0/0","0/0","0/0","0/1","0/0","0/0","0/0","0/0","0/0","0/0","0/0","0/1","0/0","0/0","0/1","0/0","0/0","0/0","0/0","0/0","0/0","0/0","0/0","0/0","0/1","0/0","0/0","0/0","0/0","0/1","0/0","0/0","0/0","0/0","0/0","0/0","0/0","0/0","0/0","0/0","0/0","0/0","0/0","0/0","0/0","0/0","0/0","0/0","0/0","0/0","0/2","0/2","0/0","0/0","0/0","0/0","0/0","0/2","0/2","0/0","0/0","0/0","0/2","0/2","0/0","0/0","0/0","0/0","0/0","0/0","0/0","0/0","0/0","0/0","0/0","0/0","0/0","0/0","0/0","0/0","0/0","0/0","0/0","0/0","0/0","0/0","0/0","0/0","0/0","0/0","0/1","0/1","0/0","0/1","0/1","0/0","0/0","0/0","0/0","0/0","0/1","0/1","0/2","0/2","0/2","0/0","0/0","0/0","0/2","0/2","0/2","0/2"
"chr1:201356004_ACC/A_LAD1","0/0","0/0","0/0","0/0","0/0","0/0","0/1","0/1","0/1","0/0","0/2","0/0","0/0","0/0","0/0","0/0","0/0","0/0","0/0","0/0","0/0","0/0","0/0","0/0","0/0","0/2","0/0","0/0","0/0","0/0","0/0","0/0","0/2","0/0","0/0","0/0","0/0","0/0","0/0","0/0","0/0","0/0","0/0","0/0","0/2","0/0","0/0","0/0","0/0","0/0","0/0","0/0","0/2","0/0","0/0","0/2","0/0","0/0","0/0","0/0","0/0","0/0","0/0","0/0","0/0","0/2","0/0","0/0","0/0","0/0","0/2","0/0","0/0","0/0","0/0","0/0","0/0","0/0","0/0","0/0","0/0","0/0","0/0","0/0","0/0","0/0","0/0","0/0","0/0","0/0","0/0","0/1","0/1","0/0","0/0","0/0","0/0","0/0","0/1","0/1","0/0","0/0","0/0","0/1","0/1","0/0","0/0","0/0","0/0","0/0","0/0","0/0","0/0","0/0","0/0","0/0","0/0","0/0","0/0","0/0","0/0","0/0","0/0","0/0","0/0","0/0","0/0","0/0","0/0","0/0","0/0","0/2","0/1","0/0","0/1","0/1","0/0","0/0","0/0","0/0","0/0","0/2","0/2","0/1","0/1","0/1","0/0","0/0","0/0","0/1","0/1","0/1","0/1"
"chr1:201843997_AGAG/A_IPO9","0/0","0/0","0/0","0/0","0/0","0/0","0/0","0/0","0/0","0/0","0/0","0/0","0/0","0/0","0/0","0/0","0/0","0/0","0/0","0/0","0/0","0/0","0/0","0/0","0/0","0/0","0/0","0/0","0/0","0/0","0/0","0/0","0/0","0/0","0/0","0/0","0/0","0/0","0/0","0/0","0/0","0/0","0/0","0/0","0/0","0/0","0/0","0/0","0/0","0/0","0/0","0/0","0/0","0/0","0/0","0/0","0/0","0/0","0/0","0/0","0/0","0/0","0/0","0/0","0/0","0/0","0/0","0/0","0/0","0/0","0/0","0/0","0/0","0/0","0/0","0/0","0/0","0/1","0/0","0/0","0/0","0/0","0/0","0/0","0/0","0/0","0/0","0/0","0/0","0/0","0/0","0/0","0/0","0/0","0/0","0/0","0/0","0/0","0/0","0/0","0/0","0/0","0/0","0/0","0/0","0/0","0/0","0/0","0/0","0/0","0/0","0/0","0/0","0/0","0/0","0/0","0/0","0/0","0/0","0/0","0/0","0/0","0/0","0/0","0/0","0/0","0/0","0/0","0/0","0/0","0/0","0/0","0/0","0/0","0/0","0/0","0/0","0/0","0/0","0/0","0/0","0/0","0/0","0/0","0/0","0/0","0/0","0/0","0/0","0/0","0/0","0/0","0/0"
"chr1:202097524_ACTG/A_GPR37L1","0/0","0/0","0/0","0/0","0/0","0/0","0/0","0/0","0/0","0/0","0/0","0/0","0/0","0/0","0/0","0/0","0/0","0/0","0/0","0/0","0/0","0/0","0/0","0/0","0/0","0/0","0/0","0/0","0/0","0/0","0/0","0/0","0/0","0/0","0/0","0/0","0/0","0/0","0/0","0/0","0/0","0/0","0/0","0/0","0/0","0/0","0/0","0/0","0/0","0/0","0/1","0/0","0/0","0/0","0/0","0/0","0/0","0/0","0/0","0/0","0/0","0/0","0/0","0/0","0/0","0/0","0/0","0/0","0/0","0/0","0/0","0/0","0/0","0/0","0/0","0/0","0/0","0/0","0/0","0/0","0/0","0/0","0/0","0/0","0/0","0/0","0/0","0/0","0/0","0/0","0/0","0/0","0/0","0/0","0/0","0/0","0/0","0/0","0/0","0/0","0/0","0/0","0/0","0/0","0/0","0/0","0/0","0/0","0/0","0/0","0/0","0/0","0/0","0/0","0/0","0/0","0/0","0/0","0/0","0/0","0/0","0/0","0/0","0/0","0/0","0/0","0/0","0/0","0/0","0/0","0/1","0/0","0/0","0/0","0/0","0/0","0/0","0/0","0/0","0/0","0/0","0/0","0/0","0/0","0/0","0/0","0/0","0/0","0/0","0/0","0/0","0/0","0/0"
"chr1:202129858_TG/T_PTPN7","0/0","0/0","0/0","0/0","0/0","0/0","0/0","0/0","0/0","0/0","0/0","0/0","0/0","0/0","0/0","0/0","0/0","0/0","0/0","0/0","0/0","0/0","0/0","0/0","0/0","0/0","0/0","0/0","0/0","0/0","0/0","0/0","0/0","0/0","0/0","0/0","0/0","0/0","0/0","0/0","0/0","0/0","0/0","0/0","0/0","0/0","0/0","0/0","0/0","0/0","0/0","0/0","0/0","0/0","0/0","0/0","0/0","0/0","0/0","0/0","0/0","0/0","0/0","0/0","0/0","0/0","0/0","0/0","0/0","0/0","0/0","0/0","0/0","0/0","0/0","0/0","0/0","0/0","0/0","0/0","0/0","0/0","0/0","0/0","0/0","0/0","0/0","0/0","0/0","0/0","0/0","0/0","0/0","0/0","0/0","0/0","0/0","0/1","0/0","0/0","0/0","0/0","0/0","0/0","0/0","0/0","0/0","0/0","0/0","0/0","0/0","0/0","0/0","0/0","0/0","0/0","0/0","0/0","0/0","0/0","0/0","0/0","0/0","0/0","0/0","0/0","0/0","0/0","0/0","0/0","0/0","0/0","0/0","0/0","0/0","0/0","0/0","0/0","0/0","0/0","0/0","0/0","0/0","0/0","0/0","0/0","0/0","0/0","0/0","0/0","0/0","0/0","0/0"
"chr1:202183357_TG/T_LGR6","0/0","0/0","0/0","0/0","0/0","0/0","0/0","0/0","0/0","0/0","0/0","0/0","0/0","0/0","0/1","0/0","0/0","0/0","0/0","0/0","0/0","0/0","0/0","0/0","0/0","0/0","0/0","0/0","0/0","0/0","0/0","0/0","0/0","0/0","0/0","0/0","0/0","0/1","0/0","0/0","0/0","0/0","0/0","0/1","0/0","0/0","0/0","0/0","0/0","0/0","0/0","0/1","0/0","0/0","0/0","0/1","0/0","0/0","0/0","0/0","0/0","0/0","0/0","0/0","0/0","0/0","0/0","0/0","0/0","0/0","0/0","0/1","0/1","0/0","0/0","0/0","0/0","0/0","0/0","0/0","0/0","0/0","0/0","0/0","0/0","0/0","0/0","0/0","0/1","0/1","0/0","0/0","0/0","0/0","0/0","0/0","0/0","0/0","0/0","0/0","0/0","0/0","0/0","0/0","0/0","0/0","0/0","0/1","0/1","0/0","0/0","0/0","0/0","0/0","0/0","0/1","0/1","0/0","0/0","0/0","0/0","0/0","0/1","0/0","0/0","0/0","0/0","0/0","0/0","0/0","0/0","0/0","0/0","0/0","0/0","0/0","0/0","0/0","0/0","0/0","0/0","0/0","0/0","0/0","0/0","0/0","0/0","0/0","0/0","0/0","0/0","0/0","0/0"
"chr1:202407189_GT/G_PPP1R12B","0/0","0/0","0/0","0/0","0/0","0/0","0/0","0/0","0/0","0/0","0/0","0/0","0/0","0/0","0/0","0/0","0/0","0/0","0/0","0/0","0/0","0/0","0/0","0/0","0/0","0/0","0/0","0/0","0/0","0/0","0/0","0/1","0/0","0/0","0/2","0/1","0/1","0/0","0/0","0/0","0/0","0/1","0/0","0/0","0/0","0/0","0/0","0/0","0/0","0/0","0/2","0/0","0/1","0/0","0/0","0/0","0/0","0/0","0/0","0/2","0/0","0/0","0/0","0/0","0/0","0/0","0/0","0/0","0/0","0/0","0/0","0/0","0/0","0/0","0/0","0/0","0/0","0/0","0/0","0/0","0/1","0/0","0/0","0/0","0/0","0/0","0/0","0/0","0/0","0/0","0/0","0/0","0/0","0/0","0/0","0/0","0/0","0/0","0/0","0/0","0/0","0/0","0/0","0/0","0/0","0/0","0/0","0/0","0/0","0/0","0/0","0/0","0/0","0/0","0/1","0/0","0/0","0/0","0/0","0/0","0/0","0/0","0/0","0/2","0/0","0/0","0/1","0/0","0/0","0/0","0/0","0/0","0/0","0/0","0/0","0/0","0/0","0/0","0/0","0/2","0/0","0/0","0/0","0/0","0/0","0/0","0/0","0/0","0/0","0/0","0/0","0/0","0/1"
"chr1:202858206_CGGCTGCTCCGCT/C_RABIF","0/0","0/0","0/0","0/0","0/0","0/0","0/0","0/0","0/0","0/0","0/0","0/0","0/0","0/0","0/0","0/0","0/0","0/0","0/0","0/0","0/0","0/0","0/0","0/0","0/0","0/0","0/0","0/0","0/0","0/0","0/0","0/0","0/0","0/0","0/0","0/0","0/0","0/0","0/0","0/0","0/0","0/0","0/0","0/0","0/0","0/0","0/0","0/0","0/0","0/0","0/0","0/0","0/1","0/0","0/0","0/0","0/0","0/0","0/0","0/0","0/0","0/0","0/0","0/0","0/0","0/0","0/0","0/0","0/0","0/0","0/0","0/0","0/0","0/0","0/0","0/0","0/0","0/0","0/0","0/0","0/0","0/0","0/0","0/0","0/0","0/0","0/0","0/0","0/0","0/0","0/0","0/0","0/0","0/0","0/0","0/0","0/0","0/0","0/0","0/0","0/0","0/0","0/0","0/0","0/0","0/0","0/0","0/0","0/0","0/0","0/0","0/0","0/0","0/0","0/0","0/0","0/0","0/0","0/0","0/0","0/0","0/0","0/0","0/0","0/0","0/0","0/0","0/0","0/0","0/0","0/0","0/0","0/0","0/0","0/0","0/0","0/0","0/0","0/0","0/0","0/0","0/0","0/0","0/0","0/0","0/0","0/0","0/0","0/0","0/0","0/0","0/0","0/0"
"chr1:203186950_C/CAGACCATGGCCCCGCCCAGTCCCT_CHIT1","0/0","0/0","0/0","0/1","0/1","0/1","1/1","1/1","1/1","0/1","0/1","1/1","0/1","1/1","1/1","1/1","0/0","1/1","0/1","0/0","0/1","0/1","0/1","0/0","1/1","0/1","0/0","1/1","0/1","0/1","1/1","0/1","0/1","0/0","0/0","0/1","1/1","0/0","0/0","0/0","0/0","1/1","1/1","1/1","1/1","0/1","1/1","1/1","0/1","0/1","0/0","1/1","1/1","0/1","0/1","1/1","0/0","0/1","0/1","0/0","0/1","1/1","1/1","0/1","0/1","1/1","0/1","0/1","0/1","0/1","1/1","1/1","1/1","1/1","1/1","0/1","0/1","0/1","0/1","1/1","1/1","1/1","0/0","0/1","0/1","0/1","0/1","0/1","0/0","0/0","0/0","0/1","0/1","0/0","0/0","0/0","0/1","0/1","0/1","0/1","1/1","0/0","1/1","1/1","1/1","1/1","1/1","1/1","1/1","0/0","0/1","0/1","0/1","0/0","1/1","1/1","1/1","0/0","0/1","0/0","0/1","0/1","1/1","0/0","1/1","1/1","0/0","0/0","1/1","1/1","1/1","0/1","0/1","0/1","0/1","0/1","0/1","0/1","1/1","0/1","1/1","0/1","0/1","1/1","1/1","1/1","1/1","1/1","1/1","0/0","0/0","0/0","0/0"
"chr1:205306710_GGGTT/G_KLHDC8A","0/0","0/0","0/0","0/0","0/0","0/0","0/0","0/0","0/0","0/0","0/0","0/0","0/0","0/0","0/0","0/0","0/0","0/0","0/0","0/0","0/0","0/0","0/0","0/0","0/0","0/0","0/0","0/0","0/0","0/1","0/0","0/0","0/0","0/0","0/0","0/0","0/0","0/0","0/0","0/0","0/0","0/0","0/0","0/0","0/0","0/0","0/0","0/0","0/0","0/0","0/0","0/0","0/0","0/0","0/0","0/0","0/0","0/0","0/0","0/0","0/0","0/0","0/0","0/0","0/0","0/0","0/0","0/0","0/0","0/0","0/0","0/0","0/0","0/0","0/0","0/0","0/0","0/0","0/0","0/0","0/0","0/0","0/0","0/0","0/0","0/0","0/0","0/0","0/0","0/0","0/0","0/0","0/0","0/0","0/0","0/0","0/0","0/0","0/0","0/0","0/0","0/0","0/0","0/0","0/0","0/0","0/0","0/0","0/0","0/0","0/0","0/0","0/0","0/0","0/0","0/0","0/0","0/0","0/0","0/0","0/0","0/0","0/0","0/0","0/0","0/0","0/0","0/0","0/0","0/0","0/0","0/0","0/0","0/0","0/0","0/0","0/0","0/0","0/0","0/0","0/0","0/0","0/0","0/0","0/0","0/0","0/0","0/0","0/0","0/0","0/0","0/0","0/0"
"chr1:205632217_GGCCGACAGCCCTTCTGCTGGCTCGGTGGGGCCCAGC/G_SLC45A3","0/0","0/0","0/0","0/0","0/0","0/0","0/0","0/0","0/0","0/0","0/0","0/0","0/0","0/0","0/0","0/0","0/0","0/0","0/0","0/0","0/0","0/1","0/0","0/0","0/1","0/0","0/0","0/0","0/0","0/0","0/0","0/0","0/1","0/1","0/0","0/0","0/0","0/0","0/0","0/1","0/0","0/0","0/0","0/1","0/0","0/0","0/0","0/0","0/0","0/0","0/0","0/0","0/0","0/0","0/1","0/0","0/1","0/0","0/1","0/0","0/0","0/0","0/0","0/0","0/0","0/0","0/0","0/0","0/0","0/0","0/0","0/0","0/0","0/0","0/0","0/1","0/1","0/0","0/0","0/0","0/0","0/0","0/0","0/0","0/0","0/0","0/0","0/1","0/0","0/0","0/0","0/1","0/1","0/0","0/0","0/0","0/1","0/0","0/1","0/1","0/0","0/0","0/0","0/0","0/0","1/1","1/1","0/0","0/0","0/0","0/0","0/0","0/0","0/0","0/0","0/0","0/0","0/0","0/0","0/0","0/0","0/0","0/0","0/0","0/0","0/0","0/0","0/0","0/0","0/0","0/0","0/0","0/0","0/1","0/0","0/0","0/1","0/1","0/1","0/1","0/1","0/0","0/0","0/1","0/1","0/1","0/0","0/0","0/0","0/0","0/0","0/0","0/0"
"chr1:206239431_AAAT/A_C1orf186","0/0","0/0","0/0","0/0","0/0","0/0","0/0","0/0","0/0","0/0","0/1","0/0","0/0","0/0","0/0","0/0","0/0","0/0","0/0","0/0","0/0","0/0","0/0","0/0","0/0","0/0","0/0","0/0","0/0","0/0","0/0","0/0","0/0","0/0","0/0","0/0","0/0","0/0","0/0","0/0","0/0","0/0","0/0","0/0","0/0","0/0","0/0","0/0","0/0","0/0","0/0","0/0","0/0","0/0","0/0","0/0","0/0","0/0","0/0","0/0","0/0","0/0","0/0","0/0","0/0","0/0","0/0","0/0","0/0","0/0","0/0","0/0","0/0","0/0","0/0","0/0","0/0","0/0","0/0","0/0","0/0","0/0","0/0","0/0","0/0","0/0","0/0","0/0","0/0","0/0","0/0","0/0","0/0","0/0","0/0","0/0","0/0","0/1","0/0","0/0","0/0","0/0","0/0","0/0","0/0","0/0","0/0","0/1","0/1","0/0","0/0","0/0","0/0","0/0","0/0","0/1","0/1","0/0","0/0","0/0","0/0","0/0","0/1","0/0","0/0","0/0","0/0","0/0","0/0","0/0","0/0","0/0","0/0","0/0","0/0","0/0","0/0","0/0","0/0","0/0","0/0","0/0","0/0","0/0","0/0","0/0","0/0","0/0","0/0","0/0","0/0","0/0","0/0"
"chr1:206858633_CGCCGCAG/C_MAPKAPK2","0/0",".","0/0","0/0","0/0","0/0","0/0","0/0","0/0","0/0","0/0","0/0","0/0","0/0","0/1","0/0","0/0","0/0","0/0","0/0","0/0","0/0","0/0","0/0","0/0","0/1","0/0","0/0","0/0","0/0","0/0","0/0","0/0","0/0","0/0","0/0","0/0","0/0","0/0","0/0","0/0","0/0","0/0","0/0","0/1","0/0","0/0","0/0","0/0","0/0","0/0","0/0","0/0","0/0","0/0","0/0","0/0","0/0","0/0","0/0","0/0","0/0","0/0","0/0","0/0","0/0","0/0","0/0","0/0","0/0","0/0","0/0","0/0","0/0","0/1","0/0","0/0","0/0","0/0","0/0","0/0","0/0","0/0","0/0","0/0","0/0","0/0","0/0","0/0","0/0","0/0","0/0","0/1",".","0/0","0/0","0/0","0/0","0/0","0/0","0/0","0/0","0/0","0/0","0/0","0/0","0/0","0/0","0/0","0/0","0/0","0/0","0/0","0/0","0/0","0/0","0/0","0/0","0/0","0/0","0/0","0/0","0/0","0/0","0/0","0/0","0/0","0/0","0/0","0/0","0/0","0/0","0/0","0/0","0/0","0/0","0/0","0/0","0/0","0/0","0/0","0/0","0/0","0/0","0/0","0/0","0/0","0/0","0/0","0/0","0/0","0/0","0/0"
"chr1:207510138_A/AG_CD55","0/0","0/0","0/0","0/0","0/0","0/0","0/0","0/0","0/0","0/0","0/0","0/1","0/0","0/0","0/0","0/0","0/0","0/0","0/0","0/0","0/0","0/0","0/0","0/0","0/0","0/0","0/0","0/0","0/0","0/0","0/0","0/0","0/0","0/0","0/0","0/0","0/0","0/0","0/0","0/0","0/0","0/0","0/0","0/0","0/0","0/0","0/0","0/0","0/0","0/0","0/0","0/0","0/0","0/0","0/0","0/0","0/0","0/0","0/0","0/0","0/0","0/0","0/0","0/0","0/0","0/0","0/0","0/0","0/0","0/0","0/0","0/0","0/0","0/0","0/0","0/0","0/0","0/0","0/0","0/0","0/0","0/0","0/0","0/0","0/0","0/0","0/0","0/0","0/0","0/0","0/0","0/0","0/0","0/0","0/0","0/0","0/0","0/0","0/0","0/0","0/0","0/0","0/0","0/0","0/0","0/0","0/0","0/0","0/0","0/0","0/0","0/0","0/0","0/0","0/0","0/0","0/0","0/0","0/0","0/0","0/0","0/0","0/0","0/0","0/0","0/0","0/0","0/0","0/0","0/0","0/0","0/0","0/0","0/0","0/0","0/0","0/0","0/0","0/0","0/0","0/0","0/0","0/0","0/0","0/0","0/0","0/0","0/0","0/0","0/0","0/0","0/0","0/0"
"chr1:209605636_TAGCAGCAGCAGC/T_MIR205HG","0/1","0/1","0/1","0/0","0/1","0/1","1/1","1/1","1/1","0/1","1/1","0/1","0/1","0/1","0/1","1/1","1/1","0/1","1/1","0/1","1/1","1/2","1/1","0/1","0/1","0/3","1/1","1/1","1/1","1/1","1/1","0/0","1/1","0/1","0/1","0/0","0/1","1/1","0/3","0/1","0/1","1/1","0/1","0/1","0/1","0/1","1/1","1/4","1/1","1/1","1/1","0/1","0/1","1/1","1/1","0/1","1/1","1/1","1/1","0/1","1/1","1/1","1/1","1/1","1/1","1/1","0/1","1/1","1/1","0/1","1/1","1/1","1/1","0/1","0/1","1/1","1/1","1/1","1/1","1/1","1/1","1/1","1/1","0/1","0/1","1/1","1/1","1/1","1/3","1/3","0/1","1/1","1/1","1/1","1/1","0/1","1/1","1/1","1/1","1/1","0/1","0/1","0/1","1/1","1/1","1/1","1/1","1/1","1/1","0/1","0/1","1/1","1/1","1/1","0/1","1/1","1/1","1/1","1/1","1/1","1/1","1/1","1/1","1/1","0/1","0/1","1/1","1/1","0/1","0/1","0/1","1/1","1/1","1/1","1/1","1/1","1/1","1/1","1/1","1/1","1/1","1/1","1/1","1/1","1/1","1/1","0/1","0/1","0/1","1/1","1/1","1/1","1/1"
"chr1:209964101_CAAAG/C_IRF6","0/0","0/0","0/0","0/0","0/0","0/0","0/0","0/0","0/0","0/0","0/0","0/0","0/0","0/0","0/0","0/0","0/0","0/0","0/0","0/0","0/0","0/0","0/0","0/0","0/0","0/0","0/0","0/0","0/0","0/0","0/0","0/0","0/0","0/0","0/0","0/0","0/0","0/0","0/0","0/0","0/0","0/0","0/0","0/0","0/0","0/0","0/0","0/0","0/0","0/0","0/0","0/0","0/0","0/0","0/0","0/0","0/0","0/0","0/0","0/0","0/0","0/0","0/0","0/0","0/0","0/0","0/0","0/0","0/0","0/0","0/0","0/0","0/0","0/0","0/0","0/0","0/0","0/0","0/0","0/0","0/0","0/0","0/0","0/0","0/0","0/0","0/0","0/0","0/0","0/0","0/0","0/0","0/0","0/0","0/1","0/0","0/0","0/0","0/0","0/0","0/0","0/0","0/0","0/0","0/0","0/0","0/0","0/0","0/0","0/0","0/0","0/0","0/0","0/0","0/0","0/0","0/0","0/0","0/0","0/0","0/0","0/0","0/0","0/0","0/0","0/0","0/0","0/0","0/0","0/0","0/0","0/0","0/0","0/0","0/0","0/0","0/0","0/0","0/0","0/0","0/0","0/0","0/0","0/0","0/0","0/0","0/0","0/0","0/0","0/0","0/0","0/0","0/0"
"chr1:210267893_TGAA/T_SYT14","0/0","0/0","0/0","0/1","0/0","0/0","0/0","0/0","0/0","0/0","0/0","0/0","0/0","0/0","0/1","0/1","0/0","0/0","0/0","0/0","0/0","0/0","0/0","0/0","0/0","0/0","0/0","0/0","0/0","0/1","0/0","0/0","0/0","0/0","0/0","0/0","0/0","0/0","0/1","0/0","0/0","0/0","0/0","0/0","0/0","0/0","0/1","0/1","0/1","0/0","0/0","0/0","0/1","0/0","0/0","0/0","0/0","0/0","0/0","0/0","0/0","0/0","0/0","0/0","0/0","0/0","0/0","0/0","0/0","0/0","0/0","0/0","0/0","0/0","0/0","0/0","0/0","0/0","0/0","0/0","0/0","0/0","0/0","0/1","0/1","0/0","0/0","0/0","0/0","0/0","0/1","0/0","0/0","0/0","0/0","0/1","0/0","0/0","0/1","0/1","0/0","0/0","0/0","0/0","0/0","0/0","0/0","0/0","0/0","0/0","0/1","0/0","0/0","0/0","0/0","0/0","0/0","0/0","0/1","0/0","0/1","0/1","0/0","0/0","0/0","0/0","0/0","0/0","0/0","0/0","0/0","0/0","0/0","0/1","0/0","0/0","0/1","0/1","0/0","0/0","0/0","0/0","0/0","0/1","0/1","0/1","0/1","0/1","0/1","0/1","0/1","0/1","0/1"
"chr1:213341235_GAGA/G_RPS6KC1","0/0","0/0","0/0","0/0","0/0","0/0","0/0","0/0","0/0","0/0","0/0","0/0","0/0","0/0","0/0","0/0","0/0","0/0","0/0","0/0","0/0","0/0","0/0","0/0","0/0","0/0","0/0","0/0","0/0","0/0","0/0","0/0","0/0","0/0","0/0","0/0","0/0","0/0","0/0","0/0","0/0","0/0","0/0","0/0","0/0","0/0","0/0","0/0","0/1","0/0","0/0","0/0","0/0","0/0","0/0","0/0","0/0","0/0","0/0","0/0","0/0","0/0","0/0","0/0","0/0","0/0","0/0","0/0","0/0","0/0","0/0","0/0","0/0","0/0","0/0","0/0","0/0","0/0","0/0","0/0","0/0","0/0","0/0","0/0","0/0","0/0","0/0","0/0","0/0","0/0","0/0","0/0","0/0","0/0","0/0","0/0","0/0","0/0","0/0","0/0","0/0","0/0","0/0","0/0","0/0","0/0","0/0","0/0","0/0","0/0","0/0","0/0","0/0","0/0","0/0","0/0","0/0","0/0","0/0","0/0","0/0","0/0","0/0","0/0","0/0","0/0","0/0","0/0","0/0","0/0","0/0","0/0","0/0","0/0","0/0","0/0","0/0","0/0","0/0","0/0","0/0","0/0","0/0","0/0","0/0","0/0","0/0","0/0","0/0","0/0","0/0","0/0","0/0"
"chr1:213415338_CAGA/C_RPS6KC1","0/0","0/0","0/0","0/0","0/0","0/0","0/0","0/0","0/0","0/0","0/0","0/0","0/0","0/0","0/0","0/0","0/0","0/0","0/0","0/0","0/0","0/0","0/0","0/0","0/0","0/0","0/0","0/0","0/0","0/0","0/0","0/0","0/0","0/0","0/0","0/0","0/0","0/0","0/0","0/0","0/0","0/0","0/0","0/0","0/0","0/0","0/0","0/0","0/0","0/0","0/0","0/0","0/0","0/0","0/0","0/0","0/0","0/0","0/0","0/0","0/0","0/0","0/0","0/0","0/0","0/0","0/0","0/0","0/0","0/0","0/0","0/1","0/0","0/0","0/0","0/0","0/0","0/0","0/0","0/0","0/0","0/0","0/0","0/0","0/0","0/0","0/0","0/0","0/0","0/0","0/0","0/0","0/0","0/0","0/0","0/0","0/0","0/0","0/0","0/0","0/0","0/0","0/0","0/0","0/0","0/0","0/0","0/0","0/0","0/0","0/0","0/0","0/0","0/0","0/0","0/0","0/0","0/0","0/0","0/0","0/0","0/0","0/0","0/0","0/0","0/0","0/0","0/0","0/0","0/0","0/0","0/0","0/0","0/0","0/0","0/0","0/0","0/0","0/0","0/0","0/0","0/0","0/0","0/0","0/0","0/0","0/0","0/0","0/0","0/0","0/0","0/0","0/0"
"chr1:214505409_GCT/G_SMYD2","0/0","0/0","0/0","0/0","0/0","0/0","0/0","0/0","0/0","0/0","0/0","0/0","0/0","0/0","0/0","0/0","0/0","0/0","0/0","0/0","0/0","0/0","0/0","0/0","0/0","0/0","0/0","0/0","0/0","0/0","0/0","0/0","0/0","0/0","0/0","0/0","0/1","0/0","0/0","0/0","0/0","0/0","0/0","0/0","0/0","0/0","0/0","0/0","0/0","0/0","0/0","0/0","0/0","0/0","0/0","0/0","0/0","0/0","0/0","0/0","0/0","0/0","0/0","0/0","0/0","0/0","0/0","0/0","0/0","0/0","0/0","0/0","0/0","0/0","0/0","0/0","0/0","0/0","0/0","0/0","0/0","0/0","0/0","0/0","0/0","0/0","0/0","0/0","0/0","0/0","0/0","0/0","0/0","0/0","0/0","0/0","0/0","0/0","0/0","0/0","0/0","0/0","0/0","0/0","0/0","0/0","0/0","0/0","0/0","0/0","0/0","0/0","0/0","0/0","0/0","0/0","0/0","0/0","0/0","0/0","0/0","0/0","0/0","0/0","0/0","0/0","0/0","0/0","0/0","0/0","0/0","0/0","0/0","0/0","0/0","0/0","0/0","0/0","0/0","0/0","0/0","0/0","0/0","0/0","0/0","0/0","0/0","0/0","0/0","0/0","0/0","0/0","0/0"
"chr1:216595291_C/CA_USH2A","0/0","0/0","0/0","0/0","0/0","0/0","0/0","0/0","0/0","0/0","0/0","0/0","0/0","0/0","0/0","0/0","0/0","0/0","0/0","0/0","0/0","0/0","0/0","0/0","0/0","0/0","0/0","0/0","0/0","0/0","0/0","0/0","0/0","0/0","0/0","0/0","0/0","0/0","0/0","0/0","0/0","0/0","0/0","0/0","0/0","0/0","0/0","0/0","0/0","0/0","0/0","0/0","0/0","0/0","0/0","0/0","0/0","0/0","0/0","0/0","0/0","0/0","0/0","0/0","0/0","0/0","0/0","0/0","0/0","0/0","0/0","0/0","0/0","0/0","0/0","0/0","0/0","0/0","0/0","0/0","0/0","0/0","0/0","0/0","0/0","0/0","0/0","0/0","0/0","0/0","0/0","0/0","0/0","0/0","0/0","0/0","0/0","0/0","0/0","0/0","0/0","0/0","0/0","0/0","0/0","0/0","0/0","0/0","0/0","0/0","0/0","0/0","0/0","0/0","0/0","0/0","0/0","0/0","0/0","0/0","0/0","0/0","0/0","0/0","0/0","0/0","0/0","0/0","0/0","0/0","0/0","0/0","0/0","0/0","0/0","0/0","0/0","0/0","0/0","0/0","0/0","0/0","0/0","0/1","0/0","0/0","0/0","0/0","0/0","0/0","0/0","0/0","0/0"
"chr1:223536702_TTGC/TTGCTGC_SUSD4","0/0","0/0","0/0","0/0","0/0","0/0","0/0","0/0","0/0","0/0","0/0","0/0","0/0","0/0","0/0","0/0","0/0","0/1","0/0","0/0","0/0","0/0","0/0","0/0","0/0","0/0","0/0","0/0","0/0","0/2","0/0","0/0","0/0","0/0","0/0","0/0","0/0","0/0","0/0","0/0","0/0","0/0","0/0","0/0","0/0","0/0","0/0","0/0","0/0","0/0","0/0","0/0","0/0","0/1","0/0","0/0","0/0","0/0","0/0","0/0","0/0","0/0","0/0","0/0","0/0","0/0","0/0","0/0","0/0","0/0","0/0","0/0","0/0","0/0","0/0","0/0","0/0","0/0","0/0","0/2","0/2","0/0","0/0","0/0","0/0","0/0","0/0","0/0","0/0","0/0","0/0","0/2","0/2","0/0","0/0","0/0","0/0","0/0","0/0","0/0","0/2","0/2","0/2","0/0","0/0","0/0","0/0","0/0","0/0","0/2","0/0","0/2","0/2","0/2","0/0","0/2","0/2","0/0","0/0","0/0","0/0","0/0","0/2","0/0","0/0","0/0","0/2","0/2","0/0","0/0","0/0","0/0","0/0","0/0","0/0","0/0","0/0","0/0","0/0","0/0","0/0","0/0","0/0","0/0","0/0","0/0","0/2","0/2","0/2","0/0","0/0","0/0","0/0"
"chr1:224477243_CA/C_NVL","0/0","0/0","0/0","0/0","0/0","0/0","0/0","0/0","0/0","0/0","0/0","0/0","0/0","0/0","0/0","0/0","0/0","0/1","0/0","0/0","0/0","0/0","0/0","0/0","0/0","0/0","0/0","0/0","0/0","0/0","0/0","0/0","0/0","0/0","0/0","0/0","0/0","0/0","0/0","0/0","0/0","0/0","0/0","0/0","0/0","0/0","0/0","0/0","0/0","0/0","0/0","0/0","0/0","0/0","0/0","0/0","0/0","0/0","0/0","0/0","0/0","0/0","0/0","0/0","0/0","0/0","0/0","0/0","0/0","0/0","0/0","0/0","0/0","0/0","0/0","0/0","0/0","0/0","0/0","0/0","0/0","0/0","0/0","0/0","0/0","0/0","0/0","0/0","0/0","0/0","0/0","0/0","0/0","0/0","0/0","0/0","0/0","0/0","0/0","0/0","0/0","0/0","0/0","0/0","0/0","0/0","0/0","0/0","0/0","0/0","0/0","0/0","0/0","0/0","0/0","0/0","0/0","0/0","0/0","0/0","0/0","0/0","0/0","0/0","0/0","0/0","0/0","0/0","0/0","0/0","0/0","0/0","0/0","0/0","0/0","0/0","0/0","0/0","0/0","0/0","0/0","0/0","0/0","0/0","0/0","0/0","0/0","0/0","0/0","0/0","0/0","0/0","0/0"
"chr1:224477247_TCTTCCATTTCA/T_NVL","0/0","0/0","0/0","0/0","0/0","0/0","0/0","0/0","0/0","0/0","0/0","0/0","0/0","0/0","0/0","0/0","0/0","0/1","0/0","0/0","0/0","0/0","0/0","0/0","0/0","0/0","0/0","0/0","0/0","0/0","0/0","0/0","0/0","0/0","0/0","0/0","0/0","0/0","0/0","0/0","0/0","0/0","0/0","0/0","0/0","0/0","0/0","0/0","0/0","0/0","0/0","0/0","0/0","0/0","0/0","0/0","0/0","0/0","0/0","0/0","0/0","0/0","0/0","0/0","0/0","0/0","0/0","0/0","0/0","0/0","0/0","0/0","0/0","0/0","0/0","0/0","0/0","0/0","0/0","0/0","0/0","0/0","0/0","0/0","0/0","0/0","0/0","0/0","0/0","0/0","0/0","0/0","0/0","0/0","0/0","0/0","0/0","0/0","0/0","0/0","0/0","0/0","0/0","0/0","0/0","0/0","0/0","0/0","0/0","0/0","0/0","0/0","0/0","0/0","0/0","0/0","0/0","0/0","0/0","0/0","0/0","0/0","0/0","0/0","0/0","0/0","0/0","0/0","0/0","0/0","0/0","0/0","0/0","0/0","0/0","0/0","0/0","0/0","0/0","0/0","0/0","0/0","0/0","0/0","0/0","0/0","0/0","0/0","0/0","0/0","0/0","0/0","0/0"
"chr1:225328438_G/GAT_DNAH14","0/0","0/0","0/0","0/0","0/0","0/0","0/1","0/1","0/0","0/0","0/0","0/0","0/0","0/0","0/0","0/0","0/0","0/0","0/0","0/0","0/0","0/0","0/0","0/1","0/0","0/0","0/0","0/0","0/0","0/0","0/0","0/0","0/0","0/0","0/0","0/0","0/1","0/0","0/0","0/0","0/0","0/0","0/0","0/0","1/1","0/0","0/0","0/0","0/0","0/0","0/0","0/0","0/0","0/0","0/0","0/0","0/0","0/0","0/0","0/0","0/0","0/0","0/0","0/0","0/0","0/0","0/0","0/0","0/0","0/0","0/0","0/0","0/0","0/0","0/0","0/1","0/1","0/0","0/0","0/0","0/0","0/0","0/0","0/0","0/0","0/0","0/0","0/0","0/0","0/0","0/0","0/0","0/0","0/0","0/0","0/0","0/0","0/0","0/0","0/0","0/0","0/0",".","0/0","0/0","0/0","0/0","0/0","0/0","0/0","0/0","0/0","0/0","0/0","0/1","0/0",".","0/0","0/0","0/0","0/0","0/0","0/0","0/0","0/1","0/1","0/0","0/0","0/0","0/0","0/0","0/0","0/0","0/0","0/0","0/0","0/0","0/0","0/0","0/0","0/0","0/0","0/0","0/0","0/0","0/0","0/0","0/0","0/0","0/0","0/0","0/0","0/0"
"chr1:225340507_TG/T_DNAH14","0/0","0/0","0/0","0/0","0/0","0/0","0/0","0/0","0/0","0/0","0/0","0/0","0/0","0/0","0/0","0/0","0/0","0/0","0/1","0/0","0/0","0/0","0/0","0/0","0/0","0/0","0/0","0/0","0/0","0/0","0/0","0/0","0/0","0/0","0/0","0/0","0/0","0/0","0/0","0/0","0/0","0/0","0/0","0/0","0/0","0/0","0/0","0/0","0/0","0/0","0/0","0/0","0/0","0/0","0/0","0/0","0/0","0/0","0/0","0/0","0/0","0/0","0/0","0/0","0/0","0/0","0/0","0/0","0/0","0/0","0/0","0/0","0/0","0/0","0/0","0/0","0/0","0/0","0/0","0/0","0/0","0/0","0/0","0/0","0/0","0/0","0/0","0/0","0/0","0/0","0/0","0/0","0/0","0/0","0/0","0/0","0/0","0/0","0/0","0/0","0/0","0/0","0/0","0/0","0/0","0/0","0/0","0/0","0/0","0/0","0/0","0/0","0/0","0/0","0/0","0/0","0/0","0/0","0/0","0/0","0/0","0/0","0/0","0/0","0/0","0/0","0/0","0/0","0/0","0/0","0/0","0/0","0/0","0/0","0/0","0/0","0/0","0/0","0/0","0/0","0/0","0/0","0/0","0/0","0/0","0/0","0/0","0/0","0/0","0/0","0/0","0/0","0/0"
"chr1:225707033_ATCCAGGCGTTCCTGCCGC/A_ENAH","0/0","0/0","0/0","0/0","0/0","0/0","0/0","0/0","0/0","0/0","0/1","0/0","0/0","0/1","0/0","0/0","0/0","0/0","0/0","0/0","0/0","0/0","0/0","0/0","0/0","0/0","0/0","0/0","0/0","0/0","1/2","0/1","0/0","0/0","0/0","0/0","0/0","0/0","0/0","0/0","0/0","0/0","0/0","0/0","0/0","0/0","0/2","0/0","0/0","0/0","0/2","0/0","0/1","0/0","0/0","0/0","0/0","0/0","0/0","0/0","0/0","0/1","0/0","0/0","0/0","0/0","0/1","0/0","0/0","0/1","0/0","0/0","0/0","0/0","0/0","0/1","0/1","0/0","0/0","0/0","0/0","0/0","0/0","0/0","0/2","0/0","0/0","0/0","0/0","0/0","0/0","0/1","0/1","0/0","0/0","0/0","0/0","0/0","0/0","0/0","0/0","0/0","0/0","0/0","0/0","0/0","0/0","0/0","0/0","0/0","0/0","0/0","0/0","0/0","0/0","0/0","0/0","0/0","0/2","0/0","0/2","0/2","0/0","0/0","0/0","0/0","0/0","0/0","0/0","0/0","0/0","0/0","0/0","0/0","0/0","0/0","0/0","0/0","0/0","0/0","0/0","0/0","0/0","0/2","0/2","0/0","0/1","0/1","0/1","0/0","0/0","0/0","0/0"
"chr1:225707213_TCGCTCCAGCCTTTCC/T_ENAH","0/0","0/0","0/0","0/0","0/0","0/0","0/0","0/0","0/0","0/0","0/0","0/0","0/0","0/0","0/0","0/0","0/0","0/0","0/0","0/1","0/0","0/0","0/0","0/0","0/0","0/0","0/0","0/0","0/0","0/0","0/0","0/0","0/0","0/0","0/0","0/0","0/0","0/0","0/0","0/0","0/0","0/0","0/0","0/0","0/0","0/0","0/0","0/0","0/0","0/0","0/0","0/0","0/0","0/0","0/0","0/0","0/0","0/0","0/0","0/0","0/0","0/0","0/0","0/0","0/0","0/0","0/0","0/0","0/0","0/0","0/0","0/0","0/0","0/0","0/0","0/0","0/0","0/0","0/0","0/0","0/0","0/0","0/0","0/0","0/0","0/0","0/0","0/0","0/0","0/0","0/0","0/0","0/0","0/0","0/0","0/0","0/0","0/0","0/0","0/0","0/0","0/0","0/0","0/0","0/0","0/0","0/0","0/0","0/0","0/0","0/0","0/0","0/0","0/0","0/0","0/0","0/0","0/0","0/0","0/0","0/0","0/0","0/0","0/0","0/0","0/0","0/0","0/0","0/0","0/0","0/0","0/0","0/0","0/0","0/0","0/0","0/0","0/0","0/0","0/0","0/0","0/0","0/0","0/0","0/0","0/0","0/0","0/0","0/0","0/0","0/0","0/0","0/0"
"chr1:226736633_ACGG/A_C1orf95","0/0","0/0","0/0","0/0","0/0","0/0","0/0","0/0","0/0","0/0","0/0","0/0","0/0","0/0","0/0","0/0","0/0","0/0","0/0","0/0","0/0","0/0","0/0","0/0","0/0","0/0","0/0","0/0","0/0","0/0","0/0","0/0","0/0","0/0","0/0","0/0","0/0","0/0","0/0","0/0","0/0","0/0","0/0","0/0","0/0","0/0","0/0","0/0","0/0","0/0","0/0","0/0","0/0","0/0","0/0","0/0","0/0","0/0","0/0","0/0","0/0","0/0","0/0","0/0","0/0","0/0","0/0","0/0","0/0","0/0","0/0","0/0","0/0","0/0","0/0","0/0","0/0","0/0","0/0","0/0","0/0","0/0","0/0","0/0","0/0","0/0","0/0","0/0","0/0","0/0","0/0","0/0","0/0","0/0","0/0","0/0","0/0","0/0","0/0","0/0","0/0","0/0","0/0","0/0","0/0","0/0","0/0","0/0","0/0","0/0","0/0","0/0","0/0","0/0","0/0","0/0","0/0","0/0","0/0","0/0","0/0","0/0","0/0","0/0","0/0","0/0","0/0","0/0","0/0","0/0","0/0","0/0","0/1","0/0","0/1","0/1","0/0","0/0","0/0","0/0","0/0","0/0","0/0","0/0","0/0","0/0","0/0","0/0","0/0","0/0","0/0","0/0","0/0"
"chr1:226924875_ACTGCCGCTG/A_ITPKB","0/0","0/0","0/0","0/0","0/1","0/1","0/1","0/1","0/1","0/0","0/0","0/1","0/0","0/0","0/0","0/1","0/1","0/0","0/1","0/0","0/0","1/1","0/0","0/1","0/1","0/0","0/1","0/0","0/0","0/1","0/0","0/0","0/1","1/1","0/0","0/0","0/0","0/1","0/0","1/1","0/0","0/1","0/1","0/0","0/0","0/1","0/0","0/1","0/0","0/0","0/1","0/0","0/0","0/0","0/1","0/0","0/0","0/0","0/0","0/1","0/0","0/0","0/1","1/1","1/1","0/0","0/1","0/0","0/0","0/1","0/0","0/1","0/1","0/0","0/0","0/1","0/1","1/1","1/1","0/1","0/1","0/1","0/1","0/0","0/0","1/1","1/1","1/1","0/0","0/0","0/0","0/0","0/0","0/0","0/0","0/0","1/1","0/1","0/1","0/1","1/1","0/1","1/1","0/0","0/0","0/0","0/0","0/0","0/0","0/1","0/0","1/1","1/1","0/1","0/1","0/1","0/1","0/0","0/0","0/0","0/0","0/0","0/1","0/0","0/1","0/1","0/1","0/1","0/0","0/0","0/0","0/1","0/1","0/0","0/1","0/1","0/0","0/0","0/0","0/1","0/0","0/1","0/1","0/0","0/0","0/0","0/1","0/1","0/1","0/0","0/0","0/0","0/0"
"chr1:228345912_CGAG/C_GJC2","0/0","0/0","0/0","0/0","0/0","0/0","0/0","0/0","0/0","0/0","0/0","0/0","0/0","0/0","0/0","0/0","0/0","0/0","0/0","0/0","0/0","0/0","0/0","0/0","0/0","0/0","0/0","0/0","0/0","0/0","0/0","0/0","0/0","0/0","0/0","0/0","0/0","0/0","0/0","0/0","0/0","0/0","0/0","0/0","0/0","0/0","0/0","0/0","0/0","0/0","0/0","0/0","0/0","0/0","0/0","0/0","0/0","0/0","0/0","0/0","0/0","0/0","0/0","0/0","0/0","0/0","0/0","0/0","0/0","0/0","0/0","0/0","0/0","0/0","0/0","0/0","0/0","0/0","0/0","0/0","0/0","0/0","0/0","0/0","0/0","0/0","0/0","0/0","0/0","0/0","0/1","0/0","0/0","0/0","0/0","0/0","0/0","0/0","0/0","0/0","0/0","0/1","0/0","0/0","0/0","0/0","0/0","0/0","0/0","0/0","0/0","0/0","0/0","0/0","0/0","0/0","0/0","0/0","0/0","0/0","0/0","0/0","0/0","0/0","0/0","0/0","0/0","0/0","0/0","0/0","0/0","0/0","0/0","0/0","0/0","0/1","0/0","0/0","0/0","0/0","0/0","0/0","0/0","0/0","0/0","0/0","0/0","0/0","0/0","0/0","0/0","0/0","0/0"
"chr1:228596778_A/AC_TRIM17","0/0","0/0","0/0","0/0","0/0","0/0","0/0","0/0","0/0","0/0","0/0","0/0","0/0","0/0","0/0","0/0","0/0","0/0","0/0","0/0","0/0","0/0","0/0","0/0","0/0","0/0","0/0","0/0","0/0","0/0","0/0","0/0","0/0","0/0","0/0","0/0","0/0","0/0","0/0","0/0","0/0","0/0","0/0","0/0","0/0","0/0","0/0","0/0","0/0","0/0","0/0","0/0","0/0","0/0","0/0","0/0","0/1","0/0","0/0","0/0","0/0","0/0","0/0","0/0","0/0","0/0","0/0","0/0","0/0","0/0","0/0","0/0","0/0","0/0","0/0","0/0","0/0","0/0","0/0","0/0","0/0","0/0","0/0","0/0","0/0","0/0","0/0","0/0","0/0","0/0","0/0","0/0","0/0","0/0","0/0","0/0","0/0","0/0","0/0","0/0","0/0","0/0","0/0","0/0","0/0","0/0","0/0","0/0","0/0","0/0","0/0","0/0","0/0","0/0","0/0","0/0","0/0","0/0","0/0","0/0","0/0","0/0","0/0","0/0","0/0","0/0","0/0","0/0","0/0","0/0","0/0","0/0","0/0","0/0","0/0","0/0","0/0","0/0","0/0","0/0","0/0","0/0","0/0","0/0","0/0","0/0","0/0","0/0","0/0","0/0","0/0","0/0","0/0"
"chr1:229665955_G/GA_ABCB10","0/0","0/0","0/0","0/0","0/0","0/0","0/0","0/0","0/0","0/0","0/0","0/0","0/0","0/0","0/0","0/0","0/0","0/0","0/1","0/0","0/0","0/0","0/0","0/0","0/0","0/0","0/0","0/0","0/0","0/0","0/0","0/0","0/0","0/0","0/0","0/0","0/0","0/0","0/0","0/0","0/0","0/0","0/0","0/0","0/0","0/0","0/0","0/0","0/0","0/0","0/0","0/0","0/0","0/0","0/0","0/0","0/0","0/0","0/0","0/0","0/0","0/0","0/0","0/0","0/0","0/0","0/0","0/0","0/0","0/0","0/0","0/0","0/0","0/0","0/0","0/0","0/0","0/0","0/0","0/0","0/0","0/0","0/0","0/0","0/0","0/0","0/0","0/0","0/0","0/0","0/0","0/0","0/0","0/0","0/0","0/0","0/0","0/0","0/0","0/0","0/0","0/0","0/0","0/0","0/0","0/0","0/0","0/0","0/0","0/0","0/0","0/0","0/0","0/0","0/0","0/0","0/0","0/0","0/0","0/0","0/0","0/0","0/0","0/0","0/0","0/0","0/0","0/0","0/0","0/0","0/0","0/0","0/0","0/0","0/0","0/0","0/0","0/0","0/0","0/0","0/0","0/0","0/0","0/0","0/0","0/0","0/0","0/0","0/0","0/0","0/0","0/0","0/0"
"chr1:229665957_T/TGAACTG_ABCB10","0/0","0/0","0/0","0/0","0/0","0/0","0/0","0/0","0/0","0/0","0/0","0/0","0/0","0/0","0/0","0/0","0/0","0/0","0/1","0/0","0/0","0/0","0/0","0/0","0/0","0/0","0/0","0/0","0/0","0/0","0/0","0/0","0/0","0/0","0/0","0/0","0/0","0/0","0/0","0/0","0/0","0/0","0/0","0/0","0/0","0/0","0/0","0/0","0/0","0/0","0/0","0/0","0/0","0/0","0/0","0/0","0/0","0/0","0/0","0/0","0/0","0/0","0/0","0/0","0/0","0/0","0/0","0/0","0/0","0/0","0/0","0/0","0/0","0/0","0/0","0/0","0/0","0/0","0/0","0/0","0/0","0/0","0/0","0/0","0/0","0/0","0/0","0/0","0/0","0/0","0/0","0/0","0/0","0/0","0/0","0/0","0/0","0/0","0/0","0/0","0/0","0/0","0/0","0/0","0/0","0/0","0/0","0/0","0/0","0/0","0/0","0/0","0/0","0/0","0/0","0/0","0/0","0/0","0/0","0/0","0/0","0/0","0/0","0/0","0/0","0/0","0/0","0/0","0/0","0/0","0/0","0/0","0/0","0/0","0/0","0/0","0/0","0/0","0/0","0/0","0/0","0/0","0/0","0/0","0/0","0/0","0/0","0/0","0/0","0/0","0/0","0/0","0/0"
"chr1:230839998_T/TGGC_AGT","0/0","0/0","0/0","0/0","0/0","0/0","0/0","0/0","0/0","0/0","0/0","0/0","0/0","0/0","0/0","0/0","0/0","0/0","0/0","0/0","0/0","0/0","0/0","0/0","0/0","0/0","0/0","0/0","0/0","0/0","0/0","0/0","0/0","0/0","0/0","0/0","0/0","0/0","0/0","0/0","0/0","0/0","0/0","0/0","0/0","0/0","0/0","0/0","0/0","0/0","0/0","0/0","0/0","0/0","0/0","0/0","0/0","0/0","0/1","0/0","0/0","0/0","0/0","0/0","0/0","0/0","0/0","0/0","0/0","0/0","0/0","0/0","0/0","0/1","0/1","0/0","0/0","0/0","0/0","0/0","0/0","0/0","0/0","0/0","0/0","0/0","0/0","0/0","0/0","0/0","0/0","0/0","0/0","0/0","0/0","0/0","0/0","0/0","0/0","0/0","0/0","0/0","0/0","0/0","0/0","0/0","0/0","0/0","0/0","0/0","0/0","0/0","0/0","0/0","0/0","0/0","0/0","0/0","0/0","0/0","0/0","0/0","0/0","0/0","0/0","0/0","0/0","0/0","0/0","0/0","0/0","0/0","0/0","0/0","0/0","0/0","0/0","0/0","0/1","0/1","0/1","0/0","0/0","0/0","0/0","0/0","0/0","0/0","0/0","0/0","0/0","0/0","0/0"
"chr1:230975633_AGAC/A_C1orf198","0/0","0/0","0/0","0/0","0/0","0/0","0/0","0/0","0/0","0/0","0/0","0/0","0/0","0/0","0/0","0/0","0/0","0/0","0/0","0/0","0/0","0/0","0/0","0/0","0/0","0/0","0/0","0/0","0/0","0/0","0/0","0/0","0/0","0/0","0/0","0/0","0/0","0/0","0/0","0/0","0/0","0/0","0/0","0/0","0/0","0/0","0/0","0/0","0/0","0/0","0/0","0/0","0/0","0/0","0/0","0/0","0/0","0/0","0/0","0/0","0/0","0/0","0/0","0/0","0/0","0/0","0/0","0/0","0/0","0/0","0/0","0/0","0/0","0/0","0/0","0/0","0/0","0/0","0/0","0/0","0/0","0/0","0/0","0/0","0/0","0/0","0/0","0/0","0/0","0/0","0/0","0/0","0/0","0/0","0/0","0/0","0/0","0/0","0/0","0/0","0/0","0/0","0/0","0/0","0/0","0/0","0/0","0/0","0/0","0/0","0/0","0/0","0/0","0/0","0/0","0/0","0/0","0/0","0/0","0/0","0/0","0/0","0/0","0/0","0/0","0/0","0/0","0/0","0/0","0/0","0/0","0/0","0/0","0/0","0/0","0/0","0/0","0/0","0/0","0/0","0/0","0/0","0/0","0/0","0/0","0/0","0/0","0/0","0/0","0/1","0/1","0/1","0/1"
"chr1:231175941_GCCCGGGCCCCAC/G_FAM89A","0/0","0/0","0/0","0/0","0/0","0/0","0/0","0/0","0/0","0/0","0/0","0/0","0/0",".","0/0","0/0","0/0","0/0","0/0","0/0","0/0","0/0","0/0","0/0","0/0","0/0",".","0/0","0/0","0/0","0/0","0/0","0/0","0/0","0/0",".","0/0","0/0","0/0","0/0","0/0","0/0","0/0","0/0","0/0","0/0","0/0","0/0","0/0","0/0","0/0","0/0","0/0","0/0","0/0","0/0","0/0","0/0","0/0","0/0","0/0","0/0","0/0","0/0","0/0","0/0","0/0","0/0","0/0","0/0",".","0/0","0/0","0/0","0/0","0/0","0/0","0/0","0/0","0/0","0/0","0/0","0/0","0/0","0/0","0/0",".","0/0","0/0","0/0","0/0","0/0","0/0",".","0/0","0/0","0/0","0/0","0/0","0/0","0/0","0/0","0/1","0/0","0/0","0/0","0/0",".","0/0","0/0","0/0","0/0","0/0","0/0","0/0","0/0","0/0","0/0","0/0","0/0","0/0","0/0","0/0","0/0","0/0",".","0/0","0/0","0/0","0/0","0/0","0/0","0/0","0/0","0/0","0/0","0/0",".","0/0","0/0","0/0",".","0/0","0/0","0/0","0/0","0/0","0/0",".","0/0","0/0","0/0","0/0"
"chr1:234744945_A/AGCT_IRF2BP2","0/0","0/0","0/0","0/0","0/0","0/0","0/0","0/0","0/0","0/0","0/0","0/0","0/0","0/0","0/0","0/0","0/0","0/0","0/0","0/0","0/0","0/0","0/0","0/0","0/0","0/0","0/0","0/0","0/0","0/0","0/0","0/0","0/0","0/0","0/0","0/0","0/0","0/0","0/0","0/0","0/0","0/0","0/0","0/0","0/0","0/0","0/0","0/0","0/0","0/0","0/0","0/0","0/0","0/0","0/0","0/0","0/0","0/1","0/0","0/0","0/0","0/0","0/0","0/0","0/0","0/1","0/0","0/0","0/0","0/0","0/1","0/0","0/0","0/0","0/0","0/0","0/0","0/0","0/0","0/0","0/0","0/0","0/0","0/0","0/0","0/0","0/0","0/0","0/0","0/0","0/0","0/0","0/0","0/0","0/0","0/0","0/0","0/0","0/0","0/0","0/0","0/0","0/0","0/0","0/0","0/0","0/0","0/0","0/0","0/0","0/0","0/0","0/0","0/0","0/0","0/0","0/0","0/0","0/0","0/0","0/0","0/0","0/0","0/0","0/0","0/0","0/0","0/0","0/0","0/0","0/0","0/0","0/0","0/0","0/0","0/0","0/0","0/0","0/0","0/0","0/0","0/0","0/0","0/0","0/0","0/0","0/1","0/1","0/0","0/0","0/0","0/0","0/0"
"chr1:235944245_T/TA_LYST","0/0","0/0","0/0","0/0","0/0","0/0","0/1","0/0","0/1","0/0","0/0","0/0","0/0","0/0","0/0","0/0","0/0","0/0","0/0","0/0","0/0","0/0","0/0","0/0","0/0","0/0","0/0","0/0","0/0","0/0","0/0","0/0","0/0","0/0","0/0","0/0","0/0","0/0","0/0","0/0","0/0","0/0","0/0","0/0","0/0","0/0","0/0","0/0","0/0","0/0","0/0","0/0","0/0","0/0","0/0","0/0","0/0","0/0","0/0","0/0","0/0","0/0","0/0","0/0","0/0","0/0","0/0","0/0","0/0","0/0","0/0","0/0","0/0","0/0","0/0","0/0","0/0","0/0","0/0","0/0","0/0","0/0","0/0","0/0","0/0","0/0","0/0","0/0","0/0","0/0","0/0","0/0","0/0","0/0","0/0","0/0","0/0","0/0","0/0","0/0","0/0","0/0","0/0","0/0","0/0","0/0","0/0","0/0","0/0","0/0","0/0","0/0","0/0","0/0","0/0","0/0","0/0","0/0","0/0","0/0","0/0","0/0","0/0","0/0","0/0","0/0","0/0","0/0","0/0","0/0","0/0","0/0","0/0","0/0","0/0","0/0","0/0","0/0","0/0","0/0","0/0","0/0","0/0","0/0","0/0","0/0","0/0","0/0","0/0","0/0","0/0","0/0","0/0"
"chr1:236305956_GC/G_GPR137B","0/0","0/0","0/0","0/0","0/0","0/0","0/0","0/0","0/0","0/0","0/0","0/0","0/0","0/0","0/0","0/0","0/0","0/0","0/0","0/0","0/0","0/0","0/0","0/0","0/0","0/0","0/0","0/0","0/0","0/0","0/0","0/0","0/0","0/0","0/0","0/0","0/0","0/0","0/0","0/0","0/0","0/0","0/0","0/0","0/0","0/0","0/0","0/0","0/0","0/0","0/0","0/0","0/0","0/0","0/0","0/0","0/0","0/0","0/0","0/0","0/0","0/0","0/0","0/0","0/0","0/0","0/0","0/0","0/0","0/0","0/0","0/0","0/0","0/0","0/0","0/0","0/0","0/0","0/0","0/0","0/0","0/0","0/0","0/0","0/0","0/0","0/0","0/0","0/0","0/0","0/0","0/0","0/0","0/0","0/0","0/0","0/0","0/0","0/0","0/0","0/0","0/0","0/0","0/0","0/0","0/0","0/0","0/0","0/0","0/0","0/0","0/0","0/0","0/0","0/0","0/0","0/0","0/0","0/0","0/0","0/0","0/0","0/0","0/0","0/0","0/0","0/0","0/0","0/0","0/0","0/0","0/0","0/0","0/0","0/0","0/0","0/0","0/0","0/0","0/0","0/0","0/0","0/0","0/0","0/1","0/0","0/0","0/0","0/0","0/0","0/0","0/0","0/0"
"chr1:236711373_AG/A_LGALS8","0/0","0/0","0/0","0/0","0/0","0/0","0/0","0/0","0/0","0/0","0/0","0/0","0/0","0/0","0/0","0/0","0/0","0/0","0/0","0/0","0/0","0/0","0/0","0/0","0/0","0/0","0/0","0/0","0/0","0/0","0/0","0/0","0/0","0/0","0/0","0/0","0/0","0/0","0/0","0/0","0/0","0/0","0/0","0/0","0/0","0/0","0/0","0/0","0/0","0/0","0/0","0/0","0/0","0/0","0/0","0/0","0/0","0/0","0/0","0/0","0/0","0/0","0/0","0/0","0/0","0/0","0/0","0/0","0/0","0/0","0/0","0/0","0/0","0/0","0/0","0/0","0/0","0/0","0/0","0/0","0/0","0/0","0/0","0/0","0/0","0/0","0/0","0/0","0/0","0/0","0/0","0/0","0/0","0/0","0/0","0/0","0/0","0/0","0/0","0/0","0/0","0/0","0/0","0/1","0/1","0/0","0/0","0/0","0/0","0/0","0/0","0/0","0/0","0/0","0/0","0/0","0/0","0/1","0/0","0/1","0/0","0/0","0/0","0/1","0/0","0/0","0/0","0/0","0/0","0/0","0/0","0/0","0/0","0/0","0/0","0/0","0/0","0/0","0/0","0/0","0/0","0/0","0/0","0/0","0/0","0/0","0/0","0/0","0/0","0/0","0/0","0/0","0/0"
"chr1:236899899_TC/T_ACTN2","0/1","0/1","0/1","0/1","0/1","0/1","0/0","0/0","0/0","0/1","0/0","1/1","1/1","0/1","0/1","1/1","1/1","0/0","0/1","0/1","0/1","0/0","1/1","0/1","0/1","0/1","0/1","0/1","0/1","0/1","0/1","0/1","0/1","0/1","0/1","1/1","0/1","0/1","0/1","0/1","0/1","0/1","0/0","1/1","0/1","0/1","0/1","1/1","0/1","1/1","0/1","1/1","0/1","1/1","0/1","0/1","1/1","0/1","0/1","0/1","0/1","0/1","0/1","1/1","1/1","0/1","1/1","0/0","0/0","1/1","0/1","0/0","0/0","0/0","0/0","1/1","1/1","0/1","0/1","1/1","1/1","0/0","0/1","0/1","0/1","0/1","0/1","0/1","0/1","0/1","1/1","0/0","0/0","0/0","0/0","1/1","0/1","0/1","1/1","1/1","0/1","1/1","0/1","1/1","1/1","1/1","1/1","0/1","0/1","1/1","0/1","0/1","0/1","1/1","0/1","0/1","0/1","0/1","0/0","0/1","0/0","0/0","0/1","0/1","0/1","0/1","1/1","1/1","0/1","0/1","0/1","0/1","1/1","0/0","1/1","1/1","0/0","0/0","1/1","1/1","1/1","0/1","0/1","0/1","0/1","0/1","0/1","0/1","0/1","0/1","0/1","0/1","0/1"
"chr1:237778079_A/AG_RYR2","0/0","0/0","0/0","0/0","0/0","0/0","0/0","0/0","0/0","0/0","0/0","0/0","0/0","0/0","0/0","0/0","0/0","0/0","0/0","0/0","0/0","0/0","0/0","0/0","0/0","0/0","0/0","0/0","0/0","0/0","0/0","0/1","0/0","0/0","0/0","0/0","0/0","0/0","0/0","0/0","0/0","0/0","0/0","0/0","0/0","0/0","0/0","0/0","0/0","0/0","0/0","0/0","0/0","0/0","0/0","0/0","0/0","0/0","0/0","0/0","0/0","0/0","0/0","0/0","0/0","0/0","0/0","0/0","0/0","0/0","0/0","0/0","0/0","0/0","0/0","0/0","0/0","0/0","0/0","0/0","0/0","0/0","0/0","0/0","0/0","0/0","0/0","0/0","0/0","0/0","0/0","0/0","0/0","0/0","0/0","0/0","0/0","0/0","0/0","0/0","0/0","0/0","0/0","0/0","0/0","0/0","0/0","0/0","0/0","0/0","0/0","0/0","0/0","0/0","0/0","0/0","0/0","0/0","0/0","0/0","0/0","0/0","0/0","0/0","0/0","0/0","0/0","0/0","0/0","0/0","0/0","0/0","0/0","0/0","0/0","0/0","0/0","0/0","0/0","0/0","0/0","0/0","0/0","0/0","0/0","0/0","0/0","0/0","0/0","0/0","0/0","0/0","0/0"
"chr1:240072443_CA/C_CHRM3","0/0","0/0","0/0","0/0","0/0","0/0","0/0","0/0","0/0","0/0","0/0","0/0","0/0","0/0","0/0","0/0","0/0","0/0","0/0","0/0","0/0","0/0","0/0","0/0","0/0","0/0","0/0","0/0","0/0","0/0","0/0","0/0","0/0","0/0","0/0","0/0","0/1","0/0","0/0","0/0","0/0","0/0","0/0","0/0","0/0","0/0","0/0","0/0","0/0","0/0","0/0","0/0","0/0","0/0","0/0","0/0","0/0","0/0","0/0","0/0","0/0","0/0","0/0","0/0","0/0","0/0","0/0","0/0","0/0","0/0","0/0","0/0","0/0","0/0","0/0","0/0","0/0","0/0","0/0","0/0","0/0","0/0","0/0","0/0","0/0","0/0","0/0","0/0","0/0","0/0","0/0","0/0","0/0","0/0","0/0","0/0","0/0","0/0","0/0","0/0","0/0","0/0","0/0","0/0","0/0","0/0","0/0","0/0","0/0","0/0","0/0","0/0","0/0","0/0","0/0","0/0","0/0","0/0","0/0","0/0","0/0","0/0","0/0","0/0","0/0","0/0","0/0","0/0","0/0","0/0","0/0","0/0","0/0","0/0","0/0","0/0","0/0","0/0","0/0","0/0","0/0","0/0","0/0","0/0","0/0","0/0","0/0","0/0","0/0","0/0","0/0","0/0","0/0"
"chr1:247614744_AG/A_OR2B11","0/0","0/0","0/0","0/0","0/0","0/0","0/0","0/0","0/0","0/1","0/0","0/0","0/0","0/0","0/0","0/0","0/0","0/0","0/0","0/0","0/0","0/0","0/0","0/0","0/0","0/0","0/0","0/0","0/0","0/0","0/0","0/0","0/0","0/0","0/0","0/0","0/0","0/0","0/0","0/0","0/0","0/0","0/0","0/0","0/0","0/0","0/0","0/0","0/0","0/0","0/0","0/0","0/0","0/0","0/0","0/0","0/0","0/0","0/0","0/0","0/0","0/0","0/0","0/0","0/0","0/0","0/0","0/0","0/0","0/0","0/0","0/0","0/0","0/0","0/0","0/0","0/0","0/0","0/0","0/0","0/0","0/0","0/0","0/0","0/0","0/0","0/0","0/0","0/0","0/0","0/0","0/0","0/0","0/0","0/0","0/0","0/0","0/0","0/0","0/0","0/0","0/0","0/0","0/0","0/0","0/0","0/0","0/0","0/0","0/0","0/0","0/0","0/0","0/0","0/0","0/0","0/0","0/0","0/0","0/0","0/0","0/0","0/0","0/0","0/0","0/0","0/0","0/0","0/0","0/0","0/0","0/0","0/0","0/0","0/0","0/0","0/0","0/0","0/0","0/0","0/0","0/0","0/0","0/0","0/0","0/0","0/0","0/0","0/0","0/0","0/0","0/0","0/0"
"chr1:247615261_GA/G_OR2B11","0/1","0/1","0/1","0/1","0/1","0/1","1/1","1/1","1/1","1/1","0/1","0/0","0/1","0/1","1/1","0/0","0/1","0/0","0/0","0/0","0/1","0/1","0/1","0/0","0/1","0/1","0/0","0/0","0/1","0/0","1/1","1/1","0/0","0/1","0/1","1/1","0/1","1/1","1/1","0/1","0/1","0/0","1/1","0/0","0/1","0/0","1/1","1/1","0/0","0/1","0/0","0/1","0/1","0/0","0/1","0/1","0/1","0/1","0/1","1/1","0/1","0/1","1/1","0/1","0/1","0/1","1/1","0/1","0/1","1/1","0/1","0/0","0/0","0/1","0/1","1/1","1/1","1/1","1/1","0/0","0/0","0/1","0/0","1/1","1/1","0/1","0/1","1/1","0/1","0/1","0/1","0/1","0/1","1/1","1/1","0/1","1/1","0/1","0/1","0/1","0/1","0/1","0/1","0/1","0/1","0/0","0/0","1/1","1/1","0/1","0/1","0/1","0/1","1/1","1/1","1/1","1/1","0/1","0/0","0/1","0/0","0/0","1/1","0/1","1/1","1/1","1/1","1/1","1/1","1/1","1/1","0/1","1/1","1/1","1/1","1/1","1/1","1/1","0/1","0/1","0/1","0/1","0/1","0/1","0/1","0/1","0/0","0/0","0/0","0/1","0/1","0/1","0/1"
"chr1:247875975_A/AAG_OR6F1","0/0","0/0","0/0","0/0","0/0","0/0","0/0","0/0","0/0","0/0","0/0","0/0","0/0","0/0","0/0","0/0","0/0","0/0","0/0","0/0","0/0","0/0","0/0","0/0","0/0","0/0","0/0","0/0","0/0","0/0","0/0","0/0","0/0","0/0","0/0","0/0","0/1","0/0","0/0","0/0","0/0","0/0","0/0","0/0","0/0","0/0","0/0","0/0","0/0","0/0","0/0","0/0","0/0","0/0","0/0","0/0","0/0","0/0","0/0","0/0","0/0","0/0","0/0","0/0","0/0","0/0","0/0","0/0","0/0","0/0","0/0","0/0","0/0","0/0","0/0","0/0","0/0","0/0","0/0","0/0","0/0","0/0","0/0","0/0","0/0","0/0","0/0","0/0","0/0","0/0","0/0","0/0","0/0","0/0","0/0","0/0","0/0","0/0","0/0","0/0","0/0","0/0","0/0","0/0","0/0","0/0","0/0","0/0","0/0","0/0","0/0","0/0","0/0","0/0","0/0","0/0","0/0","0/0","0/0","0/0","0/0","0/0","0/0","0/0","0/0","0/0","0/0","0/0","0/0","0/0","0/0","0/0","0/0","0/0","0/0","0/0","0/0","0/0","0/0","0/0","0/0","0/0","0/0","0/0","0/0","0/0","0/0","0/0","0/0","0/0","0/0","0/0","0/0"
"chr1:247978541_AAGG/A_OR14A16","1/1","1/1","1/1","1/1","1/1","1/1","1/1","1/1","1/1","1/1","1/1","1/1","1/1","1/1","1/1","1/1","1/1","1/1","1/1","1/1","1/1","1/1","1/1","1/1","1/1","1/1","1/1","1/1","1/1","1/1","1/1","1/1","1/1","1/1","1/1","1/1","1/1","1/1","1/1","1/1","1/1","1/1","1/1","1/1","1/1","1/1","1/1","1/1","1/1","1/1","1/1","1/1","1/1","1/1","1/1","1/1","1/1","1/1","1/1","1/1","1/1","1/1","1/1","1/1","1/1","1/1","1/1","1/1","1/1","1/1","1/1","1/1","1/1","1/1","1/1","1/1","1/1","1/1","1/1","1/1","1/1","1/1","1/1","1/1","1/1","1/1","1/1","1/1","1/1","1/1","1/1","1/1","1/1","1/1","1/1","1/1","1/1","1/1","1/1","1/1","1/1","1/1","1/1","1/1","1/1","1/1","1/1","1/1","1/1","1/1","1/1","1/1","1/1","1/1","1/1","1/1","1/1","1/1","1/1","1/1","1/1","1/1","1/1","1/1","1/1","1/1","1/1","1/1","1/1","1/1","1/1","1/1","1/1","1/1","1/1","1/1","1/1","1/1","1/1","1/1","1/1","1/1","1/1","1/1","1/1","1/1","1/1","1/1","1/1","1/1","1/1","1/1","1/1"
"chr1:248028127_CAG/C_TRIM58","0/0","0/0","0/0","0/0","0/0","0/0","0/0","0/0","0/0","0/0","0/0","0/0","0/0","0/0","0/0","0/0","0/0","0/0","0/0","0/0","0/0","0/0","0/0","0/0","0/0","0/0","0/0","0/0","0/0","0/0","0/0","0/0","0/0","0/0","0/0","0/0","0/0","0/0","0/0","0/0","0/0","0/0","0/0","0/0","0/0","0/0","0/0","0/0","0/0","0/0","0/0","0/0","0/0","0/0","0/0","0/0","0/0","0/0","0/0","0/0","0/0","0/0","0/0","0/0","0/0","0/0","0/0","0/0","0/0","0/0","0/0","0/0","0/0","0/0","0/0","0/0","0/0","0/1","0/1","0/0","0/0","0/0","0/0","0/0","0/0","0/0","0/0","0/0","0/0","0/0","0/0","0/0","0/0","0/0","0/0","0/0","0/0","0/0","0/0","0/0","0/0","0/1","0/0","0/0","0/0","0/0","0/0","0/0","0/0","0/1","0/0","0/0","0/0","0/0","0/0","0/0","0/0","0/0","0/0","0/0","0/0","0/0","0/0","0/0","0/0","0/0","0/0","0/0","0/0","0/0","0/0","0/0","0/0","0/0","0/0","0/0","0/0","0/0","0/0","0/0","0/0","0/0","0/0","0/0","0/0","0/0","0/0","0/0","0/0","0/0","0/0","0/0","0/0"
"chr1:248028133_CT/C_TRIM58","0/0","0/0","0/0","0/0","0/0","0/0","0/0","0/0","0/0","0/0","0/0","0/0","0/0","0/0","0/0","0/0","0/0","0/0","0/0","0/0","0/0","0/0","0/0","0/0","0/0","0/0","0/0","0/0","0/0","0/0","0/0","0/0","0/0","0/0","0/0","0/0","0/0","0/0","0/0","0/0","0/0","0/0","0/0","0/0","0/0","0/0","0/0","0/0","0/0","0/0","0/0","0/0","0/0","0/0","0/0","0/0","0/0","0/0","0/0","0/0","0/0","0/0","0/0","0/0","0/0","0/0","0/0","0/0","0/0","0/0","0/0","0/0","0/0","0/0","0/0","0/0","0/0","0/1","0/1","0/0","0/0","0/0","0/0","0/0","0/0","0/0","0/0","0/0","0/0","0/0","0/0","0/0","0/0","0/0","0/0","0/0","0/0","0/0","0/0","0/0","0/0","0/1","0/0","0/0","0/0","0/0","0/0","0/0","0/0","0/1","0/0","0/0","0/0","0/0","0/0","0/0","0/0","0/0","0/0","0/0","0/0","0/0","0/0","0/0","0/0","0/0","0/0","0/0","0/0","0/0","0/0","0/0","0/0","0/0","0/0","0/0","0/0","0/0","0/0","0/0","0/0","0/0","0/0","0/0","0/0","0/0","0/0","0/0","0/0","0/0","0/0","0/0","0/0"
"chr1:248059779_G/GA_OR2W3","0/0","0/0","0/0","0/1","0/0","0/0","0/0","0/0","0/0","0/0","0/0","0/0","0/0","0/0","0/0","0/0","0/0","0/0","0/0","0/0","0/0","0/0","0/0","0/0","0/0","0/0","0/1","0/0","0/0","0/0","0/0","0/0","0/0","0/0","0/0","0/0","0/0","0/0","0/0","0/0","0/0","0/0","0/0","0/0","0/0","0/0","0/0","0/0","0/0","0/0","0/0","0/0","0/0","0/0","0/0","0/0","0/0","0/0","0/0","0/0","0/0","0/0","0/0","0/0","0/0","0/0","0/0","0/0","0/0","0/0","0/0","0/1","0/1","0/0","0/0","0/0","0/0","0/0","0/0","0/0","0/0","0/0","0/0","0/0","0/0","0/0","0/0","0/1","0/0","0/0","0/0","0/0","0/0","0/0","0/0","0/0","0/1","0/0","0/0","0/0","0/0","0/0","0/0","0/0","0/0","0/0","0/0","0/0","0/0","0/0","0/1","0/0","0/0","0/0","0/0","0/0","0/0","0/0","0/0","0/0","0/0","0/0","0/0","0/0","0/0","0/0","0/0","0/0","0/0","0/0","0/0","0/0","0/0","0/0","0/0","0/0","0/0","0/0","0/0","0/0","0/0","0/0","0/0","0/0","0/0","0/0","0/0","0/0","0/0","0/0","0/0","0/0","0/0"
"chr1:248512939_AC/A_OR14C36","1/1","1/1","1/1","0/0","0/1","0/1","0/1","0/1","0/1","0/0","0/0","0/0","0/0","0/1","0/1","0/0","0/0","0/0","0/0","0/0","0/0","0/1","0/0","0/0","0/0","0/0","0/0","0/0","0/1","0/0","0/0","0/0","0/0","0/0","0/0","0/0","0/1","0/0","0/0","0/0","0/0","0/0","0/0","0/0","0/1","0/0","0/0","0/0","0/0","0/0","0/0","0/0","0/1","0/0","0/0","0/0","0/0","0/0","0/0","0/0","0/0","0/1","0/0","0/0","0/0","0/0","0/0","0/0","0/0","0/0","0/0","0/0","0/0","0/0","0/0","0/0","0/0","0/1","0/1","0/1","0/1","0/0","0/0","0/0","0/0","0/0","0/0","0/0","0/0","0/0","0/0","0/0","0/0","0/0","0/0","0/0","0/0","0/1","0/0","0/0","0/0","0/0","0/0","0/0","0/0","0/0","0/0","0/0","0/0","0/0","0/0","0/0","0/0","0/1","0/0","0/1","0/1","0/1","0/0","0/1","0/0","0/0","0/1","0/1","0/0","0/0","0/1","0/1","0/0","0/0","0/0","0/0","0/0","0/0","0/0","0/0","0/0","0/0","0/0","0/0","0/0","0/0","0/0","0/0","0/0","0/0","0/0","0/0","0/0","0/0","0/0","0/0","0/0"
"chr1:249106317_G/GGCT_SH3BP5L","0/0","0/0","0/0","0/0","0/0","0/0","0/0","0/0","0/0","0/0","0/0","0/0","0/0","0/0","0/0","0/0","0/0","0/0","0/0","0/1","0/0","0/0","0/0","0/0","0/0","0/0","0/0","0/0","0/0","0/0","0/0","0/0","0/0","0/0","0/0","0/0","0/0","0/0","0/0","0/0","0/0","0/0","0/0","0/0","0/0","0/0","0/0","0/0","0/0","0/0","0/0","0/0","0/0","0/0","0/0","0/0","0/0","0/0","0/0","0/0","0/0","0/0","0/0","0/0","0/0","0/0","0/0","0/0","0/0","0/0","0/0","0/0","0/0","0/0","0/0","0/0","0/0","0/0","0/0","0/0","0/0","0/0","0/0","0/0","0/0","0/0","0/0","0/0","0/0","0/0","0/0","0/0","0/0","0/0","0/0","0/0","0/0","0/0","0/0","0/0","0/0","0/0","0/0","0/0","0/0","0/0","0/0","0/0","0/0","0/0","0/0","0/0","0/0","0/0","0/0","0/0","0/0","0/0","0/0","0/0","0/0","0/0","0/0","0/0","0/0","0/0","0/0","0/0","0/0","0/0","0/0","0/0","0/0","0/0","0/0","0/0","0/0","0/0","0/0","0/0","0/0","0/0","0/0","0/0","0/0","0/0","0/0","0/0","0/0","0/0","0/0","0/0","0/0"
"chr1:249106407_CGGGGGAG/C_SH3BP5L","0/0","0/0","0/0","0/0","0/0","0/0","0/0","0/0","0/0","0/0","0/0","0/0","0/0","0/0","0/0","0/0","0/0","0/0","0/0","0/0","0/0","0/0","0/0","0/0","0/0","0/0","0/0","0/0","0/0","0/0","0/0","0/0","0/1","0/0","0/0","0/0","0/0","0/0","0/0","0/0","0/0","0/0","0/0","0/0","0/0","0/0","0/0","0/0","0/0","0/0","0/0","0/0","0/0","0/0","0/0","0/0","0/0","0/0","0/0","0/0","0/0","0/0","0/0","0/0","0/0","0/0","0/0","0/0","0/0","0/0","0/0","0/0","0/0","0/0","0/0","0/0","0/0","0/0","0/0","0/0","0/0","0/0","0/0","0/0","0/0","0/0","0/0","0/0","0/0","0/0","0/0","0/0","0/0","0/0","0/0","0/0","0/0","0/0","0/0","0/0","0/0","0/0","0/0","0/0","0/0","0/0","0/0","0/0","0/0","0/0","0/0","0/0","0/0","0/0","0/0","0/0","0/0","0/0","0/0","0/0","0/0","0/0","0/0","0/0","0/0","0/0","0/0","0/0","0/0","0/0","0/0","0/0","0/0","0/0","0/0","0/0","0/0","0/0","0/0","0/0","0/0","0/0","0/0","0/0","0/0","0/0","0/0","0/0","0/0","0/0","0/0","0/0","0/0"
"chr2:1371244_TA/T_SNTG2","0/0","0/0","0/0","0/0","0/0","0/0","0/0","0/0","0/0","0/0","0/0","0/0","0/0","0/0","0/0","0/0","0/0","0/0","0/0","0/0","0/0","0/0","0/0","0/0","0/0","0/0","0/0","0/0","0/0","0/0","0/0","0/0","0/0","0/0","0/0","0/0","0/0","0/0","0/0","0/0","0/0","0/0","0/0","0/0","0/0","0/0","0/0","0/0","0/0","0/0","0/0","0/0","0/0","0/0","0/0","0/0","0/0","0/0","0/0","0/0","0/0","0/0","0/0","0/0","0/0","0/0","0/0","0/0","0/0","0/0","0/0","0/0","0/0","0/0","0/0","0/0","0/0","0/0","0/0","0/0","0/0","0/0","0/0","0/1","0/1","0/0","0/0","0/0","0/0","0/0","0/0","0/0","0/0","0/0","0/0","0/0","0/0","0/0","0/0","0/0","0/0","0/0","0/0","0/0","0/0","0/0","0/0","0/0","0/0","0/0","0/0","0/0","0/0","0/0","0/0","0/0","0/0","0/0","0/0","0/0","0/0","0/0","0/0","0/0","0/0","0/0","0/0","0/0","0/0","0/0","0/0","0/0","0/0","0/0","0/0","0/0","0/0","0/0","0/0","0/0","0/0","0/0","0/0","0/0","0/0","0/0","0/0","0/0","0/0","0/0","0/0","0/0","0/0"
"chr2:1500418_G/GT_TPO","0/0","0/0","0/0","0/0","0/0","0/0","0/0","0/0","0/0","0/0","0/0","0/0","0/0","0/0","0/0","0/0","0/0","0/0","0/0","0/0","0/0","0/0","0/0","0/0","0/0","0/0","0/0","0/0","0/0","0/0","0/0","0/0","0/0","0/0","0/0","0/0","0/0","0/0","0/0","0/0","0/0","0/0","0/0","0/0","0/0","0/0","0/0","0/0","0/0","0/0","0/0","0/0","0/0","0/0","0/0","0/0","0/0","0/0","0/0","0/0","0/0","0/0","0/0","0/0","0/0","0/0","0/0","0/0","0/0","0/0","0/0","0/0","0/0","0/0","0/0","0/0","0/0","0/0","0/0","0/0","0/0","0/0","0/0","0/0","0/0","0/0","0/0","0/0","0/0","0/0","0/0","0/0","0/0","0/0","0/0","0/0","0/0","0/0","0/0","0/0","0/0","0/0","0/0","0/0","0/0","0/0","0/0","0/0","0/0","0/0","0/0","0/0","0/0","0/0","0/0","0/0","0/0","0/0","0/0","0/0","0/0","0/0","0/0","0/0","0/0","0/0","0/0","0/0","0/0","0/0","0/0","0/0","0/1","0/0","0/1","0/1","0/0","0/0","0/0","0/0","0/0","0/0","0/0","0/0","0/0","0/0","0/0","0/0","0/0","0/0","0/0","0/0","0/0"
"chr2:1946770_TTCCTCC/T_MYT1L","0/0","0/0","0/0","0/0","0/0","0/0","0/0","0/0","0/0","0/0","0/0","0/0","0/0","0/0","0/0","0/0","0/0","0/0","0/0","0/0","0/0","0/0","0/0","0/0","0/0","0/1","0/0","0/0","0/0","0/0","0/0","0/0","0/0","0/0","0/0","0/0","0/2","0/0","0/0","0/0","0/0","0/0","0/0","0/0","0/0","0/0","0/0","0/0","0/0","0/0","0/0","0/0","0/0","0/0","0/0","0/0","0/0","0/0","0/0","0/0","0/0","0/0","0/0","0/0","0/0","0/0","0/0","0/0","0/0","0/0","0/0","0/0","0/0","0/0","0/0","0/0","0/0","0/0","0/0","0/0","0/0","0/0","0/0","0/0","0/0","0/0","0/0","0/0","0/0","0/0","0/0","0/0","0/0","0/0","0/0","0/0","0/0","0/0","0/0","0/0","0/0","0/0","0/0","0/0","0/0","0/0","0/0","0/0","0/0","0/0","0/0","0/0","0/0","0/0","0/0","0/0","0/0","0/0","0/0","0/0","0/0","0/0","0/0","0/0","0/0","0/0","0/0","0/0","0/0","0/0","0/0","0/0","0/0","0/0","0/0","0/0","0/0","0/0","0/0","0/0","0/0","0/0","0/0","0/0","0/0","0/0","0/0","0/0","0/0","0/2","0/2","0/2","0/2"
"chr2:3749151_GGAA/G_ALLC","0/0","0/0","0/0","1/1","0/1","0/1","0/1","0/1","0/1","0/1","0/0","0/0","0/0","0/0","0/1","0/0","0/0","0/1","0/1","0/0","0/0","0/1","0/1","0/0","0/1","0/1","0/0","0/0","1/1","1/1","0/1","0/1","0/1","0/0","0/0","0/1","0/1","0/1","0/1","0/0","0/1","0/1","0/0","0/0","0/1","0/0","0/1","0/0","0/0","1/1","0/1","0/1","0/0","0/1","0/0","1/1","0/1","0/1","0/1","0/0","0/0","0/1","0/1","0/1","0/1","0/1","0/0","0/1","0/1","0/0","0/1","0/1","0/1","0/0","0/0","0/0","0/0","0/1","0/1","0/1","0/1","0/1","0/1","1/1","1/1","0/0","0/0","0/1","0/0","0/0","0/0","0/0","0/0","0/0","0/0","0/0","0/1","1/1","0/1","0/1","1/1","0/1","1/1","0/1","0/1","0/1","0/1","0/0","0/0","0/1","1/1","0/0","0/0","0/0","1/1","0/0","0/0","0/0","0/1","0/0","0/1","0/1","0/0","0/0","1/1","1/1","0/0","0/0","1/1","1/1","1/1","0/1","1/1","0/1","1/1","1/1","0/1","0/1","0/1","0/1","0/1","0/1","0/1","0/1","0/1","0/1","0/0","0/0","0/0","0/0","0/0","0/0","0/0"
"chr2:5833525_GGAC/G_SOX11","0/0","0/0","0/0","0/0","0/0","0/0","0/0","0/0","0/0","0/0","0/0","0/0","0/0","0/0","0/0","0/0","0/0","0/0","0/0","0/0","0/0","0/0","0/0","0/0","0/0","0/0","0/0","0/0","0/0","0/0","0/0","0/0","0/0","0/0","0/0","0/0","0/0","0/0","0/0","0/0","0/0","0/0","0/0","0/0","0/0","0/0","0/0","0/0","0/0","0/0","0/0","0/0","0/0","0/0","0/0","0/0","0/0","0/0","0/0","0/0","0/0","0/0","0/0","0/0","0/0","0/0","0/0","0/0","0/0","0/0","0/0","0/0","0/1","0/0","0/0","0/0","0/0","0/0","0/0","0/0","0/0","0/0","0/0","0/0","0/0","0/0","0/0","0/0","0/0","0/0","0/0","0/0","0/0","0/0","0/0","0/0","0/0","0/0","0/0","0/0","0/0","0/0","0/0","0/0","0/0","0/0","0/0","0/0","0/0","0/0","0/0","0/0","0/0","0/0","0/0","0/0","0/0","0/0","0/0","0/0","0/0","0/0","0/0","0/0","0/0","0/0","0/0","0/1","0/0","0/0","0/0","0/0","0/0","0/0","0/0","0/0","0/0","0/0","0/0","0/0","0/0","0/0","0/0","0/0","0/0","0/0","0/1","0/0","0/0","0/0","0/0","0/0","0/1"
"chr2:9989570_TA/T_TAF1B","0/0","0/0","0/0","0/0","0/0","0/0","0/0","0/0","0/0","0/1","0/1","0/0","0/0","0/0","0/0","0/0","0/0","0/0","0/0","0/0","0/0","0/0","0/0","0/0","0/0","0/0","0/0","0/0","0/0","0/0","0/0","0/0","0/0","0/0","0/0","0/0","0/0","0/0","0/0","0/0","0/0","0/0","0/0","0/0","0/0","0/0","0/2","0/0","0/0","0/0","0/0","0/0","0/0","0/0","0/0","0/0","0/0","0/2","0/0","0/0","0/0","0/0","0/0","0/2","0/0","0/0","0/0","0/2","0/0","0/0","0/2","0/0","0/0","0/0","0/0","0/0","0/0","0/1","0/2","0/0","0/0","0/0","0/1","0/1","0/0","0/0","0/0","0/2","0/0","0/2","0/0","0/0","0/1","0/0","0/0","0/0","0/0","0/1","0/0","0/0","0/0","0/0","0/0","0/0","0/0","0/0","0/0","0/0","0/0","0/0","0/0","0/0","0/0","0/2","0/2","0/0","0/0","0/0","0/0","0/0","0/0","0/0","0/0","0/0","0/0","0/0","0/0","0/0","0/0","0/0","0/0","0/0","0/0","0/0","0/0","0/1","0/0","0/0","0/0","0/0","0/0","0/0","0/0","0/0","0/0","0/0","0/2","0/2","0/0","0/0","0/0","0/2","0/0"
"chr2:10199057_C/CG_CYS1","0/0","0/0","0/0","0/0","0/0","0/0","0/0","0/0","0/0","0/0","0/0","0/0","0/0","0/0","0/0","0/1","0/0","0/0","0/0","0/0","0/0","0/0","0/0","0/0","0/0","0/0","0/0","0/0","0/0","0/0","0/0","0/0","0/0","0/0","0/0","0/0","0/0","0/0","0/0","0/0","0/0","0/0","0/0","0/0","0/0","0/0","0/0","0/0","0/0","0/0","0/0","0/0","0/0","0/0","0/0","0/0","0/0","0/0","0/0","0/1","0/0","0/0","0/0","0/0","0/0","0/0","0/0","0/0","0/0","0/0","0/0","0/0","0/0","0/0","0/0","0/0","0/0","0/0","0/0","0/0","0/0","0/0","0/0","0/0","0/0","0/0","0/0","0/0","0/0","0/0","0/0","0/0","0/0","0/0","0/0","0/0","0/0","0/0","0/0","0/0","0/0","0/0","0/0","0/0","0/0","0/0","0/0","0/0","0/0","0/0","0/0","0/0","0/0","0/0","0/0","0/0","0/0","0/0","0/0","0/0","0/0","0/0","0/0","0/0","0/0","0/0","0/0","0/0","0/0","0/0","0/0","0/1","0/0","0/0","0/0","0/0","0/0","0/0","0/0","0/0","0/0","0/1","0/1","0/0","0/0","0/0","0/0","0/0","0/0","0/0","0/0","0/0","0/0"
"chr2:10585118_AG/A_ODC1","0/0","0/0","0/0","0/0","0/0","0/0","0/0","0/0","0/0","0/0","0/0","0/0","0/0","0/0","0/0","0/0","0/0","0/0","0/0","0/0","0/0","0/0","0/0","0/0","0/0","0/0","0/0","0/0","0/0","0/0","0/0","0/0","0/0","0/0","0/0","0/0","0/0","0/0","0/0","0/0","0/0","0/0","0/0","0/0","0/0","0/0","0/0","0/0","0/0","0/0","0/0","0/0","0/0","0/0","0/0","0/0","0/0","0/0","0/0","0/0","0/0","0/0","0/0","0/0","0/0","0/0","0/0","0/0","0/0","0/0","0/0","0/0","0/0","0/0","0/0","0/0","0/0","0/0","0/0","0/0","0/0","0/0","0/0","0/0","0/0","0/0","0/0","0/0","0/0","0/0","0/0","0/0","0/0","0/0","0/0","0/0","0/0","0/1","0/0","0/0","0/0","0/0","0/0","0/0","0/0","0/0","0/0","0/0","0/0","0/0","0/0","0/0","0/0","0/0","0/0","0/0","0/0","0/0","0/0","0/0","0/0","0/0","0/0","0/0","0/0","0/0","0/0","0/0","0/0","0/0","0/0","0/0","0/0","0/0","0/0","0/0","0/0","0/0","0/0","0/0","0/0","0/0","0/0","0/0","0/0","0/0","0/0","0/0","0/0","0/0","0/0","0/0","0/0"
"chr2:15534416_GT/G_NBAS","0/0","0/0","0/0","0/0","0/0","0/0","0/0","0/0","0/0","0/1","0/0","0/0","0/0","0/0","0/0","0/0","0/0","0/0","0/0","0/0","0/0","0/0","0/0","0/0","0/0","0/0","0/0","0/0","0/0","0/0","0/0","0/0","0/0","0/0","0/0","0/0","0/0","0/0","0/0","0/0","0/0","0/0","0/0","0/0","0/0","0/0","0/0","0/0","0/0","0/0","0/0","0/0","0/0","0/0","0/0","0/0","0/0","0/0","0/0","0/0","0/0","0/0","0/0","0/0","0/0","0/0","0/0","0/0","0/0","0/0","0/0","0/0","0/0","0/0","0/0","0/0","0/0","0/0","0/0","0/0","0/0","0/0","0/0","0/0","0/0","0/0","0/0","0/0","0/0","0/0","0/0","0/0","0/0","0/0","0/0","0/0","0/0","0/0","0/0","0/0","0/0","0/0","0/0","0/0","0/0","0/0","0/0","0/0","0/0","0/0","0/0","0/0","0/0","0/0","0/0","0/0","0/0","0/0","0/0","0/0","0/0","0/0","0/0","0/0","0/0","0/0","0/0","0/0","0/0","0/0","0/0","0/0","0/0","0/0","0/0","0/0","0/0","0/0","0/0","0/0","0/0","0/0","0/0","0/0","0/0","0/0","0/0","0/0","0/0","0/0","0/0","0/0","0/0"
"chr2:17962993_CAAGTT/C_GEN1","0/0","0/0","0/0","0/1","0/0","0/0","0/0","0/0","0/0","0/0","0/1","0/0","0/1","0/1","0/0","0/0","0/0","0/0","0/0","0/0","0/1","0/0","0/0","0/0","0/0","0/1","0/1","0/0","0/1","0/0","0/0","0/0","0/0","0/0","0/0","0/0","0/0","0/0","0/1","0/0","0/0","0/0","0/0","0/0","0/0","0/0","0/0","0/1","0/0","0/0","0/1","0/0","0/1","0/0","0/0","0/1","0/0","0/0","0/0","0/0","0/1","0/0","0/1","0/0","0/0","0/1","0/0","0/0","0/0","0/0","0/1","0/0","0/0","0/1","0/1","0/0","0/0","0/0","0/0","0/0","0/0","0/0","0/1","0/0","0/0","0/0","0/0","0/0","0/1","0/1","0/1","0/1","0/1","0/0","0/0","0/1","0/0","0/1","0/0","0/0","0/1","0/0","0/1","0/1","0/1","0/0","0/0","0/0","0/0","0/0","0/1","0/0","0/0","0/0","0/0","0/0","0/0","0/1","0/0","0/1","0/0","0/0","0/0","0/1","0/0","0/0","0/0","0/0","1/1","1/1","1/1","0/1","0/0","0/0","0/0","0/0","0/0","0/0","0/0","0/0","0/0","0/1","0/1","0/1","0/1","0/1","0/1","0/1","0/1","0/0","0/0","0/0","0/0"
"chr2:20867122_G/GGGCGGCGGC_GDF7","1/1",".","0/1","1/1","1/1","0/0","1/1",".",".","1/1","1/1","1/1","1/1","1/1","1/1","1/1","1/1","1/1","1/2","1/3","1/1","1/1","1/2","1/1","1/3","1/1","1/2","1/1","1/1","1/4","1/1","1/1","1/1","1/1","1/1",".",".","1/1","1/1","1/1","1/1","1/1",".","1/1",".","2/2","1/1","1/1","1/1","1/1","1/1","0/0","3/3",".","1/1","1/1","1/1",".","1/1","1/1","1/1","1/1","1/2",".","1/1","1/1","1/1","1/1","1/1","1/1","0/0","1/2","0/0","1/1","1/1","1/1","1/1","1/2","1/1","1/1","1/1","1/1","1/1","1/2",".","1/1","1/1",".","3/3","1/1","2/2","1/1","0/1","1/1","1/1","1/1","1/1","1/1","1/1","1/1","1/1",".","1/1","1/1","0/0","1/1","1/1","1/1","1/1","1/1",".","1/5",".",".","5/5","1/1","1/1",".","1/1","1/1","1/1","1/1","1/1","1/1","1/1",".","2/2","2/2","1/1",".","1/1",".","1/1","1/1",".","5/5","1/1","1/1","1/1","1/1","0/0",".","1/1","1/1",".","2/2","1/1","1/1",".","1/1","1/1",".","."
"chr2:21266774_GGCAGCGCCA/G_APOB","0/1","0/1","0/1","0/0","0/0","0/0","0/0","0/0","0/0","0/1","0/1","0/0","0/0","0/0","0/0","0/0","0/0","0/1","0/0","0/0","0/0","0/0","0/0","0/0","0/0","0/0","0/1","0/0","0/1","1/1","0/1","0/0","0/0","0/0","0/0","0/1","0/0","0/0","0/0","0/0","0/1","0/1","0/0","0/1","0/0","0/0","0/0","0/0","0/1","0/1","1/1","0/0","0/1","0/0","0/0","0/0","0/0","0/0","0/0","1/1","0/0","0/0","0/0","0/0","0/0","0/1","0/1","0/0","0/0","0/1","0/1","0/0","0/0","0/0","0/0","0/0","0/0","0/0","0/0","0/0","0/0","0/0","1/1","0/0","0/0","0/1","0/1","0/0","0/1","0/1","0/1","0/0","0/0","0/0","0/0","0/1","0/0","0/0","0/1","0/1","0/0","0/1","0/0","0/0","0/0","0/0","0/0","0/0","0/0","0/1","0/0","0/0","0/0","0/1","0/0","0/0","0/0","0/0","0/0","0/0","0/0","0/0","0/0","0/0","0/0","0/0","0/1","0/1","0/0","0/0","0/0","0/1","0/0","1/1","0/0","0/0","1/1","1/1","1/1","1/1","1/1","0/1","0/1","0/0","0/0","0/0","0/0","0/0","0/0","0/1","0/1","0/1","0/1"
"chr2:21362397_TA/T_TDRD15","0/0","0/0","0/0","0/0","0/0","0/0","0/0","0/0","0/0","0/0","0/0","0/0","0/0","0/0","0/0","0/0","0/0","0/0","0/0","0/0","0/0","0/0","0/0","0/0","0/0","0/0","0/0","0/0","0/0","0/0","0/0","0/0","0/0","0/0","0/0","0/0","0/1","0/0","0/0","0/0","0/0","0/0","0/0","0/0","0/0","0/0","0/0","0/0","0/0","0/0","0/0","0/0","0/0","0/0","0/0","0/0","0/0","0/0","0/0","0/0","0/0","0/0","0/0","0/0","0/0","0/0","0/0","0/0","0/0","0/0","0/0","0/0","0/0","0/0","0/0","0/0","0/0","0/0","0/0","0/0","0/0","0/0","0/0","0/0","0/0","0/0","0/0","0/0","0/0","0/0","0/0","0/0","0/0","0/0","0/0","0/0","0/0","0/0","0/0","0/0","0/0","0/0","0/0","0/0","0/0","0/0","0/0","0/0","0/0","0/0","0/0","0/0","0/0","0/0","0/0","0/0","0/0","0/0","0/0","0/0","0/0","0/0","0/0","0/0","0/0","0/0","0/0","0/0","0/0","0/0","0/0","0/0","0/0","0/0","0/0","0/0","0/0","0/0","0/0","0/0","0/0","0/0","0/0","0/0","0/0","0/0","0/0","0/0","0/0","0/0","0/0","0/0","0/0"
"chr2:24387178_G/GC_FAM228B","1/1","1/1","1/1","1/1","1/1","1/1","1/1","1/1","1/1","1/1","1/1","1/1","1/1","1/1","1/1","1/1","1/1","1/1","1/1","1/1","1/1","1/1","1/1","0/1","1/1","1/1","1/1","1/1","1/1","0/1","1/1","1/1","1/1","1/1","1/1","0/1","1/1","1/1","1/1","1/1","1/1","1/1","1/1","1/1","1/1","1/1","1/1","1/1","1/1","1/1","1/1","1/1","1/1","1/1","0/1","0/1","1/1","1/1","0/1","1/1","1/1","1/1","1/1","0/1","0/1","1/1","0/1","1/1","1/1","0/1","1/1","1/1","1/1","1/1","1/1","1/1","1/1","0/1","0/1","1/1","1/1","1/1","1/1","1/1","1/1","1/1","1/1","1/1","1/1","1/1","1/1","1/1","1/1","1/1","1/1","1/1","1/1","1/1","1/1","1/1","1/1","1/1","1/1","0/1","0/1","1/1","1/1","0/1","0/1","1/1","1/1","1/1","1/1","1/1","1/1","1/1","1/1","1/1","1/1","1/1","1/1","1/1","1/1","1/1","1/1","1/1","1/1","1/1","1/1","1/1","1/1","0/1","1/1","1/1","1/1","1/1","1/1","1/1","1/1","1/1","1/1","0/1","0/1","1/1","1/1","1/1","1/1","1/1","1/1","0/1","0/1","0/1","0/1"
"chr2:25967034_TC/T_ASXL2","0/0","0/0","0/0","0/0","0/0","0/0","0/0","0/0","0/0","0/0","0/0","0/0","0/0","0/0","0/0","0/0","0/0","0/0","0/0","0/0","0/0","0/0","0/0","0/0","0/0","0/0","0/0","0/1","0/0","0/0","0/0","0/0","0/0","0/0","0/0","0/0","0/0","0/0","0/0","0/0","0/0","0/0","0/0","0/0","0/0","0/0","0/0","0/0","0/0","0/0","0/0","0/0","0/0","0/0","0/0","0/0","0/0","0/0","0/0","0/0","0/0","0/0","0/0","0/0","0/0","0/0","0/0","0/0","0/0","0/0","0/0","0/0","0/0","0/0","0/0","0/0","0/0","0/0","0/0","0/0","0/0","0/0","0/0","0/0","0/0","0/0","0/0","0/0","0/0","0/0","0/0","0/0","0/0","0/0","0/0","0/0","0/0","0/0","0/0","0/0","0/0","0/0","0/0","0/0","0/0","0/0","0/0","0/0","0/0","0/0","0/0","0/0","0/0","0/0","0/0","0/0","0/0","0/0","0/0","0/0","0/0","0/0","0/0","0/0","0/0","0/0","0/0","0/0","0/0","0/0","0/0","0/0","0/0","0/0","0/0","0/0","0/0","0/0","0/0","0/0","0/0","0/0","0/0","0/0","0/0","0/0","0/0","0/0","0/0","0/0","0/0","0/0","0/0"
"chr2:26477125_G/GACT_HADHB","0/1","0/1","0/1","0/0","1/1","1/1","0/0","0/0","0/0","0/0","0/0","0/1","0/0","0/0","0/0","0/0","0/0","0/0","0/1","0/0","0/0","0/0","0/0","0/0","0/0","0/0","0/0","0/1","0/0","0/0","0/0","0/0","0/0","0/1","0/1","0/0","0/0","0/1","0/0","0/0","0/0","0/1","0/1","0/1","0/0","0/1","0/0","0/0","0/0","0/0","0/1","0/1","0/0","0/1","0/0","0/0","1/1","0/1","0/1","0/0","0/0","0/0","0/0","0/0","0/0","0/0","0/0","0/0","0/0","0/0","0/0","0/1","0/1","0/1","0/1","0/0","0/0","0/0","0/0","0/1","0/1","0/0","0/1","0/0","0/0","0/0","0/0","0/0","0/0","0/0","0/0","0/1","0/1","0/0","0/0","0/0","0/0","0/0","0/0","0/0","0/0","0/0","0/0","0/0","0/0","0/0","0/0","0/1","0/1","0/0","0/0","1/1","1/1","0/0","0/0","0/0","0/0","0/0","0/0","0/0","0/0","0/0","0/0","0/0","0/0","0/0","0/0","0/0","0/0","0/0","0/0","0/0","0/0","0/0","0/0","0/0","0/0","0/0","0/1","0/1","0/1","0/0","0/0","0/0","0/0","0/0","0/0","0/0","0/0","0/1","0/1","0/1","0/1"
"chr2:26785482_T/TG_C2orf70","0/0","0/0","0/0","0/0","0/0","0/0","0/0","0/0","0/0","0/0","0/0","0/0","0/0","0/0","0/0","0/0","0/0","0/0","0/0","0/0","0/0","0/0","0/0","0/0","0/0","0/0","0/0","0/0","0/0","0/0","0/0","0/0","0/0","0/0","0/0","0/0","0/0","0/0","0/0","0/0","0/0","0/0","0/0","0/0","0/0","0/0","0/0","0/0","0/0","0/0","0/0","0/0","0/0","0/0","0/0","0/0","0/0","0/0","0/0","0/0","0/0","0/0","0/0","0/0","0/0","0/1","0/0","0/0","0/0","0/0","0/1","0/0","0/0","0/0","0/0","0/0","0/0","0/0","0/0","0/0","0/0","0/0","0/0","0/0","0/0","0/0","0/0","0/0","0/0","0/0","0/1","0/0","0/0","0/0","0/0","0/1","0/0","0/0","0/0","0/0","0/0","0/0","0/0","0/0","0/0","0/0","0/0","0/0","0/0","0/0","0/0","0/0","0/0","0/0","0/0","0/0","0/0","0/0","0/0","0/0","0/0","0/0","0/0","0/0","0/0","0/0","0/0","0/0","0/0","0/0","0/0","0/0","0/0","0/0","0/0","0/0","0/0","0/0","0/0","0/0","0/0","0/0","0/0","0/0","0/0","0/0","0/0","0/0","0/0","0/0","0/0","0/0","0/0"
"chr2:27324253_GGCCTCTGCCTGGCCCCCAGCTTCCCCTCTGGGCCCGGGGGCATCTCCTTCA/G_CGREF1","0/0","0/0","0/0","0/0","0/0","0/0","0/0","0/0","0/0","0/0","0/0","0/0","1/1","0/0","0/0","0/0","0/0","0/0","0/0","0/0","0/0","0/0","0/0","0/0","0/0","0/0","0/0","0/0","0/0","0/0","0/0","0/0","0/0","0/0","0/0","0/0","0/0","0/0","0/0","0/0","0/0","0/0","0/0","0/0","0/0","0/0","0/0","0/0","0/0","0/0","0/0","0/0","0/0","0/0","0/1","0/0","0/0","0/0","0/0","0/0","0/0","0/0","0/0","0/0","0/0","0/0","0/0","0/0","0/0","0/0","0/0","0/0","0/0","0/0","0/0","0/0","0/0","0/0","0/0","0/0","0/0","0/0","0/0","0/0","0/0","0/0","0/0","0/0","0/0","0/0","0/0","0/0","0/0","0/0","0/0","0/0","0/0","0/0","0/0","0/0","0/0","0/0","0/0","0/0","0/0","0/0","0/1","0/0","0/0","0/0","0/0","0/0","0/0","0/0","0/0","0/0","0/0","0/0","0/0","0/0","0/0","0/0","0/0","0/0","0/0","0/0","0/0","0/0","0/0","0/0","0/0","0/0","0/0","0/0","0/0","0/0","0/0","0/0","0/0","0/0","0/0","0/0","0/0","0/0","0/0","0/0","0/0","0/0","0/0","0/0","0/0","0/0","0/0"
"chr2:27601206_CA/C_ZNF513","0/0","0/0","0/0","0/0","0/0","0/0","0/0","0/0","0/0","0/0","0/0","0/0","0/0","0/0","0/0","0/0","0/0","0/0","0/0","0/0","0/0","0/0","0/0","0/0","0/0","0/0","0/0","0/0","0/0","0/0","0/0","0/0","0/0","0/0","0/0","0/0","0/0","0/0","0/0","0/0","0/0","0/0","0/0","0/0","0/0","0/0","0/0","0/0","0/0","0/0","0/0","0/0","0/0","0/0","0/0","0/0","0/0","0/0","0/0","0/0","0/0","0/0","0/0","0/0","0/0","0/0","0/0","0/0","0/0","0/0","0/0","0/0","0/0","0/0","0/0","0/1","0/0","0/0","0/0","0/0","0/0","0/0","0/0","0/0","0/0","0/0","0/0","0/0","0/0","0/0","0/0","0/0","0/0","0/0","0/0","0/0","0/0","0/0","0/0","0/0","0/0","0/0","0/0","0/0","0/0","0/0","0/0","0/0","0/0","0/0","0/0","0/0","0/0","0/0","0/0","0/0","0/0","0/0","0/0","0/0","0/0","0/0","0/0","0/0","0/0","0/0","0/0","0/0","0/0","0/0","0/0","0/0","0/0","0/0","0/0","0/0","0/0","0/0","0/0","0/0","0/0","0/0","0/0","0/0","0/0","0/0","0/0","0/0","0/0","0/0","0/0","0/0","0/0"
"chr2:29287926_C/CGCT_C2orf71","0/0","0/0","0/0","0/1","0/1","0/1","1/1","1/1","1/1","1/1","1/1","0/1","0/1","1/1","0/0","0/1","1/1","0/0","0/0","0/1","0/1","0/1","0/1","0/1","0/0","0/1","0/1","0/1","0/1","0/0","0/1","0/1","0/1","0/1","0/1","0/0","0/1","0/1","0/1","1/1","0/1","0/0","0/1","1/1","0/0","0/0","0/1","0/1","0/1","0/0","0/1","1/1","0/1","1/1","0/1","0/0","0/0","1/1","1/1","1/1","0/1","0/1","1/1","0/0","0/0","0/1","0/1","0/1","0/1","0/1","0/1","0/1","0/1","0/0","0/0","1/1","1/1","0/0","0/0","1/1","1/1","1/1","0/1","1/1","1/1","0/1","0/1","0/1","0/1","0/1","0/1","0/1","0/1","0/1","0/1","0/1","0/1","0/1","0/1","0/1","0/0","0/1","0/0","1/1","1/1","1/1","1/1","0/1","0/1","0/1","0/1","1/1","1/1","0/1","0/1","0/1","0/1","0/1","0/1","0/1","0/1","0/1","0/1","0/1","0/1","0/1","0/1","0/1","0/0","0/0","0/0","1/1","0/1","0/1","0/1","0/1","0/1","0/1","1/1","0/1","1/1","1/1","1/1","0/1","0/1","0/1","1/1","1/1","1/1","0/1","0/1","0/1","0/1"
"chr2:29404629_GA/G_CLIP4","0/0","0/0","0/0","0/0","0/0","0/0","0/0","0/0","0/0","0/1","0/0","0/0","0/0","0/0","0/0","0/0","0/0","0/0","0/0","0/0","0/0","0/0","0/0","0/0","0/0","0/0","0/0","0/0","0/0","0/0","0/0","0/0","0/0","0/0","0/0","0/0","0/0","0/0","0/0","0/0","0/0","0/0","0/0","0/0","0/0","0/0","0/0","0/0","0/0","0/0","0/0","0/0","0/0","0/0","0/0","0/0","0/0","0/0","0/0","0/0","0/0","0/0","0/0","0/0","0/0","0/0","0/0","0/0","0/0","0/0","0/0","0/0","0/0","0/0","0/0","0/0","0/0","0/0","0/0","0/0","0/0","0/0","0/0","0/0","0/0","0/0","0/0","0/0","0/0","0/0","0/0","0/0","0/0","0/0","0/0","0/0","0/0","0/0","0/0","0/0","0/0","0/0","0/0","0/0","0/0","0/0","0/0","0/0","0/0","0/0","0/0","0/0","0/0","0/0","0/0","0/0","0/0","0/0","0/0","0/0","0/0","0/0","0/0","0/0","0/0","0/0","0/0","0/0","0/0","0/0","0/0","0/0","0/0","0/0","0/0","0/0","0/0","0/0","0/0","0/0","0/0","0/0","0/0","0/0","0/0","0/0","0/0","0/0","0/0","0/0","0/0","0/0","0/0"
"chr2:31422395_TCTC/T_CAPN14","0/0","0/0","0/0","0/0","0/0","0/0","0/0","0/0","0/0","0/0","0/0","0/0","0/0","0/0","0/0","0/0","0/0","0/0","0/0","0/0","0/0","0/0","0/0","0/0","0/0","0/0","0/0","0/0","0/0","0/0","0/0","0/0","0/0","0/0","0/0","0/0","0/0","0/0","0/0","0/0","0/0","0/0","0/0","0/0","0/0","0/0","0/0","0/0","0/0","0/0","0/0","0/0","0/0","0/0","0/0","0/0","0/0","0/0","0/0","0/0","0/0","0/0","0/1","0/0","0/0","0/0","0/0","0/0","0/0","0/0","0/0","0/0","0/0","0/0","0/0","0/0","0/0","0/0","0/0","0/0","0/0","0/0","0/0","0/0","0/0","0/0","0/0","0/1","0/0","0/0","0/0","0/0","0/0","0/0","0/0","0/0","0/1","0/0","0/0","0/0","0/0","0/0","0/0","0/0","0/0","0/0","0/0","0/0","0/0","0/0","0/0","0/0","0/0","0/0","0/0","0/0","0/0","0/0","0/0","0/0","0/0","0/0","0/0","0/0","0/0","0/0","0/0","0/0","0/0","0/0","0/0","0/0","0/0","0/0","0/0","0/0","0/0","0/0","0/0","0/0","0/0","0/0","0/0","0/0","0/0","0/0","0/0","0/0","0/0","0/0","0/0","0/0","0/0"
"chr2:31805880_A/AG_SRD5A2","1/1","1/1","1/1","1/1","1/1","1/1","1/1","1/1","1/1","1/1","1/1","1/1","1/1","1/1","1/1","1/1","1/1","1/1","1/1","1/1","1/1","1/1","1/1","1/1","1/1","1/1","1/1","1/1","1/1","1/1","1/1","1/1","1/1","1/1","1/1","1/1","1/1","1/1","1/1","1/1","1/1","1/1","1/1","1/1","1/1","1/1","1/1","1/1","1/1","1/1","1/1","1/1","1/1","1/1","1/1","1/1","1/1","1/1","1/1","1/1","1/1","1/1","1/1","1/1","1/1","1/1","1/1","1/1","1/1","1/1","1/1","1/1","1/1","1/1","1/1","1/1","1/1","1/1","1/1","1/1","1/1","1/1","1/1","1/1","1/1","1/1","1/1","1/1","1/1","1/1","1/1","1/1","1/1","1/1","1/1","1/1","1/1","1/1","1/1","1/1","1/1","1/1","1/1","1/1","1/1","1/1","1/1","1/1","1/1","1/1","1/1","1/1","1/1","1/1","1/1","1/1","1/1","1/1","1/1","1/1","1/1","1/1","1/1","1/1","1/1","1/1","1/1","1/1","1/1","1/1","1/1","1/1","1/1","1/1","1/1","1/1","1/1","1/1","1/1","1/1","1/1","1/1","1/1","1/1","1/1","1/1","1/1","1/1","1/1","1/1","1/1","1/1","1/1"
"chr2:33172688_A/ACCG_LTBP1","0/0","0/0","0/0","0/0","0/0","0/0","0/0","0/0","0/0","0/0","0/0","0/0","0/0","0/0","0/0","0/0","0/0","0/0","0/1","0/0","0/0","0/0","0/1","0/0","0/0","0/0","0/0","0/0","0/0","0/0","0/0","0/0","0/0","0/0","0/0","0/0","0/0","0/0","0/0","0/0","0/0","0/0","0/0","0/0","0/0","0/0","0/0","0/0","0/0","0/0","0/0","0/0","0/0","0/0","0/0","0/0","0/0","0/0","0/0","0/0","0/0","0/0","0/0","0/0","0/0","0/0","0/0","0/0","0/0","0/0","0/0","0/1","0/1","0/0","0/0","0/1","0/1","0/0","0/0","0/0","0/0","0/0","0/0","0/0","0/0","0/0","0/0","0/0","0/0","0/0","0/0","0/0","0/0","0/0","0/0","0/0","0/0","0/0","0/0","0/0","0/0","0/0","0/0","0/0","0/0","0/0","0/0","0/0","0/0","0/0","0/0","0/0","0/0","0/0","0/0","0/0","0/0","0/0","0/0","0/0","0/0","0/0","0/0","0/0","0/0","0/0","0/0","0/0","0/0","0/0","0/0","0/0","0/0","0/0","0/0","0/0","0/0","0/0","0/0","0/0","0/0","0/0","0/0","0/0","0/0","0/0","0/0","0/0","0/0","0/0","0/0","0/0","0/0"
"chr2:37014383_GC/G_VIT","0/0","0/0","0/0","0/0","0/0","0/0","0/0","0/0","0/0","0/1","0/0","0/0","0/0","0/0","0/0","0/0","0/0","0/0","0/0","0/0","0/0","0/0","0/0","0/0","0/0","0/0","0/0","0/0","0/0","0/0","0/0","0/0","0/0","0/0","0/0","0/0","0/0","0/0","0/0","0/0","0/0","0/0","0/0","0/0","0/0","0/0","0/0","0/0","0/0","0/0","0/0","0/0","0/0","0/0","0/0","0/0","0/0","0/0","0/0","0/0","0/0","0/0","0/0","0/0","0/0","0/0","0/0","0/0","0/0","0/0","0/0","0/0","0/0","0/0","0/0","0/0","0/0","0/0","0/0","0/0","0/0","0/0","0/0","0/0","0/0","0/0","0/0","0/0","0/0","0/0","0/0","0/0","0/0","0/0","0/0","0/0","0/0","0/0","0/0","0/0","0/0","0/0","0/0","0/0","0/0","0/0","0/0","0/0","0/0","0/0","0/0","0/0","0/0","0/0","0/0","0/0","0/0","0/0","0/0","0/0","0/0","0/0","0/0","0/0","0/0","0/0","0/0","0/0","0/0","0/0","0/0","0/0","0/0","0/0","0/0","0/0","0/0","0/0","0/0","0/0","0/0","0/0","0/0","0/0","0/0","0/0","0/0","0/0","0/0","0/0","0/0","0/0","0/0"
"chr2:37208634_TA/T_HEATR5B","0/0","0/0","0/0","0/0","0/0","0/0","0/0","0/0","0/0","0/0","0/0","0/0","0/0","0/0","0/0","0/0","0/0","0/0","0/0","0/0","0/0","0/0","0/0","0/0","0/0","0/0","0/0","0/0","0/0","0/0","0/0","0/0","0/0","0/0","0/0","0/0","0/1","0/0","0/0","0/0","0/0","0/0","0/0","0/0","0/0","0/0","0/0","0/0","0/0","0/0","0/0","0/0","0/0","0/0","0/0","0/0","0/0","0/0","0/0","0/0","0/0","0/0","0/0","0/0","0/0","0/0","0/0","0/0","0/0","0/0","0/0","0/0","0/0","0/0","0/0","0/0","0/0","0/0","0/0","0/0","0/0","0/0","0/0","0/0","0/0","0/0","0/0","0/0","0/0","0/0","0/0","0/0","0/0","0/0","0/0","0/0","0/0","0/0","0/0","0/0","0/0","0/0","0/0","0/0","0/0","0/0","0/0","0/0","0/0","0/0","0/0","0/0","0/0","0/0","0/0","0/0","0/0","0/0","0/0","0/0","0/0","0/0","0/0","0/0","0/0","0/0","0/0","0/0","0/0","0/0","0/0","0/0","0/0","0/0","0/0","0/0","0/0","0/0","0/0","0/0","0/0","0/0","0/0","0/0","0/0","0/0","0/0","0/0","0/0","0/0","0/0","0/0","0/0"
"chr2:37414552_C/CT_SULT6B1","0/0","0/0","0/0","0/0","0/0","0/0","0/0","0/0","0/0","0/0","0/0","0/0","0/0","0/0","0/0","0/0","0/0","0/0","0/0","0/0","0/0","0/0","0/0","0/0","0/0","0/0","0/0","0/0","0/0","0/0","0/0","0/0","0/0","0/0","0/0","0/0","0/0","0/0","0/0","0/0","0/0","0/0","0/0","0/0","0/0","0/0","0/0","0/0","0/0","0/0","0/0","0/0","0/1","0/0","0/0","0/0","0/1","0/0","0/0","0/0","0/0","0/0","0/0","0/0","0/0","0/0","0/0","0/0","0/0","0/0","0/0","0/0","0/0","0/0","0/0","0/0","0/0","0/0","0/0","0/0","0/0","0/0","0/0","0/0","0/0","0/0","0/0","0/0","0/0","0/0","0/0","0/0","0/0","0/0","0/0","0/0","0/0","0/0","0/0","0/0","0/0","0/0","0/0","0/0","0/0","0/0","0/0","0/0","0/0","0/0","0/0","0/0","0/0","0/0","0/0","0/0","0/0","0/0","0/0","0/0","0/0","0/0","0/0","0/0","0/0","0/0","0/0","0/0","0/0","0/0","0/0","0/0","0/0","0/0","0/0","0/0","0/0","0/0","0/0","0/0","0/0","0/0","0/0","0/0","0/0","0/0","0/0","0/0","0/0","0/0","0/0","0/0","0/0"
"chr2:37454907_CTT/C_CEBPZ","0/0","0/0","0/0","0/0","0/0","0/0","0/0","0/0","0/0","0/0","0/0","0/0","0/0","0/0","0/0","0/0","0/0","0/0","0/0","0/0","0/0","0/0","0/0","0/0","0/0","0/0","0/0","0/0","0/0","0/0","0/0","0/0","0/0","0/0","0/0","0/0","0/1","0/0","0/0","0/0","0/0","0/0","0/0","0/0","0/0","0/0","0/0","0/0","0/0","0/0","0/0","0/0","0/0","0/0","0/0","0/0","0/0","0/0","0/0","0/0","0/0","0/0","0/0","0/0","0/0","0/0","0/0","0/0","0/0","0/0","0/0","0/0","0/0","0/0","0/0","0/0","0/0","0/0","0/0","0/0","0/0","0/0","0/0","0/0","0/0","0/0","0/0","0/0","0/0","0/0","0/0","0/0","0/0","0/0","0/0","0/0","0/0","0/0","0/0","0/0","0/0","0/0","0/0","0/0","0/0","0/0","0/0","0/0","0/0","0/0","0/0","0/0","0/0","0/0","0/0","0/0","0/0","0/0","0/0","0/0","0/0","0/0","0/0","0/0","0/0","0/0","0/0","0/0","0/0","0/0","0/0","0/0","0/0","0/0","0/0","0/0","0/0","0/0","0/0","0/0","0/0","0/0","0/0","0/0","0/0","0/0","0/0","0/0","0/0","0/0","0/0","0/0","0/0"
"chr2:39414801_G/GAA_CDKL4","0/0","0/0","0/0","0/0","0/0","0/0","0/0","0/0","0/0","0/0","0/0","0/0","0/0","0/0","0/0","0/0","0/0","0/0","0/0","0/0","0/0","0/0","0/0","0/0","0/1","0/0","0/0","0/0","0/0","0/0","0/0","0/0","0/0","0/0","0/0","0/0","0/0","0/0","0/0","0/0","0/0","0/0","0/1","0/0","0/0","0/0","0/0","0/0","0/0","0/0","0/0","0/0","0/0","0/0","0/0","0/0","0/0","0/0","0/0","0/0","0/0","0/0","0/0","0/0","0/0","0/0","0/0","0/0","0/0","0/0","0/0","0/0","0/0","0/0","0/0","0/0","0/0","0/1","0/1","0/0","0/0","0/0","0/0","0/0","0/0","0/0","0/0","0/0","0/0","0/0","0/0","0/0","0/0","0/0","0/0","0/0","0/0","0/0","0/0","0/0","0/1","0/0","0/1","0/0","0/0","0/0","0/0","0/0","0/0","0/0","0/0","0/0","0/0","0/0","0/0","0/0","0/0","0/0","0/0","0/0","0/0","0/0","0/0","0/0","0/0","0/0","0/0","0/0","0/0","0/0","0/0","0/0","0/0","0/0","0/0","0/0","0/0","0/0","0/0","0/0","0/0","0/0","0/0","0/0","0/0","0/0","0/0","0/0","0/0","0/0","0/0","0/0","0/0"
"chr2:43451739_CCTG/C_ZFP36L2","0/0","0/0","0/0","0/0","0/0","0/0","0/0","0/0","0/0","0/0","0/1","0/0","0/0","0/0","0/0","0/0","0/0","0/0","0/0","0/0","0/0","0/0","0/0","0/0","0/0","0/0","0/0","0/0","0/0","0/0","0/0","0/0","0/0","0/0","0/0","0/0","0/0","0/0","0/0","0/0","0/0","0/0","0/0","0/0","0/0","0/0","0/0","0/0","0/0","0/0","0/0","0/0","0/0","0/0","0/0","0/0","0/0","0/0","0/0","0/0","0/0","0/0","0/0","0/0","0/0","0/0","0/0","0/0","0/0","0/0","0/0","0/0","0/0","0/0","0/0","0/0","0/1","0/0","0/0","0/0","0/0","0/0","0/0","0/0","0/0","0/0","0/0","0/0","0/0","0/0","0/0","0/0","0/0","0/0","0/0","0/0","0/0","0/0","0/0","0/1","0/0","0/0","0/0","0/0","0/0","0/0","0/0","0/1","0/0","0/0","0/0","0/0","0/0","0/0","0/0","0/0","0/0","0/0","0/0","0/0","0/0","0/0","0/0","0/0","0/0","0/0","0/0","0/0","0/0","0/0","0/0","0/0","0/0","0/0","0/0","0/0","0/0","0/0","0/0","0/0","0/0","0/0","0/0","0/0","0/0","0/0","0/0","0/0","0/0","0/0","0/0","0/0","0/0"
"chr2:43452146_CCCGACGGGAAGCCCGAGAAGCTGAGGCTGTGGTGCAACTTGGGCCGCGGCTCCCGCGGGAAGCCCAGGTGCAACGCATCGCGCGTGCCAAAGGCACGCAGGTCCCCGGAGGCGCCCCCCGACGGCGCGGGCCG/C_ZFP36L2","0/0","0/0","0/0","0/0","0/0","0/0","0/0","0/0","0/0","0/0","0/0","0/0","0/0","0/0","0/0","0/0","0/0","0/0","0/0","0/0","0/0","0/0","0/0","0/1","0/0","0/0","0/0","0/0","0/0","0/0","0/0","0/0","0/0","0/0","0/0","0/0","0/0","0/0","0/0","0/0","0/0","0/0","0/0","0/0","0/0","0/0","0/0","0/0","0/0","0/0","0/0","0/0","0/0","0/0","0/0","0/0","0/0","0/0","0/0","0/0","0/0","0/0","0/0","0/0","0/0","0/0","0/0","0/0","0/0","0/0","0/0","0/0","0/0","0/0","0/0","0/0","0/0","0/0","0/0","0/0","0/0","0/0","0/0","0/0","0/0","0/0","0/0","0/0","0/0","0/0","0/0","0/0","0/0","0/0","0/0","0/0","0/0","0/0","0/0","0/0","0/0","0/0","0/0","0/0","0/0","0/0","0/0","0/0","0/0","0/0","0/0","0/0","0/0","0/0","0/0","0/0","0/0","0/0","0/0","0/0","0/0","0/0","0/0","0/0","0/0","0/0","0/0","0/0","0/0","0/0","0/0","0/0","0/0","0/0","0/0","0/0","0/0","0/0","0/0","0/0","0/0","0/0","0/0","0/0","0/0","0/0","0/0","0/0","0/0","0/0","0/0","0/0","0/0"
"chr2:43903431_TA/T_C1GALT1C1L","0/0","0/0","0/0","0/0","0/0","0/0","0/0","0/0","0/0","0/0","0/0","0/0","0/0","0/0","0/0","0/0","0/0","0/0","0/0","0/0","0/0","0/0","0/0","0/0","0/0","0/0","0/0","0/0","0/0","0/0","0/0","0/1","0/0","0/0","0/0","0/0","0/0","0/0","0/0","0/0","0/0","0/0","0/0","0/0","0/0","0/0","0/0","0/0","0/0","0/0","0/0","0/0","0/0","0/0","0/0","0/0","0/0","0/0","0/0","0/0","0/0","0/0","0/0","0/0","0/0","0/0","0/0","0/0","0/0","0/0","0/0","0/0","0/0","0/0","0/0","0/0","0/0","0/0","0/0","0/0","0/0","0/0","0/0","0/0","0/0","0/0","0/0","0/0","0/0","0/0","0/0","0/0","0/0","0/0","0/0","0/0","0/0","0/0","0/0","0/0","0/0","0/0","0/0","0/0","0/0","0/0","0/0","0/0","0/0","0/0","0/0","0/0","0/0","0/0","0/0","0/0","0/0","0/0","0/0","0/0","0/0","0/0","0/0","0/0","0/0","0/0","0/0","0/0","0/0","0/0","0/0","0/0","0/0","0/0","0/0","0/0","0/0","0/0","0/0","0/0","0/0","0/0","0/0","0/0","0/0","0/0","0/0","0/0","0/0","0/0","0/0","0/0","0/0"
"chr2:44933447_AG/A_CAMKMT","0/0","0/0","0/0","0/0","0/0","0/0","0/0","0/0","0/0","0/0","0/0","0/0","0/0","0/0","0/0","0/0","0/0","0/0","0/0","0/0","0/0","0/0","0/0","0/0","0/0","0/0","0/0","0/0","0/0","0/0","0/0","0/0","0/0","0/0","0/0","0/0","0/1","0/0","0/0","0/0","0/0","0/0","0/0","0/0","0/0","0/0","0/0","0/0","0/0","0/0","0/0","0/0","0/0","0/0","0/0","0/0","0/0","0/0","0/0","0/0","0/0","0/0","0/0","0/0","0/0","0/0","0/0","0/0","0/0","0/0","0/0","0/0","0/0","0/0","0/0","0/0","0/0","0/0","0/0","0/0","0/0","0/0","0/0","0/0","0/0","0/0","0/0","0/0","0/0","0/0","0/0","0/0","0/0","0/0","0/0","0/0","0/0","0/0","0/0","0/0","0/0","0/0","0/0","0/0","0/0","0/0","0/0","0/0","0/0","0/0","0/0","0/0","0/0","0/0","0/0","0/0","0/0","0/0","0/0","0/0","0/0","0/0","0/0","0/0","0/0","0/0","0/0","0/0","0/0","0/0","0/0","0/0","0/0","0/0","0/0","0/0","0/0","0/0","0/0","0/0","0/0","0/0","0/0","0/0","0/0","0/0","0/0","0/0","0/0","0/0","0/0","0/0","0/0"
"chr2:46707808_C/CAGCGGCAGCACGAGGTGGTGATGGAGCAGCTGCAGCGGG_TMEM247","0/0","0/0","0/0","0/0","0/0","0/0","0/0","0/0","0/0","0/1","0/0","0/0","0/0","0/0","0/2","0/0","0/0","0/0","0/0","0/0","0/0","0/0","0/0","0/0","0/0","0/0","0/0","0/0","0/1","0/0","0/0","0/0","0/0","0/0","0/0","0/0","0/0","0/0","0/0","0/1","0/0","0/0","0/0","0/0","0/0","0/0","0/0","0/0","0/0","0/0","0/0","0/0","0/0","0/0","0/0","0/0","0/0","0/0","0/1","0/0","0/0","0/1","0/0","0/0","0/0","0/0","0/0","0/0","0/0","0/0","0/0","0/0","0/0","0/0","0/0","0/0","0/0","0/0","0/0","0/1","0/1","0/0","0/0","0/0","0/0","0/0","0/0","0/0","0/0","0/0","0/1","0/0","0/0","0/0","0/0","0/1","0/0","0/0","0/0","0/0","0/0","0/0","0/0","0/0","0/0","0/0","0/0","0/0","0/0","0/0","0/0","0/0","0/0","0/0","0/0","0/0","0/0","0/0","0/1","0/0","0/0","0/1","0/0","0/0","0/0","0/0","0/0","0/0","0/0","0/0","0/0","0/0","0/0","0/1","0/0","0/0","0/1","0/1","0/0","0/0","0/0","0/0","0/0","0/0","0/0","0/0","0/1","0/1","0/1","0/0","0/0","0/0","0/0"
"chr2:47797421_AGGC/A_KCNK12","0/0","0/0","0/0","0/0","0/0","0/0","0/0","0/0","0/0","0/0","0/0","0/0","0/0","0/0","0/0","0/0","0/0","0/0","0/0","0/0","0/0","0/0","0/0","0/0","0/0","0/0","0/0","0/0","0/0","0/1","0/0","0/0","0/0","0/0","0/0","0/0","0/0","0/0","0/0","0/0","0/0","0/0","0/0","0/0","0/0","0/0","0/0","0/0","0/0","0/0","0/0","0/0","0/0","0/0","0/0","0/0","0/0","0/0","0/0","0/0","0/0","0/0","0/0","0/0","0/0","0/0","0/0","0/0","0/0","0/0","0/0","0/0","0/0","0/0","0/0","0/0","0/0","0/0","0/0","0/0","0/0","0/0","0/0","0/0","0/0","0/0","0/0","0/0","0/0","0/0","0/0","0/0","0/0","0/0","0/0","0/0","0/0","0/0","0/0","0/0","0/0","0/0","0/0","0/0","0/0","0/0","0/0","0/0","0/0","0/0","0/0","0/0","0/0","0/0","0/0","0/0","0/0","0/0","0/0","0/0","0/0","0/0","0/0","0/0","0/0","0/0","0/0","0/0","0/0","0/0","0/0","0/0","0/0","0/0","0/0","0/0","0/0","0/0","0/0","0/0","0/0","0/0","0/0","0/0","0/0","0/0","0/0","0/0","0/0","0/0","0/0","0/0","0/0"
"chr2:48027082_AT/A_MSH6","0/0","0/0","0/0","0/0","0/0","0/0","0/0","0/0","0/0","0/0","0/0","0/0","0/0","0/0","0/0","0/0","0/0","0/0","0/0","0/0","0/0","0/0","0/0","0/0","0/0","0/0","0/0","0/0","0/0","0/0","0/0","0/0","0/0","0/0","0/0","0/0","0/0","0/0","0/0","0/0","0/0","0/0","0/0","0/0","0/0","0/0","0/0","0/0","0/0","0/0","0/0","0/1","0/0","0/0","0/0","0/0","0/0","0/0","0/0","0/0","0/0","0/0","0/0","0/0","0/0","0/0","0/0","0/0","0/0","0/0","0/0","0/0","0/0","0/0","0/0","0/0","0/0","0/0","0/0","0/0","0/0","0/0","0/0","0/0","0/0","0/0","0/0","0/0","0/0","0/0","0/0","0/0","0/0","0/0","0/0","0/0","0/0","0/0","0/0","0/0","0/0","0/0","0/0","0/0","0/0","0/0","0/0","0/0","0/0","0/0","0/0","0/0","0/0","0/0","0/0","0/0","0/0","0/0","0/0","0/0","0/0","0/0","0/0","0/0","0/0","0/0","0/0","0/0","0/0","0/0","0/0","0/0","0/0","0/0","0/0","0/0","0/0","0/0","0/0","0/0","0/0","0/0","0/0","0/0","0/0","0/0","0/0","0/0","0/0","0/0","0/0","0/0","0/0"
"chr2:48030639_A/AC_MSH6","0/0","0/0","0/0","0/0","0/0","0/0","0/0","0/0","0/0","0/0","0/0","0/0","0/0","0/0","0/0","0/0","0/0","0/0","0/0","0/0","0/0","0/0","0/0","0/0","0/0","0/0","0/0","0/0","0/0","0/0","0/0","0/0","0/0","0/0","0/0","0/0","0/1","0/0","0/0","0/0","0/0","0/0","0/0","0/0","0/0","0/0","0/0","0/0","0/0","0/0","0/0","0/0","0/0","0/0","0/0","0/0","0/0","0/0","0/0","0/0","0/0","0/0","0/0","0/0","0/0","0/0","0/0","0/0","0/0","0/0","0/0","0/0","0/0","0/0","0/0","0/0","0/0","0/0","0/0","0/0","0/0","0/0","0/0","0/0","0/0","0/0","0/0","0/0","0/0","0/0","0/0","0/0","0/0","0/0","0/0","0/0","0/0","0/0","0/0","0/0","0/0","0/0","0/0","0/0","0/0","0/0","0/0","0/0","0/0","0/0","0/0","0/0","0/0","0/0","0/0","0/0","0/0","0/0","0/0","0/0","0/0","0/0","0/0","0/0","0/0","0/0","0/0","0/0","0/0","0/0","0/0","0/0","0/0","0/0","0/0","0/0","0/0","0/0","0/0","0/0","0/0","0/0","0/0","0/0","0/0","0/0","0/0","0/0","0/0","0/0","0/0","0/0","0/0"
"chr2:48032753_TAAGGTGAAAGTACA/T_MSH6","0/0","0/0","0/0","0/0","0/0","0/0","0/0","0/0","0/0","0/0","0/0","0/0","0/0","0/0","0/0","0/0","0/0","0/0","0/0","0/0","0/0","0/0","0/0","0/0","0/0","0/0","0/0","0/0","0/0","0/0","0/0","0/0","0/0","0/0","0/0","0/0","0/0","0/0","0/0","0/0","0/0","0/0","0/0","0/0","0/0","0/0","0/0","0/0","0/0","0/0","0/0","0/0","0/0","0/1","0/0","0/0","0/0","0/0","0/0","0/0","0/0","0/0","0/0","0/0","0/0","0/0","0/0","0/0","0/0","0/0","0/0","0/0","0/0","0/0","0/0","0/0","0/0","0/0","0/0","0/0","0/0","0/0","0/0","0/0","0/0","0/0","0/0","0/0","0/0","0/0","0/0","0/0","0/0","0/0","0/0","0/0","0/0","0/0","0/0","0/0","0/0","0/0","0/0","0/0","0/0","0/0","0/0","0/0","0/0","0/0","0/0","0/0","0/0","0/0","0/0","0/0","0/0","0/0","0/0","0/0","0/0","0/0","0/0","0/0","0/0","0/0","0/0","0/0","0/0","0/0","0/0","0/0","0/0","0/0","0/0","0/0","0/0","0/0","0/0","0/0","0/0","0/0","0/0","0/0","0/0","0/0","0/0","0/0","0/0","0/0","0/0","0/0","0/0"
"chr2:48033767_G/GAATC_MSH6","0/0","0/0","0/0","0/0","0/0","0/0","0/0","0/0","0/0","0/1","0/0","0/0","0/0","0/0","0/0","0/0","0/0","0/0","0/0","0/0","0/0","0/0","0/0","0/0","0/0","0/0","0/0","0/0","0/0","0/0","0/0","0/0","0/0","0/0","0/0","0/0","0/0","0/0","0/0","0/0","0/0","0/0","0/0","0/0","0/0","0/0","0/0","0/0","0/0","0/0","0/0","0/0","0/0","0/0","0/0","0/0","0/0","0/0","0/0","0/0","0/0","0/0","0/0","0/0","0/0","0/0","0/0","0/0","0/0","0/0","0/0","0/0","0/0","0/0","0/0","0/0","0/0","0/0","0/0","0/0","0/0","0/0","0/0","0/0","0/0","0/0","0/0","0/0","0/0","0/0","0/0","0/0","0/0","0/0","0/0","0/0","0/0","0/0","0/0","0/0","0/0","0/0","0/0","0/0","0/0","0/0","0/0","0/0","0/0","0/0","0/0","0/0","0/0","0/0","0/0","0/0","0/0","0/0","0/0","0/0","0/0","0/0","0/0","0/0","0/0","0/0","0/0","0/0","0/0","0/0","0/0","0/0","0/0","0/0","0/0","0/0","0/0","0/0","0/0","0/0","0/0","0/0","0/0","0/0","0/0","0/0","0/0","0/0","0/0","0/0","0/0","0/0","0/0"
"chr2:48033981_T/TTTGA_MSH6","0/0","0/0","0/0","0/0","0/0","0/0","0/0","0/0","0/0","0/0","0/0","0/0","0/1","0/0","0/0","0/1","0/0","0/0","0/0","0/0","0/0","0/0","0/0","0/0","0/0","0/0","0/0","0/0","0/0","0/0","0/0","0/0","0/0","0/0","0/0","0/0","0/0","0/1","0/0","0/0","0/0","0/0","0/0","0/0","0/0","0/0","0/0","0/0","0/0","0/0","0/0","0/0","0/0","0/1","0/0","0/0","0/0","0/0","0/0","0/0","0/0","0/1","0/0","0/0","0/0","0/0","0/0","0/0","0/0","0/0","0/0","0/0","0/0","0/0","0/0","0/0","0/0","0/0","0/0","0/0","0/0","0/0","0/0","0/0","0/0","0/0","0/0","0/0","0/0","0/0","0/0","0/0","0/0","0/0","0/0","0/0","0/0","0/0","0/0","0/0","0/1","0/0","0/1","0/0","0/0","0/0","0/0","0/0","0/0","0/0","0/0","0/0","0/0","0/0","0/0","0/0","0/0","0/0","0/0","0/0","0/0","0/0","0/0","0/0","0/0","0/0","0/0","0/0","0/0","0/0","0/0","0/0","0/0","0/0","0/0","0/0","0/0","0/0","0/0","0/0","0/0","0/0","0/0","0/0","0/0","0/0","0/1","0/1","0/1","0/0","0/0","0/0","0/0"
"chr2:48035301_C/CA_FBXO11","0/0","0/0","0/0","0/0","0/0","0/0","0/0","0/0","0/0","0/0","0/0","0/0","0/0","0/0","0/0","0/0","0/0","0/0","0/0","0/0","0/0","0/0","0/0","0/0","0/0","0/0","0/0","0/0","0/0","0/0","0/0","0/0","0/0","0/0","0/0","0/0","0/0","0/0","0/0","0/0","0/0","0/0","0/0","0/0","0/0","0/0","0/0","0/0","0/0","0/0","0/0","0/0","0/0","0/0","0/0","0/0","0/0","0/0","0/0","0/0","0/0","0/0","0/0","0/0","0/0","0/0","0/0","0/0","0/0","0/0","0/0","0/0","0/0","0/0","0/0","0/0","0/0","0/0","0/0","0/0","0/0","0/1","0/0","0/0","0/0","0/0","0/0","0/0","0/0","0/0","0/0","0/0","0/0","0/0","0/0","0/0","0/0","0/0","0/0","0/0","0/0","0/0","0/0","0/0","0/0","0/0","0/0","0/0","0/0","0/0","0/0","0/0","0/0","0/0","0/0","0/0","0/0","0/0","0/0","0/0","0/0","0/0","0/0","0/0","0/0","0/0","0/0","0/0","0/0","0/0","0/0","0/0","0/0","0/0","0/0","0/0","0/0","0/0","0/0","0/0","0/0","0/0","0/0","0/0","0/0","0/0","0/0","0/0","0/0","0/0","0/0","0/0","0/0"
"chr2:48132690_GGCTGCTGCT/GGCTGCTGCTGCTGCTGCT_FBXO11","0/0","0/0","0/0","0/0","0/0","0/0","0/0","0/0","0/0","0/0","0/0","0/0","0/0","0/0","0/0","0/0","0/0","0/0","0/0","0/0","0/0","0/0","0/0","0/0","0/0","0/0","0/0","0/0","0/0","0/0","0/0","0/0","0/0","0/0","0/0","0/0","0/0","0/0","0/0","0/0","0/0","0/1","0/0","0/0","0/0","0/0","0/0","0/0","0/0","0/0","0/0","0/0","0/0","0/0","0/0","0/0","0/0","0/0","0/0","0/0","0/0","0/0","0/0","0/0","0/0","0/0","0/0","0/0","0/0","0/0","0/0","0/0","0/0","0/0","0/0","0/0","0/0","0/0","0/0","0/2","0/2","0/0","0/0","0/0","0/0","0/0","0/0","0/0","0/0","0/0","0/0","0/0","0/0","0/0","0/0","0/0","0/0","0/0","0/0","0/0","0/0","0/0","0/0","0/0","0/0","0/0","0/0","0/0","0/0","0/0","0/0","0/1","0/1","0/0","0/0","0/0","0/0","0/0","0/0","0/0","0/0","0/0","0/0","0/0","0/0","0/0","0/0","0/0","0/0","0/0","0/0","0/0","0/0","0/0","0/0","0/0","0/0","0/0","0/0","0/0","0/0","0/0","0/0","0/0","0/0","0/0","0/0","0/0","0/0","0/0","0/0","0/0","0/0"
"chr2:48982755_G/GGCTGCA_LHCGR","0/0","0/0","0/0","0/0","0/0","0/0","0/0","0/0","0/0","0/0","0/0","0/0","0/0","0/0","0/0","0/0","0/0","0/0","0/0","0/0","0/0","0/0","0/0","0/0","0/0","0/0","0/0","0/0","0/0","0/0","0/0","0/0","0/0","0/0","0/0","0/0","0/0","0/0","0/0","0/0","0/0","0/1","0/0","0/0","0/0","0/0","0/0","0/0","0/0","0/0","0/0","0/0","0/0","0/0","0/0","0/0","0/0","0/0","0/0","0/0","0/0","0/0","0/0","0/0","0/0","0/0","0/0","0/0","0/0","0/0","0/0","0/0","0/0","0/0","0/0","0/0","0/0","0/0","0/0","0/0","0/0","0/1","0/0","0/0","0/0","0/0","0/0","0/0","0/0","0/0","0/0","0/0","0/0","0/0","0/0","0/0","0/0","0/0","0/0","0/0","0/0","0/0","0/0","0/0","0/0","0/0","0/0","0/0","0/0","0/0","0/0","0/0","0/0","0/0","0/0","0/0","0/0","0/0","0/0","0/0","0/0","0/0","0/0","0/0","0/0","0/0","0/0","0/0","0/0","0/0","0/0","0/0","0/0","0/0","0/0","0/0","0/0","0/0","0/0","0/0","0/0","0/0","0/0","0/0","0/0","0/0","0/0","0/0","0/0","0/0","0/0","0/0","0/0"
"chr2:50765682_GC/G_NRXN1","0/0","0/0","0/0","0/0","0/0","0/0","0/0","0/0","0/0","0/0","0/0","0/0","0/0","0/0","0/0","0/0","0/0","0/0","0/0","0/0","0/0","0/0","0/0","0/0","0/0","0/0","0/0","0/0","0/0","0/0","0/0","0/0","0/0","0/0","0/0","0/0","0/1","0/0","0/0","0/0","0/0","0/0","0/0","0/0","0/0","0/0","0/0","0/0","0/0","0/0","0/0","0/0","0/0","0/0","0/0","0/0","0/0","0/0","0/0","0/0","0/0","0/0","0/0","0/0","0/0","0/0","0/0","0/0","0/0","0/0","0/0","0/0","0/0","0/0","0/0","0/0","0/0","0/0","0/0","0/0","0/0","0/0","0/0","0/0","0/0","0/0","0/0","0/0","0/0","0/0","0/0","0/0","0/0","0/0","0/0","0/0","0/0","0/0","0/0","0/0","0/0","0/0","0/0","0/0","0/0","0/0","0/0","0/0","0/0","0/0","0/0","0/0","0/0","0/0","0/0","0/0","0/0","0/0","0/0","0/0","0/0","0/0","0/0","0/0","0/0","0/0","0/0","0/0","0/0","0/0","0/0","0/0","0/0","0/0","0/0","0/0","0/0","0/0","0/0","0/0","0/0","0/0","0/0","0/0","0/0","0/0","0/0","0/0","0/0","0/0","0/0","0/0","0/0"
"chr2:54093344_GT/G_PSME4","0/0","0/0","0/0","0/0","0/0","0/0","0/0","0/0","0/0","0/0","0/0","0/0","0/0","0/0","0/0","0/0","0/0","0/0","0/0","0/0","0/0","0/0","0/0","0/0","0/0","0/0","0/0","0/0","0/0","0/0","0/0","0/0","0/0","0/0","0/0","0/0","0/1","0/0","0/0","0/0","0/0","0/0","0/0","0/0","0/0","0/0","0/0","0/0","0/0","0/0","0/0","0/0","0/0","0/0","0/0","0/0","0/0","0/0","0/0","0/0","0/0","0/0","0/0","0/0","0/0","0/0","0/0","0/0","0/0","0/0","0/0","0/0","0/0","0/0","0/0","0/0","0/0","0/0","0/0","0/0","0/0","0/0","0/0","0/0","0/0","0/0","0/0","0/0","0/0","0/0","0/0","0/0","0/0","0/0","0/0","0/0","0/0","0/0","0/0","0/0","0/0","0/0","0/0","0/0","0/0","0/0","0/0","0/0","0/0","0/0","0/0","0/0","0/0","0/0","0/0","0/0","0/0","0/0","0/0","0/0","0/0","0/0","0/0","0/0","0/0","0/0","0/0","0/0","0/0","0/0","0/0","0/0","0/0","0/0","0/0","0/0","0/0","0/0","0/0","0/0","0/0","0/0","0/0","0/0","0/0","0/0","0/0","0/0","0/0","0/0","0/0","0/0","0/0"
"chr2:54482703_GGGGCCC/G_TSPYL6","0/0","0/0","0/0","0/1","0/0","0/0","0/0","0/0","0/0","0/0","0/0","0/0","0/1","0/0","0/0","0/1","0/0","0/1","0/0","0/1","0/1","0/0","0/0","0/0","0/0","0/0","0/1","0/0","0/1","0/0","0/0","0/0","0/1","0/0","0/1","0/1","0/1","0/0","0/0","0/1","0/0","0/0","0/0","0/1","0/0","0/0","0/0","0/0","0/0","0/1","0/1","0/1","1/1","0/0","0/0","0/0","0/0","0/0","0/0","0/1","0/1","0/0","0/0","0/1","0/1","0/0","0/0","0/1","0/1","0/0","0/0","0/0","0/0","0/0","0/0","1/1","1/1","0/0","0/0","0/1","0/1","0/0","0/1","0/1","0/1","0/0","0/0","0/0","0/1","0/1","0/0","0/0","0/0","1/1","1/1","0/0","0/0","0/1","0/0","0/0","0/0","0/0","0/0","0/0","0/0","0/1","0/1","0/0","0/0","0/0","0/1","0/1","0/1","0/1","0/1","0/1","0/1","0/1","0/1","0/1","0/1","0/1","0/1","0/1","0/1","0/1","0/1","0/1","0/1","0/1","0/1","0/0","0/0","0/1","0/0","0/0","0/1","0/1","0/1","0/1","0/1","0/0","0/0","0/0","0/0","0/0","0/0","0/0","0/0","0/0","0/0","0/0","0/0"
"chr2:61413822_C/CCTAT_AHSA2","0/0","0/0","0/0","0/0","0/0","0/0","0/0","0/0","0/0","0/0","0/0","0/0","0/0","0/0","0/0","0/0","0/0","0/0","0/0","0/0","0/0","0/0","0/0","0/0","0/0","0/0","0/0","0/0","0/0","0/1","0/0","0/0","0/0","0/0","0/0","0/0","0/0","0/0","0/0","0/0","0/0","0/0","0/1","0/0","0/0","0/0","0/0","0/0","0/0","0/0","0/0","0/0","0/0","0/0","0/0","0/0","0/0","0/0","0/0","0/0","0/0","0/1","0/0","0/0","0/0","0/0","0/0","0/0","0/0","0/0","0/0","0/0","0/0","0/0","0/0","0/0","0/0","0/0","0/0","0/1","0/1","0/0","0/0","0/0","0/0","0/0","0/0","0/0","0/0","0/0","0/0","0/0","0/0","0/0","0/0","0/0","0/0","0/0","0/1","0/1","0/0","0/0","0/0","0/1","0/1","0/0","0/0","0/0","0/0","0/0","0/0","0/0","0/0","0/0","0/0","0/0","0/0","0/0","0/0","0/0","0/0","0/0","0/0","0/0","0/0","0/0","0/0","0/0","0/0","0/0","0/0","0/0","0/0","0/0","0/0","0/0","0/0","0/0","0/0","0/0","0/0","0/0","0/0","0/0","0/0","0/0","0/0","0/0","0/0","0/0","0/0","0/0","0/0"
"chr2:63660898_TA/T_WDPCP","0/0","0/0","0/0","0/0","0/0","0/0","0/0","0/0","0/0","0/0","0/0","0/0","0/0","0/1","0/0","0/0","0/0","0/0","0/0","0/0","0/0","0/0","0/0","0/0","0/0","0/0","0/0","0/0","0/0","0/0","0/0","0/0","0/0","0/0","0/0","0/0","0/0","0/0","0/0","0/0","0/0","0/0","0/0","0/0","0/0","0/0","0/0","0/0","0/0","0/0","0/0","0/0","0/0","0/0","0/0","0/0","0/0","0/0","0/0","0/0","0/0","0/0","0/0","0/0","0/0","0/0","0/0","0/0","0/0","0/0","0/0","0/0","0/0","0/0","0/0","0/0","0/0","0/0","0/0","0/0","0/0","0/0","0/0","0/0","0/0","0/0","0/0","0/0","0/0","0/0","0/0","0/0","0/0","0/0","0/0","0/0","0/0","0/0","0/0","0/0","0/0","0/0","0/0","0/0","0/0","0/0","0/0","0/0","0/0","0/0","0/0","0/0","0/0","0/0","0/0","0/0","0/0","0/0","0/0","0/0","0/0","0/0","0/0","0/0","0/0","0/0","0/0","0/0","0/0","0/0","0/0","0/0","0/0","0/0","0/0","0/0","0/0","0/0","0/0","0/0","0/0","0/0","0/0","0/0","0/0","0/0","0/0","0/0","0/0","0/0","0/0","0/0","0/0"
"chr2:68765134_AAAG/A_APLF","0/0","0/0","0/0","0/0","0/0","0/0","0/0","0/0","0/0","0/0","0/0","0/0","0/0","0/0","0/0","0/0","0/0","0/0","0/0","0/0","0/0","0/0","0/0","0/0","0/0","0/0","0/0","0/0","0/0","0/1","0/0","0/0","0/0","0/0","0/0","0/0","0/0","0/0","0/0","0/0","0/0","0/0","0/0","0/0","0/0","0/0","0/0","0/0","0/0","0/0","0/0","0/0","0/0","0/0","0/0","0/0","0/0","0/0","0/0","0/0","0/0","0/0","0/0","0/0","0/0","0/0","0/0","0/0","0/0","0/0","0/0","0/0","0/0","0/0","0/0","0/0","0/0","0/0","0/0","0/0","0/0","0/0","0/0","0/0","0/0","0/0","0/0","0/0","0/0","0/0","0/0","0/0","0/0","0/0","0/0","0/0","0/0","0/0","0/0","0/0","0/0","0/0","0/0","0/0","0/0","0/0","0/0","0/0","0/0","0/0","0/0","0/0","0/0","0/0","0/0","0/0","0/0","0/0","0/0","0/0","0/0","0/0","0/0","0/0","0/0","0/0","0/0","0/0","0/0","0/0","0/0","0/0","0/0","0/0","0/0","0/0","0/0","0/0","0/0","0/0","0/0","0/0","0/0","0/0","0/0","0/0","0/0","0/0","0/0","0/0","0/0","0/0","0/0"
"chr2:69741753_CTGT/C_AAK1","0/1","0/1","0/1","0/0","1/1","1/1","0/0","0/0","0/0","1/1","0/0","0/1","0/0","1/1","1/1","0/1","0/1","1/1","0/1","0/1","1/1","0/0","0/0","0/1","0/1","0/1","0/1","1/1","0/1","1/1","1/1","0/1","1/1","1/1","1/1","0/0","0/1","1/1","1/1","1/1","0/1","0/1","1/1","0/1","0/1","0/0","0/1","0/1","0/1","0/1","0/1","1/1","0/0","0/1","1/1","0/1","1/1","0/1","1/1","0/0","1/1","0/1","1/1","0/0","0/0","1/1","1/1","1/1","1/1","1/1","1/1","0/1","0/1","0/0","0/0","0/1","0/1","1/1","1/1","0/1","0/1","1/1","0/1","1/1","1/1","1/1","1/1","0/0","0/1","0/1","0/0","0/1","0/1","0/0","0/0","0/0","0/0","0/1","0/0","0/0","1/1","1/1","1/1","1/1","1/1","0/1","0/1","0/1","0/1","1/1","0/0","0/1","0/1","0/1","0/0","0/1","0/1","1/1","0/1","1/1","0/1","0/1","0/1","1/1","0/0","0/0","0/1","0/1","0/1","0/1","0/1","0/0","0/1","1/1","0/1","0/1","1/1","1/1","0/1","0/1","0/1","0/0","0/0","0/0","0/0","0/0","1/1","1/1","1/1","0/0","0/0","0/0","0/0"
"chr2:71060821_AGT/A_CD207","0/0","0/0","0/0","0/0","0/0","0/0","0/0","0/0","0/0","0/0","0/0","0/1","0/1","0/0","0/0","0/0","0/0","0/0","0/0","0/0","0/0","0/0","0/0","0/0","0/0","0/0","0/0","0/0","0/0","0/0","0/0","0/0","0/0","0/0","0/0","0/0","0/0","0/0","0/0","0/0","0/0","0/0","0/0","0/0","0/0","0/0","0/0","0/0","0/0","0/0","0/0","0/0","0/0","0/0","0/0","0/0","0/0","0/0","0/0","1/1","0/0","0/0","0/0","0/0","0/0","0/0","0/0","0/0","0/0","0/0","0/0","0/0","0/0","0/0","0/0","0/0","0/0","0/0","0/0","0/0","0/0","0/0","0/0","0/0","0/0","0/0","0/0","0/0","0/0","0/0","0/0","0/0","0/0","0/0","0/0","0/0","0/0","0/0","0/0","0/0","0/0","0/0","0/0","0/0","0/0","0/0","0/0","0/0","0/0","0/0","0/0","0/0","0/0","0/0","0/0","0/0","0/0","0/0","0/0","0/0","0/0","0/0","0/0","0/0","0/0","0/0","0/0","0/0","0/0","0/0","0/0","0/0","0/0","0/1","0/0","0/0","0/1","0/1","0/0","0/0","0/0","0/0","0/0","0/1","0/1","0/1","0/0","0/0","0/0","0/0","0/0","0/0","0/0"
"chr2:71185189_CG/C_ATP6V1B1","0/0","0/0","0/0","0/0","0/0","0/0","0/0","0/0","0/0","0/0","0/0","0/0","0/0","0/0","0/0","0/0","0/0","0/0","0/0","0/0","0/0","0/0","0/0","0/0","0/0","0/0","0/0","0/0","0/0","0/0","0/0","0/0","0/0","0/0","0/0","0/0","0/0","0/0","0/0","0/0","0/0","0/0","0/0","0/0","0/0","0/0","0/0","0/0","0/0","0/0","0/0","0/0","0/0","0/0","0/0","0/0","0/0","0/0","0/0","0/0","0/0","0/0","0/0","0/0","0/0","0/0","0/0","0/0","0/0","0/0","0/0","0/0","0/0","0/1","0/1","0/0","0/0","0/0","0/0","0/0","0/0","0/0","0/0","0/0","0/0","0/0","0/0","0/0","0/0","0/0","0/0","0/0","0/0","0/0","0/0","0/0","0/0","0/0","0/0","0/0","0/0","0/0","0/0","0/0","0/0","0/0","0/0","0/0","0/0","0/0","0/0","0/0","0/0","0/0","0/0","0/0","0/0","0/0","0/0","0/0","0/0","0/0","0/0","0/0","0/0","0/0","0/0","0/0","0/0","0/0","0/0","0/0","0/0","0/0","0/0","0/0","0/0","0/0","0/0","0/0","0/0","0/0","0/0","0/0","0/0","0/0","0/0","0/0","0/0","0/0","0/0","0/0","0/0"
"chr2:71211833_AGCCCGGGCCACC/A_ANKRD53","0/0","0/0","0/0","0/1","0/0","0/0","0/0","0/0","0/0","0/0","0/0","0/0","0/0","0/0","0/0","0/0","0/0","0/1","0/0","0/0","0/0","0/0","0/0","0/0","0/0","0/0","0/0","0/0","0/0","0/0","0/0","0/0","0/0","0/0","0/1","0/0","0/0","0/0","0/0","0/0","0/0","0/0","0/0","0/0","0/0","0/0","0/0","0/0","0/0","0/0","0/0","0/0","0/0","0/0","0/0","0/0","0/0","0/0","0/0","0/0","0/0","0/0","0/0","0/0","0/0","0/0","0/0","0/0","0/0","0/0","0/0","0/0","0/0","0/0","0/0","0/0","0/0","0/0","0/0","0/0","0/0","0/0","0/0","0/0","0/0","0/0","0/0","0/0","0/0","0/0","0/0","0/0","0/0","0/0","0/0","0/0","0/0","0/0","0/0","0/0","0/0","0/0","0/0","0/0","0/0","0/0","0/0","0/0","0/0","0/0","0/1","0/0","0/0","0/0","0/0","0/0","0/0","0/0","0/0","0/0","0/0","0/0","0/0","0/0","0/0","0/0","0/0","0/0","0/0","0/0","0/0","0/0","0/0","0/0","0/0","0/0","0/0","0/0","0/0","0/0","0/0","0/0","0/0","0/0","0/0","0/0","0/0","0/0","0/0","0/0","0/0","0/0","0/0"
"chr2:72741757_ACCTACCC/A_EXOC6B","0/0","0/0","0/0","0/0","0/0","0/0","0/0","0/0","0/0","0/0","0/0","0/0","0/0","0/0","0/0","0/0","0/0","0/0","0/0","0/0","0/0","0/0","0/0","0/0","0/0","0/0","0/0","0/0","0/0","0/0","0/0","0/0","0/0","0/0","0/0","0/0","0/0","0/0","0/0","0/0","0/0","0/0","0/0","0/0","0/0","0/0","0/0","0/0","0/0","0/0","0/0","0/0","0/0","0/0","0/0","0/0","0/0","0/0","0/0","0/0","0/1","0/0","0/0","0/0","0/0","0/0","0/0","0/0","0/0","0/0","0/0","0/0","0/0","0/0","0/0","0/0","0/0","0/0","0/0","0/0","0/0","0/0","0/0","0/0","0/0","0/0","0/0","0/0","0/0","0/0","0/0","0/0","0/0","0/0","0/0","0/0","0/0","0/0","0/0","0/0","0/0","0/0","0/0","0/0","0/1","0/0","0/0","0/0","0/0","0/0","0/0","0/0","0/0","0/0","0/0","0/0","0/0","0/0","0/0","0/0","0/0","0/0","0/0","0/0","0/0","0/0","0/0","0/0","0/0","0/0","0/0","0/0","0/0","0/0","0/0","0/0","0/0","0/1","0/0","0/0","0/0","0/0","0/0","0/0","0/0","0/0","0/0","0/0","0/0","0/0","0/0","0/0","0/0"
"chr2:73613031_TGGAGGAGGAGGAGGA/T_ALMS1","1/2","1/2","1/2","3/4","2/5","2/5","0/0","0/0","0/0","0/3","5/5","3/4","3/5","0/3","3/3","0/0","0/3","0/3","0/3","0/5","0/3","3/4","0/3","3/5","3/5","3/4","3/3","3/4","3/5","3/3","4/5","5/6","3/3","0/3","3/5","5/6","0/2","0/3","0/3","3/4","0/3","0/3","0/3","0/3","4/5","3/3","3/3","3/4","0/3","0/5","3/5","0/3","0/3","4/5","3/5","3/3","3/5","0/5","0/3","3/3","2/3","0/3","3/3","0/3","3/3","3/6","3/4","0/3","3/3","3/4","3/6","3/6","3/6","0/3","0/3","3/5","3/5","3/5","3/5","0/3","3/3","0/3","3/5","0/3","3/3","3/5","3/5","0/3","3/3","0/3","0/5","3/4","3/4","3/3","3/3","0/5","0/3","3/5","3/5","3/5","2/5","3/4","2/5","0/3","3/3","3/5","3/5","3/5","3/5","3/4","3/4","5/6","5/6","3/5","3/3","3/3","3/3","4/5","0/3","4/5","0/3","3/3","3/3","4/5","0/3","3/4","3/5","3/5","3/3","0/3","0/3","5/5","3/3","3/5","3/3","0/3","3/5","3/5","3/3","0/3","0/3","5/5","5/5","0/5","0/5","0/5","0/3","3/3","3/3","0/3","0/3","0/3","0/3"
"chr2:73675227_T/TCTC_ALMS1","0/1","0/1","0/1","1/1","0/0","0/0","1/1","1/1","1/1","1/1","0/0","1/1","0/1","1/1","1/1","0/1","0/1","1/1","1/1","0/1","1/1","1/1","1/1","0/1","0/1","1/1","1/1","1/1","0/1","1/1","0/1","0/1","1/1","1/1","0/1","0/1","0/1","1/1","0/1","1/1","1/1","1/1","1/1","1/1","0/1","1/1","1/1","1/1","0/1","0/1","0/1","1/1","1/1","0/1","0/1","1/1","0/1","0/1","1/1","1/1","0/1","1/1","1/1","1/1","1/1","1/1","1/1","1/1","1/1","1/1","1/1","0/1","0/1","1/1","1/1","0/1","0/1","0/1","0/1","1/1","1/1","1/1","0/1","1/1","1/1","0/1","0/1","1/1","1/1","1/1","0/1","1/1","1/1","1/1","1/1","0/1","1/1","0/1","0/1","0/1","0/0","1/1","0/0","1/1","1/1","0/1","0/1","0/1","0/1","1/1","1/1","0/1","0/1","0/1","1/1","1/1","1/1","0/1","1/1","0/1","1/1","1/1","1/1","0/1","1/1","1/1","0/1","0/1","1/1","1/1","1/1","0/0","1/1","0/1","1/1","1/1","0/1","0/1","1/1","0/1","1/1","0/0","0/0","0/1","0/1","0/1","1/1","1/1","1/1","0/1","0/1","0/1","0/1"
"chr2:74000984_TCTC/T_DUSP11","0/0","0/0","0/0","0/0","0/0","0/0","0/0","0/0","0/0","0/0","0/0","0/0","0/0","0/0","0/0","0/0","0/0","0/0","0/0","0/0","0/0","0/0","0/0","0/0","0/0","0/0","0/0","0/0","0/0","0/0","0/0","0/0","0/0","0/0","0/0","0/0","0/0","0/0","0/0","0/0","0/0","0/0","0/0","0/0","0/0","0/1","0/0","0/0","0/0","0/0","0/0","0/0","0/0","0/0","0/0","0/0","0/0","0/0","0/0","0/0","0/0","0/0","0/0","0/0","0/0","0/0","0/0","0/0","0/0","0/0","0/0","0/0","0/0","0/0","0/0","0/0","0/0","0/0","0/0","0/0","0/0","0/0","0/0","0/0","0/0","0/0","0/0","0/0","0/0","0/0","0/0","0/0","0/0","0/0","0/0","0/0","0/0","0/0","0/0","0/0","0/0","0/0","0/0","0/0","0/0","0/0","0/0","0/0","0/0","0/0","0/0","0/0","0/0","0/0","0/0","0/0","0/0","0/0","0/0","0/0","0/0","0/0","0/0","0/0","0/0","0/0","0/0","0/0","0/0","0/0","0/0","0/0","0/0","0/0","0/0","0/0","0/0","0/0","0/0","0/0","0/0","0/0","0/0","0/0","0/0","0/0","0/0","0/0","0/0","0/0","0/0","0/0","0/0"
"chr2:74687409_A/AC_WBP1","0/0","0/0","0/0","0/0","0/0","0/0","0/0","0/0","0/0","0/0","0/0","0/0","0/0","0/0","0/0","0/0","0/0","0/0","0/0","0/0","0/0","0/0","0/0","0/0","0/0","0/0","0/0","0/0","0/0","0/0","0/0","0/0","0/0","0/0","0/0","0/0","0/1","0/0","0/0","0/0","0/0","0/0","0/0","0/0","0/0","0/0","0/0","0/1","0/0","0/0","0/0","0/0","0/0","0/0","0/0","0/0","0/0","0/0","0/0","0/0","0/0","0/0","0/0","0/0","0/0","0/0","0/0","0/0","0/0","0/0","0/0","0/0","0/0","0/0","0/0","0/0","0/0","0/0","0/0","0/0","0/0","0/0","0/0","0/0","0/0","0/0","0/0","0/0","0/0","0/0","0/0","0/0","0/0","0/0","0/0","0/0","0/0","0/0","0/0","0/0","0/0","0/0","0/0","0/0","0/0","0/0","0/0","0/0","0/0","0/0","0/0","0/0","0/0","0/0","0/0","0/0","0/0","0/0","0/0","0/0","0/0","0/0","0/0","0/0","0/0","0/0","0/0","0/0","0/0","0/0","0/0","0/0","0/0","0/0","0/0","0/0","0/0","0/0","0/0","0/0","0/0","0/0","0/0","0/0","0/0","0/0","0/0","0/0","0/0","0/0","0/0","0/0","0/0"
"chr2:74734172_T/TA_PCGF1","0/0","0/0","0/0","0/0","0/0","0/0","0/0","0/0","0/0","0/0","0/1","0/0","0/0","0/0","0/0","0/0","0/0","0/0","0/0","0/0","0/0","0/0","0/0","0/0","0/0","0/0","0/0","0/0","0/0","0/0","0/0","0/0","0/0","0/0","0/0","0/0","0/0","0/0","0/0","0/0","0/0","0/0","0/0","0/0","0/0","0/0","0/0","0/0","0/0","0/0","0/0","0/0","0/0","0/0","0/0","0/0","0/0","0/0","0/0","0/0","0/0","0/0","0/0","0/0","0/0","0/0","0/0","0/0","0/0","0/0","0/0","0/0","0/0","0/0","0/0","0/0","0/0","0/0","0/0","0/0","0/0","0/0","0/0","0/0","0/0","0/0","0/0","0/0","0/0","0/0","0/0","0/0","0/0","0/0","0/0","0/0","0/0","0/0","0/0","0/0","0/0","0/0","0/0","0/0","0/0","0/0","0/0","0/0","0/0","0/0","0/0","0/0","0/0","0/0","0/0","0/0","0/0","0/0","0/0","0/0","0/0","0/0","0/0","0/0","0/0","0/0","0/0","0/0","0/0","0/0","0/0","0/0","0/0","0/0","0/0","0/0","0/0","0/0","0/0","0/0","0/0","0/0","0/0","0/0","0/0","0/0","0/0","0/0","0/0","0/0","0/0","0/0","0/0"
"chr2:85059186_TGGGTCGTCCAGCAGG/T_TRABD2A","0/0","0/0","0/0","0/0","0/0","0/0","0/0","0/0","0/0","0/0","0/0","0/0","0/0","0/0","0/0","0/0","0/0","0/0","0/0","0/0","1/1","0/0","0/0","0/0","0/0","0/0","0/0","0/0","0/0","0/0","0/0","0/0","0/0","0/0","0/0","0/0","0/0","0/0","0/0","0/0","0/0","0/0","0/0","0/0","0/0","0/0","0/0","0/0","0/0","0/0","0/0","0/0","0/0","0/0","0/0","0/0","0/0","0/0","0/0","0/0","0/0","0/1","0/0","0/0","0/0","0/0","0/1","0/0","0/0","0/1","0/0","0/0","0/0","0/0","0/0","0/0","0/0","0/0","0/0","0/0","0/0","0/0","0/0","0/0","0/0","0/0","0/0","0/0","0/0","0/0","0/0","0/0","0/0","0/0","0/0","0/0","0/0","0/0","0/0","0/0","0/0","0/0","0/0","0/0","0/0","0/0","0/0","0/0","0/0","0/0","0/0","0/0","0/0","0/0","0/0","0/0","0/0","0/0","0/0","0/0","0/0","0/0","0/0","0/0","0/0","0/0","0/0","0/0","0/0","0/0","0/0","0/0","0/0","0/0","0/0","0/0","0/0","0/0","0/0","0/0","0/0","0/0","0/0","0/0","0/0","0/0","0/0","0/0","0/0","0/1","0/1","0/1","0/1"
"chr2:85360828_GGGC/G_TCF7L1","0/1","0/1","0/1","0/0","0/0","0/0","1/1","1/1","1/1","0/0","0/1","0/1","0/0","0/1","0/1","0/0","0/1","0/0","0/0","0/0","0/0","0/0","0/0","0/0","0/1","0/1","0/1","0/0","0/0","0/1","0/1","0/1","0/0","0/0","0/1","1/1","0/1","0/0","0/1","0/0","0/1","0/0","0/0","0/0","0/1","0/0","0/1","0/1","0/1","0/1","0/0","0/1","0/0","0/0","0/0","0/1","0/0","0/1","0/1","0/0","0/0","0/0","0/0","0/1","0/1","0/0","0/0","0/0","0/0","0/0","0/0","0/0","0/0","1/1","1/1","1/1","1/1","0/1","0/1","0/0","0/0","0/0","0/0","0/1","0/1","0/1","0/1","0/0","0/1","0/1","0/0","0/0","0/0","0/0","0/0","0/0","0/0","0/1","0/1","0/1","0/0","0/1","0/0","0/1","0/1","0/1","0/1","0/0","0/0","0/1","0/0","0/1","0/1","0/0","0/0","0/0","0/0","0/0","0/1","0/0","0/1","0/1","0/0","0/0","0/0","0/0","0/0","0/0","0/0","0/0","0/0","0/0","0/0","1/1","0/0","0/0","1/1","1/1","0/0","0/1","0/0","0/0","0/0","0/0","0/0","0/0","0/0","0/0","0/0","0/0","0/0","0/0","0/0"
"chr2:86831014_CT/C_RNF103","0/0","0/0","0/0","0/0","0/0","0/0","0/0","0/0","0/0","0/0","0/0","0/0","0/0","0/0","0/0","0/0","0/0","0/0","0/0","0/0","0/0","0/0","0/0","0/0","0/0","0/0","0/0","0/0","0/0","0/0","0/0","0/1","0/0","0/0","0/0","0/0","0/0","0/0","0/0","0/0","0/0","0/0","0/0","0/0","0/0","0/0","0/0","0/0","0/0","0/0","0/0","0/0","0/0","0/0","0/0","0/0","0/0","0/0","0/0","0/0","0/0","0/0","0/0","0/0","0/0","0/0","0/0","0/0","0/0","0/0","0/0","0/0","0/0","0/0","0/0","0/0","0/0","0/0","0/0","0/0","0/0","0/0","0/0","0/0","0/0","0/0","0/0","0/0","0/0","0/0","0/0","0/0","0/0","0/0","0/0","0/0","0/0","0/0","0/0","0/0","0/0","0/0","0/0","0/0","0/0","0/0","0/0","0/0","0/0","0/0","0/0","0/0","0/0","0/0","0/0","0/0","0/0","0/0","0/0","0/0","0/0","0/0","0/0","0/0","0/0","0/0","0/0","0/0","0/0","0/0","0/0","0/0","0/0","0/0","0/0","0/0","0/0","0/0","0/0","0/0","0/0","0/0","0/0","0/0","0/0","0/0","0/0","0/0","0/0","0/0","0/0","0/0","0/0"
"chr2:88751751_A/AG_FOXI3","1/1","1/1","1/1","1/1","1/1","1/1","1/1","1/1","1/1","1/1","1/1","1/1","1/1","1/1","1/1","1/1","1/1","1/1","1/1","1/1","1/1","1/1","1/1","1/1","1/1","1/1","1/1","1/1","1/1","1/1","1/1","1/1","1/1","1/1","1/1","1/1","1/1","1/1","1/1","1/1","1/1","1/1","1/1","1/1","1/1","1/1","1/1","1/1","1/1","1/1","1/1","1/1","1/1","1/1","1/1","1/1","1/1","1/1","1/1","1/1","1/1","1/1","1/1","1/1","1/1","1/1","1/1","1/1","1/1","1/1","1/1","1/1","1/1","1/1","1/1","1/1","1/1","1/1","1/1","1/1","1/1","1/1","1/1","1/1","1/1","1/1","1/1","1/1","1/1","1/1","1/1","1/1","1/1","1/1","1/1","1/1","1/1","1/1","1/1","1/1","1/1","1/1","1/1","1/1","1/1","1/1","1/1","1/1","1/1","1/1","1/1","1/1","1/1","1/1","1/1","1/1","1/1","1/1","1/1","1/1","1/1","1/1","1/1","1/1","1/1","1/1","1/1","1/1","1/1","1/1","1/1","1/1","1/1","1/1","1/1","1/1","1/1","1/1","1/1","1/1","1/1","1/1","1/1","1/1","1/1","1/1","1/1","1/1","1/1","1/1","1/1","1/1","1/1"
"chr2:88926729_CCAGCAG/CCAG_EIF2AK3","0/0","0/0","0/0","0/1","1/1","1/1","1/2","1/1","1/1","0/0","1/1","1/1","1/2","0/1","1/1","1/1","1/1","0/1","1/1","0/1","1/1","0/1","1/1","0/1","1/1","1/1","1/1","1/1","0/1","1/1","1/1","0/0","1/1","1/1","1/1","1/2","1/1","1/1","0/1","0/1","1/2","0/1","1/1","0/1","0/1","0/1","1/1","1/1","1/2","1/1","0/1","0/1","1/1","1/1","1/1","1/1","0/1","1/1","1/1","0/1","1/1","1/1","1/1","0/1","0/1","1/1","1/1","1/1","1/1","1/1","1/1","0/1","0/1","1/1","1/1","1/1","1/1","1/1","1/1","0/1","0/1","1/1","0/0","0/1","0/1","1/1","1/1","1/1","1/1","1/1","1/1","1/1","1/1","0/1","0/1","1/1","1/1","1/1","1/1","1/1","0/1","1/1","0/1","1/1","1/2","0/1","0/1","1/1","1/2","1/1","0/1","1/1","1/1","0/1","1/2","0/1","0/1","0/1","1/1","0/1","1/1","1/1","0/1","0/1","1/1","1/1","0/1","0/1","1/1","1/1","1/1","1/1","1/1","1/1","1/1","1/1","1/1","1/1","1/1","1/1","1/1","1/1","1/1","1/1","1/1","1/1","1/1","1/1","1/1","1/1","1/1","1/1","1/1"
"chr2:97505561_TC/T_ANKRD23","0/0","0/0","0/0","0/0","0/0","0/0","0/0","0/0","0/0","0/0","0/0","0/0","0/0","0/0","0/0","0/0","0/0","0/0","0/0","0/0","0/0","0/0","0/0","0/0","0/0","0/0","0/0","0/0","0/0","0/0","0/0","0/0","0/0","0/0","0/0","0/0","0/0","0/0","0/0","0/0","0/0","0/1","0/0","0/0","0/0","0/0","0/0","0/0","0/0","0/0","0/0","0/0","0/0","0/0","0/0","0/0","0/0","0/0","0/0","0/0","0/0","0/0","0/0","0/0","0/0","0/0","0/0","0/0","0/0","0/0","0/0","0/0","0/0","0/0","0/0","0/0","0/0","0/0","0/0","0/0","0/0","0/0","0/0","0/1","0/1","0/0","0/0","0/0","0/0","0/0","0/0","0/0","0/0","0/0","0/0","0/0","0/0","0/0","0/0","0/0","0/0","0/0","0/0","0/0","0/0","0/0","0/0","0/0","0/0","0/0","0/0","0/0","0/0","0/0","0/0","0/0","0/0","0/0","0/0","0/0","0/0","0/0","0/0","0/0","0/0","0/0","0/0","0/0","0/0","0/0","0/0","0/0","0/0","0/0","0/0","0/0","0/0","0/0","0/0","0/0","0/0","0/0","0/0","0/0","0/0","0/0","0/0","0/0","0/0","0/0","0/0","0/0","0/0"
"chr2:97637863_CG/C_FAM178B","0/0","0/0","0/0","0/0","0/0","0/0","0/0","0/0","0/0","0/0","0/0","0/0","0/0","0/0","0/0","0/0","0/0","0/0","0/0","0/0","0/0","0/0","0/0","0/0","0/0","0/0","0/0","0/0","0/0","0/0","0/0","0/0","0/0","0/0","0/0","0/0","0/1","0/0","0/0","0/0","0/0","0/0","0/0","0/0","0/0","0/0","0/0","0/0","0/0","0/0","0/0","0/0","0/0","0/0","0/0","0/0","0/0","0/0","0/0","0/0","0/0","0/0","0/0","0/0","0/0","0/0","0/0","0/0","0/0","0/0","0/0","0/0","0/0","0/0","0/0","0/0","0/0","0/0","0/0","0/0","0/0","0/0","0/0","0/0","0/0","0/0","0/0","0/0","0/0","0/0","0/0","0/0","0/0","0/0","0/0","0/0","0/0","0/0","0/0","0/0","0/0","0/0","0/0","0/0","0/0","0/0","0/0","0/0","0/0","0/0","0/0","0/0","0/0","0/0","0/0","0/0","0/0","0/0","0/0","0/0","0/0","0/0","0/0","0/0","0/0","0/0","0/0","0/0","0/0","0/0","0/0","0/0","0/0","0/0","0/0","0/0","0/0","0/0","0/0","0/0","0/0","0/0","0/0","0/0","0/0","0/0","0/0","0/0","0/0","0/0","0/0","0/0","0/0"
"chr2:97779487_GC/G_ANKRD36","0/0","0/0","0/0","0/0",".",".","0/0","0/0","0/0","0/0","0/1","0/0","0/0","0/0","0/0","0/0","0/0","0/0","0/0","0/0","0/0","0/0","0/0","0/0","0/0","0/0","0/0","0/0","0/0","0/0","0/0","0/0","0/0","0/0","0/0","0/0","0/0","0/0","0/0","0/0","0/0","0/0","0/0","0/0","0/0","0/0","0/0","0/0","0/0","0/0","0/0","0/0","0/0","0/0","0/0","0/0","0/0","0/0","0/0","0/0","0/0","0/0","0/0","0/0","0/0","0/0","0/0","0/0","0/0","0/0","0/0","0/0","0/0","0/0","0/0","0/0","0/0","0/0","0/0","0/0","0/0","0/0","0/0","0/0","0/0","0/0","0/0","0/0","0/0","0/0","0/0","0/0","0/0","0/0","0/0","0/0","0/0","0/0","0/0","0/0","0/0","0/0","0/0","0/0","0/0","0/0","0/0","0/0","0/0","0/0","0/0","0/0","0/0","0/0","0/0","0/0","0/0","0/0","0/0","0/0","0/0","0/0","0/0","0/0","0/0","0/0","0/0","0/0","0/0","0/0","0/0","0/0","0/0","0/0","0/0","0/0","0/0","0/0","0/0","0/0","0/0","0/0","0/0","0/0","0/0","0/0","0/0","0/0","0/0","0/0","0/0","0/0","0/0"
"chr2:100015269_CA/C_EIF5B","0/0","0/0","0/0","0/0","0/0","0/0","0/0","0/0","0/0","0/0","0/0","0/0","0/0","0/0","0/0","0/0","0/0","0/0","0/0","0/0","0/0","0/0","0/0","0/0","0/0","0/0","0/0","0/0","0/0","0/0","0/0","0/0","0/0","0/0","0/0","0/0","0/1","0/0","0/0","0/0","0/0","0/0","0/0","0/0","0/0","0/0","0/0","0/0","0/0","0/0","0/0","0/0","0/0","0/0","0/0","0/0","0/0","0/0","0/0","0/0","0/0","0/0","0/0","0/0","0/0","0/0","0/0","0/0","0/0","0/0","0/0","0/0","0/0","0/0","0/0","0/0","0/0","0/0","0/0","0/0","0/0","0/0","0/0","0/0","0/0","0/0","0/0","0/0","0/0","0/0","0/0","0/0","0/0","0/0","0/0","0/0","0/0","0/0","0/0","0/0","0/0","0/0","0/0","0/0","0/0","0/0","0/0","0/0","0/0","0/0","0/0","0/0","0/0","0/0","0/0","0/0","0/0","0/0","0/0","0/0","0/0","0/0","0/0","0/0","0/0","0/0","0/0","0/0","0/0","0/0","0/0","0/0","0/0","0/0","0/0","0/0","0/0","0/0","0/0","0/0","0/0","0/0","0/0","0/0","0/0","0/0","0/0","0/0","0/0","0/0","0/0","0/0","0/0"
"chr2:100017793_A/ATTCCACTGATGG_REV1","0/0","0/0","0/0","0/0","0/0","0/0","0/0","0/0","0/0","0/0","0/0","0/0","0/0","0/0","0/0","0/0","0/0","0/0","0/0","0/0","0/0","0/0","0/0","0/0","0/0","0/0","0/0","0/0","0/0","0/0","0/0","0/0","0/0","0/0","0/0","0/0","0/0","0/0","0/0","0/0","0/0","0/0","0/0","0/0","0/0","0/0","0/0","0/0","0/0","0/0","0/0","0/0","0/0","0/0","0/0","0/0","0/0","0/0","0/0","0/0","0/0","0/0","0/0","0/0","0/0","0/0","0/0","0/0","0/0","0/0","0/0","0/0","0/0","0/0","0/0","0/0","0/0","0/0","0/0","0/0","0/0","0/0","0/0","0/0","0/0","0/0","0/0","0/0","0/0","0/0","0/0","0/0","0/0","0/0","0/0","0/0","0/1","0/0","0/0","0/0","0/0","0/0","0/0","0/0","0/0","0/0","0/0","0/0","0/0","0/0","0/0","0/0","0/0","0/0","0/0","0/0","0/0","0/0","0/0","0/0","0/0","0/0","0/0","0/0","0/0","0/0","0/0","0/0","0/0","0/0","0/0","0/0","0/0","0/0","0/0","0/0","0/0","0/0","0/0","0/0","0/0","0/0","0/0","0/0","0/0","0/0","0/0","0/0","0/0","0/0","0/0","0/0","0/0"
"chr2:100210334_CG/C_AFF3","0/1","0/1","0/1","0/0","0/1","0/1","0/1","0/1","0/1","0/0","0/1","0/1","0/1","0/1","0/0","1/1","0/0","0/1","0/0","0/0","0/0","0/0","0/0","0/1","1/1","0/1","0/0","1/1","0/1","0/0","0/1","0/0","0/0","0/0","0/1","0/0","0/0","0/1","0/0","0/0","0/0","0/0","0/0","0/0","0/1","0/1","0/0","0/0","0/0","0/1","0/0","0/0","0/0","0/1","0/1","0/0","0/1","0/0","0/0","0/0","0/1","0/1","0/0","1/1","1/1","0/1","0/1","0/0","0/0","0/1","0/1","0/1","0/1","0/1","0/1","0/0","0/0","0/0","0/0","0/1","0/1","0/0","0/0","0/0","0/0","0/1","0/1","1/1","0/0","0/0","0/0","0/0","0/0","0/1","0/1","0/0","1/1","0/0","0/1","0/1","0/0","0/0","0/0","0/0","0/0","0/1","0/1","1/1","1/1","0/0","0/0","0/1","0/1","0/0","0/0","0/1","0/1","0/0","0/0","0/0","0/0","0/0","0/1","0/0","0/0","0/0","0/0","0/0","0/0","0/0","0/0","0/0","0/0","0/0","0/0","0/0","0/0","0/0","0/0","0/0","0/0","0/0","0/0","0/0","0/0","0/0","0/0","0/0","0/0","0/1","0/1","0/1","0/1"
"chr2:100210337_CTGAGG/C_AFF3","0/1","0/1","0/1","0/0","0/1","0/1","0/1","0/1","0/1","0/0","0/1","0/1","0/1","0/1","0/0","1/1","0/0","0/1","0/0","0/0","0/0","0/0","0/0","0/1","1/1","0/1","0/0","1/1","0/1","0/0","0/1","0/0","0/0","0/0","0/1","0/0","0/0","0/1","0/0","0/0","0/0","0/0","0/0","0/0","0/1","0/1","0/0","0/0","0/0","0/1","0/0","0/0","0/0","0/1","0/1","0/0","0/1","0/0","0/0","0/0","0/1","0/1","0/0","1/1","1/1","0/1","0/1","0/0","0/0","0/1","0/1","0/1","0/1","0/1","0/1","0/0","0/0","0/0","0/0","0/1","0/1","0/0","0/0","0/0","0/0","0/1","0/1","1/1","0/0","0/0","0/0","0/0","0/0","0/1","0/1","0/0","1/1","0/0","0/1","0/1","0/0","0/0","0/0","0/0","0/0","0/1","0/1","1/1","1/1","0/0","0/0","0/1","0/1","0/0","0/0","0/1","0/1","0/0","0/0","0/0","0/0","0/0","0/1","0/0","0/0","0/0","0/0","0/0","0/0","0/0","0/0","0/0","0/0","0/0","0/0","0/0","0/0","0/0","0/0","0/0","0/0","0/0","0/0","0/0","0/0","0/0","0/0","0/0","0/0","0/1","0/1","0/1","0/1"
"chr2:100218010_CGCT/C_AFF3","0/0","0/0","0/0","0/0","0/0","0/0","0/0","0/0","0/0","0/0","0/0","0/0","0/0","0/0","0/0","0/0","0/0","0/0","0/0","0/0","0/0","0/0","0/0","0/0","0/0","0/0","0/0","0/0","0/0","0/0","0/0","0/0","0/0","0/0","0/0","0/0","0/0","0/0","0/0","0/0","0/0","0/0","0/0","0/0","0/0","0/0","0/0","0/0","0/0","0/1","0/0","0/0","0/0","0/0","0/0","0/0","0/0","0/0","0/0","0/0","0/0","0/0","0/0","0/0","0/0","0/0","0/0","0/0","0/0","0/0","0/0","0/0","0/0","0/0","0/0","0/0","0/0","0/1","0/0","0/0","0/0","0/0","0/0","0/0","0/0","0/0","0/0","0/0","0/0","0/0","0/0","0/0","0/0","0/0","0/0","0/0","0/0","0/0","0/0","0/0","0/0","0/0","0/0","0/0","0/0","0/0","0/0","0/0","0/0","0/0","0/0","0/0","0/0","0/0","0/0","0/0","0/0","0/0","0/0","0/0","0/1","0/0","0/0","0/0","0/0","0/0","0/1","0/0","0/0","0/0","0/0","0/0","0/0","0/0","0/0","0/0","0/0","0/0","0/0","0/0","0/0","0/0","0/0","0/0","0/0","0/0","0/0","0/0","0/0","0/0","0/0","0/1","0/0"
"chr2:100938520_GGGC/G_LONRF2","0/0","0/0","0/0","0/0","0/0","0/0","0/0","0/0","0/0","0/0","0/0","0/0","0/0","0/0","0/0","0/0","0/0","0/0","0/0","0/0","0/0","0/0","0/0","0/0","0/0","0/1","0/0","0/0","0/0","0/0","0/0","0/0","0/0","0/0","0/0","0/0","0/0","0/0","0/0","0/0","0/0","0/0","0/0","0/0","0/0","0/0","0/0","0/1","0/0","0/0","0/0","0/0","0/0","0/0","0/0","0/0","0/0","0/0","0/0","0/0","0/0","0/0","0/0","0/0","0/1","0/0","0/0","0/0","0/0","0/0","0/0","0/0","0/0","0/0","0/0","0/0","0/0","0/0","0/0","0/0","0/0","0/0","0/0","0/0","0/0","0/0","0/0","0/0","0/0","0/0","0/0","0/0","0/0","0/0","0/0","0/0","0/0","0/0","0/0","0/0","0/0","0/0","0/0","0/0","0/0","0/0","0/0","0/0","0/0","0/0","0/0","0/0","0/0","0/0","0/0","0/0","0/0","0/0","0/0","0/0","0/0","0/0","0/0","0/0","0/0","0/0","0/0","0/0","0/0","0/0","0/0","0/0","0/0","0/0","0/0","0/0","0/0","0/0","0/0","0/0","0/0","0/0","0/0","0/0","0/0","0/0","0/0","0/0","0/0","0/0","0/0","0/0","0/0"
"chr2:101604721_AGT/A_NPAS2","0/0","0/0","0/0","0/0","0/0","0/0","0/0","0/0","0/0","0/1","0/0","0/0","0/0","0/0","0/0","0/0","0/0","0/0","0/0","0/0","0/0","0/0","0/0","0/0","0/0","0/0","0/0","0/0","0/0","0/0","0/0","0/0","0/0","0/0","0/0","0/0","0/0","0/0","0/0","0/0","0/0","0/0","0/0","0/0","0/0","0/0","0/0","0/0","0/0","0/0","0/0","0/0","0/0","0/0","0/0","0/0","0/0","0/0","0/0","0/0","0/0","0/0","0/0","0/0","0/0","0/0","0/0","0/0","0/0","0/0","0/0","0/0","0/0","0/0","0/0","0/0","0/0","0/0","0/0","0/0","0/0","0/0","0/0","0/0","0/0","0/0","0/0","0/0","0/0","0/0","0/0","0/0","0/0","0/0","0/0","0/0","0/0","0/0","0/0","0/0","0/0","0/0","0/0","0/0","0/0","0/0","0/0","0/0","0/0","0/0","0/0","0/0","0/0","0/0","0/0","0/0","0/0","0/0","0/0","0/0","0/0","0/0","0/0","0/0","0/0","0/0","0/0","0/0","0/0","0/0","0/0","0/0","0/0","0/0","0/0","0/0","0/0","0/0","0/0","0/0","0/0","0/0","0/0","0/0","0/0","0/0","0/0","0/0","0/0","0/0","0/0","0/0","0/0"
"chr2:105472070_TGGC/TGGCGGC_POU3F3","0/0","0/0","0/0","0/0","0/0","0/0","0/0","0/0","0/0","0/1","0/0","0/0","0/0","0/0","0/0","0/0","0/0","0/0","0/0","0/0","0/0","0/0","0/0","0/2","0/0","0/0","0/0","0/0","0/0","0/0","0/2","0/0","0/0","0/0","0/0","0/0","0/0","0/0","0/0","0/0","0/0","0/0","0/0","0/0","0/0","0/0","0/0","0/0","0/0","0/0","0/0","0/0","0/1","0/0","0/0","0/0","0/0","0/0","0/0","0/0","0/0","0/0","0/0","0/0","0/0","0/0","0/0","0/0","0/0","0/0","0/0","0/0","0/0","0/0","0/2","0/0","0/0","0/0","0/0","0/0","0/0","0/0","0/0","0/0","0/0","0/0","0/0","0/0","0/0","0/0","0/0","0/0","0/0","0/0","0/0","0/0","0/0","0/0","0/0","0/0","0/0","0/0","0/0","0/0","0/0","0/0","0/0","0/0","0/0","0/0","0/0","0/0","0/0","0/0","0/0","0/0","0/0","0/0","0/0","0/0","0/0","0/0","0/0","0/0","0/0","0/0","0/0","0/0","0/0","0/0","0/0","0/0","0/0","0/0","0/0","0/0","0/0","0/0","0/0","0/0","0/0","0/0","0/0","0/0","0/0","0/0","0/0","0/0","0/0","0/0","0/0","0/0","0/0"
"chr2:105472276_ACGC/A_POU3F3","0/0","0/0","0/0","0/0","0/0","0/0","0/0","0/0","0/0","0/0","0/0","0/0","0/0","0/0","0/0","0/0","0/0","0/0","0/0","0/0","0/0","0/0","0/0","0/0","0/0","0/0","0/0","0/0","0/0","0/0","0/0","0/0","0/0","0/0","0/0","0/0","0/0","0/0","0/0","0/0","0/0","0/0","0/0","0/0","0/0","0/0","0/0","0/0","0/0","0/0","0/0","0/0","0/0","0/0","0/0","0/0","0/0","0/0","0/0","0/0","0/0","0/0","0/0","0/0","0/0","0/0","0/0","0/0","0/0","0/0","0/0","0/0","0/0","0/0","0/0","0/0","0/0","0/0","0/0","0/0","0/0","0/0","0/0","0/0","0/0","0/0","0/0","0/0","0/0","0/0","0/0","0/0","0/0","0/0","0/0","0/0","0/0","0/0","0/0","0/0","0/0","0/0","0/0","0/0","0/0","0/0","0/0","0/0","0/1","0/0","0/0","0/1","0/0","0/0","0/0","0/0","0/1","0/0","0/0","0/0","0/0","0/0","0/0","0/0","0/0","0/0","0/0","0/0","0/0","0/0","0/0","0/0","0/0","0/0","0/0","0/0","0/0","0/0","0/0","0/0","0/0","0/1","0/0","0/0","0/0","0/0","0/0","0/0","0/0","0/0","0/0","0/0","0/0"
"chr2:105472556_AGCC/A_POU3F3","0/0","0/0","0/0","0/0","0/0","0/0","0/0","0/0","0/0","0/0","0/0","0/0","0/0","0/0","0/1","0/0","0/0","0/0","0/0","0/0","0/0","0/0","0/0","0/0","0/0","0/0","0/0","0/0","0/0","0/0","0/0","0/0","0/0","0/0","0/0","0/0","0/0","0/0","0/0","0/0","0/0","0/0","0/0","0/0","0/0","0/0","0/0","0/0","0/0","0/0","0/0","0/0","0/0","0/0","0/0","0/0","0/0","0/0","0/0","0/0","0/0","0/0","0/0","0/0","0/0","0/0","0/0","0/0","0/0","0/0","0/0","0/0","0/0","0/0","0/0","0/0","0/0","0/0","0/1","0/0","0/0","0/0","0/0","0/0","0/0","0/0","0/0","0/0","0/0","0/0","0/0","0/0","0/0","0/0","0/0","0/0","0/0","0/0","0/0","0/0","0/0","0/0","0/0","0/0","0/0","0/0","0/0","0/0","0/0","0/0","0/0","0/0","0/0","0/0","0/0","0/0","0/0","0/0","0/0","0/0","0/0","0/0",".","0/0","0/0",".","0/0","0/0","0/0","0/0","0/0","0/0","0/0","0/0","0/0","0/0","0/0",".","0/1","0/0","0/0","0/0","0/0","0/0","0/0","0/0","0/0","0/0","0/0","0/0","0/0","0/0","0/0"
"chr2:105472775_GCAC/G_POU3F3","0/0","0/0","0/0","0/0","0/0","0/0","0/0","0/0","0/0","0/0","0/0","0/0","0/0","0/0","0/0","0/0","0/0","0/0","0/0","0/0","0/0","0/0","0/0","0/0","0/0","0/0","0/0","0/0","0/0","0/0","0/0","0/0","0/0","0/0","0/0","0/0","0/0","0/0","0/0","0/0","0/0","0/0","0/0","0/0","0/0","0/0","0/0","0/0","0/0","0/1","0/0","0/0","0/0","0/1","0/0","0/0","0/0","0/0","0/0","0/0","0/0","0/0","0/0","0/0","0/0","0/1","0/0","0/0","0/0","0/1","0/0","0/0","0/0","0/0","0/0","0/0","0/0","0/0","0/0","0/0","0/0","0/0","0/0","0/0","0/0","0/0","0/0","0/0","0/0","0/0","0/0","0/0","0/0","0/0","0/0","0/0","0/0","0/0","0/0","0/0","0/0","0/0","0/0","0/0","0/1","0/0","0/0","0/0","0/0","0/0","0/0","0/0","0/0","0/1","0/0","0/0","0/0","0/0","0/0","0/0","0/0","0/0","0/0","0/0","0/0","0/0","0/0","0/0","0/0","0/1","0/0","0/0","0/0","0/0","0/0","0/0","0/0","0/0","0/0","0/0","0/0","0/0","0/0","0/0","0/0","0/1","0/0","0/0","0/0","0/0","0/0","0/0","0/0"
"chr2:105472849_ACGG/A_POU3F3","0/0","0/0","0/0","0/0","0/0","0/0","0/0","0/0","0/0","0/0","0/0","0/0","0/0","0/0","0/0","0/0","0/0","0/0","0/0","0/0","0/0","0/0","0/0","0/0","0/0","0/0","0/0","0/0","0/0","0/0","0/0","0/0","0/0","0/0","0/0","0/0","0/0","0/0","0/0","0/0","0/0","0/0","0/0","0/0","0/0","0/0","0/0","0/0","0/0","0/0","0/0","0/0","0/0","0/0","0/0","0/0","0/0","0/0","0/0","0/0","0/0","0/0","0/0","0/0","0/0","0/0","0/0","0/0","0/0","0/0","0/0","0/0","0/0","0/0","0/0","0/0","0/0","0/0","0/0","0/0","0/0","0/0","0/0","0/0","0/0","0/0","0/0","0/0","0/1","0/0","0/0","0/0","0/0","0/0","0/0","0/0","0/0","0/0","0/0","0/0","0/1","0/0","0/0","0/0","0/0","0/0","0/0","0/0","0/0","0/0","0/0","0/0","0/0","0/0","0/0","0/0","0/0","0/0","0/0","0/0","0/0","0/0","0/0","0/0","0/0","0/0","0/1","0/0","0/0","0/0","0/0","0/0","0/0","0/0","0/0","0/0","0/0","0/0","0/0","0/0","0/0","0/0","0/0","0/0","0/0","0/0","0/0","0/0","0/0","0/0","0/0","0/0","0/0"
"chr2:109087205_CAAG/C_GCC2","0/0","0/0","0/0","0/0","0/0","0/0","0/0","0/0","0/0","0/0","0/0","0/0","0/0","0/0","0/1","0/0","0/0","0/0","0/0","0/0","0/0","0/0","0/0","0/0","0/0","0/0","0/0","0/0","0/0","0/0","0/0","0/0","0/0","0/0","0/0","0/0","0/0","0/0","0/0","0/0","0/0","0/0","0/0","0/0","0/0","0/0","0/0","0/0","0/0","0/0","0/0","0/0","0/0","0/0","0/0","0/0","0/0","0/0","0/0","0/0","0/0","0/0","0/0","0/0","0/0","0/0","0/0","0/0","0/0","0/0","0/0","0/0","0/0","0/0","0/0","0/0","0/0","0/0","0/0","0/0","0/0","0/0","0/0","0/0","0/0","0/0","0/0","0/0","0/0","0/0","0/0","0/0","0/0","0/0","0/0","0/0","0/0","0/0","0/0","0/0","0/0","0/0","0/0","0/0","0/0","0/0","0/0","0/0","0/0","0/0","0/0","0/0","0/0","0/0","0/0","0/0","0/0","0/0","0/0","0/0","0/0","0/0","0/0","0/0","0/0","0/0","0/0","0/0","0/0","0/0","0/0","0/0","0/0","0/0","0/0","0/0","0/0","0/0","0/0","0/0","0/0","0/0","0/0","0/0","0/0","0/0","0/0","0/0","0/0","0/0","0/0","0/0","0/0"
"chr2:109088528_CA/C_GCC2","0/0","0/0","0/0","0/0","0/0","0/0","0/0","0/0","0/0","0/0","0/0","0/0","0/0","0/0","0/0","0/0","0/0","0/0","0/0","0/0","0/0","0/0","0/0","0/0","0/0","0/0","0/0","0/0","0/0","0/0","0/0","0/0","0/0","0/0","0/0","0/0","0/0","0/0","0/0","0/0","0/0","0/0","0/0","0/0","0/0","0/0","0/0","0/0","0/0","0/0","0/0","0/0","0/1","0/0","0/0","0/0","0/0","0/0","0/0","0/0","0/0","0/0","0/0","0/0","0/0","0/0","0/0","0/0","0/0","0/0","0/0","0/0","0/0","0/0","0/0","0/0","0/0","0/0","0/0","0/0","0/0","0/0","0/0","0/0","0/0","0/0","0/0","0/0","0/0","0/0","0/0","0/0","0/0","0/0","0/0","0/0","0/0","0/0","0/0","0/0","0/0","0/0","0/0","0/0","0/0","0/0","0/0","0/0","0/0","0/0","0/0","0/0","0/0","0/0","0/0","0/0","0/0","0/0","0/0","0/0","0/0","0/0","0/0","0/0","0/0","0/0","0/0","0/0","0/0","0/0","0/0","0/0","0/0","0/0","0/0","0/0","0/0","0/0","0/0","0/0","0/0","0/0","0/0","0/0","0/0","0/0","0/0","0/0","0/0","0/0","0/0","0/0","0/0"
"chr2:112832535_CAAT/C_TMEM87B","0/0","0/0","0/0","0/0","0/0","0/0","0/0","0/0","0/0","1/1","0/1","0/0","0/0","0/0","0/0","0/1","0/0","0/0","0/0","0/0","0/1","0/0","0/1","0/0","0/1","0/0","0/0","0/0","0/1","0/1","0/1","0/0","0/0","0/1","0/0","0/0","0/0","0/0","0/0","0/0","0/0","0/0","0/0","0/0","0/0","0/0","0/1","0/0","0/0","0/0","0/0","0/0","0/0","0/0","0/0","0/0","0/0","0/0","0/0","0/0","0/0","0/0","0/0","0/0","0/0","0/1","0/0","0/0","0/0","0/0","0/1","0/0","0/0","0/0","0/0","0/0","0/0","0/0","0/0","0/0","0/0","0/0","0/0","0/0","0/0","0/0","0/0","0/1","0/1","0/1","0/0","1/1","0/1","0/0","0/0","0/0","0/1","0/0","0/0","0/0","0/0","0/0","0/0","0/0","0/0","0/1","0/1","0/0","0/0","0/0","0/0","0/0","0/0","0/0","0/0","0/0","0/0","0/0","0/0","0/0","0/0","0/0","0/0","0/0","0/0","0/0","0/0","0/0","0/0","0/0","0/0","0/0","0/0","0/1","0/0","0/0","0/1","0/1","0/1","0/1","0/1","0/0","0/0","0/0","0/0","0/0","0/1","0/1","0/1","0/0","0/0","0/0","0/0"
"chr2:114500276_CAAA/CAA_SLC35F5","0/0","0/0","0/0","0/0","0/0","0/0","0/0","0/0","0/0","0/0","0/0","0/0","0/0","0/0","0/0","0/0","0/0","0/0","0/0","0/0","0/0","0/0","0/0","0/0","0/0","0/0","0/0","0/0","0/0","0/0","0/0","0/1","0/0","0/0","0/0","0/0","0/2","0/0","0/0","0/0","0/0","0/0","0/0","0/0","0/0","0/0","0/0","0/0","0/0","0/0","0/0","0/0","0/0","0/0","0/0","0/0","0/0","0/0","0/0","0/0","0/0","0/0","0/0","0/0","0/0","0/0","0/0","0/0","0/0","0/0","0/0","0/0","0/0","0/0","0/0","0/0","0/0","0/0","0/0","0/0","0/0","0/0","0/0","0/0","0/0","0/0","0/0","0/0","0/1","0/0","0/0","0/0","0/0","0/0","0/0","0/1","0/0","0/0","0/0","0/0","0/0","0/0","0/0","0/0","0/0","0/0","0/0","0/1","0/0","0/0","0/0","0/0","0/0","0/0","0/0","0/0","0/0","0/0","0/0","0/0","0/0","0/0","0/0","0/0","0/0","0/1","0/0","0/0","0/0","0/0","0/1","0/0","0/0","0/0","0/0","0/0","0/0","0/0","0/0","0/0","0/0","0/0","0/0","0/0","0/0","0/0","0/0","0/0","0/0","0/0","0/0","0/0","0/0"
"chr2:118575157_CAAG/C_DDX18","0/0","0/0","0/0","0/0","0/0","0/0","0/0","0/0","0/0","0/0","0/0","0/0","0/0","0/0","0/0","0/0","0/0","0/0","0/0","0/0","0/0","0/0","0/0","0/0","0/0","0/0","0/0","0/0","0/0","0/0","0/0","0/0","0/0","0/0","0/0","0/0","0/0","0/0","0/0","0/0","0/0","0/0","0/0","0/0","0/1","0/0","0/0","0/0","0/0","0/0","0/0","0/1","0/0","0/0","0/0","0/0","0/0","0/0","0/0","0/0","0/0","0/0","0/0","0/0","0/0","0/0","0/0","0/0","0/0","0/0","0/0","0/0","0/0","0/0","0/0","0/0","0/0","0/0","0/0","0/0","0/0","0/0","0/0","0/0","0/0","0/0","0/0","0/0","0/0","0/0","0/0","0/1","0/1","0/0","0/0","0/0","0/0","0/0","0/0","0/0","0/0","0/0","0/0","0/0","0/0","0/0","0/0","0/0","0/0","0/0","0/0","0/0","0/0","0/0","0/1","0/0","0/0","0/0","0/0","0/0","0/0","0/0","0/0","0/0","0/1","0/1","0/0","0/0","0/0","0/0","0/0","0/1","0/0","0/0","0/0","0/0","0/0","0/0","0/0","0/0","0/0","0/1","0/1","0/0","0/0","0/0","0/0","0/0","0/0","0/0","0/0","0/0","0/0"
"chr2:119604099_GGCC/G_EN1","0/0","0/0","0/0","0/0","0/0","0/0","0/0","0/0","0/0","0/0","0/0","0/0","0/0","0/0","0/0","0/0","0/0","0/0","0/0","0/0","0/0","0/0","0/0","0/0","0/0","0/0","0/0","0/0","0/0","0/0","0/0","0/0","0/0","0/0","0/0","0/0","0/0","0/0","0/0","0/0","0/0","0/0","0/0","0/0","0/0","0/0","0/0","0/0","0/0","0/0","0/0","0/0","0/0","0/0","0/0","0/0","0/0","0/0","0/0","0/0","0/0","0/0","0/0","0/0","0/0","0/0","0/0","0/0","0/0","0/0","0/0","0/0","0/0","0/0","0/0","0/0","0/0","0/0","0/0","0/0","0/0","0/0","0/0","0/0","0/0","0/0","0/0","0/0","0/0","0/0","0/0","0/0","0/0","0/0","0/0","0/0","0/0","0/0","0/0","0/0","0/0","0/0","0/0","0/0","0/0","0/0","0/0","0/0","0/0","0/0","0/0","0/0","0/0","0/0","0/0","0/0","0/0","0/0","0/0","0/0","0/1","0/0","0/0","0/0","0/0","0/0","0/0","0/0","0/0","0/0","0/0","0/0","0/0","0/0","0/0","0/0","0/0","0/0","0/0","0/0","0/0","0/0","0/0","0/0","0/0","0/0","0/0","0/0","0/0","0/0","0/0","0/0","0/0"
"chr2:120194651_A/AGTGTGC_TMEM37","1/1","1/1","1/1","1/1","1/1","1/1","0/1","0/1","0/1","0/0","0/1","1/1","1/1","1/1","0/1","0/1","1/1","1/1","1/1","1/1","1/1","0/1","1/1","1/1","1/1","1/1","1/1","0/1","1/1","0/0","1/1","1/1","1/1","1/1","1/1","1/1","0/1","0/0","1/1","1/1","1/1","1/1","1/1","1/1","1/1","1/1","0/1","1/1","1/1","1/1","1/1","1/1","1/1","0/1","1/1","1/1","1/1","1/1","1/1","1/1","1/1","1/1","1/1","1/1","1/1","1/1","1/1","1/1","1/1","1/1","1/1","0/1","0/1","1/1","1/1","1/1","1/1","1/1","1/1","1/1","1/1","0/1","1/1","1/1","1/1","1/1","1/1","1/1","1/1","1/1","1/1","1/1","1/1","1/1","1/1","1/1","1/1","1/1","1/1","1/1","0/1","1/1","0/1","1/1","1/1","1/1","1/1","1/1","1/1","1/1","1/1","1/1","1/1","0/1","1/1","1/1","1/1","1/1","1/1","1/1","1/1","1/1","1/1","1/1","1/1","1/1","0/1","0/1","1/1","1/1","1/1","0/1","1/1","0/1","1/1","1/1","0/1","0/1","1/1","1/1","1/1","0/1","0/1","1/1","1/1","1/1","1/1","1/1","1/1","1/1","1/1","1/1","1/1"
"chr2:128183696_GAGA/G_PROC","0/0","0/0","0/0","0/0","0/0","0/0","0/0","0/0","0/0","0/0","0/0","0/0","0/0","0/0","0/1","0/0","0/0","0/0","0/0","0/0","0/0","0/0","0/0","0/0","0/0","0/0","0/0","0/0","0/1","0/0","0/0","0/0","0/0","0/0","0/0","0/0","0/0","0/0","0/0","0/0","0/0","0/0","0/0","0/0","0/0","0/0","0/0","0/0","0/0","0/0","0/0","0/0","0/0","0/0","0/0","0/0","0/0","0/0","0/0","0/0","0/0","0/0","0/0","0/0","0/0","0/0","0/0","0/0","0/0","0/0","0/0","0/0","0/0","0/0","0/0","0/0","0/0","0/0","0/0","0/0","0/0","0/0","0/0","0/0","0/0","0/0","0/0","0/0","0/0","0/0","0/0","0/0","0/0","0/0","0/0","0/0","0/0","0/0","0/0","0/0","0/0","0/0","0/0","0/0","0/0","0/0","0/0","0/0","0/0","0/0","0/0","0/0","0/0","0/0","0/0","0/0","0/0","0/0","0/0","0/0","0/0","0/0","0/0","0/0","0/0","0/0","0/0","0/0","0/0","0/0","0/0","0/0","0/0","0/0","0/0","0/0","0/0","0/0","0/0","0/0","0/0","0/0","0/0","0/0","0/0","0/0","0/0","0/0","0/0","0/0","0/0","0/0","0/0"
"chr2:128459165_G/GGCCGCGGAGCCGCTGCTC_SFT2D3","0/0","0/0","0/0","0/0","0/0","0/0","0/0","0/0","0/0","0/0","0/0","0/0","0/0","0/1","0/0","0/0","0/0","0/0","0/0","0/0","0/0","0/0","0/0","0/0","0/0","0/0","0/0","0/0","0/0","0/0","0/0","0/0","0/0","0/0","0/0","0/0","0/0","0/0","0/0","0/0","0/0","0/0","0/0","0/1","0/0","0/0","0/0","0/0","0/0","0/0","0/0","0/0","0/0","0/0","0/0","0/0","0/0","0/0","0/0","0/0","0/0","0/0","0/0","0/0","0/0","0/0","0/0","0/0","0/0","0/0","0/0","0/0","0/0","0/0","0/0","0/0","0/0","0/0","0/0","0/0","0/0","0/0","0/0","0/0","0/0","0/0","0/0","0/0","0/0","0/0","0/0","0/0","0/0","0/0","0/0","0/0","0/0","0/0","0/0","0/0","0/0","0/0","0/0","0/0","0/0","0/1","0/1","0/0","0/0","0/0","0/0","0/0","0/0","0/0","0/0","0/0","0/0","0/0","0/0","0/0","0/0","0/0","0/0","0/0","0/0","0/0","0/0","0/0","0/0","0/0","0/0","0/0","0/0","0/0","0/0","0/0","0/0","0/0","0/0","0/0","0/0","0/0","0/0","0/0","0/0","0/0","0/0","0/0","0/0","0/0","0/0","0/0","0/0"
"chr2:128459344_G/GCGGGTGC_SFT2D3","0/0","0/0","0/0","0/0","0/0","0/0","0/0","0/0","0/0","0/0","0/0","0/0","0/0","0/0","0/0","0/0","0/0","0/0","0/0","0/0","0/0","0/0","0/0","0/0","0/0","0/0","0/0","0/0","0/0","0/0","0/0","0/1","0/0","0/0","0/0","0/0","0/0","0/0","0/0","0/0","0/0","0/0","0/0","0/0","0/0","0/0","0/0","0/0","0/0","0/0","0/0","0/0","0/0","0/0","0/0","0/0","0/0","0/0","0/0","0/0","0/0","0/0","0/0","0/0","0/0","0/0","0/0","0/0","0/0","0/0","0/0","0/0","0/0","0/0","0/0","0/0","0/0","0/0","0/0","0/0","0/0","0/0","0/0","0/0","0/0","0/0","0/0","0/0","0/0","0/0","0/0","0/0","0/0","0/0","0/0","0/0","0/0","0/0","0/0","0/0","0/0","0/0","0/0","0/0","0/0","0/0","0/0","0/0","0/0","0/0","0/0","0/0","0/0","0/0","0/0","0/0","0/0","0/0","0/0","0/0","0/0","0/0","0/0","0/0","0/0","0/0","0/0","0/0","0/0","0/0","0/0","0/0","0/0","0/0","0/0","0/0","0/0","0/0","0/0","0/0","0/0","0/0","0/0","0/0","0/0","0/0","0/0","0/0","0/0","0/0","0/0","0/0","0/0"
"chr2:128459676_GGCGGCACCGCGCTGCGCCTCGCACTGGGTCGCCTGGGCC/G_SFT2D3","0/0","0/0","0/0","0/0",".",".","0/0","0/0","0/0","0/0","0/0","0/0","0/0","0/0",".","0/0","0/0",".","0/0","0/0","0/0","0/0",".","0/0","0/0","0/0","0/0","0/0","0/0",".","0/0","0/0","0/0","0/0",".","0/0","0/0","0/0","0/0","0/0","0/0","0/0","0/0","0/0","0/0","0/0",".","0/0","0/0","0/0",".","0/0","0/0","0/0","0/0","0/0","0/0","0/0","0/0","0/0","0/1","0/0","0/0","0/0",".","0/0","0/0","0/0","0/0","0/0","0/0","0/0","0/0","0/0",".","0/0","0/0","0/0",".",".","0/0","0/0","0/0",".","0/0",".","0/0","0/0","0/0","0/0","0/0","0/0","0/0","0/0","0/0","0/0","0/0","0/0","0/0","0/0",".",".","0/0","0/0","0/0","0/0",".",".","0/0",".","0/0","0/0",".","0/0","0/0","0/0","0/0","0/0",".","0/0",".","0/0",".","0/0","0/0",".","0/0","0/0","0/0",".","0/0",".","0/0","0/0",".","0/0","0/0",".","0/0","0/0","0/0","0/0","0/0",".","0/0",".","0/0","0/0","0/0",".","0/0","0/0","."
"chr2:131129928_AGACGGG/A_PTPN18","0/0","0/0","0/0",".","0/0","0/0","0/0","0/0","0/0","0/0","0/0","0/0","1/1","0/1","0/1","1/1","1/1","0/1","1/1","0/1","0/0","0/0","0/0","0/0","1/1","0/1","0/1","0/1","0/1","0/0","0/1","0/1","0/1","0/0","0/0","0/1","0/0","0/1","0/0","0/0","0/0","0/0","0/0","0/1","0/1","0/0","0/1","0/1","0/0","0/1","0/0","0/0","0/0","0/0","0/1","0/1","1/1","0/0","0/0","0/0","1/1","0/0","1/1","0/0","0/0","0/0","1/1","0/1","0/1","1/1","0/0","0/1","0/1","0/0","0/0","0/0","0/0","0/1","0/1","1/1","1/1","0/1","0/0","1/1","1/1","0/0","0/0","0/1","0/1","0/1","0/0","0/0","0/0","0/0","0/0","0/0","0/1","0/1","0/0","0/0","0/1","0/0","0/1","0/0","0/0","1/1","1/1","1/1","1/1","0/0","1/1","0/0","0/0","0/0","0/1","0/0","0/0","0/0","0/0","0/0","0/0","0/0","0/0","0/0","0/1","0/1","0/0","0/0","0/0","0/0","0/0","0/0","1/1","0/1","1/1","1/1","0/1","0/1","0/0","0/0","0/0","0/0","0/0","0/1","0/1","0/1","0/1","0/1","0/1","0/0","0/0","0/0","0/0"
"chr2:133075478_TC/T_ZNF806","0/1","0/1","0/1","0/1","0/1","0/1","0/1","0/1","0/1","0/1","0/1","0/1","0/1","0/1","0/1","0/1","0/1","0/1","0/1","0/1","0/1","0/1","0/1","0/1","0/1","0/1","0/1","0/1","0/1","0/1","0/1","0/1","0/1","0/1","0/1","0/1","0/1","0/1","0/1","0/1","0/1","0/1","0/1","0/1","0/1","0/1","0/1","0/1","0/1","0/1","0/1","0/1","0/1","0/1","0/1","0/1","0/1","0/1","0/1","0/1","0/1","0/1","0/1","0/1","0/1","0/1","0/1","0/1","0/1","0/1","0/1","0/1","0/1","0/1","0/1","0/1","0/1","0/1","0/1","0/1","0/1","0/1","0/1","0/1","0/1","0/1","0/1","0/1","0/1","0/1","0/1","0/1","0/1","0/1","0/1","0/1","0/1","0/1","0/1","0/1","0/1","0/1","0/1","0/1","0/1","0/1","0/1","0/1","0/1","0/1","0/1","0/1","0/1","0/1","0/1","0/1","0/1","0/1","0/1","0/1","0/1","0/1","0/1","0/1","0/1","0/1","0/1","0/1","0/1","0/1","0/1","0/1","0/1","0/1","0/1","0/1","0/1","0/1","0/1","0/1","0/1","0/1","0/1","0/1","0/1","0/1","0/1","0/1","0/1","0/1","0/1","0/1","0/1"
"chr2:133076117_CA/C_ZNF806","0/1","0/1","0/1","0/1","0/1","0/1","0/1","0/1","0/1","0/1","0/1","0/1","0/1","0/1","0/1","0/1","0/1","0/1","0/1","0/1","0/1","0/1","0/1","0/1","0/1","0/1","0/1","0/1","0/1","0/1","0/1","0/1","0/1","0/1","0/1","0/1","0/1","0/1","0/1","0/1","0/1","0/1","0/1","0/1","0/1","0/1","0/1","0/1","0/1","0/1","0/1","0/1","0/1","0/1","0/1","0/1","0/1","0/1","0/1","0/1","0/1","0/1","0/1","0/1","0/1","0/1","0/1","0/1","0/1","0/1","0/1","0/1","0/1","0/1","0/1","0/1","0/1","0/1","0/1","0/1","0/1","0/1","0/1","0/1","0/1","0/1","0/1","0/1","0/1","0/1","0/1","0/1","0/1","0/1","0/1","0/1","0/1","0/1","0/1","0/1","0/1","0/1","0/1","0/1","0/1","0/1","0/1","0/1","0/1","0/1","0/1","0/1","0/1","0/1","0/1","0/1","0/1","0/1","0/1","0/1","0/1","0/1","0/1","0/1","0/1","0/1","0/1","0/1","0/1","0/1","0/1","0/1","0/1","0/1","0/1","0/1","0/1","0/1","0/1","0/1","0/1","0/1","0/1","0/1","0/1","0/1","0/1","0/1","0/1","0/1","0/1","0/1","0/1"
"chr2:133403080_T/TAAG_GPR39","0/0","0/0","0/0","0/0","0/0","0/0","0/0","0/0","0/0","0/0","0/0","0/0","0/0","0/1","0/0","0/0","0/0","0/0","0/0","0/0","0/0","0/1","0/0","0/0","0/0","0/0","0/0","0/0","0/0","0/0","0/0","0/0","0/0","0/0","0/0","0/0","0/0","0/0","0/0","0/0","0/0","0/0","0/0","0/0","0/0","0/0","0/0","0/0","0/0","0/0","0/0","0/0","0/0","0/0","0/0","0/0","0/0","0/0","0/0","0/0","0/0","0/0","0/0","0/0","0/0","0/0","0/0","0/0","0/0","0/0","0/0","0/0","0/0","0/0","0/0","0/0","0/0","0/0","0/0","0/0","0/0","0/0","0/0","0/0","0/0","0/0","0/0","0/0","0/0","0/0","0/0","0/0","0/0","0/0","0/0","0/0","0/0","0/0","0/0","0/0","0/0","0/0","0/0","0/0","0/0","0/0","0/0","0/0","0/0","0/0","0/0","0/0","0/0","0/0","0/0","0/0","0/0","0/0","0/0","0/0","0/0","0/0","0/0","0/0","0/0","0/0","0/0","0/0","0/0","0/0","0/0","0/0","0/0","0/0","0/0","0/0","0/0","0/0","0/0","0/0","0/0","0/0","0/0","0/0","0/0","0/0","0/0","0/0","0/0","0/0","0/0","0/0","0/0"
"chr2:135957951_CT/C_ZRANB3","0/0","0/0","0/0","0/0","0/0","0/0","0/0","0/0","0/0","0/0","0/0","0/0","0/0","0/0","0/0","0/0","0/0","0/0","0/0","0/0","0/0","0/0","0/0","0/0","0/0","0/0","0/0","0/0","0/0","0/0","0/0","0/0","0/0","0/0","0/0","0/0","0/0","0/0","0/0","0/0","0/0","0/0","0/0","0/0","0/0","0/0","0/0","0/0","0/0","0/0","0/0","0/0","0/0","0/0","0/0","0/0","0/0","0/0","0/0","0/0","0/0","0/0","0/0","0/0","0/0","0/0","0/0","0/0","0/0","0/0","0/0","0/0","0/0","0/0","0/0","0/0","0/0","0/0","0/0","0/0","0/0","0/0","0/0","0/0","0/0","0/0","0/0","0/0","0/0","0/0","0/0","0/0","0/0","0/0","0/0","0/0","0/0","0/0","0/0","0/0","0/0","0/0","0/0","0/0","0/0","0/0","0/0","0/0","0/0","0/0","0/0","0/0","0/0","0/0","0/0","0/0","0/0","0/0","0/0","0/0","0/0","0/0","0/0","0/0","0/0","0/0","0/0","0/0","0/0","0/0","0/0","0/0","0/1","0/0","0/1","0/1","0/0","0/0","0/0","0/0","0/0","0/0","0/0","0/0","0/0","0/0","0/0","0/0","0/0","0/0","0/0","0/0","0/0"
"chr2:135988439_CT/C_ZRANB3","0/0","0/0","0/0","0/0","0/0","0/0","0/0","0/0","0/0","0/0","0/0","0/0","0/0","0/0","0/0","0/0","0/0","0/0","0/0","0/0","0/0","0/0","0/0","0/0","0/0","0/0","0/0","0/0","0/0","0/0","0/0","0/0","0/0","0/0","0/0","0/0","0/1","0/0","0/0","0/0","0/0","0/0","0/0","0/0","0/0","0/0","0/0","0/0","0/0","0/0","0/0","0/0","0/0","0/0","0/0","0/0","0/0","0/0","0/0","0/0","0/0","0/0","0/0","0/0","0/0","0/0","0/0","0/0","0/0","0/0","0/0","0/0","0/0","0/0","0/0","0/0","0/0","0/0","0/0","0/0","0/0","0/0","0/0","0/0","0/0","0/0","0/0","0/0","0/0","0/0","0/0","0/0","0/0","0/0","0/0","0/0","0/0","0/0","0/0","0/0","0/0","0/0","0/0","0/0","0/0","0/0","0/0","0/0","0/0","0/0","0/0","0/0","0/0","0/0","0/0","0/0","0/0","0/0","0/0","0/0","0/0","0/0","0/0","0/0","0/0","0/0","0/0","0/0","0/0","0/0","0/0","0/0","0/0","0/0","0/0","0/0","0/0","0/0","0/0","0/0","0/0","0/0","0/0","0/0","0/0","0/0","0/0","0/0","0/0","0/0","0/0","0/0","0/0"
"chr2:139308168_TG/T_SPOPL","0/0","0/0","0/0","0/0","0/0","0/0","0/0","0/0","0/0","0/0","0/0","0/0","0/0","0/0","0/0","0/0","0/0","0/0","0/0","0/0","0/0","0/0","0/0","0/0","0/0","0/0","0/0","0/0","0/0","0/0","0/0","0/0","0/0","0/0","0/0","0/0","0/0","0/0","0/0","0/0","0/0","0/0","0/0","0/0","0/0","0/0","0/0","0/0","0/0","0/0","0/0","0/0","0/0","0/0","0/0","0/0","0/0","0/0","0/0","0/0","0/0","0/0","0/0","0/0","0/0","0/0","0/0","0/0","0/0","0/0","0/0","0/0","0/0","0/0","0/0","0/0","0/0","0/0","0/0","0/0","0/0","0/0","0/0","0/0","0/0","0/0","0/0","0/0","0/0","0/0","0/0","0/0","0/0","0/0","0/0","0/0","0/0","0/0","0/0","0/0","0/0","0/0","0/0","0/0","0/0","0/0","0/0","0/0","0/0","0/0","0/0","0/0","0/0","0/0","0/0","0/0","0/0","0/0","0/0","0/0","0/0","0/0","0/0","0/0","0/0","0/0","0/0","0/0","0/0","0/0","0/0","0/0","0/0","0/0","0/0","0/0","0/0","0/0","0/0","0/0","0/0","0/0","0/0","0/0","0/0","0/0","0/0","0/0","0/0","0/1","0/1","0/0","0/0"
"chr2:139429193_GC/G_NXPH2","0/0","0/0","0/0","0/0","0/0","0/0","0/0","0/0","0/0","0/0","0/0","0/0","0/0","0/0","0/0","0/0","0/0","0/0","0/0","0/0","0/0","0/0","0/0","0/0","0/0","0/0","0/0","0/0","0/0","0/0","0/0","0/0","0/0","0/0","0/0","0/0","0/1","0/0","0/0","0/0","0/0","0/0","0/0","0/0","0/0","0/0","0/0","0/0","0/0","0/0","0/0","0/0","0/0","0/0","0/0","0/0","0/0","0/0","0/0","0/0","0/0","0/0","0/0","0/0","0/0","0/0","0/0","0/0","0/0","0/0","0/0","0/0","0/0","0/0","0/0","0/0","0/0","0/0","0/0","0/0","0/0","0/0","0/0","0/0","0/0","0/0","0/0","0/0","0/0","0/0","0/0","0/0","0/0","0/0","0/0","0/0","0/0","0/0","0/0","0/0","0/0","0/0","0/0","0/0","0/0","0/0","0/0","0/0","0/0","0/0","0/0","0/0","0/0","0/0","0/0","0/0","0/0","0/0","0/0","0/0","0/0","0/0","0/0","0/0","0/0","0/0","0/0","0/0","0/0","0/0","0/0","0/0","0/0","0/0","0/0","0/0","0/0","0/0","0/0","0/0","0/0","0/0","0/0","0/0","0/0","0/0","0/0","0/0","0/0","0/0","0/0","0/0","0/0"
"chr2:152235992_G/GT_TNFAIP6","0/0","0/0","0/0","0/0","0/0","0/0","0/0","0/0","0/0","0/0","0/0","0/0","0/0","0/0","0/0","0/0","0/0","0/0","0/0","0/0","0/0","0/0","0/0","0/0","0/0","0/0","0/0","0/0","0/0","0/0","0/0","0/0","0/0","0/0","0/0","0/0","0/1","0/0","0/0","0/0","0/0","0/0","0/0","0/0","0/0","0/0","0/0","0/0","0/0","0/0","0/0","0/0","0/0","0/0","0/0","0/0","0/0","0/0","0/0","0/0","0/0","0/0","0/0","0/0","0/0","0/0","0/0","0/0","0/0","0/0","0/0","0/0","0/0","0/0","0/0","0/0","0/0","0/0","0/0","0/0","0/0","0/0","0/0","0/0","0/0","0/0","0/0","0/0","0/0","0/0","0/0","0/0","0/0","0/0","0/0","0/0","0/0","0/0","0/0","0/0","0/0","0/0","0/0","0/0","0/0","0/0","0/0","0/0","0/0","0/0","0/0","0/0","0/0","0/0","0/0","0/0","0/0","0/0","0/0","0/0","0/0","0/0","0/0","0/0","0/0","0/0","0/0","0/0","0/0","0/0","0/0","0/0","0/0","0/0","0/0","0/0","0/0","0/0","0/0","0/0","0/0","0/0","0/0","0/0","0/0","0/0","0/0","0/0","0/0","0/0","0/0","0/0","0/0"
"chr2:152236045_TAAA/TA_TNFAIP6","1/1","0/2","0/0","0/0","0/2","0/2","0/2","0/0","0/2",".","0/2","0/0",".","2/2","2/2","2/2","2/2","0/0","0/2","2/2","2/2","2/2","0/0","0/2","2/2","0/0","0/2","0/0","0/0",".",".",".","0/2","0/2",".","0/0","0/1","0/2","0/0","0/2","0/3","2/2","0/2","0/2","2/2","0/0",".",".","0/0","0/0","0/0","0/2","0/0","2/2","0/2","2/2","0/0","0/2","0/0","0/2","2/2",".",".",".","0/2",".","2/2","0/2",".","2/2","2/2","0/2",".","0/2","0/2","0/2","0/2","0/2","2/2",".",".","0/2","0/2","0/0","0/0",".","0/1","2/2","0/0","0/2","0/2","2/2",".","0/0","0/0",".","0/3","0/2","0/2",".","0/2","0/2","0/2","0/0","0/0","0/2","0/0",".","0/2",".","0/0","0/0","0/0","0/1","2/2","0/2","0/1","0/2","0/0","2/2","0/0","0/0","2/2","0/2","1/2","0/2","2/2","0/2","0/2","0/0",".","2/2","2/2","0/2",".","1/2","0/0","0/2",".","0/0","0/0","0/2","2/2","0/2","0/0","0/2","2/2","2/2","2/2","0/0","0/0","0/0","0/0"
"chr2:152316607_AAAG/A_RIF1","0/0","0/0","0/0","0/0","0/0","0/0","0/0","0/0","0/0","0/0","0/0","0/0","0/0","0/1","0/0","0/0","0/0","0/0","0/0","0/0","0/0","0/0","0/0","0/0","0/0","0/0","0/0","0/0","0/0","0/0","0/0","0/0","0/0","0/0","0/0","0/0","0/0","0/0","0/0","0/0","0/0","0/0","0/0","0/0","0/0","0/0","0/0","0/0","0/0","0/0","0/0","0/0","0/0","0/0","0/0","0/0","0/0","0/0","0/0","0/0","0/0","0/0","0/0","0/0","0/0","0/0","0/0","0/0","0/0","0/0","0/0","0/0","0/0","0/0","0/0","0/0","0/0","0/0","0/0","0/0","0/0","0/0","0/0","0/0","0/0","0/0","0/0","0/0","0/0","0/0","0/0","0/0","0/0","0/0","0/0","0/0","0/0","0/0","0/0","0/0","0/0","0/0","0/0","0/0","0/0","0/0","0/0","0/0","0/0","0/0","0/0","0/0","0/0","0/0","0/0","0/0","0/0","0/0","0/0","0/0","0/0","0/0","0/0","0/0","0/0","0/0","0/0","0/0","0/0","0/0","0/0","0/0","0/0","0/0","0/0","0/0","0/0","0/0","0/0","0/0","0/0","0/0","0/0","0/0","0/0","0/0","0/0","0/0","0/0","0/0","0/0","0/0","0/0"
"chr2:152347010_CCGGCTCCGGCGCTGAGCTTGGACTG/C_NEB","0/0","0/0","0/0","0/0","0/0","0/0","0/0","0/0","0/0","0/0","0/0","0/0","0/0","0/0","0/0","0/0","0/0","0/0","0/0","0/0","0/0","0/0","0/0","0/0","0/0","0/0","0/0","0/0","0/0","0/0","0/1","0/0","0/0","0/0","0/0","0/0","0/0","0/0","0/0","0/0","0/0","0/0","0/0","0/0","0/0","0/0","0/0","0/0","0/0","0/0","0/0","0/0","0/0","0/0","0/0","0/0","0/0","0/0","0/0","0/0","0/0","0/0","0/0","0/0","0/0","0/0","0/0","0/0","0/0","0/0","0/0","0/0","0/0","0/0","0/0","0/0","0/0","0/0","0/0","0/0","0/0","0/0","0/0","0/0","0/0","0/0","0/0","0/0","0/0","0/0","0/0","0/0","0/0","0/0","0/0","0/0","0/0","0/0","0/0","0/0","0/0","0/0","0/0","0/0","0/0","0/0","0/0","0/0","0/0","0/0","0/0","0/0","0/0","0/0","0/0","0/0","0/0","0/0","0/0","0/0","0/0","0/0","0/0","0/0","0/0","0/0","0/0","0/0","0/0","0/0","0/0","0/0","0/0","0/0","0/0","0/0","0/0","0/0","0/0","0/0","0/0","0/0","0/0","0/0","0/0","0/0","0/0","0/0","0/0","0/0","0/0","0/0","0/0"
"chr2:159107283_CT/C_CCDC148","0/0","0/0","0/0","0/0","0/0","0/0","0/0","0/0","0/0","0/0","0/0","0/0","0/0","0/0","0/0","0/0","0/0","0/0","0/0","0/0","0/0","0/0","0/0","0/0","0/0","0/0","0/0","0/0","0/0","0/0","0/0","0/0","0/0","0/0","0/0","0/0","0/0","0/0","0/0","0/0","0/0","0/0","0/0","0/0","0/0","0/0","0/0","0/0","0/0","0/0","0/0","0/0","0/0","0/0","0/0","0/0","0/0","0/0","0/0","0/0","0/0","0/0","0/0","0/0","0/0","0/0","0/0","0/0","0/0","0/0","0/0","0/0","0/0","0/0","0/0","0/0","0/0","0/0","0/0","0/0","0/0","0/0","0/0","0/0","0/0","0/0","0/0","0/0","0/0","0/0","0/0","0/0","0/0","0/0","0/0","0/0","0/0","0/0","0/0","0/0","0/0","0/0","0/0","0/0","0/0","0/0","0/0","0/0","0/0","0/0","0/0","0/0","0/0","0/0","0/0","0/0","0/0","0/0","0/0","0/0","0/0","0/0","0/0","0/0","0/0","0/1","0/0","0/0","0/0","0/0","0/0","0/0","0/0","0/0","0/0","0/0","0/0","0/0","0/0","0/0","0/0","0/0","0/0","0/0","0/0","0/0","0/0","0/0","0/0","0/0","0/0","0/0","0/0"
"chr2:159166024_C/CA_CCDC148","0/0","0/0","0/0","0/0","0/0","0/0","0/0","0/0","0/0","0/0","0/0","0/0","0/0","0/0","0/0","0/0","0/0","0/0","0/0","0/0","0/0","0/0","0/0","0/0","0/0","0/0","0/0","0/0","0/0","0/0","0/0","0/0","0/0","0/0","0/0","0/0","0/1","0/0","0/0","0/0","0/0","0/0","0/0","0/0","0/0","0/0","0/0","0/0","0/0","0/0","0/0","0/0","0/0","0/0","0/0","0/0","0/0","0/0","0/0","0/0","0/0","0/0","0/0","0/0","0/0","0/0","0/0","0/0","0/0","0/0","0/0","0/0","0/0","0/0","0/0","0/0","0/0","0/0","0/0","0/0","0/0","0/0","0/0","0/0","0/0","0/0","0/0","0/0","0/0","0/0","0/0","0/0","0/0","0/0","0/0","0/0","0/0","0/0","0/0","0/0","0/0","0/0","0/0","0/0","0/0","0/0","0/0","0/0","0/0","0/0","0/0","0/0","0/0","0/0","0/0","0/0","0/0","0/0","0/0","0/0","0/0","0/0","0/0","0/0","0/0","0/0","0/0","0/0","0/0","0/0","0/0","0/0","0/0","0/0","0/0","0/0","0/0","0/0","0/0","0/0","0/0","0/0","0/0","0/0","0/0","0/0","0/0","0/0","0/0","0/0","0/0","0/0","0/0"
"chr2:159215071_AT/A_CCDC148","0/0","0/0","0/0","0/0","0/0","0/0","0/0","0/0","0/0","0/0","0/0","0/0","0/0","0/0","0/0","0/0","0/0","0/0","0/1","0/0","0/0","0/0","0/0","0/0","0/0","0/0","0/0","0/0","0/0","0/0","0/0","0/0","0/0","0/0","0/0","0/0","0/0","0/0","0/0","0/0","0/0","0/0","0/0","0/0","0/0","0/0","0/0","0/0","0/0","0/0","0/0","0/0","0/0","0/0","0/0","0/0","0/0","0/0","0/0","0/0","0/0","0/0","0/0","0/0","0/0","0/0","0/0","0/0","0/0","0/0","0/0","0/0","0/0","0/0","0/0","0/0","0/0","0/0","0/0","0/0","0/0","0/0","0/0","0/0","0/0","0/0","0/0","0/0","0/0","0/0","0/0","0/0","0/0","0/0","0/0","0/0","0/0","0/0","0/0","0/0","0/0","0/0","0/0","0/0","0/0","0/0","0/0","0/0","0/0","0/0","0/0","0/0","0/0","0/0","0/0","0/0","0/0","0/0","0/0","0/0","0/0","0/0","0/0","0/0","0/0","0/0","0/0","0/0","0/0","0/0","0/0","0/0","0/0","0/0","0/0","0/0","0/0","0/0","0/0","0/0","0/0","0/0","0/0","0/0","0/0","0/0","0/0","0/0","0/0","0/0","0/0","0/0","0/0"
"chr2:160735154_TAGTC/T_LY75_LY75-CD302","0/0","0/0","0/0","0/0","0/0","0/0","0/0","0/0","0/0","0/0","0/0","0/0","0/0","0/0","0/0","0/0","0/0","0/0","0/0","0/0","0/0","0/0","0/0","0/0","0/0","0/0","0/0","0/0","0/0","0/0","0/0","0/0","0/0","0/0","0/1","0/0","0/0","0/0","0/0","0/0","0/0","0/0","0/0","0/0","0/0","0/0","0/0","0/0","0/0","0/0","0/0","0/0","0/0","0/0","0/0","0/0","0/0","0/0","0/0","0/0","0/0","0/0","0/0","0/0","0/0","0/0","0/0","0/0","0/0","0/0","0/0","0/0","0/0","0/0","0/0","0/0","0/0","0/0","0/0","0/0","0/0","0/0","0/0","0/0","0/0","0/0","0/0","0/0","0/0","0/0","0/0","0/0","0/0","0/0","0/0","0/0","0/0","0/0","0/0","0/0","0/0","0/0","0/0","0/0","0/0","0/0","0/0","0/0","0/0","0/0","0/0","0/0","0/0","0/0","0/0","0/0","0/0","0/0","0/0","0/0","0/0","0/0","0/0","0/0","0/0","0/0","0/0","0/0","0/0","0/0","0/0","0/0","0/0","0/0","0/0","0/0","0/0","0/0","0/0","0/0","0/0","0/0","0/0","0/0","0/0","0/0","0/0","0/0","0/0","0/0","0/0","0/0","0/0"
"chr2:160918875_CCAG/C_PLA2R1","0/0","0/0","0/0","0/0","0/0","0/0","0/0","0/0","0/0","0/0","0/0","0/0","0/0","0/0","0/0","0/0","0/0","0/0","0/0","0/0","0/0","0/0","0/0","0/0","0/0","0/0","0/0","0/0","0/0","0/0","0/0","0/0","0/0","0/0","0/0","0/0","0/0","0/0","0/0","0/0","0/0","0/0","0/0","0/0","0/0","0/0","0/0","0/0","0/0","0/0","0/0","0/0","0/0","0/0","0/0","0/0","0/0","0/0","0/0","0/0","0/0","0/0","0/0","0/0","0/0","0/0","0/0","0/0","0/0","0/0","0/0","0/0","0/0","0/0","0/1","0/0","0/0","0/0","0/0","0/0","0/0","0/0","0/0","0/0","0/0","0/0","0/0","0/0","0/0","0/0","0/0","0/0","0/0","0/0","0/0","0/0","0/0","0/0","0/0","0/0","0/0","0/0","0/0","0/0","0/0","0/0","0/0","0/0","0/0","0/0","0/0","0/0","0/0","0/0","0/0","0/0","0/0","0/0","0/0","0/0","0/0","0/0","0/0","0/0","0/0","0/0","0/0","0/0","0/0","0/0","0/0","0/0","0/0","0/0","0/0","0/0","0/0","0/0","0/0","0/0","0/0","0/0","0/0","0/0","0/0","0/0","0/0","0/0","0/0","0/0","0/0","0/0","0/0"
"chr2:165365287_GT/G_GRB14","0/0","0/0","0/0","0/0","0/0","0/0","0/0","0/0","0/0","0/0","0/0","0/0","0/0","0/0","0/0","0/0","0/0","0/0","0/0","0/0","0/0","0/0","0/0","0/0","0/0","0/0","0/0","0/0","0/0","0/0","0/0","0/0","0/0","0/0","0/0","0/0","0/1","0/0","0/0","0/0","0/0","0/0","0/0","0/0","0/0","0/0","0/0","0/0","0/0","0/0","0/0","0/0","0/0","0/0","0/0","0/0","0/0","0/0","0/0","0/0","0/0","0/0","0/0","0/0","0/0","0/0","0/0","0/0","0/0","0/0","0/0","0/0","0/0","0/0","0/0","0/0","0/1","0/0","0/0","0/0","0/0","0/0","0/0","0/0","0/0","0/0","0/0","0/0","0/1","0/0","0/0","0/0","0/0","0/0","0/0","0/0","0/0","0/0","0/0","0/0","0/0","0/0","0/0","0/0","0/0","0/0","0/0","0/0","0/0","0/0","0/0","0/0","0/0","0/0","0/0","0/1","0/0","0/0","0/0","0/0","0/0","0/0","0/0","0/0","0/0","0/0","0/0","0/0","0/0","0/0","0/0","0/0","0/0","0/0","0/0","0/0","0/0","0/0","0/0","0/0","0/0","0/0","0/0","0/1","0/0","0/0","0/0","0/0","0/0","0/0","0/0","0/0","0/0"
"chr2:168104863_G/GA_XIRP2","0/0","0/0","0/0","0/0","0/0","0/0","0/0","0/0","0/0","0/0","0/0","0/0","0/0","0/0","0/0","0/0","0/0","0/0","0/0","0/0","0/1","0/0","0/0","0/0","0/0","0/0","0/0","0/0","0/0","0/0","0/0","0/0","0/0","0/0","0/0","0/0","0/0","0/0","0/0","0/0","0/0","0/0","0/0","0/0","0/0","0/0","0/0","0/0","0/0","0/0","0/0","0/0","0/0","0/0","0/0","0/0","0/0","0/0","0/0","0/0","0/0","0/0","0/0","0/0","0/0","0/0","0/0","0/0","0/0","0/0","0/0","0/0","0/0","0/0","0/0","0/0","0/0","0/0","0/0","0/0","0/0","0/0","0/0","0/0","0/0","0/0","0/0","0/0","0/0","0/0","0/0","0/0","0/0","0/0","0/0","0/0","0/0","0/0","0/0","0/0","0/0","0/0","0/0","0/0","0/0","0/0","0/0","0/0","0/0","0/0","0/0","0/0","0/0","0/0","0/0","0/0","0/0","0/0","0/0","0/0","0/0","0/0","0/0","0/0","0/0","0/0","0/0","0/0","0/0","0/0","0/0","0/0","0/0","0/0","0/0","0/0","0/0","0/0","0/0","0/0","0/0","0/0","0/0","0/0","0/0","0/0","0/0","0/0","0/0","0/0","0/0","0/0","0/0"
"chr2:168104883_C/CA_XIRP2","0/0","0/0","0/0","0/0","0/0","0/0","0/0","0/0","0/0","0/0","0/0","0/0","0/0","0/0","0/0","0/0","0/0","0/0","0/0","0/0","0/0","0/0","0/0","0/0","0/0","0/0","0/0","0/0","0/0","0/0","0/0","0/0","0/0","0/0","0/0","0/0","0/0","0/0","0/0","0/0","0/0","0/0","0/0","0/0","0/0","0/0","0/0","0/0","0/0","0/0","0/0","0/0","0/0","0/0","0/0","0/0","0/0","0/0","0/0","0/0","0/0","0/0","0/0","0/0","0/0","0/0","0/0","0/0","0/0","0/0","0/0","0/0","0/0","0/0","0/0","0/0","0/0","0/0","0/0","0/0","0/0","0/0","0/0","0/0","0/0","0/0","0/0","0/0","0/0","0/0","0/0","0/0","0/0","0/0","0/0","0/0","0/0","0/0","0/0","0/0","0/0","0/0","0/0","0/0","0/0","0/0","0/0","0/0","0/0","0/0","0/0","0/0","0/0","0/0","0/0","0/0","0/0","0/0","0/0","0/0","0/0","0/0","0/0","0/0","0/0","0/0","0/0","0/0","0/0","0/0","0/0","0/0","0/0","0/0","0/0","0/0","0/0","0/0","0/0","0/0","0/0","0/0","0/0","0/0","0/0","0/0","0/0","0/0","0/0","0/1","0/0","0/0","0/0"
"chr2:168106360_GA/G_XIRP2","0/0","0/0","0/0","0/0","0/0","0/0","0/0","0/0","0/0","0/0","0/0","0/0","0/0","0/0","0/0","0/0","0/0","0/0","0/0","0/0","0/0","0/0","0/0","0/0","0/0","0/0","0/0","0/0","0/0","0/0","0/0","0/0","0/0","0/0","0/0","0/0","0/1","0/0","0/0","0/0","0/0","0/0","0/0","0/0","0/0","0/0","0/0","0/0","0/0","0/0","0/0","0/0","0/0","0/0","0/0","0/0","0/0","0/0","0/0","0/0","0/0","0/0","0/0","0/0","0/0","0/0","0/0","0/0","0/0","0/0","0/0","0/0","0/0","0/0","0/0","0/0","0/0","0/0","0/0","0/0","0/0","0/0","0/0","0/0","0/0","0/0","0/0","0/0","0/0","0/0","0/0","0/0","0/0","0/0","0/0","0/0","0/0","0/0","0/0","0/0","0/0","0/0","0/0","0/0","0/0","0/0","0/0","0/0","0/0","0/0","0/0","0/0","0/0","0/0","0/0","0/0","0/0","0/0","0/0","0/0","0/0","0/0","0/0","0/0","0/0","0/0","0/0","0/0","0/0","0/0","0/0","0/0","0/0","0/0","0/0","0/0","0/0","0/0","0/0","0/0","0/0","0/0","0/0","0/0","0/0","0/0","0/0","0/0","0/0","0/0","0/0","0/0","0/0"
"chr2:168114911_AAAGAAATG/A_XIRP2","0/0","0/0","0/0","0/0","0/0","0/0","0/0","0/0","0/1","0/0","0/0","0/0","0/0","0/0","0/0","0/0","0/0","0/0","0/0","0/0","0/0","0/0","0/0","0/0","0/0","0/0","0/0","0/0","0/0","0/0","0/0","0/0","0/0","0/0","0/0","0/0","0/0","0/0","0/0","0/0","0/0","0/0","0/0","0/0","0/0","0/0","0/0","0/0","0/0","0/0","0/0","0/0","0/0","0/0","0/0","0/0","0/0","0/0","0/0","0/0","0/0","0/0","0/0","0/0","0/0","0/0","0/0","0/0","0/0","0/0","0/0","0/0","0/0","0/0","0/0","0/0","0/0","0/0","0/0","0/0","0/0","0/0","0/0","0/0","0/0","0/0","0/0","0/0","0/0","0/0","0/0","0/0","0/0","0/0","0/0","0/0","0/0","0/0","0/0","0/0","0/0","0/0","0/0","0/0","0/0","0/0","0/0","0/0","0/0","0/0","0/0","0/0","0/0","0/0","0/0","0/0","0/0","0/0","0/0","0/0","0/0","0/0","0/0","0/0","0/0","0/0","0/0","0/0","0/0","0/0","0/0","0/0","0/0","0/0","0/0","0/0","0/0","0/0","0/0","0/0","0/0","0/0","0/0","0/0","0/0","0/0","0/0","0/0","0/0","0/0","0/0","0/0","0/0"
"chr2:169103796_C/CGCCGGG_STK39","0/0","0/0","0/0","0/0","0/1","0/1","0/0","0/0","0/0","0/0","0/0","0/0","0/0","0/0","0/0","0/0","0/0","1/1","0/0","0/0","0/0","0/0","0/0","0/1","0/0","0/0","0/0","0/0","0/1","0/1","0/0","0/0","0/0","0/0","0/0","0/0","0/0","0/0","0/0","0/0","0/0","0/0","0/0","0/1","0/0","0/0","1/1","0/1","0/0","0/0","0/0","0/1","0/1","0/0","0/0","0/1","0/0","0/0","0/0","0/0","0/0","0/0","0/0","0/1","0/1","0/0","0/1","0/1","0/1","0/1","0/0","0/0","0/0","0/0","0/0","0/0","0/0","0/0","0/0","0/0","0/0","0/1","0/0","1/1","1/1","0/1","0/1","0/0","0/1","0/1","0/0","0/0","0/0","0/0","0/0","0/0","0/0","0/0","0/1","0/1","0/1","0/1","0/1","0/0","0/0","0/0","0/0","0/0","0/0","0/1","0/1","0/1","0/1","0/1","0/0","0/0","0/0","0/0","0/0","0/0","0/0","0/0","0/0","0/0","0/0","0/0","0/1","0/1","0/1","0/1","0/0","0/0","0/1","0/0","0/1","0/0","0/0","0/0","1/1","1/1","1/1","0/0","0/0","0/0","0/0","0/0","0/1","1/1","0/1","0/1","0/1","0/1","0/1"
"chr2:169103865_GGCC/G_STK39","0/0","0/0","0/0","0/0","0/0","0/0","0/0","0/0","0/0","0/0","0/0","0/0","0/0","0/0","0/0","0/0","0/0","0/0","0/0","0/0","0/0","0/0","0/0","0/0","0/0","0/0","0/0","0/0","0/0","0/0","0/0","0/0","0/0","0/0","0/0","0/0","0/0","0/0","0/0","0/0","0/0","0/0","0/0","0/0","0/0","0/0","0/0","0/0","0/0","0/0","0/0","0/0","0/0","0/0","0/0","0/0","0/0","0/0","0/0","0/0","0/0","0/0","0/0","0/0","0/0","0/0","0/0","0/0","0/0","0/0","0/0","0/0","0/0","0/0","0/0","0/0","0/0","0/0","0/0","0/0","0/0","0/0","0/0","0/0","0/1","0/0","0/0","0/0","0/0","0/0","0/0","0/0","0/0","0/0","0/0","0/0","0/0","0/0","0/0","0/0","0/0","0/0","0/0","0/0","0/0","0/0","0/0","0/0","0/0","0/0","0/0","0/0","0/0","0/0","0/0","0/0","0/0","0/0","0/0","0/0","0/1","0/0","0/0","0/0","0/0","0/0","0/0","0/0","0/0","0/0","0/0","0/0","0/0","0/0","0/0","0/0","0/0","0/0","0/0","0/0","0/0","0/0","0/0","0/0","0/0","0/0","0/0","0/0","0/0","0/0","0/0","0/0","0/0"
"chr2:170396560_CT/C_FASTKD1","0/0","0/0","0/0","0/0","0/0","0/0","0/0","0/0","0/0","0/0","0/0","0/0","0/0","0/0","0/0","0/0","0/0","0/0","0/0","0/0","0/0","0/0","0/0","0/0","0/0","0/0","0/0","0/0","0/0","0/0","0/0","0/0","0/0","0/0","0/0","0/0","0/0","0/0","0/0","0/0","0/0","0/0","0/0","0/0","0/0","0/0","0/0","0/0","0/0","0/0","0/0","0/0","0/0","0/0","0/0","0/0","0/1","0/0","0/0","0/0","0/0","0/0","0/0","0/0","0/0","0/0","0/0","0/0","0/0","0/0","0/0","0/0","0/0","0/0","0/0","0/0","0/0","0/0","0/0","0/0","0/0","0/0","0/0","0/0","0/0","0/0","0/0","0/0","0/0","0/0","0/0","0/0","0/0","0/0","0/0","0/0","0/0","0/0","0/0","0/0","0/0","0/0","0/0","0/0","0/0","0/0","0/0","0/0","0/0","0/0","0/0","0/0","0/0","0/0","0/0","0/0","0/0","0/0","0/0","0/0","0/0","0/0","0/0","0/0","0/0","0/0","0/0","0/0","0/0","0/0","0/0","0/0","0/0","0/0","0/0","0/0","0/0","0/0","0/0","0/0","0/0","0/0","0/0","0/0","0/0","0/0","0/0","0/0","0/0","0/0","0/0","0/0","0/0"
"chr2:170487311_AATC/A_PPIG","0/0","0/0","0/0","0/0","0/0","0/0","0/0","0/0","0/0","0/0","0/0","0/0","0/0","0/0","0/0","0/0","0/0","0/0","0/0","0/0","0/0","0/0","0/0","0/1","0/0","0/0","0/0","0/0","0/0","0/0","0/0","0/0","0/0","0/0","0/0","0/0","0/0","0/0","0/0","0/0","0/0","0/0","0/0","0/0","0/0","0/0","0/0","0/0","0/0","0/0","0/0","0/0","0/0","0/0","0/0","0/0","0/0","0/0","0/0","0/0","0/0","0/0","0/0","0/0","0/0","0/0","0/0","0/0","0/0","0/0","0/0","0/0","0/0","0/0","0/0","0/0","0/0","0/0","0/0","0/0","0/0","0/0","0/0","0/0","0/0","0/0","0/0","0/0","0/0","0/0","0/0","0/0","0/0","0/0","0/0","0/0","0/0","0/0","0/0","0/0","0/0","0/0","0/0","0/0","0/0","0/0","0/0","0/0","0/0","0/0","0/0","0/0","0/0","0/0","0/0","0/0","0/0","0/0","0/0","0/0","0/0","0/0","0/0","0/0","0/0","0/0","0/0","0/0","0/0","0/0","0/0","0/0","0/0","0/0","0/0","0/0","0/0","0/0","0/0","0/0","0/0","0/0","0/0","0/0","0/0","0/0","0/0","0/0","0/0","0/0","0/0","0/0","0/0"
"chr2:170558063_TG/T_PHOSPHO2","0/0","0/0","0/0","0/0","0/0","0/0","0/0","0/0","0/0","0/0","0/0","0/0","0/0","0/0","0/0","0/0","0/0","0/0","0/0","0/0","0/0","0/0","0/0","0/0","0/0","0/0","0/0","0/0","0/0","0/0","0/0","0/0","0/0","0/0","0/0","0/0","0/0","0/0","0/0","0/0","0/0","0/0","0/0","0/0","0/0","0/0","0/0","0/0","0/0","0/0","0/0","0/0","0/0","0/0","0/0","0/0","0/0","0/0","0/0","0/0","0/0","0/0","0/0","0/0","0/0","0/0","0/0","0/0","0/0","0/0","0/0","0/0","0/0","0/0","0/0","0/0","0/0","0/1","0/0","0/0","0/0","0/0","0/0","0/0","0/0","0/0","0/0","0/0","0/0","0/0","0/0","0/0","0/0","0/0","0/0","0/0","0/0","0/0","0/0","0/0","0/0","0/0","0/0","0/0","0/0","0/0","0/0","0/0","0/0","0/0","0/0","0/0","0/0","0/0","0/0","0/0","0/0","0/0","0/0","0/0","0/0","0/0","0/0","0/0","0/0","0/0","0/0","0/0","0/0","0/0","0/0","0/0","0/0","0/0","0/0","0/0","0/0","0/0","0/0","0/0","0/0","0/0","0/0","0/0","0/0","0/0","0/0","0/0","0/0","0/0","0/0","0/0","0/0"
"chr2:171240246_A/ATT_MYO3B","0/0","0/0","0/0","0/0","0/0","0/0","0/0","0/0","0/0","0/0","0/0","0/0","0/0","0/0","0/0","0/0","0/0","0/0","0/0","0/0","0/0","0/0","0/0","0/0","0/0","0/0","0/0","0/0","0/0","0/0","0/0","0/0","0/0","0/0","0/0","0/0","0/0","0/0","0/0","0/0","0/0","0/0","0/0","0/0","0/0","0/0","0/0","0/0","0/0","0/0","0/0","0/0","0/0","0/0","0/0","0/0","0/0","0/0","0/0","0/0","0/0","0/0","0/1","0/0","0/0","0/0","0/0","0/0","0/0","0/0","0/0","0/0","0/0","0/0","0/0","0/0","0/0","0/0","0/0","0/0","0/0","0/0","0/0","0/0","0/0","0/0","0/0","0/0","0/0","0/0","0/0","0/0","0/0","0/0","0/0","0/0","0/0","0/0","0/0","0/0","0/0","0/0","0/0","0/0","0/0","0/0","0/0","0/0","0/0","0/0","0/0","0/0","0/0","0/0","0/0","0/0","0/0","0/0","0/0","0/0","0/0","0/0","0/0","0/0","0/0","0/0","0/0","0/0","0/0","0/0","0/0","0/0","0/0","0/0","0/0","0/0","0/0","0/0","0/0","0/0","0/0","0/0","0/0","0/0","0/0","0/0","0/0","0/0","0/0","0/0","0/0","0/0","0/0"
"chr2:171573499_AG/A_SP5","0/0","0/0","0/0","0/0","0/0","0/0","0/0","0/0","0/0","0/0","0/0","0/0","0/0","0/0","0/0","0/0","0/0","0/0","0/0","0/0","0/0","0/0","0/0","0/0","0/0","0/0","0/0","0/0","0/0","0/0","0/0","0/0","0/0","0/0","0/1","0/0","0/0","0/0","0/0","0/0","0/0","0/0","0/0","0/0","0/0","0/0","0/0","0/0","0/0","0/0","0/0","0/0","0/0","0/0","0/0","0/0","0/0","0/0","0/0","0/0","0/0","0/0","0/0","0/0","0/0","0/0","0/0","0/0","0/0","0/0","0/0","0/0","0/0","0/0","0/0","0/0","0/0","0/0","0/0","0/0","0/0","0/0","0/0","0/0","0/0","0/0","0/0","0/0","0/0","0/0","0/0","0/0","0/0","0/0","0/0","0/0","0/0","0/0","0/0","0/0","0/0","0/0","0/0","0/0","0/0","0/0","0/0","0/0","0/0","0/0","0/0","0/0","0/0","0/0","0/0","0/0","0/0","0/0","0/0","0/0","0/0","0/0","0/0","0/0","0/0","0/0","0/0","0/0","0/0","0/0","0/0","0/0","0/0","0/0","0/0","0/0","0/0","0/0","0/0","0/0","0/0","0/0","0/0","0/0","0/0","0/0","0/0","0/0","0/0","0/0","0/0","0/0","0/0"
"chr2:171627497_G/GCCCCCGCCACCT_ERICH2","0/0","0/0","0/0","0/0","0/0","0/0","0/0","0/0","0/0","0/0","0/0","0/0","0/0","0/0","0/0","0/0","0/0","0/0","0/0","0/0","0/0","0/0","0/0","0/0","0/0","0/0","0/0","0/0","0/0","0/0","0/0","0/0","0/0","0/0","0/0","0/0","0/0","0/0","0/0","0/0","0/0","0/0","0/0","0/0","0/0","0/0","0/0","0/0","0/0","0/0","0/0","0/0","0/0","0/0","0/0","0/0","0/0","0/0","0/0","0/0","0/0","0/0","0/0","0/0","0/0","0/0","0/0","0/0","0/0","0/0","0/0","0/0","0/0","0/0","0/0","0/1","0/1","0/0","0/0","0/0","0/0","0/0","0/0","0/0","0/0","0/0","0/0","0/0","0/0","0/0","0/0","0/0","0/0","0/0","0/0","0/0","0/0","0/0","0/0","0/0","0/0","0/0","0/0","0/0","0/0","0/0","0/0","0/0","0/0","0/0","0/0","0/0","0/0","0/0","0/0","0/0","0/0","0/0","0/0","0/0","0/0","0/0","0/0","0/0","0/0","0/0","0/0","0/0","0/0","0/0","0/0","0/0","0/0","0/0","0/0","0/0","0/0","0/0","0/0","0/0","0/0","0/0","0/0","0/0","0/0","0/0","0/0","0/0","0/0","0/0","0/0","0/0","0/0"
"chr2:172967128_G/GGCT_DLX2","0/0","0/0","0/0","0/0","0/0","0/0","0/0","0/0","0/0","0/1","0/0","0/0","0/0","0/0","0/0","0/0","0/0","0/0","0/0","0/0","0/0","0/0","0/0","0/0","0/0","0/1","0/0","0/0","0/0","0/0","0/1","0/0","0/0","0/0","0/0","0/0","0/0","0/0","0/0","0/0","0/0","0/0","0/1","0/0","0/0","0/0","0/0","0/0","0/0","0/0","0/0","0/0","0/0","0/0","0/0","0/0","0/0","0/0","0/0","0/0","0/0","0/0","0/0","0/0","0/0","0/0","0/0","0/0","0/0","0/0","0/0","0/0","0/0","0/0","0/0","0/0","0/0","0/0","0/0","0/0","0/0","0/0","0/0","0/0","0/0","0/0","0/0","0/0","0/0","0/0","0/0","0/1","0/1","0/1","0/1","0/0","0/0","0/0","0/0","0/0","0/0","0/0","0/0","0/0","0/0","0/0","0/0","0/0","0/0","0/0","0/0","0/0","0/0","0/0","0/0","0/0","0/0","0/0","0/0","0/0","0/0","0/0","0/0","0/0","0/0","0/0","0/0","0/0","0/0","0/0","0/0","0/0","0/0","0/0","0/0","0/0","0/0","0/0","0/0","0/0","0/0","0/0","0/0","0/0","0/0","0/0","0/0","0/0","0/0","0/0","0/0","0/0","0/0"
"chr2:173337540_G/GA_ITGA6","0/0","0/0","0/0","0/0","0/0","0/0","0/0","0/0","0/0","0/0","0/0","0/0","0/0","0/0","0/0","0/0","0/0","0/0","0/0","0/0","0/0","0/0","0/0","0/0","0/0","0/0","0/0","0/0","0/0","0/0","0/0","0/0","0/0","0/0","0/0","0/0","0/0","0/0","0/1","0/0","0/0","0/0","0/0","0/0","0/0","0/0","0/0","0/0","0/0","0/0","0/0","0/0","0/0","0/0","0/0","0/0","0/0","0/0","0/0","0/0","0/0","0/0","0/0","0/0","0/0","0/0","0/0","0/0","0/0","0/0","0/0","0/0","0/0","0/0","0/0","0/0","0/0","0/0","0/0","0/0","0/0","0/0","0/0","0/0","0/0","0/1","0/1","0/0","0/0","0/0","0/0","0/0","0/0","0/0","0/0","0/0","0/0","0/0","0/0","0/0","0/0","0/0","0/0","0/0","0/0","0/0","0/0","0/0","0/0","0/0","0/0","0/0","0/0","0/0","0/0","0/0","0/0","0/0","0/0","0/0","0/0","0/0","0/0","0/0","0/0","0/0","0/0","0/0","0/0","0/0","0/0","0/0","0/0","0/0","0/0","0/0","0/0","0/0","0/0","0/0","0/0","0/0","0/0","0/0","0/0","0/0","0/0","0/0","0/0","0/0","0/0","0/0","0/0"
"chr2:173368930_G/GA_ITGA6","0/0","0/0","0/0","0/0","0/0","0/0","0/0","0/0","0/0","0/0","0/0","0/0","0/0","0/0","0/0","0/0","0/0","0/0","0/0","0/0","0/0","0/0","0/0","0/0","0/0","0/0","0/0","0/0","0/0","0/0","0/0","0/0","0/0","0/1","0/0","0/0","0/0","0/0","0/0","0/0","0/0","0/0","0/0","0/0","0/0","0/0","0/0","0/0","0/0","0/0","0/0","0/1","0/1","0/0","0/0","0/1","0/0","0/0","0/0","0/0","0/0","0/0","0/0","0/0","0/0","0/0","0/0","0/0","0/0","0/0","0/0","0/0","0/0","0/0","0/0","0/0","0/0","0/0","0/0","0/0","0/0","0/0","0/0","0/0","0/0","0/0","0/0","0/0","0/0","0/0","0/0","0/0","0/0","0/0","0/0","0/0","0/0","0/0","0/0","0/0","0/0","0/0","0/0","0/1","0/1","0/0","0/0","0/0","0/0","0/0","0/0","0/0","0/0","0/0","0/0","0/0","0/0","0/0","0/0","0/0","0/0","0/0","0/0","0/0","0/0","0/0","0/0","0/0","0/0","0/0","0/0","0/0","0/0","0/0","0/0","0/0","0/0","0/0","0/0","0/0","0/0","0/0","0/0","0/0","0/0","0/0","0/0","0/0","0/0","0/0","0/0","0/0","0/0"
"chr2:174131397_GA/G_ZAK","0/0","0/0","0/0","0/0","0/0","0/0","0/0","0/0","0/0","0/0","0/0","0/0","0/0","0/0","0/0","0/0","0/0","0/0","0/0","0/0","0/0","0/0","0/0","0/0","0/0","0/0","0/0","0/0","0/0","0/0","0/0","0/0","0/0","0/0","0/0","0/0","0/0","0/0","0/0","0/0","0/0","0/0","0/0","0/0","0/0","0/0","0/0","0/0","0/0","0/0","0/0","0/0","0/0","0/0","0/0","0/0","0/0","0/0","0/0","0/0","0/0","0/0","0/0","0/0","0/0","0/0","0/0","0/0","0/0","0/0","0/0","0/0","0/0","0/0","0/0","0/0","0/0","0/0","0/0","0/0","0/0","0/0","0/0","0/0","0/0","0/0","0/0","0/0","0/0","0/0","0/0","0/0","0/0","0/0","0/0","0/0","0/0","0/0","0/0","0/0","0/0","0/0","0/0","0/0","0/0","0/0","0/0","0/0","0/0","0/0","0/0","0/0","0/0","0/0","0/0","0/0","0/0","0/0","0/0","0/0","0/0","0/0","0/0","0/0","0/0","0/0","0/0","0/0","0/0","0/0","0/0","0/0","0/0","0/0","0/1","0/0","0/0","0/0","0/0","0/0","0/0","0/0","0/0","0/0","0/0","0/0","0/0","0/0","0/0","0/0","0/0","0/0","0/0"
"chr2:175213774_AGAG/A_CIR1","0/0","0/0","0/0","0/0","0/0","0/0","0/0","0/0","0/0","0/0","0/0","0/0","0/0","0/0","0/0","0/0","0/1","0/0","0/0","0/0","0/0","0/0","0/0","0/0","0/0","0/0","0/0","0/0","0/0","0/0","0/0","0/0","0/0","0/0","0/0","0/0","0/0","0/0","0/0","0/0","0/0","0/0","0/0","0/0","0/0","0/0","0/0","0/0","0/0","0/0","0/0","0/0","0/0","0/0","0/0","0/0","0/0","0/0","0/0","0/0","0/0","0/0","0/0","0/1","0/0","0/0","0/0","0/0","0/0","0/0","0/0","0/0","0/0","0/0","0/0","0/0","0/0","0/0","0/0","0/0","0/0","0/0","0/0","0/0","0/0","0/0","0/0","0/0","0/0","0/0","0/0","0/0","0/0","0/0","0/0","0/0","0/0","0/0","0/0","0/0","0/0","0/0","0/0","0/0","0/0","0/0","0/0","0/0","0/0","0/0","0/0","0/0","0/0","0/0","0/0","0/0","0/0","0/0","0/1","0/0","0/1","0/1","0/0","0/0","0/0","0/0","0/0","0/0","0/0","0/0","0/0","0/0","0/0","0/0","0/0","0/0","0/0","0/0","0/0","0/0","0/0","0/0","0/0","0/0","0/0","0/0","0/0","0/0","0/0","0/0","0/0","0/0","0/0"
"chr2:175292580_TTCAAATTTATCAG/T_SCRN3","0/0","0/0","0/0","0/0","0/0","0/0","0/0","0/0","0/0","0/1","0/1","0/0","0/0","0/0","0/0","0/0","0/1","0/1","0/0","0/0","0/0","0/0","0/0","0/1","1/1","0/0","0/0","0/1","0/1","0/1","0/0","0/1","0/0","0/0","0/1","0/0","0/0","0/0","0/1","0/0","0/1","0/0","0/0","1/1","0/0","0/0","0/0","0/0","0/1","0/0","0/0","0/0","0/0","0/0","0/0","0/0","0/0","0/1","0/1","0/1","0/0","0/0","0/0","0/1","0/1","0/0","0/0","0/0","0/0","0/0","0/0","0/0","0/0","0/0","0/0","0/0","0/0","0/0","0/0","0/1","0/1","0/1","0/0","0/0","0/0","0/0","0/0","0/1","0/0","0/0","0/1","0/1","0/1","0/0","0/0","0/1","0/1","0/0","0/1","0/1","0/0","0/1","0/0","0/0","0/0","0/0","0/0","0/0","0/0","0/1","0/0","0/1","0/1","0/0","0/1","0/1","0/0","0/0","0/1","0/0","0/1","0/1","0/1","0/0","1/1","1/1","0/0","0/0","0/0","0/0","0/0","0/0","0/0","0/1","0/0","0/0","0/1","0/1","0/0","0/0","0/0","0/0","0/0","0/0","0/0","0/0","0/0","0/0","0/0","0/0","0/0","0/0","0/0"
"chr2:176945009_ACCG/A_EVX2","0/0","0/0","0/0","0/0","0/0","0/0","0/0","0/0","0/0","0/0","0/0","0/0","0/0","0/0","0/0","0/0","0/0","0/0","0/0","0/0","0/0","0/0","0/0","0/0","0/0","0/0","0/0","0/0","0/0","0/0","0/0","0/0","0/0","0/0","0/0","0/0","0/0","0/0","0/0","0/0","0/0","0/0","0/0","0/0","0/0","0/0","0/0","0/0","0/0","0/1","0/0","0/0","0/0","0/0","0/0","0/0","0/0","0/0","0/0","0/0","0/0","0/0","0/0","0/0","0/0","0/0","0/0","0/0","0/0","0/0","0/0","0/0","0/0","0/0","0/0","0/0","0/0","0/0","0/0","0/0","0/0","0/0","0/0","0/0","0/0","0/0","0/0","0/0","0/0","0/0","0/0","0/0","0/0","0/0","0/0","0/0","0/0","0/0","0/0","0/0","0/0","0/0","0/0","0/0","0/0","0/0","0/0","0/0","0/0","0/0","0/0","0/0","0/0","0/0","0/0","0/0","0/0","0/0","0/0","0/0","0/0","0/0","0/0","0/0","0/0","0/0","0/0","0/0","0/0","0/0","0/0","0/0","0/0","0/0","0/0","0/0","0/0","0/0","0/0","0/0","0/0","0/0","0/0","0/0","0/0","0/0","0/0","0/0","0/0","0/0","0/0","0/0","0/0"
"chr2:176945341_AAGCCGCGGCCGCCGCGCCTGAGGCTGC/A_EVX2","0/0","0/0","0/0","0/0","0/0","0/0","0/0","0/0","0/0","0/0","0/0","0/0","0/0","0/0","0/0","0/0","0/0","0/0","0/0","0/0","0/0","0/0","0/0","0/0","0/0","0/0","0/0","0/0","0/0","0/0","0/0","0/0","0/0","0/0","0/0","0/0","0/0","0/0","0/0","0/0","0/0","0/0","0/0","0/0","0/0","0/0","0/0","0/0","0/0","0/0","0/0","0/0","0/0","0/0","0/0","0/0","0/0","0/0","0/0","0/0","0/0","0/0","0/0","0/0","0/0","0/0","0/0","0/0","0/0","0/0","0/0","0/0","0/0","0/0","0/0","0/0","0/0","0/0","0/0","0/0","0/0","0/0","0/0","0/0","0/0","0/0","0/0","0/0","0/0","0/0","0/0","0/0","0/0","0/1","0/1","0/0","0/0","0/0","0/0","0/0","0/0","0/0","0/0","0/0","0/0","0/0","0/0","0/0","0/0","0/0","0/0","0/0","0/0","0/0","0/0","0/0","0/0","0/0","0/0","0/0","0/0","0/0","0/0","0/0","0/0","0/0","0/0","0/0","0/0","0/0","0/0","0/0","0/0","0/0","0/0","0/0","0/0","0/0","0/0","0/0","0/0","0/0","0/0","0/0","0/0","0/0","0/0","0/0","0/0","0/0","0/0","0/0","0/0"
"chr2:176957785_GGGCGGCGGCGGC/G_HOXD13","0/0","0/0","0/0","0/0","0/0","0/0","0/0","0/0","0/0","0/0","0/0","0/0","0/0","0/0","0/0","0/0","0/0","0/0","0/0","0/0","0/0","0/0","0/0","0/0","0/0","0/0","0/0","0/0","0/1","0/0","0/0","0/0","0/0","0/0","0/0","0/0","0/0","0/0","0/0","0/0","0/0","0/0","0/0","0/0","0/0","0/0","0/0","0/0","0/0","0/0","0/0","0/0","0/0","0/0","0/0","0/0","0/0","0/0","0/0","0/0","0/0","0/0","0/0","0/0","0/0","0/0","0/0","0/0","0/0","0/0","0/0","0/0","0/0","0/0","0/0","0/0","0/0","0/0","0/0","0/0","0/0","0/0","0/0","0/0","0/0","0/0","0/0","0/0","0/0","0/0","0/0","0/0","0/0","0/0","0/0","0/0","0/0","0/0","0/0","0/0","0/0","0/0","0/0","0/0","0/0","0/0","0/0","0/0","0/0","0/0","0/0","0/0","0/0","0/0","0/0","0/0","0/0","0/0","0/0","0/0","0/0","0/0","0/0","0/0","0/0","0/0","0/0","0/0","0/0","0/0","0/0","0/0","0/0","0/0","0/0","0/0","0/0","0/0","0/0","0/0","0/0","0/0","0/0","0/0","0/0","0/0","0/0","0/0","0/0","0/0","0/0","0/0","0/0"
"chr2:176988290_C/CGCA_HOXD9","1/1","1/1","1/1","0/0","0/1","0/1","0/0","0/0","0/0","0/0","1/1","0/0","0/1","1/1","0/1","0/0","0/1","0/1","0/1","0/0","0/0","0/1","1/1","0/0","0/0","0/0","0/0","0/1","0/1","1/1","0/0","0/0","0/1","0/0","1/1","0/1","0/1","0/1","0/1","1/1","0/0","1/1","0/0","0/1","0/1","0/1","0/0","0/1","0/1","0/1","0/1","0/1","1/1","0/0","0/1","0/0","0/1","1/1","0/1","0/1","1/1","0/1","0/1","0/0","0/0","0/1","0/1","0/0","0/0","0/1","0/1","0/1","0/1","1/1","1/1","1/1","1/1","0/1","0/1","0/1","0/1","0/1","0/1","0/0","0/0","0/1","0/1","0/0","1/1","1/1","0/0","0/0","0/0","0/1","0/1","0/0","0/0","0/0","0/1","0/1","0/1","0/0","0/1","0/1","0/1","1/1","1/1","0/1","0/1","0/0","0/0","1/1","1/1","0/1","0/1","0/0","0/0","0/1","1/1","0/1","1/1","1/1","0/0","0/1","0/1","0/1","0/1","0/1","0/0","0/0","0/0","0/0","0/0","0/1","0/0","0/0","0/1","0/1","0/0","0/0","0/0","0/0","0/0","0/1","0/1","0/1","1/1","1/1","1/1","0/0","0/0","0/0","0/0"
"chr2:178095953_TAAGTTCATCTCTTGTGAG/T_NFE2L2","0/0","0/0","0/0","0/0","0/0","0/0","0/0","0/0","0/0","0/0","0/0","0/0","0/0","0/0","0/0","0/0","0/0","0/0","0/0","0/0","0/0","0/0","0/0","0/0","0/0","0/0","0/0","0/0","0/0","0/0","0/0","0/0","0/0","0/0","0/0","0/0","0/0","0/0","0/0","0/0","0/0","0/0","0/0","0/0","0/0","0/0","0/0","0/0","0/0","0/0","0/0","0/0","0/0","0/0","0/0","0/0","0/0","0/0","0/0","0/0","0/0","0/0","0/0","0/0","0/0","0/0","0/0","0/0","0/0","0/0","0/0","0/0","0/0","0/0","0/0","0/0","0/0","0/0","0/0","0/0","0/0","0/0","0/0","0/0","0/0","0/0","0/0","0/0","0/0","0/0","0/0","0/0","0/0","0/0","0/0","0/0","0/0","0/0","0/0","0/0","0/0","0/0","0/0","0/0","0/0","0/0","0/0","0/0","0/0","0/0","0/0","0/0","0/0","0/0","0/0","0/0","0/0","0/0","0/0","0/0","0/0","0/0","0/0","0/0","0/0","0/0","0/0","0/0","0/0","0/0","0/0","0/0","0/0","0/0","0/0","0/0","0/0","0/0","0/0","0/0","0/0","0/0","0/0","0/1","0/0","0/0","0/0","0/0","0/0","0/0","0/0","0/0","0/0"
"chr2:178494173_G/GGGA_PDE11A","1/1","1/1","1/1","0/0","1/1","1/1","1/1","1/1","1/1","0/1","0/1","1/1","0/1","0/1","1/1","1/1","0/1","0/1","0/1","0/1","0/1","0/0","1/1","0/1","1/1","0/0","0/1","1/1","0/1","1/1","1/1","1/1","0/1","0/1","1/1","0/1","0/1","0/1","1/1","0/1","1/1","0/1","0/1","0/1","0/1","0/1","0/1","0/0","0/1","1/1","1/1","1/1","0/1","1/1","0/1","0/1","1/1","0/1","0/1","0/1","0/1","0/1","1/1","0/1","0/1","1/1","0/1","1/1","1/1","0/1","1/1","0/1","0/1","0/1","0/1","1/1","1/1","0/1","0/1","1/1","1/1","1/1","1/1","1/1","1/1","1/1","1/1","0/1","1/1","1/1","0/0","0/1","0/1","0/0","0/0","0/1","0/1","1/1","0/1","0/1","0/1","0/1","0/1","0/1","0/1","1/1","1/1","0/1","0/1","0/1","0/0","1/1","1/1","1/1","1/1","1/1","1/1","1/1","0/0","1/1","0/0","0/0","1/1","1/1","1/1","1/1","1/1","1/1","1/1","1/1","1/1","1/1","1/1","0/1","1/1","1/1","0/1","0/1","0/1","0/1","0/1","1/1","1/1","1/1","1/1","1/1","0/1","0/1","0/1","0/1","0/1","0/1","0/1"
"chr2:179306429_T/TTCCAGTTTCCATAAATGACTCTAGCCTGCAAATTGTAGTATATTCTCTCTTATGAGCAGGTCCTCCC_PRKRA","0/0","0/0","0/0","0/0","0/0","0/0","0/0","0/0","0/0","0/0","0/0","0/0","0/0","0/0","0/0","0/0","0/0","0/0","0/0","0/0","0/0","0/0","0/0","0/0","0/0","0/0","0/0","0/0","0/0","0/0","0/0","0/0","0/0","0/0","0/0","0/0","0/0","0/0","0/0","0/0","0/0","0/0","0/0","0/0","0/0","0/0","0/0","0/0","0/0","0/0","0/0","0/0","0/0","0/0","0/0","0/0","0/0","0/0","0/0","0/0","0/0","0/0","0/0","0/0","0/0","0/0","0/0","0/0","0/0","0/0","0/0","0/0","0/0","0/0","0/0","0/0","0/0","0/0","0/0","0/0","0/0","0/0","0/0","0/0","0/0","0/0","0/0","0/0","0/0","0/0","0/0","0/0","0/0","0/0","0/0","0/0","0/0","0/0","0/0","0/0","0/0","0/0","0/0","0/0","0/0","0/0","0/0","0/0","0/0","0/0","0/0","0/0","0/0","0/0","0/0","0/0","0/0","0/0","0/0","0/0","0/0","0/1","0/0","0/0","0/0","0/0","0/0","0/0","0/0","0/0","0/0","0/0","0/0","0/0","0/0","0/0","0/0","0/0","0/0","0/0","0/0","0/0","0/0","0/0","0/0","0/0","0/0","0/0","0/0","0/0","0/0","0/0","0/0"
"chr2:179481216_GT/G_TTN","0/0","0/0","0/0","0/0","0/0","0/0","0/0","0/0","0/0","0/0","0/0","0/0","0/0","0/0","0/0","0/0","0/0","0/0","0/0","0/0","0/0","0/0","0/0","0/0","0/0","0/0","0/0","0/0","0/0","0/0","0/0","0/0","0/0","0/0","0/0","0/0","0/1","0/0","0/0","0/0","0/0","0/0","0/0","0/0","0/0","0/0","0/0","0/0","0/0","0/0","0/0","0/0","0/0","0/0","0/0","0/0","0/0","0/0","0/0","0/0","0/0","0/0","0/0","0/0","0/0","0/0","0/0","0/0","0/0","0/0","0/0","0/0","0/0","0/0","0/0","0/0","0/0","0/0","0/0","0/0","0/0","0/0","0/0","0/0","0/0","0/0","0/0","0/0","0/0","0/0","0/0","0/0","0/0","0/0","0/0","0/0","0/0","0/0","0/0","0/0","0/0","0/0","0/0","0/0","0/0","0/0","0/0","0/0","0/0","0/0","0/0","0/0","0/0","0/0","0/0","0/0","0/0","0/0","0/0","0/0","0/0","0/0","0/0","0/0","0/0","0/0","0/0","0/0","0/0","0/0","0/0","0/0","0/0","0/0","0/0","0/0","0/0","0/0","0/0","0/0","0/0","0/0","0/0","0/0","0/0","0/0","0/0","0/0","0/0","0/0","0/0","0/0","0/0"
"chr2:179514941_TTTTCCTCTTCAGGAGCAA/T_TTN","0/0","0/0","0/0","0/0","0/0","0/0","0/0","0/0","0/0","0/0","0/0","0/0","0/0","0/0","0/0","0/0","0/0","0/0","0/0","0/0","0/0","0/0","0/0","0/0","0/0","0/0","0/0","0/0","0/0","0/0","0/0","0/0","0/0","0/0","0/0","0/0","0/0","0/0","0/0","0/0","0/0","0/0","0/0","0/0","0/0","0/0","0/0","0/0","0/0","0/0","0/0","0/0","0/0","0/0","0/0","0/1","0/0","0/0","0/1","0/0","0/0","0/0","0/0","0/0","0/0","0/0","0/0","0/0","0/0","0/0","0/0","0/0","0/0","0/0","0/0","0/0","0/0","0/0","0/0","0/0","0/0","0/0","0/0","0/0","0/0","0/0","0/0","0/0","0/0","0/0","0/0","0/0","0/0","0/0","0/0","0/0","0/0","0/0","0/0","0/0","0/0","0/0","0/0","0/0","0/0","0/0","0/0","0/0","0/0","0/0","0/0","0/0","0/0","0/0","0/0","0/0","0/0","0/0","0/0","0/0","0/0","0/0","0/0","0/0","0/0","0/0","0/0","0/0","0/0","0/0","0/0","0/0","0/0","0/0","0/0","0/0","0/0","0/0","0/0","0/0","0/0","0/0","0/0","0/0","0/0","0/0","0/0","0/0","0/0","0/0","0/0","0/0","0/0"
"chr2:179529455_GCTT/G_TTN","0/1","0/0","0/0","0/0","0/0","0/0","0/0","0/0","0/0","0/0","0/0","0/0","0/0","0/0","0/0","0/0","0/0","0/0","0/0","0/0","0/0","0/0","0/0","0/0","0/0","0/0","0/0","0/0","0/0","0/0","0/0","0/0","0/0","0/0","0/0","0/0","0/0","0/0","0/0","0/0","0/0","0/0","0/0","0/0","0/0","0/0","0/0","0/0","0/0","0/0","0/0","0/0","0/0","0/0","0/0","0/0","0/0","0/0","0/0","0/0","0/0","0/0","0/0","0/0","0/0","0/0","0/0","0/0","0/0","0/0","0/0","0/0","0/0","0/0","0/0","0/0","0/0","0/0","0/0","0/0","0/0","0/0","0/0","0/0","0/0","0/0","0/0","0/0","0/0","0/0","0/0","0/0","0/0","0/0","0/0","0/0","0/0","0/0","0/0","0/0","0/0","0/0","0/0","0/0","0/0","0/0","0/0","0/0","0/0","0/0","0/0","0/0","0/0","0/0","0/0","0/0","0/0","0/0","0/0","0/0","0/0","0/0","0/0","0/0","0/0","0/0","0/0","0/0","0/0","0/0","0/0","0/0","0/0","0/0","0/0","0/0","0/0","0/0","0/0","0/0","0/0","0/0","0/0","0/0","0/0","0/0","0/0","0/0","0/0","0/0","0/0","0/0","0/0"
"chr2:179540684_CCACTTTCTTCTCTGT/C_TTN","0/0","0/0","0/0","0/0","0/0","0/0","0/0","0/0","0/0","0/0","0/0","0/0","0/0","0/0","0/0","0/0","0/0","0/0","0/0","0/0","0/0","0/0","0/0","0/0","0/0","0/0","0/0","0/0","0/0","0/0","0/0","0/0","0/0","0/0","0/0","0/0","0/0","0/0","0/0","0/0","0/0","0/0","0/0","0/0","0/0","0/0","0/0","0/0","0/0","0/0","0/0","0/0","0/0","0/0","0/0","0/0","0/0","0/1","0/0","0/0","0/0","0/0","0/0","0/0","0/0","0/0","0/0","0/0","0/0","0/0","0/0","0/0","0/0","0/0","0/0","0/0","0/0","0/0","0/0","0/0","0/0","0/0","0/0","0/0","0/0","0/0","0/0","0/0","0/0","0/0","0/0","0/0","0/0","0/0","0/0","0/0","0/0","0/0","0/0","0/0","0/0","0/0","0/0","0/0","0/0","0/0","0/0","0/0","0/0","0/0","0/0","0/0","0/0","0/0","0/0","0/0","0/0","0/0","0/0","0/0","0/0","0/0","0/0","0/0","0/0","0/0","0/0","0/0","0/0","0/0","0/0","0/0","0/0","0/0","0/0","0/0","0/0","0/0","0/0","0/0","0/0","0/0","0/0","0/0","0/0","0/0","0/0","0/0","0/0","0/0","0/0","0/0","0/0"
"chr2:182343547_CA/C_ITGA4","0/0","0/0","0/0","0/0","0/0","0/0","0/0","0/0","0/0","0/0","0/0","0/0","0/0","0/0","0/0","0/0","0/0","0/0","0/0","0/0","0/0","0/0","0/0","0/0","0/0","0/0","0/0","0/0","0/0","0/0","0/0","0/0","0/0","0/0","0/0","0/0","0/0","0/0","0/0","0/0","0/0","0/0","0/0","0/0","0/0","0/0","0/0","0/0","0/0","0/0","0/0","0/0","0/0","0/0","0/0","0/0","0/0","0/0","0/0","0/0","0/0","0/0","0/0","0/0","0/0","0/0","0/0","0/0","0/0","0/0","0/0","0/0","0/0","0/0","0/0","0/0","0/0","0/0","0/0","0/0","0/0","0/0","0/0","0/0","0/0","0/0","0/0","0/0","0/0","0/0","0/0","0/0","0/0","0/0","0/0","0/0","0/0","0/0","0/0","0/0","0/0","0/0","0/0","0/0","0/1","0/0","0/0","0/0","0/0","0/0","0/0","0/0","0/0","0/0","0/0","0/0","0/0","0/0","0/0","0/0","0/0","0/0","0/0","0/0","0/0","0/0","0/0","0/0","0/0","0/0","0/0","0/0","0/0","0/0","0/0","0/0","0/0","0/0","0/0","0/0","0/0","0/0","0/0","0/0","0/0","0/0","0/0","0/0","0/0","0/0","0/0","0/0","0/0"
"chr2:182756938_CAGGACGAGGAGG/C_SSFA2","0/0","0/0","0/0","0/0","0/0","0/0","0/0","0/0","0/0","0/0","0/0","0/0","0/0","0/0","0/0","0/0","0/0","0/0","0/0","0/0","0/0","0/0","0/0","0/0","0/0","0/0","0/0","0/0","0/0","0/0","0/0","0/0","0/0","0/0","0/0","0/0","0/0","0/0","0/0","0/0","0/0","0/0","0/0","0/0","0/0","0/0","0/0","0/0","0/0","0/0","0/0","0/0","0/0","0/0","0/0","0/0","0/0","0/0","0/0","0/0","0/0","0/0","0/0","0/0","0/0","0/0","0/0","0/0","0/0","0/0","0/0","0/0","0/0","0/0","0/0","0/0","0/0","0/0","0/0","0/0","0/0","0/0","0/0","0/0","0/0","0/0","0/0","0/0","0/0","0/0","0/0","0/0","0/0","0/0","0/0","0/0","0/0","0/0","0/0","0/0","0/0","0/0","0/0","0/0","0/0","0/0","0/0","0/0","0/0","0/0","0/0","0/0","0/0","0/0","0/0","0/0","0/0","0/0","0/0","0/0","0/0","0/0","0/0","0/0","0/0","0/0","0/0","0/0","0/0","0/0","0/0","0/0","0/0","0/0","0/0","0/0","0/0","0/0","0/0","0/0","0/0","0/0","0/0","0/0","0/0","0/0","0/1","0/1","0/1","0/0","0/0","0/0","0/0"
"chr2:185802211_C/CACA_ZNF804A","1/1","1/1","1/1","1/1","1/1","1/1","1/1","1/1","1/1","1/1","0/1","0/1","0/0","1/1","1/1","0/1","0/1","1/1","0/1","1/1","1/1","0/1","1/1","1/1","0/1","1/1","1/1","1/1","1/1","1/1","0/1","1/1","0/0","1/1","1/1","1/1","0/1","1/1","1/1","1/1","1/1","1/1","0/1","1/1","0/1","1/1","1/1","1/1","0/1","0/1","1/1","0/1","1/1","0/1","1/1","1/1","0/1","1/1","0/1","1/1","1/1","1/1","1/1","1/1","1/1","1/1","1/1","1/1","1/1","1/1","1/1","0/1","0/1","0/0","0/0","0/1","0/1","0/1","0/1","1/1","1/1","0/1","1/1","0/1","0/1","1/1","1/1","1/1","0/1","0/1","1/1","0/1","0/1","1/1","1/1","1/1","1/1","1/1","0/1","0/1","1/1","1/1","1/1","1/1","1/1","1/1","1/1","1/1","1/1","1/1","1/1","1/1","1/1","1/1","1/1","0/1","0/1","1/1","1/1","1/1","1/1","1/1","0/1","1/1","1/1","1/1","1/1","1/1","1/1","1/1","1/1","1/1","0/1","0/1","0/1","0/1","0/1","0/1","1/1","1/1","1/1","1/1","1/1","1/1","1/1","1/1","1/1","1/1","1/1","1/1","1/1","1/1","1/1"
"chr2:186603605_A/AG_FSIP2","0/0","0/0","0/0","0/1","0/0","0/0","0/1","0/1","0/1","0/0","0/1","0/1","0/0","0/1","0/1","0/1","0/1","0/1","0/1","1/1","0/0","0/1","0/0","0/1","0/1","0/1","1/1","1/1","0/0","0/0","0/0","0/0","0/0","0/0","0/1","0/0","0/1","0/1","0/1","0/1","0/1","0/0","1/1","0/0","0/0","1/1","0/0","0/1","0/0","0/0","1/1","0/0","0/1","0/0","0/1","0/0","1/1","0/1","0/1","1/1","0/1","0/0","0/1","0/0","0/0","0/0","0/0","0/1","0/1","0/0","0/0","0/1","0/1","0/0","0/0","0/0","0/0","0/0","0/0","0/1","0/1","0/1","1/1","0/1","0/1","0/1","0/1","0/0","1/1","1/1","0/0","0/1","0/1","0/1","0/0","0/0","0/0","0/0","0/0","0/0","0/0","0/1","0/0","0/0","0/0","0/1","0/1","0/1","1/1","0/1","0/1","0/0","0/0","0/1","0/0","1/1","1/1","0/0","1/1","0/1","1/1","1/1","1/1","0/1","0/0","0/0","0/1","0/1","0/1","0/1","0/1","0/1","0/1","0/1","0/1","0/1","0/1","0/1","1/1","1/1","1/1","0/1","0/1","0/1","0/1","0/1","1/1","1/1","1/1","0/1","0/1","0/1","0/1"
"chr2:186660518_GC/G_FSIP2","0/0","0/0","0/0","0/0","0/0","0/0","0/0","0/0","0/0","0/0","0/0","0/0","0/0","0/0","0/0","0/0","0/0","0/0","0/0","0/0","0/0","0/0","0/0","0/0","0/0","0/0","0/0","0/0","0/0","0/0","0/0","0/0","0/0","0/0","0/0","0/0","0/1","0/0","0/0","0/0","0/0","0/0","0/0","0/0","0/0","0/0","0/0","0/0","0/0","0/0","0/0","0/0","0/0","0/0","0/0","0/0","0/0","0/0","0/0","0/0","0/0","0/0","0/0","0/0","0/0","0/0","0/0","0/0","0/0","0/0","0/0","0/0","0/0","0/0","0/0","0/0","0/0","0/0","0/0","0/0","0/0","0/0","0/0","0/0","0/0","0/0","0/0","0/0","0/0","0/0","0/0","0/0","0/0","0/0","0/0","0/0","0/0","0/0","0/0","0/0","0/0","0/0","0/0","0/0","0/0","0/0","0/0","0/0","0/0","0/0","0/0","0/0","0/0","0/0","0/0","0/0","0/0","0/0","0/0","0/0","0/0","0/0","0/0","0/0","0/0","0/0","0/0","0/0","0/0","0/0","0/0","0/0","0/0","0/0","0/0","0/0","0/0","0/0","0/0","0/0","0/0","0/0","0/0","0/0","0/0","0/0","0/0","0/0","0/0","0/0","0/0","0/0","0/0"
"chr2:186668874_CT/C_FSIP2","0/0","0/0","0/0","0/0","0/0","0/0","0/0","0/0","0/0","0/0","0/0","0/0","0/0","0/0","0/0","0/0","0/0","0/0","0/0","0/0","0/0","0/0","0/0","0/0","0/0","0/0","0/0","0/0","0/0","0/0","0/0","0/0","0/0","0/0","0/0","0/0","0/1","0/0","0/0","0/0","0/0","0/0","0/0","0/0","0/0","0/0","0/0","0/0","0/0","0/0","0/0","0/0","0/0","0/0","0/0","0/0","0/0","0/0","0/0","0/0","0/0","0/0","0/0","0/0","0/0","0/0","0/0","0/0","0/0","0/0","0/0","0/0","0/0","0/0","0/0","0/0","0/0","0/0","0/0","0/0","0/0","0/0","0/0","0/0","0/0","0/0","0/0","0/0","0/0","0/0","0/0","0/0","0/0","0/0","0/0","0/0","0/0","0/0","0/0","0/0","0/0","0/0","0/0","0/0","0/0","0/0","0/0","0/0","0/0","0/0","0/0","0/0","0/0","0/0","0/0","0/0","0/0","0/0","0/0","0/0","0/0","0/0","0/0","0/0","0/0","0/0","0/0","0/0","0/0","0/0","0/0","0/0","0/0","0/0","0/0","0/0","0/0","0/0","0/0","0/0","0/0","0/0","0/0","0/0","0/0","0/0","0/0","0/0","0/0","0/0","0/0","0/0","0/0"
"chr2:187559029_A/ACAG_FAM171B","0/1","0/1","0/1","0/0","0/0","0/0","0/2","0/2","0/2","0/0","0/0","0/0","0/0","0/0","0/0","0/1","0/2","0/0","0/1","0/2","1/2","0/0","0/0","0/1","0/0","0/2","0/1","1/2","0/0","1/1","0/0","0/0","0/0","0/1","0/0","1/1","0/0","0/1","0/0","0/0","0/1","0/1","0/0","0/0","0/0","0/0","0/0","0/1","0/2","0/0","0/1","0/0","0/1","0/0","0/1","0/0","0/0","0/0","0/0","0/0","0/2","0/0","0/0","0/0","0/0","0/1","0/1","0/1","0/1","0/1","0/1","0/2","0/2","0/1","0/1","0/1","0/1","0/0","0/0","0/0","0/0","0/1","0/1","0/1","0/1","0/2","0/2","0/0","0/0","0/0","0/1","0/0","0/0","0/1","0/1","0/1","0/0","0/0","0/0","0/0","0/0","0/1","0/0","0/0","0/0","0/0","0/0","0/0","0/0","0/1","0/0","0/1","0/1","0/0","0/0","0/1","0/1","0/0","0/1","0/0","0/1","0/1","0/1","0/0","0/0","0/0","0/0","0/0","0/0","0/0","0/0","0/0","0/0","0/0","0/0","0/0","0/0","0/0","0/1","0/1","0/1","0/0","0/0","0/0","0/0","0/0","0/0","0/0","0/0","0/0","0/0","0/0","0/0"
"chr2:188248020_C/CT_CALCRL","0/0","0/0","0/0","0/0","0/0","0/0","0/0","0/0","0/0","0/0","0/0","0/0","0/0","0/0","0/0","0/0","0/0","0/0","0/0","0/0","0/0","0/0","0/0","0/0","0/0","0/0","0/0","0/0","0/0","0/0","0/0","0/0","0/0","0/0","0/0","0/0","0/0","0/0","0/0","0/0","0/0","0/0","0/0","0/0","0/0","0/0","0/0","0/0","0/0","0/0","0/0","0/0","0/0","0/0","0/0","0/0","0/0","0/0","0/0","0/0","0/0","0/0","0/0","0/0","0/0","0/0","0/0","0/0","0/0","0/0","0/0","0/0","0/0","0/0","0/0","0/0","0/0","0/0","0/0","0/0","0/0","0/0","0/0","0/0","0/0","0/0","0/0","0/0","0/0","0/0","0/0","0/0","0/0","0/0","0/0","0/0","0/0","0/0","0/0","0/0","0/0","0/0","0/0","0/0","0/0","0/0","0/0","0/0","0/0","0/0","0/0","0/0","0/0","0/0","0/0","0/0","0/0","0/0","0/0","0/0","0/0","0/0","0/0","0/0","0/0","0/0","0/0","0/0","0/0","0/0","0/0","0/0","0/0","0/0","0/0","0/1","0/0","0/0","0/0","0/0","0/0","0/0","0/0","0/0","0/0","0/0","0/0","0/0","0/0","0/0","0/0","0/0","0/0"
"chr2:192700739_C/CT_SDPR","0/0","0/0","0/0","0/0","0/0","0/0","0/0","0/0","0/0","0/0","0/0","0/0","0/0","0/0","0/0","0/0","0/0","0/0","0/0","0/0","0/0","0/0","0/0","0/0","0/0","0/0","0/0","0/0","0/0","0/0","0/1","0/0","0/0","0/0","0/0","0/0","0/0","0/0","0/0","0/0","0/0","0/0","0/0","0/0","0/0","0/0","0/0","0/0","0/0","0/0","0/0","0/0","0/0","0/0","0/0","0/0","0/0","0/0","0/0","0/0","0/0","0/0","0/0","0/0","0/0","0/0","0/0","0/0","0/0","0/0","0/0","0/0","0/0","0/0","0/0","0/0","0/0","0/0","0/0","0/0","0/0","0/0","0/0","0/0","0/0","0/0","0/0","0/0","0/0","0/0","0/0","0/0","0/0","0/0","0/0","0/0","0/0","0/0","0/0","0/0","0/0","0/0","0/0","0/0","0/0","0/0","0/0","0/0","0/0","0/0","0/0","0/0","0/0","0/0","0/0","0/0","0/0","0/0","0/0","0/0","0/0","0/0","0/0","0/0","0/0","0/0","0/0","0/0","0/0","0/0","0/0","0/0","0/0","0/0","0/0","0/0","0/0","0/0","0/0","0/0","0/0","0/0","0/0","0/0","0/0","0/0","0/0","0/0","0/0","0/0","0/0","0/0","0/0"
"chr2:196729316_C/CA_DNAH7","0/0","0/0","0/0","0/0","0/0","0/0","0/0","0/0","0/0","0/0","0/0","0/0","0/0","0/0","0/0","0/0","0/0","0/0","0/0","0/0","0/0","0/0","0/0","0/0","0/0","0/0","0/0","0/0","0/0","0/0","0/0","0/0","0/0","0/0","0/0","0/0","0/0","0/0","0/0","0/0","0/0","0/0","0/0","0/0","0/0","0/0","0/0","0/0","0/0","0/0","0/0","0/0","0/0","0/0","0/0","0/0","0/0","0/1","0/0","0/0","0/0","0/0","0/0","0/0","0/0","0/0","0/0","0/0","0/0","0/0","0/0","0/0","0/0","0/0","0/0","0/0","0/0","0/0","0/0","0/0","0/0","0/0","0/0","0/0","0/0","0/0","0/0","0/0","0/0","0/0","0/0","0/0","0/0","0/0","0/0","0/0","0/0","0/0","0/0","0/0","0/0","0/0","0/0","0/0","0/0","0/0","0/0","0/0","0/0","0/0","0/0","0/0","0/0","0/0","0/0","0/0","0/0","0/0","0/0","0/0","0/0","0/0","0/0","0/0","0/0","0/0","0/0","0/0","0/0","0/0","0/0","0/0","0/0","0/0","0/0","0/0","0/0","0/0","0/0","0/0","0/0","0/0","0/0","0/0","0/0","0/0","0/0","0/0","0/0","0/0","0/0","0/0","0/0"
"chr2:197531518_CAA/C_CCDC150","0/0","0/3","0/2","0/0","0/0","0/0","0/0","0/0","0/0","0/0","0/0","0/3","0/0","0/0","0/3","0/0","0/0","0/0","0/0","0/0","0/0","0/0","0/0","0/2","0/0","0/0","0/0","0/0","0/0","0/0","0/0","0/0","0/2","0/0","0/0","0/0","0/1","0/0","0/0","0/0","0/0","3/3","0/2","0/0","0/3","0/2","0/0","0/0","0/0","0/0","0/0","0/0","0/2","0/3","0/0","0/0","0/0","0/0","0/0","0/0","0/0","0/0","0/0","0/3","0/0","0/0","0/0","0/0","0/0","0/0","0/3","0/0","0/0","0/0","0/0","0/0","0/0","0/0","0/0","0/3","0/0","0/3","0/0","0/0","0/0","0/0","0/0","0/0","0/0","0/0","0/0","0/0","0/0","0/0","0/2","0/0","0/1","0/0","0/0","0/3","0/0","0/0","0/0","0/0","0/0","0/0","0/0","0/0","0/0","0/0","0/0","0/0","0/0","0/0","0/2","0/0","0/0","0/0","0/0","0/0","0/0","0/3","0/3","0/0","0/0","0/0","0/2","0/0","0/0","0/0","0/0","0/0","0/0","0/0","0/0","0/0","0/0","0/0","0/3","0/2","0/0","0/0","0/0","0/0","0/0","0/0","0/3","0/0","0/0","0/0","0/3","0/0","0/0"
"chr2:201437003_AT/A_SGOL2","0/0","0/0","0/0","0/0","0/0","0/0","0/0","0/0","0/0","0/0","0/0","0/0","0/0","0/0","0/0","0/0","0/0","0/0","0/0","0/0","0/0","0/0","0/0","0/0","0/0","0/0","0/0","0/0","0/0","0/0","0/0","0/0","0/0","0/0","0/0","0/0","0/1","0/0","0/0","0/0","0/0","0/0","0/0","0/0","0/0","0/0","0/0","0/0","0/0","0/0","0/0","0/0","0/0","0/0","0/0","0/0","0/0","0/0","0/0","0/0","0/0","0/0","0/0","0/0","0/0","0/0","0/0","0/0","0/0","0/0","0/0","0/0","0/0","0/0","0/0","0/0","0/0","0/0","0/0","0/0","0/0","0/0","0/0","0/0","0/0","0/0","0/0","0/0","0/0","0/0","0/0","0/0","0/0","0/0","0/0","0/0","0/0","0/0","0/0","0/0","0/0","0/0","0/0","0/0","0/0","0/0","0/0","0/0","0/0","0/0","0/0","0/0","0/0","0/0","0/0","0/0","0/0","0/0","0/0","0/0","0/0","0/0","0/0","0/0","0/0","0/0","0/0","0/0","0/0","0/0","0/0","0/0","0/0","0/0","0/0","0/0","0/0","0/0","0/0","0/0","0/0","0/0","0/0","0/0","0/0","0/0","0/0","0/0","0/0","0/0","0/0","0/0","0/0"
"chr2:202149840_TA/T_CASP8","0/0","0/0","0/0","0/0","0/0","0/0","0/0","0/0","0/0","0/0","0/0","0/0","0/0","0/0","0/0","0/0","0/0","0/0","0/0","0/0","0/0","0/0","0/0","0/0","0/0","0/0","0/0","0/0","0/0","0/0","0/0","0/0","0/0","0/0","0/0","0/0","0/0","0/0","0/0","0/0","0/0","0/1","0/0","0/0","0/0","0/0","0/0","0/0","0/0","0/0","0/0","0/0","0/0","0/0","0/0","0/0","0/0","0/0","0/0","0/0","0/0","0/0","0/0","0/0","0/0","0/0","0/0","0/0","0/0","0/0","0/0","0/0","0/0","0/0","0/0","0/0","0/0","0/0","0/0","0/0","0/0","0/0","0/0","0/0","0/0","0/0","0/0","0/0","0/0","0/0","0/0","0/0","0/0","0/0","0/0","0/0","0/0","0/0","0/0","0/0","0/0","0/0","0/0","0/0","0/0","0/0","0/0","0/0","0/0","0/0","0/0","0/0","0/0","0/0","0/0","0/0","0/0","0/0","0/0","0/0","0/0","0/0","0/0","0/0","0/0","0/0","0/0","0/0","0/0","0/0","0/0","0/0","0/0","0/0","0/0","0/0","0/0","0/0","0/0","0/0","0/0","0/0","0/0","0/0","0/0","0/0","0/0","0/0","0/0","0/0","0/0","0/0","0/0"
"chr2:202359417_TCTGA/T_ALS2CR11","0/0","0/0","0/0","0/0","0/0","0/0","0/0","0/0","0/0","0/0","0/0","0/0","0/0","0/0","0/1","0/0","0/0","0/0","0/0","0/0","0/0","0/0","0/0","0/0","0/0","0/0","0/0","0/0","0/0","0/0","0/0","0/0","0/0","0/0","0/0","0/0","0/0","0/0","0/0","0/0","0/0","0/0","0/0","0/0","0/0","0/0","0/0","0/0","0/0","0/0","0/0","0/0","0/0","0/0","0/0","0/0","0/0","0/0","0/0","0/0","0/0","0/0","0/0","0/0","0/0","0/0","0/0","0/0","0/0","0/0","0/0","0/0","0/0","0/0","0/0","0/0","0/0","0/0","0/0","0/0","0/0","0/0","0/0","0/0","0/0","0/0","0/0","0/0","0/0","0/0","0/0","0/0","0/0","0/0","0/0","0/0","0/0","0/0","0/0","0/0","0/0","0/0","0/0","0/0","0/0","0/0","0/0","0/0","0/0","0/0","0/0","0/0","0/0","0/0","0/0","0/0","0/0","0/0","0/0","0/0","0/0","0/0","0/0","0/0","0/0","0/0","0/0","0/0","0/0","0/0","0/0","0/0","0/0","0/0","0/0","0/0","0/0","0/0","0/0","0/0","0/0","0/0","0/0","0/0","0/0","0/0","0/0","0/0","0/0","0/0","0/0","0/0","0/0"
"chr2:202520977_TC/T_MPP4","0/0","0/0","0/0","0/0","0/0","0/0","0/0","0/0","0/0","0/0","0/0","0/0","0/0","0/0","0/0","0/0","0/0","0/0","0/0","0/0","0/0","0/0","0/0","0/0","0/0","0/0","0/0","0/0","0/0","0/0","0/1","0/0","0/0","0/0","0/0","0/0","0/0","0/0","0/0","0/0","0/0","0/0","0/0","0/0","0/0","0/0","0/0","0/0","0/0","0/0","0/0","0/0","0/0","0/0","0/0","0/0","0/0","0/0","0/0","0/0","0/0","0/0","0/0","0/0","0/0","0/0","0/0","0/0","0/0","0/0","0/0","0/0","0/0","0/0","0/0","0/0","0/0","0/0","0/0","0/0","0/0","0/0","0/0","0/0","0/0","0/0","0/0","0/0","0/0","0/0","0/0","0/0","0/0","0/0","0/0","0/0","0/0","0/0","0/0","0/0","0/0","0/0","0/0","0/0","0/0","0/0","0/0","0/0","0/0","0/0","0/0","0/0","0/0","0/0","0/0","0/0","0/0","0/0","0/0","0/0","0/0","0/0","0/0","0/0","0/0","0/0","0/0","0/0","0/0","0/0","0/0","0/0","0/0","0/0","0/0","0/0","0/0","0/0","0/0","0/0","0/0","0/0","0/0","0/0","0/0","0/0","0/0","0/0","0/0","0/0","0/0","0/0","0/0"
"chr2:203500079_A/AGCGGCG_FAM117B","0/0","0/0","0/0","0/0","0/0","0/0","0/0","0/0","0/0","0/0","0/0","0/0","0/0","0/0","0/0","0/0","0/0","0/0","0/0","0/0","0/0","0/0","0/0","0/0","0/0","0/0","0/0","0/0","0/0","0/0","0/0","0/0","0/1","0/0","0/0","0/0","0/0","0/0","0/0","0/0","0/0","0/0","0/0","0/0","0/0","0/0","0/0","0/0","0/0","0/0","0/0","0/0","0/0","0/0","0/0","0/0","0/0","0/0","0/0","0/0","0/0","0/0","0/0","0/0","0/0","0/0","0/0","0/0","0/0","0/0","0/0","0/0","0/0","0/0","0/0","0/0","0/0","0/0","0/0","0/0","0/0","0/0","0/0","0/0","0/0","0/0","0/0","0/0","0/0","0/0","0/0","0/0","0/0","0/0","0/0","0/0","0/0","0/0","0/0","0/0","0/0","0/0","0/0","0/0","0/0","0/0","0/0","0/0","0/0","0/0","0/0","0/0","0/0","0/0","0/0","0/0","0/0","0/0","0/0","0/0","0/0","0/0","0/0","0/0","0/0","0/0","0/0","0/0","0/0","0/0","0/0","0/0","0/0","0/0","0/0","0/0","0/0","0/0","0/0","0/0","0/0","0/0","0/0","0/0","0/0","0/0","0/0","0/0","0/0","0/0","0/0","0/0","0/0"
"chr2:203500141_AGGC/A_FAM117B","0/0","0/0","0/0","0/0","0/0","0/0","0/0","0/0","0/0","0/0","0/0","0/0","0/0","0/0","0/0","0/0","0/0","0/0","0/0","0/0","0/0","0/0","0/0","0/0","0/0","0/0","0/0","0/0","0/0","0/0","0/0","0/0","0/0","0/0","0/0","0/0","0/0","0/0","0/0","0/0","0/0","0/0","0/0","0/0","0/0","0/0","0/0","0/0","0/0","0/0","0/0","0/0","0/0","0/0","0/0","0/0","0/0","0/0","0/0","0/0","0/0","0/0","0/0","0/0","0/0","0/0","0/0","0/0","0/0","0/0","0/0","0/0","0/0","0/0","0/0","0/0","0/0","0/0","0/0","0/0","0/0","0/0","0/0","0/0","0/0","0/0","0/0","0/0","0/0","0/0","0/0","0/0","0/0","0/0","0/0","0/0","0/0","0/0","0/0","0/0","0/0","0/0","0/0","0/0","0/0","0/1","0/0","0/0","0/0","0/0","0/0","0/0","0/0","0/0","0/0","0/0","0/0","0/0","0/0","0/0","0/0","0/0","0/0","0/0","0/0","0/0","0/0","0/0","0/0","0/0","0/0","0/0","0/0","0/0","0/0","0/0","0/0","0/0","0/0","0/0","0/0","0/0","0/0","0/0","0/0","0/0","0/0","0/0","0/0","0/0","0/0","0/0","0/0"
"chr2:203500326_G/GGCC_FAM117B","0/0","0/0","0/0","0/0","0/0","0/0","0/0","0/0","0/0","0/0","0/0","0/0",".","0/0","0/0","0/0","0/0","0/0","0/0","0/0","0/0","0/0","0/0","0/0","0/0","0/0","0/0","0/0","0/0","0/0","0/0","0/0","0/0","0/0","0/0","0/0","0/0","0/0","0/0","0/0","0/0","0/0","0/0","0/0","0/0","0/0","0/0","0/0","0/0","0/0","0/0","0/0","0/0","0/0","0/0","0/0","0/0","0/0","0/0","0/0","0/0","0/0","0/0",".","0/0","0/0","0/0","0/0","0/0","0/0",".","0/0","0/0","0/0","0/0","0/0","0/0","0/0","0/0","0/0","0/0","0/0","0/0","0/0","0/0","0/0","0/0","0/0","0/0","0/0","0/0","0/1","0/1","0/0","0/0","0/0","0/0","0/0","0/0","0/0","0/0","0/0","0/0","0/0","0/0","0/0","0/0","0/0","0/0","0/0","0/0","0/0","0/0","0/0","0/0","0/0","0/0","0/0","0/0","0/0","0/0","0/0","0/0","0/0","0/0","0/0","0/0","0/0","0/0","0/0","0/0","0/0",".","0/0","0/0","0/0","0/0","0/0","0/0","0/0","0/0","0/0","0/0","0/0","0/0","0/0","0/0","0/0","0/0","0/0","0/0","0/0","0/0"
"chr2:203621968_AC/A_FAM117B","0/0","0/0","0/0","0/0","0/0","0/0","0/0","0/0","0/0","0/0","0/0","0/0","0/0","0/0","0/0","0/0","0/0","0/0","0/0","0/0","0/0","0/0","0/0","0/0","0/0","0/0","0/0","0/0","0/0","0/0","0/0","0/0","0/0","0/0","0/0","0/0","0/1","0/0","0/0","0/0","0/0","0/0","0/0","0/0","0/0","0/0","0/0","0/0","0/0","0/0","0/0","0/0","0/0","0/0","0/0","0/0","0/0","0/0","0/0","0/0","0/0","0/0","0/0","0/0","0/0","0/0","0/0","0/0","0/0","0/0","0/0","0/0","0/0","0/0","0/0","0/0","0/0","0/0","0/0","0/0","0/0","0/0","0/0","0/0","0/0","0/0","0/0","0/0","0/0","0/0","0/0","0/0","0/0","0/0","0/0","0/0","0/0","0/0","0/0","0/0","0/0","0/0","0/0","0/0","0/0","0/0","0/0","0/0","0/0","0/0","0/0","0/0","0/0","0/0","0/0","0/0","0/0","0/0","0/0","0/0","0/0","0/0","0/0","0/0","0/0","0/0","0/0","0/0","0/0","0/0","0/0","0/0","0/0","0/0","0/0","0/0","0/0","0/0","0/0","0/0","0/0","0/0","0/0","0/0","0/0","0/0","0/0","0/0","0/0","0/0","0/0","0/0","0/0"
"chr2:203839140_TA/T_CARF","0/0","0/0","0/0","0/0","0/0","0/0","0/0","0/0","0/0","0/0","0/0","0/0","0/0","0/0","0/0","0/0","0/0","0/0","0/0","0/0","0/0","0/0","0/0","0/0","0/0","0/0","0/0","0/0","0/0","0/0","0/0","0/0","0/0","0/0","0/0","0/0","0/1","0/0","0/0","0/0","0/0","0/0","0/0","0/0","0/0","0/0","0/0","0/0","0/0","0/0","0/0","0/0","0/0","0/0","0/0","0/0","0/0","0/0","0/0","0/0","0/0","0/0","0/0","0/0","0/0","0/0","0/0","0/0","0/0","0/0","0/0","0/0","0/0","0/0","0/0","0/0","0/0","0/0","0/0","0/0","0/0","0/0","0/0","0/0","0/0","0/0","0/0","0/0","0/0","0/0","0/0","0/0","0/0","0/0","0/0","0/0","0/0","0/0","0/0","0/0","0/0","0/0","0/0","0/0","0/0","0/0","0/0","0/0","0/0","0/0","0/0","0/0","0/0","0/0","0/0","0/0","0/0","0/0","0/0","0/0","0/0","0/0","0/0","0/0","0/0","0/0","0/0","0/0","0/0","0/0","0/0","0/0","0/0","0/0","0/0","0/0","0/0","0/0","0/0","0/0","0/0","0/0","0/0","0/0","0/0","0/0","0/0","0/0","0/0","0/0","0/0","0/0","0/0"
"chr2:203922057_CA/C_NBEAL1","0/0","0/0","0/0","0/0","0/0","0/0","0/0","0/0","0/0","0/0","0/0","0/0","0/0","0/0","0/0","0/0","0/0","0/0","0/0","0/0","0/0","0/0","0/0","0/0","0/0","0/0","0/0","0/0","0/0","0/0","0/0","0/0","0/0","0/0","0/0","0/0","0/1","0/0","0/0","0/0","0/0","0/0","0/0","0/0","0/0","0/0","0/0","0/0","0/0","0/0","0/0","0/0","0/0","0/0","0/0","0/0","0/0","0/0","0/0","0/0","0/0","0/0","0/0","0/0","0/0","0/0","0/0","0/0","0/0","0/0","0/0","0/0","0/0","0/0","0/0","0/0","0/0","0/0","0/0","0/0","0/0","0/0","0/0","0/0","0/0","0/0","0/0","0/0","0/0","0/0","0/0","0/0","0/0","0/0","0/0","0/0","0/0","0/0","0/0","0/0","0/0","0/0","0/0","0/0","0/0","0/0","0/0","0/0","0/0","0/0","0/0","0/0","0/0","0/0","0/0","0/0","0/0","0/0","0/0","0/0","0/0","0/0","0/0","0/0","0/0","0/0","0/0","0/0","0/0","0/0","0/0","0/0","0/0","0/0","0/0","0/0","0/0","0/0","0/0","0/0","0/0","0/0","0/0","0/0","0/0","0/0","0/0","0/0","0/0","0/0","0/0","0/0","0/0"
"chr2:204074004_ATTG/A_NBEAL1","0/0","0/0","0/0","0/0","0/0","0/0","0/0","0/0","0/0","0/0","0/0","0/0","0/0","0/0","0/0","0/0","0/0","0/0","0/0","0/0","0/0","0/0","0/0","0/0","0/0","0/0","0/0","0/0","0/0","0/0","0/0","0/0","0/0","0/0","0/0","0/0","0/0","0/0","0/0","0/0","0/0","0/0","0/1","0/0","0/0","0/0","0/0","0/0","0/0","0/0","0/0","0/0","0/0","0/0","0/0","0/0","0/0","0/0","0/0","0/0","0/0","0/0","0/0","0/0","0/0","0/0","0/0","0/0","0/0","0/0","0/0","0/0","0/0","0/0","0/0","0/0","0/0","0/0","0/0","0/0","0/0","0/0","0/0","0/0","0/0","0/0","0/0","0/0","0/0","0/0","0/0","0/0","0/0","0/0","0/0","0/0","0/0","0/0","0/0","0/0","0/0","0/0","0/0","0/0","0/0","0/0","0/0","0/0","0/0","0/0","0/0","0/0","0/0","0/0","0/0","0/0","0/0","0/0","0/0","0/0","0/0","0/0","0/0","0/0","0/0","0/0","0/0","0/0","0/0","0/0","0/0","0/0","0/0","0/0","0/0","0/0","0/0","0/0","0/0","0/0","0/0","0/0","0/0","0/0","0/0","0/0","0/0","0/0","0/0","0/0","0/0","0/0","0/0"
"chr2:204305618_TG/T_RAPH1","0/0","0/0","0/0","0/0","0/0","0/0","0/0","0/0","0/0","0/0","0/0","0/0","0/0","0/0","0/0","0/0","0/0","0/0","0/0","0/0","0/0","0/0","0/0",".","0/0","0/0","0/0","0/0","0/0","0/0","0/0","0/0","0/0","0/0","0/0","0/0","0/1","0/0","0/0","0/0","0/0","0/0","0/0","0/0","0/0","0/0","0/0","0/0","0/0","0/0","0/0","0/0","0/0","0/0","0/0","0/0","0/0","0/0","0/0","0/0","0/0","0/0","0/0","0/0","0/0","0/0","0/0","0/0","0/0","0/0","0/0","0/0","0/0","0/0","0/0","0/0","0/0","0/0","0/0","0/0","0/0","0/0","0/0","0/0","0/0","0/0","0/0","0/0","0/0","0/0","0/0","0/0","0/0","0/0","0/0","0/0","0/0","0/0","0/0","0/0","0/0","0/0","0/0","0/0","0/0","0/0","0/0","0/0","0/0","0/0","0/0","0/0","0/0","0/0","0/0","0/0","0/0","0/0","0/0","0/0","0/0","0/0","0/0","0/0","0/0","0/0","0/0","0/0","0/0","0/0","0/0","0/0","0/0","0/0","0/0","0/0","0/0","0/0","0/0","0/0","0/0","0/0","0/0","0/0","0/0","0/0","0/0","0/0","0/0","0/0","0/0","0/0","0/0"
"chr2:211179765_AT/ATT_MYL1","0/0","0/0","0/1","0/0","0/0","0/0","0/0","0/0","0/0","0/2","0/0","0/0","0/0","0/0","0/1","0/0","0/0","0/0","0/0","0/0","0/0","0/0","0/0","0/0","0/0","0/0","0/0","0/0","0/0","0/0","0/0","0/2","0/0","0/1","0/0","0/0","0/2","0/0","0/2","0/0","0/0","0/0","0/0","0/0","0/0","0/0","0/0","0/0","0/0","0/0","0/0","0/0","0/0","0/0","0/0","0/0","0/1","0/0","0/0","0/0","0/0","0/0","0/2","0/0","0/2","0/0","0/0","0/0","0/0","0/1","0/0","0/0","0/0","0/0","0/0","0/0","0/0","0/0","0/0","0/0","0/0","0/0","0/0","0/0","0/0","0/0","0/0","0/0","0/1","0/0","0/0","0/0","0/0","0/0","0/0","0/0","0/0","0/0","0/0","0/2","0/0","0/0","0/0","0/1","0/1","0/0","0/0","0/0","0/0","0/0","0/2","0/0","0/0","0/0","0/0","0/0","0/0","0/2","0/0","0/2","0/0","0/0","0/0","0/0","0/0","0/0","0/0","0/0","0/0","0/0","0/2","0/0","0/0","0/0","0/0","0/0","0/0","0/0","0/0","0/0","0/0","0/0","0/0","0/0","0/0","0/0","0/0","0/0","0/0","0/0","0/0","0/0","0/0"
"chr2:211421452_A/ATCT_CPS1","0/1","0/1","0/1","0/1","0/1","0/1","0/0","0/0","0/0","0/1","1/1","0/0","0/0","0/1","1/1","1/1","0/1","0/1","0/1","0/0","0/0","0/1","0/0","0/1","0/0","0/1","0/1","0/0","0/1","0/0","0/0","0/0","0/1","0/1","0/0","0/1","0/0","0/1","0/1","0/1","0/0","0/1","0/0","0/0","0/1","1/1","0/1","0/1","0/0","0/1","0/1","0/0","0/0","0/0","1/1","0/0","0/0","0/1","1/1","0/1","0/0","0/1","0/0","0/1","0/1","0/1","0/1","0/1","0/1","0/1","0/1","0/0","0/0","1/1","1/1","0/0","0/0","0/0","0/0","0/1","0/1","0/0","0/1","0/1","0/1","0/1","0/1","0/1","0/1","0/1","0/1","0/1","0/1","0/0","0/0","0/1","0/1","0/0","1/1","1/1","0/1","0/0","0/1","0/0","0/0","0/0","0/0","0/1","0/1","0/0","0/1","0/0","0/0","1/1","0/1","0/0","0/0","0/1","0/0","0/1","0/0","0/0","0/0","0/1","0/1","0/1","1/1","1/1","0/1","0/1","0/1","0/1","1/1","0/0","1/1","1/1","0/0","0/0","0/1","0/1","0/1","0/1","0/1","0/0","0/0","0/0","0/0","0/0","0/0","0/0","0/0","0/0","0/0"
"chr2:215645502_GTGGTGAAGAACATTCAGGCAA/G_BARD1","0/1","0/1","0/1","0/0","0/0","0/0","0/0","0/0","0/0","0/0","0/0","0/0","0/0","0/0","0/0","0/0","0/0","0/0","0/0","0/0","0/0","0/0","0/0","0/0","0/0","0/0","0/0","0/0","0/0","0/0","0/0","0/0","0/0","0/0","0/0","0/0","0/0","0/0","0/0","0/0","0/0","0/0","0/0","0/0","0/0","0/0","0/0","0/0","0/0","0/0","0/1","0/0","0/0","0/0","0/0","0/0","0/0","0/0","0/0","0/0","0/0","0/0","0/0","0/0","0/0","0/0","0/0","0/0","0/0","0/0","0/0","0/0","0/0","0/0","0/0","0/0","0/0","0/0","0/0","0/0","0/0","0/0","0/1","0/1","0/1","0/0","0/0","0/0","0/0","0/0","0/0","0/0","0/0","0/0","0/0","0/0","0/0","0/0","0/0","0/0","0/0","0/0","0/0","0/0","0/0","0/0","0/0","0/1","0/1","0/0","0/0","0/0","0/0","0/0","0/1","0/0","0/0","0/0","0/0","0/0","0/0","0/0","0/0","0/0","0/1","0/1","0/0","0/0","0/1","0/1","0/1","0/0","0/0","0/0","0/0","0/0","0/0","0/0","0/1","0/1","0/1","0/0","0/0","0/1","0/1","0/1","0/0","0/0","0/0","0/0","0/0","0/0","0/0"
"chr2:215843155_AT/A_ABCA12","0/0","0/0","0/0","0/0","0/0","0/0","0/0","0/0","0/0","0/1","0/0","0/0","0/0","0/0","0/0","0/0","0/0","0/0","0/0","0/0","0/0","0/0","0/0","0/0","0/0","0/0","0/0","0/0","0/0","0/0","0/0","0/0","0/0","0/0","0/0","0/0","0/0","0/0","0/0","0/0","0/0","0/0","0/0","0/0","0/0","0/0","0/0","0/0","0/0","0/0","0/0","0/0","0/0","0/0","0/0","0/0","0/0","0/0","0/0","0/0","0/0","0/0","0/0","0/0","0/0","0/0","0/0","0/0","0/0","0/0","0/0","0/0","0/0","0/0","0/0","0/0","0/0","0/0","0/0","0/0","0/0","0/0","0/0","0/0","0/0","0/0","0/0","0/0","0/0","0/0","0/0","0/0","0/0","0/0","0/0","0/0","0/0","0/0","0/0","0/0","0/0","0/0","0/0","0/0","0/0","0/0","0/0","0/0","0/0","0/0","0/0","0/0","0/0","0/0","0/0","0/0","0/0","0/0","0/0","0/0","0/0","0/0","0/0","0/0","0/0","0/0","0/0","0/0","0/0","0/0","0/0","0/0","0/0","0/0","0/0","0/0","0/0","0/0","0/0","0/0","0/0","0/0","0/0","0/0","0/0","0/0","0/0","0/0","0/0","0/0","0/0","0/0","0/0"
"chr2:218712886_G/GGCTGCT_TNS1","0/1","0/1","0/1","0/0","0/0","0/0","0/0","0/0","0/0","0/0","0/0","0/0","0/0","0/0","0/0","0/0","0/0","0/0","0/0","0/0","0/0","0/1","0/1","0/0","0/0","0/1","0/0","0/0","0/0","0/0","0/0","0/0","0/0","0/0","0/0","0/0","0/0","0/1","0/0","0/0","0/0","0/0","0/1","0/1","0/0","0/0","0/0","0/0","0/0","0/1","0/0","0/0","0/0","0/0","0/0","0/0","0/1","0/1","0/0","0/0","0/0","0/0","0/0","0/0","0/0","0/0","0/0","0/0","0/0","0/0","0/0","0/1","0/1","0/0","0/0","0/0","0/0","0/1","0/1","0/0","0/0","0/0","0/0","0/0","0/0","0/0","0/0","0/0","0/0","0/0","0/0","0/1","0/1","0/0","0/0","0/0","0/0","0/0","0/0","0/0","0/1","0/0","0/1","0/0","0/0","0/0","0/0","0/0","0/0","0/0","0/0","0/0","0/0","0/0","0/0","0/0","0/0","0/0","0/0","0/0","0/0","0/0","0/0","0/0","0/0","0/0","0/0","0/0","0/0","0/0","0/0","0/0","0/0","0/0","0/0","0/0","0/0","0/0","0/0","0/0","0/0","0/0","0/0","0/0","0/0","0/0","0/1","0/1","0/1","0/0","0/0","0/0","0/0"
"chr2:219029802_C/CGAG_CXCR1","0/0","0/0","0/0","0/0","0/0","0/0","0/0","0/0","0/0","0/0","0/0","0/0","0/0","0/0","0/0","0/0","0/0","0/0","0/0","0/1","0/0","0/0","0/0","0/0","0/0","0/0","0/0","0/0","0/0","0/0","0/0","0/0","0/0","0/0","0/0","0/0","0/0","0/0","0/0","0/0","0/0","0/0","0/0","0/0","0/0","0/0","0/0","0/0","0/0","0/0","0/0","0/0","0/0","0/0","0/0","0/0","0/0","0/0","0/0","0/0","0/0","0/0","0/0","0/0","0/0","0/0","0/0","0/0","0/0","0/0","0/0","0/0","0/0","0/0","0/0","0/0","0/0","0/0","0/0","0/0","0/0","0/0","0/0","0/0","0/0","0/0","0/0","0/0","0/0","0/0","0/0","0/0","0/0","0/0","0/0","0/0","0/0","0/0","0/0","0/0","0/0","0/0","0/0","0/0","0/0","0/0","0/0","0/0","0/0","0/0","0/0","0/0","0/0","0/0","0/0","0/0","0/0","0/0","0/0","0/0","0/0","0/0","0/0","0/0","0/0","0/0","0/0","0/0","0/0","0/0","0/0","0/0","0/0","0/0","0/0","0/0","0/0","0/0","0/0","0/0","0/0","0/0","0/0","0/0","0/0","0/0","0/0","0/0","0/0","0/0","0/0","0/0","0/0"
"chr2:220082936_AG/A_ABCB6","0/0","0/0","0/0","0/0","0/0","0/0","0/0","0/0","0/0","0/0","0/0","0/0","0/0","0/0","0/0","0/0","0/0","0/0","0/0","0/0","0/0","0/0","0/0","0/0","0/0","0/0","0/0","0/0","0/0","0/0","0/0","0/0","0/0","0/0","0/0","0/0","0/0","0/0","0/0","0/0","0/0","0/0","0/0","0/1","0/0","0/0","0/0","0/0","0/0","0/0","0/0","0/0","0/0","0/0","0/0","0/0","0/0","0/0","0/0","0/0","0/0","0/0","0/0","0/0","0/0","0/0","0/0","0/0","0/0","0/0","0/0","0/0","0/0","0/0","0/0","0/0","0/0","0/0","0/0","0/0","0/0","0/0","0/0","0/0","0/0","0/0","0/0","0/0","0/0","0/0","0/0","0/0","0/0","0/0","0/0","0/0","0/0","0/0","0/0","0/0","0/0","0/0","0/0","0/0","0/0","0/0","0/0","0/0","0/0","0/0","0/0","0/0","0/0","0/0","0/0","0/0","0/0","0/0","0/0","0/0","0/0","0/0","0/0","0/0","0/0","0/0","0/0","0/0","0/0","0/0","0/0","0/0","0/0","0/0","0/0","0/0","0/0","0/0","0/0","0/0","0/0","0/0","0/0","0/0","0/0","0/0","0/0","0/0","0/0","0/0","0/0","0/0","0/0"
"chr2:220099007_CAG/C_ANKZF1","0/0","0/0","0/0","0/0","0/0","0/0","0/0","0/0","0/0","0/0","0/0","0/0","0/0","0/0","0/0","0/0","0/0","0/0","0/0","0/0","0/0","0/0","0/0","0/0","0/0","0/0","0/0","0/0","0/0","0/0","0/0","0/0","0/0","0/0","0/0","0/0","0/0","0/0","0/0","0/0","0/0","0/0","0/0","0/0","0/0","0/0","0/0","0/0","0/0","0/0","0/0","0/1","0/0","0/0","0/0","0/0","0/0","0/0","0/0","0/0","0/0","0/0","0/0","0/0","0/0","0/0","0/0","0/0","0/0","0/0","0/0","0/0","0/0","0/0","0/0","0/0","0/0","0/0","0/0","0/0","0/0","0/0","0/0","0/0","0/0","0/0","0/0","0/0","0/0","0/0","0/0","0/0","0/0","0/0","0/0","0/0","0/0","0/0","0/0","0/0","0/0","0/0","0/0","0/0","0/0","0/0","0/0","0/0","0/0","0/0","0/0","0/0","0/0","0/0","0/0","0/0","0/0","0/0","0/0","0/0","0/0","0/0","0/0","0/0","0/0","0/0","0/0","0/0","0/0","0/0","0/0","0/0","0/0","0/0","0/0","0/0","0/0","0/0","0/0","0/0","0/0","0/0","0/0","0/0","0/0","0/0","0/0","0/0","0/0","0/0","0/0","0/0","0/0"
"chr2:220193655_TATAG/T_RESP18","0/0","0/0","0/0","0/0","0/0","0/0","0/0","0/0","0/0","0/0","0/0","0/0","0/0","0/0","0/0","0/0","0/0","0/0","0/0","0/0","0/0","0/0","0/0","0/0","0/0","0/0","0/0","0/0","0/0","0/0","0/0","0/0","0/0","0/0","0/0","0/0","0/0","0/0","0/0","0/0","0/0","0/0","0/0","0/0","0/0","0/0","0/0","0/0","0/0","0/0","0/0","0/0","0/0","0/0","0/0","0/0","0/0","0/0","0/0","0/0","0/0","0/0","0/1","0/0","0/0","0/0","0/0","0/0","0/0","0/0","0/0","0/0","0/0","0/0","0/0","0/0","0/0","0/0","0/0","0/0","0/0","0/0","0/0","0/0","0/0","0/0","0/0","0/0","0/0","0/0","0/0","0/0","0/0","0/0","0/0","0/0","0/0","0/0","0/0","0/0","0/0","0/1","0/0","0/0","0/0","0/0","0/0","0/0","0/0","0/1","0/0","0/0","0/0","0/0","0/0","0/0","0/0","0/0","0/0","0/0","0/0","0/0","0/0","0/0","0/0","0/0","0/0","0/0","0/0","0/0","0/0","0/0","0/0","0/0","0/0","0/0","0/0","0/0","0/0","0/0","0/0","0/0","0/0","0/0","0/0","0/0","0/0","0/0","0/0","0/0","0/0","0/0","0/0"
"chr2:220251877_CATGGCCACCT/C_DNPEP","0/0","0/0","0/0","0/0","0/0","0/0","0/0","0/0","0/0","0/0","0/0","0/0","0/0","0/0","0/0","0/0","0/0","0/0","0/0","0/0","0/0","0/0","0/0","0/0","0/0","0/0","0/0","0/0","0/0","0/0","0/0","0/0","0/0","0/0","0/0","0/0","0/0","0/0","0/0","0/0","0/0","0/0","0/0","0/0","0/0","0/0","0/0","0/0","0/0","0/0","0/0","0/0","0/0","0/0","0/0","0/0","0/0","0/0","0/0","0/0","0/0","0/0","0/0","0/0","0/0","0/0","0/0","0/0","0/0","0/0","0/0","0/0","0/0","0/0","0/0","0/0","0/0","0/0","0/0","0/0","0/0","0/0","0/0","0/0","0/0","0/0","0/0","0/0","0/0","0/0","0/0","0/0","0/0","0/0","0/0","0/0","0/0","0/0","0/0","0/0","0/0","0/0","0/0","0/0","0/0","0/0","0/0","0/0","0/1","0/0","0/0","0/0","0/0","0/0","0/0","0/0","0/0","0/0","0/0","0/0","0/0","0/0","0/0","0/0","0/0","0/0","0/0","0/0","0/0","0/0","0/0","0/0","0/0","0/0","0/0","0/0","0/0","0/0","0/0","0/0","0/0","0/0","0/0","0/0","0/0","0/0","0/0","0/0","0/0","0/0","0/0","0/0","0/0"
"chr2:220361590_T/TA_LOC100996693","0/1","0/1","0/1","0/0","0/0","0/0","0/0","0/0","0/0","0/1","0/0","0/0","0/1","1/1","0/0","0/0","0/1","0/0","0/0","0/0","0/0","0/0","0/0","0/0","1/1","0/0","0/1","0/1","0/0","0/0","0/0","0/0","0/1","0/0","0/0","0/1","0/0","0/0","0/0","0/0","0/1","0/0","0/0","0/0","0/0","0/0","0/0","0/0","0/1","0/1","0/0","0/0","0/0","0/0","0/0","0/0","0/0","0/0","0/1","0/0","0/0","0/0","0/1","0/0","0/0","0/0","0/0","0/0","0/0","0/0","0/0","0/1","0/1","0/0","0/0","0/0","0/0","0/0","0/0","0/0","0/0","0/0","0/0","0/0","0/0","0/0","0/0","0/0","0/1","0/1","0/0","0/0","0/0","0/0","0/0","0/0","0/0","0/0","0/1","0/1","0/1","0/1","0/1","0/0","0/0","0/0","0/0","0/0","0/0","0/1","0/0","0/0","0/0","0/0","0/0","0/0","0/0","0/1","0/0","0/1","0/0","0/0","0/0","0/1","0/0","0/0","0/0","0/0","0/0","0/0","0/0","0/1","0/0","0/0","0/0","0/0","0/0","0/0","0/0","0/0","0/0","0/1","0/1","0/0","0/0","0/0","0/0","0/0","0/0","0/0","0/0","0/0","0/0"
"chr2:220422979_GGC/G_OBSL1","0/0","0/0","0/0","0/0","0/0","0/0","0/0","0/0","0/0","0/0","0/0","0/0","0/0","0/0","0/0","0/0","0/0","0/0","0/0","0/0","0/0","0/0","0/0","0/0","0/0","0/0","0/0","0/0","0/0","0/0","0/0","0/0","0/0","0/0","0/0","0/0","0/0","0/0","0/0","0/0","0/0","0/0","0/0","0/0","0/0","0/0","0/0","0/0","0/0","0/0","0/0","0/0","0/0","0/1","0/0","0/0","0/0","0/0","0/0","0/0","0/0","0/0","0/0","0/0","0/0","0/0","0/0","0/0","0/0","0/0","0/0","0/0","0/0","0/0","0/0","0/0","0/0","0/0","0/0","0/0","0/0","0/0","0/0","0/0","0/0","0/0","0/0","0/0","0/0","0/0","0/0","0/0","0/0","0/0","0/0","0/0","0/0","0/0","0/0","0/0","0/0","0/0","0/0","0/0","0/0","0/0","0/0","0/0","0/0","0/0","0/0","0/0","0/0","0/0","0/0","0/0","0/0","0/0","0/0","0/0","0/0","0/0","0/0","0/0","0/0","0/0","0/0","0/0","0/0","0/0","0/0","0/0","0/0","0/0","0/0","0/0","0/0","0/0","0/0","0/0","0/0","0/0","0/0","0/0","0/0","0/0","0/0","0/0","0/0","0/0","0/0","0/0","0/0"
"chr2:220494110_G/GC_SLC4A3","0/0","0/0","0/0","0/0","0/0","0/0","0/0","0/0","0/0","0/1","0/0","0/0","0/0","0/0","0/0","0/0","0/0","0/0","0/0","0/0","0/1","0/0","0/0","0/0","0/0","0/0","0/0","0/0","0/0","0/0","0/0","0/0","0/0","0/0","0/0","0/0","0/0","0/0","0/0","0/0","0/0","0/0","0/0","0/0","0/0","0/0","0/0","0/0","0/0","0/0","0/0","0/0","0/0","0/0","0/0","0/0","0/0","0/0","0/0","0/0","0/0","0/0","0/0","0/0","0/0","0/0","0/0","0/0","0/0","0/0","0/0","0/0","0/0","0/0","0/0","0/0","0/0","0/0","0/0","0/0","0/0","0/0","0/0","0/0","0/0","0/0","0/0","0/0","0/0","0/0","0/0","0/0","0/0","0/0","0/0","0/0","0/0","0/0","0/0","0/0","0/0","0/0","0/0","0/0","0/0","0/0","0/0","0/0","0/0","0/0","0/0","0/0","0/0","0/0","0/0","0/0","0/0","0/0","0/0","0/0","0/0","0/0","0/0","0/0","0/0","0/0","0/0","0/0","0/0","0/0","0/0","0/0","0/0","0/0","0/0","0/0","0/0","0/0","0/0","0/0","0/0","0/0","0/0","0/0","0/0","0/0","0/0","0/0","0/0","0/0","0/0","0/0","0/0"
"chr2:220494117_CA/C_SLC4A3","0/0","0/0","0/0","0/0","0/0","0/0","0/0","0/0","0/0","0/0","0/0","0/0","0/0","0/0","0/0","0/0","0/0","0/0","0/0","0/0","0/0","0/0","0/0","0/0","0/0","0/0","0/0","0/0","0/0","0/0","0/0","0/0","0/0","0/0","0/0","0/0","0/1","0/0","0/0","0/0","0/0","0/0","0/0","0/0","0/0","0/0","0/0","0/0","0/0","0/0","0/0","0/0","0/0","0/0","0/0","0/0","0/0","0/0","0/0","0/0","0/0","0/0","0/0","0/0","0/0","0/0","0/0","0/0","0/0","0/0","0/0","0/0","0/0","0/0","0/0","0/0","0/0","0/0","0/0","0/0","0/0","0/0","0/0","0/0","0/0","0/0","0/0","0/0","0/0","0/0","0/0","0/0","0/0","0/0","0/0","0/0","0/0","0/0","0/0","0/0","0/0","0/0","0/0","0/0","0/0","0/0","0/0","0/0","0/0","0/0","0/0","0/0","0/0","0/0","0/0","0/0","0/0","0/0","0/0","0/0","0/0","0/0","0/0","0/0","0/0","0/0","0/0","0/0","0/0","0/0","0/0","0/0","0/0","0/0","0/0","0/0","0/0","0/0","0/0","0/0","0/0","0/0","0/0","0/0","0/0","0/0","0/0","0/0","0/0","0/0","0/0","0/0","0/0"
"chr2:223554125_T/TATCTTCAC_MOGAT1","0/0","0/0","0/0","0/0","0/0","0/0","0/0","0/0","0/0","0/0","0/0","0/0","0/1","0/0","0/0","0/0","0/0","0/0","0/1","0/0","0/0","0/0","0/1","0/0","0/0","0/0","0/1","0/0","0/0","0/1","0/0","0/0","0/0","0/0","0/0","0/0","0/1","0/1","0/0","0/0","0/0","0/0","0/0","0/0","0/0","0/0","0/0","0/1","0/0","0/1","0/0","0/0","0/0","0/0","0/0","0/0","0/0","0/0","0/0","0/1","0/0","0/0","0/0","0/0","0/0","0/0","0/0","0/0","0/0","0/0","0/0","0/1","0/1","0/0","0/0","0/0","0/0","0/0","0/0","0/0","0/0","0/0","0/0","0/0","0/0","0/1","0/1","0/0","0/0","0/0","0/0","0/1","0/1","0/0","0/0","0/0","0/0","0/1","0/0","0/0","0/1","0/0","0/1","0/0","0/0","0/0","0/0","0/0","0/0","0/0","0/0","0/0","0/0","0/0","0/0","0/0","0/0","0/0","0/0","0/0","0/0","0/0","0/0","0/0","0/0","0/0","0/0","0/0","0/0","0/0","0/0","0/0","0/0","0/0","0/0","0/0","0/0","0/0","0/1","0/1","0/1","0/0","0/0","0/0","0/0","0/0","0/0","0/0","0/0","0/0","0/0","0/0","0/0"
"chr2:227661395_TTGCTGC/T_IRS1","0/0","0/0","0/0","0/0","0/0","0/0","0/0","0/0","0/0","0/0","0/1","0/0","0/0","0/0","0/0","0/0","0/0","0/0","0/0","0/0","0/0","0/0","0/0","0/0","0/0","0/0","0/0","0/0","0/0","0/0","0/0","0/0","0/0","0/0","0/0","0/0","0/0","0/0","0/0","0/0","0/0","0/0","0/0","0/0","0/0","0/0","0/0","0/0","0/0","0/0","0/0","0/0","0/0","0/0","0/0","0/0","0/0","0/0","0/0","0/1","0/0","0/0","0/0","0/0","0/0","0/0","0/0","0/0","0/0","0/0","0/0","0/0","0/0","0/0","0/0","0/0","0/0","0/0","0/0","0/0","0/0","0/0","0/0","0/0","0/0","0/0","0/0","0/0","0/0","0/0","0/0","0/0","0/0","0/0","0/0","0/0","0/0","0/0","0/0","0/0","0/0","0/0","0/0","0/0","0/0","0/0","0/0","0/0","0/0","0/0","0/0","0/0","0/0","0/0","0/0","0/0","0/0","0/0","0/0","0/0","0/0","0/0","0/0","0/0","0/0","0/0","0/0","0/0","0/0","0/0","0/0","0/0","0/0","0/0","0/0","0/0","0/0","0/0","0/0","0/0","0/0","0/0","0/0","0/0","0/0","0/0","0/0","0/0","0/0","0/0","0/0","0/0","0/0"
"chr2:230579068_GAGC/G_DNER","0/0","0/0","0/0","0/0","0/0","0/0","0/0","0/0","0/0","0/0","0/0","0/0","0/0","0/0","0/0","0/0","0/0","0/0","0/0","0/0","0/0","0/0","0/0","0/0","0/0","0/0","0/0","0/0","0/0","0/0","0/0","0/0","0/0","0/0","0/1","0/0","0/0","0/0","0/0","0/0","0/0","0/0","0/0","0/0","0/0","0/0","0/0","0/0","0/0","0/0","0/0","0/0","0/0","0/0","0/0","0/0","0/0","0/0","0/0","0/0","0/0","0/0","0/0","0/0","0/0","0/0","0/0","0/0","0/0","0/0","0/0","0/0","0/0","0/0","0/0","0/1","0/0","0/0","0/0","0/0","0/0","0/0","0/0","0/0","0/0","0/0","0/0","0/0","0/0","0/0","0/0","0/0","0/0","0/0","0/0","0/0","0/0","0/0","0/0","0/0","0/0","0/0","0/0","0/0","0/1","0/0","0/0",".","0/0","0/0","0/0","0/0","0/0","0/0","0/0","0/0","0/0",".","0/0","0/0","0/0","0/0","0/0","0/1","0/0","0/0","0/0","0/0","0/0","0/0","0/0","0/0","0/0","0/0","0/0","0/0","0/0","0/0","0/0","0/0","0/0","0/0","0/0","0/0","0/0","0/0","0/0","0/0","0/1","0/0","0/0","0/0","0/0"
"chr2:231902558_GGGC/G_C2orf72","0/0","0/0","0/0","0/0","0/0","0/0",".","0/0","0/0","0/0","0/0","0/0","0/0","0/0","0/0","0/0","0/0","0/0","0/0","0/0","0/0","0/0","0/0","0/0","0/0","0/1","0/0","0/0","0/0","0/0","0/0","0/0","0/0","0/0","0/0",".","0/0","0/0",".","0/0","0/0","0/0","0/0","0/0",".","0/0","0/0","0/0",".","0/0","0/0","0/0","0/0","0/0","0/0","0/0","0/0","0/0",".","0/0",".",".","0/0","0/0","0/0","0/0","0/0","0/0",".","0/0","0/0","0/0","0/0","0/0","0/0","0/0","0/0","0/0","0/0",".","0/0",".","0/0","0/0",".","0/0","0/0","0/0","0/0",".",".","0/0","0/0",".","0/0","0/0","0/0",".","0/0","0/0","0/0","0/0","0/0","0/0","0/0","0/0","0/0",".","0/0","0/0",".","0/0",".","0/0","0/0","0/0","0/0",".","0/0","0/0","0/0","0/0","0/0","0/0",".","0/0",".","0/0","0/0",".",".","0/0","0/0","0/0","0/0","0/0",".","0/0","0/0","0/0","0/0",".","0/0","0/0","0/0","0/0","0/0","0/0","0/0","0/0","0/0","0/0","0/0"
"chr2:232225535_C/CG_ARMC9","1/1","1/1","1/1","1/1","1/1","1/1","1/1","1/1","1/1","1/1","1/1","1/1","1/1","1/1","1/1","1/1","1/1","1/1","1/1","1/1","1/1","1/1","1/1","1/1","1/1","1/1","1/1","1/1","1/1","1/1","1/1","1/1","1/1","1/1","1/1","1/1","1/1","1/1","1/1","1/1","1/1","1/1","1/1","1/1","1/1","1/1","1/1","1/1","1/1","1/1","1/1","1/1","1/1","1/1","1/1","1/1","1/1","1/1","1/1","1/1","1/1","1/1","1/1","1/1","1/1","1/1","1/1","1/1","1/1","1/1","1/1","1/1","1/1","1/1","1/1","1/1","1/1","1/1","1/1","1/1","1/1","1/1","1/1","1/1","1/1","1/1","1/1","1/1","1/1","1/1","1/1","1/1","1/1","1/1","1/1","1/1","1/1","1/1","1/1","1/1","1/1","1/1","1/1","1/1","1/1","1/1","1/1","1/1","1/1","1/1","1/1","1/1","1/1","1/1","1/1","1/1","1/1","1/1","1/1","1/1","1/1","1/1","1/1","1/1","1/1","1/1","1/1","1/1","1/1","1/1","1/1","1/2","1/1","1/1","1/1","1/1","1/1","1/1","1/1","1/1","1/1","1/2","1/2","1/1","1/1","1/1","1/1","1/1","1/1","1/1","1/1","1/1","1/1"
"chr2:232325396_TTCC/T_NCL","0/0","0/0","0/0","0/0","0/0","0/0","0/0","0/0","0/0","0/0","0/0","0/0","0/0","0/0","0/0","0/0","0/0","0/0","0/0","0/0","0/0","0/0","0/0","0/0","0/0","0/0","0/0","0/0","0/0","0/0","0/0","0/0","0/0","0/0","0/0","0/0","0/0","0/0","0/0","0/0","0/0","0/0","0/0","0/0","0/0","0/0","0/0","0/0","0/0","0/0","0/0","0/0","0/0","0/0","0/0","0/0","0/0","0/0","0/0","0/0","0/0","0/0","0/0","0/0","0/0","0/0","0/0","0/1","0/1","0/0","0/0","0/0","0/0","0/0","0/0","0/0","0/0","0/0","0/0","0/0","0/0","0/0","0/0","0/0","0/0","0/0","0/0","0/0","0/0","0/0","0/0","0/0","0/0","0/0","0/0","0/0","0/0","0/0","0/0","0/0","0/0","0/0","0/0","0/0","0/0","0/0","0/0","0/0","0/0","0/0","0/0","0/0","0/0","0/0","0/0","0/0","0/0","0/0","0/0","0/0","0/0","0/0","0/0","0/0","0/0","0/0","0/0","0/0","0/0","0/0","0/0","0/0","0/0","0/0","0/0","0/0","0/0","0/0","0/0","0/0","0/0","0/0","0/0","0/0","0/0","0/0","0/0","0/0","0/0","0/0","0/0","0/0","0/0"
"chr2:232325414_TTCA/T_NCL","0/0","0/0","0/0","1/1","0/0","0/0","0/0","0/0","0/0","0/0","0/1","0/0","0/1","0/1","0/0","0/0","0/0","0/0","0/1","0/0","0/0","0/0","0/1","0/1","0/0","0/0","0/0","0/0","0/1","0/1","0/0","0/0","1/1","0/0","0/1","0/0","0/1","0/0","0/0","0/1","0/0","0/0","0/1","0/0","0/0","0/1","0/0","0/1","0/1","0/1","0/0","0/0","0/0","0/0","0/1","0/0","0/1","0/0","1/1","0/0","0/0","1/1","0/0","0/1","0/1","0/1","0/0","0/1","0/1","0/0","0/1","0/1","0/1","0/0","0/0","0/0","0/0","0/0","0/0","0/0","0/0","0/0","0/0","0/0","0/0","0/0","0/0","0/0","0/1","0/1","1/1","0/0","0/0","0/1","0/1","1/1","0/0","1/1","1/1","1/1","0/0","0/0","0/0","0/1","0/1","0/0","0/0","0/0","0/0","0/0","1/1","0/0","0/0","1/1","0/0","0/1","0/1","0/0","0/0","0/0","0/0","0/0","0/1","0/0","0/0","0/0","1/1","1/1","0/1","0/1","0/1","0/1","0/1","0/0","0/1","0/1","0/0","0/0","0/0","0/0","0/0","0/1","0/1","0/1","0/1","0/1","0/1","0/1","0/1","0/0","0/0","0/0","0/0"
"chr2:232458085_TGAGA/T_C2orf57","0/0","0/0","0/0","0/0","1/1","1/1","0/1","0/1","0/1","0/0","0/0","0/0","0/0","0/0","0/0","0/0","0/0","0/0","0/0","0/0","0/0","0/0","0/0","0/0","0/1","0/0","0/0","0/1","0/0","0/0","0/0","0/0","0/1","0/0","0/0","0/1","0/0","0/0","0/0","0/1","0/0","0/0","0/1","0/0","0/1","0/0","0/1","0/0","0/0","0/0","0/0","0/1","0/0","0/0","0/0","0/0","0/0","0/1","0/0","1/1","0/0","0/0","0/0","0/0","0/0","0/0","0/0","0/0","0/0","0/0","0/0","0/0","0/0","0/0","0/0","0/0","0/0","0/0","0/0","0/0","0/0","0/0","0/0","0/0","0/0","0/0","0/0","0/1","0/0","0/0","0/0","0/1","0/1","0/0","0/0","0/0","0/1","0/0","0/0","0/0","0/0","0/1","0/0","0/0","0/0","0/0","0/0","0/0","0/0","0/1","0/0","0/0","0/0","0/0","0/0","0/0","0/0","0/0","0/1","0/0","0/1","0/1","0/0","0/0","0/0","0/0","0/0","0/0","0/0","0/0","0/0","0/0","0/0","0/0","0/0","0/0","0/0","0/0","0/0","0/0","0/0","0/0","0/0","0/0","0/0","0/0","0/0","0/0","0/0","0/1","0/1","0/1","0/1"
"chr2:232458458_G/GGTACATGT_C2orf57","0/0","0/0","0/0","0/0","0/0","0/0","0/0","0/0","0/0","0/0","0/0","0/0","0/1","0/0","0/0","0/0","0/0","0/0","0/0","0/0","0/0","0/0","0/1","0/0","0/0","0/0","0/0","0/0","0/0","0/0","0/0","0/0","0/1","0/0","0/1","0/0","0/1","0/0","0/0","0/1","0/0","0/1","0/0","0/0","0/0","0/0","0/0","0/1","0/0","0/0","0/0","0/0","0/0","0/0","0/0","0/0","0/0","0/0","0/0","0/0","0/0","0/1","0/0","1/1","1/1","0/0","0/0","0/1","0/1","0/0","0/0","0/0","0/0","0/0","0/0","0/0","0/0","0/0","0/0","0/0","0/0","0/0","0/0","0/0","0/0","0/0","0/0","0/0","0/0","0/0","0/1","0/0","0/0","0/0","0/0","0/1","0/0","0/0","0/0","0/0","0/0","0/0","0/0","0/0","0/0","0/0","0/0","0/0","0/0","0/0","0/0","0/0","0/0","0/0","0/0","0/0","0/0","0/0","0/0","0/0","0/0","0/0","0/0","0/0","0/0","0/0","0/0","0/0","0/0","0/0","0/0","0/0","0/0","0/0","0/0","0/0","0/0","0/0","0/0","0/0","0/0","0/0","0/0","0/1","0/1","0/1","0/0","0/0","0/0","0/0","0/0","0/0","0/0"
"chr2:232458461_A/AT_C2orf57","0/0","0/0","0/0","0/0","0/0","0/0","0/0","0/0","0/0","0/0","0/0","0/0","0/1","0/0","0/0","0/0","0/0","0/0","0/0","0/0","0/0","0/0","0/1","0/0","0/0","0/0","0/0","0/0","0/0","0/0","0/0","0/0","0/1","0/0","0/1","0/0","0/1","0/0","0/0","0/1","0/0","0/1","0/0","0/0","0/0","0/0","0/0","0/1","0/0","0/0","0/0","0/0","0/0","0/0","0/0","0/0","0/0","0/0","0/0","0/0","0/0","0/1","0/0","1/1","1/1","0/0","0/0","0/1","0/1","0/0","0/0","0/0","0/0","0/0","0/0","0/0","0/0","0/0","0/0","0/0","0/0","0/0","0/0","0/0","0/0","0/0","0/0","0/0","0/0","0/0","0/1","0/0","0/0","0/0","0/0","0/1","0/0","0/0","0/0","0/0","0/0","0/0","0/0","0/0","0/0","0/0","0/0","0/0","0/0","0/0","0/0","0/0","0/0","0/0","0/0","0/0","0/0","0/0","0/0","0/0","0/0","0/0","0/0","0/0","0/0","0/0","0/0","0/0","0/0","0/0","0/0","0/0","0/0","0/0","0/0","0/0","0/0","0/0","0/0","0/0","0/0","0/0","0/0","0/1","0/1","0/1","0/0","0/0","0/0","0/0","0/0","0/0","0/0"
"chr2:232458463_TGAGGAG/T_C2orf57","0/0","0/0","0/0","0/0","0/0","0/0","0/0","0/0","0/0","0/0","0/0","0/0","0/1","0/0","0/0","0/0","0/0","0/0","0/0","0/0","0/0","0/0","0/1","0/0","0/0","0/0","0/0","0/0","0/0","0/0","0/0","0/0","0/1","0/0","0/1","0/0","0/1","0/0","0/0","0/1","0/0","0/1","0/0","0/0","0/0","0/0","0/0","0/1","0/0","0/0","0/0","0/0","0/0","0/0","0/0","0/0","0/0","0/0","0/0","0/0","0/0","0/1","0/0","1/1","1/1","0/0","0/0","0/1","0/1","0/0","0/0","0/0","0/0","0/0","0/0","0/0","0/0","0/0","0/0","0/0","0/0","0/0","0/0","0/0","0/0","0/0","0/0","0/0","0/0","0/0","0/1","0/0","0/0","0/0","0/0","0/1","0/0","0/0","0/0","0/0","0/0","0/0","0/0","0/0","0/0","0/0","0/0","0/0","0/0","0/0","0/0","0/0","0/0","0/0","0/0","0/0","0/0","0/0","0/0","0/0","0/0","0/0","0/0","0/0","0/0","0/0","0/0","0/0","0/0","0/0","0/0","0/0","0/0","0/0","0/0","0/0","0/0","0/0","0/0","0/0","0/0","0/0","0/0","0/1","0/1","0/1","0/0","0/0","0/0","0/0","0/0","0/0","0/0"
"chr2:232458470_A/AC_C2orf57","0/0","0/0","0/0","0/0","0/0","0/0","0/0","0/0","0/0","0/0","0/0","0/0","0/1","0/0","0/0","0/0","0/0","0/0","0/0","0/0","0/0","0/0","0/1","0/0","0/0","0/0","0/0","0/0","0/0","0/0","0/0","0/0","0/1","0/0","0/1","0/0","0/1","0/0","0/0","0/1","0/0","0/1","0/0","0/0","0/0","0/0","0/0","0/1","0/0","0/0","0/0","0/0","0/0","0/0","0/0","0/0","0/0","0/0","0/0","0/0","0/0","0/1","0/0","1/1","1/1","0/0","0/0","0/1","0/1","0/0","0/0","0/0","0/0","0/0","0/0","0/0","0/0","0/0","0/0","0/0","0/0","0/0","0/0","0/0","0/0","0/0","0/0","0/0","0/0","0/0","0/1","0/0","0/0","0/0","0/0","0/1","0/0","0/0","0/0","0/0","0/0","0/0","0/0","0/0","0/0","0/0","0/0","0/0","0/0","0/0","0/0","0/0","0/0","0/0","0/0","0/0","0/0","0/0","0/0","0/0","0/0","0/0","0/0","0/0","0/0","0/0","0/0","0/0","0/0","0/0","0/0","0/0","0/0","0/0","0/0","0/0","0/0","0/0","0/0","0/0","0/0","0/0","0/0","0/1","0/1","0/1","0/0","0/0","0/0","0/0","0/0","0/0","0/0"
"chr2:233201254_AAGCGGCCAGGCACCCAGGGCCACCTGGGCCCTGAGAAGGAGGAGGAGGAGTCTGACGGTG/A_DIS3L2","0/0","0/0","0/0","0/0","0/0","0/0","0/0","0/0","0/0","0/0","0/0","0/0","0/0","0/0","0/0","0/0","0/0","0/0","0/0","0/0","0/0","0/0","0/0","0/0","0/0","0/0","0/0","0/0","0/0","0/0","0/0","0/0","0/1","0/0","0/0","0/0","0/0","0/0","0/0","0/0","0/0","0/0","0/0","0/0","0/0","0/0","0/0","0/0","0/0","0/0","0/0","0/0","0/0","0/0","0/0","0/0","0/0","0/0","0/0","0/0","0/0","0/0","0/0","0/0","0/0","0/0","0/0","0/0","0/0","0/0","0/0","0/0","0/0","0/0","0/0","0/0","0/0","0/0","0/0","0/0","0/0","0/0","0/0","0/0","0/0","0/0","0/0","0/0","0/0","0/0","0/0","0/0","0/0","0/0","0/0","0/0","0/0","0/0","0/0","0/0","0/0","0/0","0/0","0/0","0/0","0/0","0/0","0/0","0/0","0/0","0/0","0/0","0/0","0/0","0/0","0/0","0/0","0/0","0/0","0/0","0/0","0/0","0/0","0/0","0/0","0/0","0/0","0/0","0/0","0/0","0/0","0/0","0/0","0/0","0/0","0/0","0/0","0/0","0/0","0/0","0/0","0/0","0/0","0/0","0/0","0/0","0/0","0/0","0/0","0/0","0/0","0/0","0/0"
"chr2:233243526_GCATGCTGCT/G_ALPP","0/0","0/0","0/0","0/0","0/0","0/0","0/0","0/0","0/0","0/0","0/0","0/0","0/0","0/0","0/0","0/0","0/0","0/0","0/0","0/0","0/0","0/0","0/0","0/0","0/0","0/0","0/0","0/0","0/0","0/0","0/0","0/0","0/0","0/0","0/0","0/0","0/0","0/1","0/0","0/0","0/0","0/0","0/0","0/0","0/0","0/0","0/0","0/0","0/0","0/0","0/0","0/0","0/0","0/0","0/0","0/0","0/0","0/0","0/0","0/0","0/0","0/0","0/0","0/0","0/0","0/0","0/0","0/0","0/0","0/0","0/0","0/0","0/0","0/0","0/0","0/0","0/0","0/0","0/0","0/0","0/0","0/0","0/0","0/0","0/0","0/0","0/0","0/0","0/0","0/0","0/0","0/0","0/0","0/0","0/0","0/0","0/0","0/0","0/0","0/0","0/0","0/0","0/0","0/0","0/0","0/0","0/0","0/0","0/0","0/0","0/0","0/0","0/0","0/0","0/0","0/0","0/0","0/0","0/0","0/0","0/0","0/0","0/0","0/0","0/0","0/0","0/0","0/0","0/0","0/0","0/0","0/0","0/0","0/0","0/0","0/0","0/0","0/0","0/0","0/0","0/0","0/0","0/0","0/0","0/0","0/0","0/0","0/0","0/0","0/0","0/0","0/0","0/0"
"chr2:233243528_ATGC/ATGCTGC_ALPP","0/0","0/0","0/0","0/0","0/0","0/0","0/0","0/0","0/0","0/0","0/0","0/0","0/0","0/0","0/0","0/0","0/1","0/0","0/0","0/0","0/0","0/0","0/0","0/0","0/0","0/0","0/0","0/0","0/0","0/0","0/0","0/0","0/0","0/0","0/0","0/0","0/0","0/3","0/0","0/0","0/0","0/0","0/0","0/0","0/0","0/0","0/0","0/0","0/0","0/0","0/2","0/0","0/0","0/0","0/0","0/2","0/0","0/0","0/0","0/0","0/0","0/0","0/0","0/0","0/0","0/0","0/0","0/0","0/0","0/0","0/0","0/0","0/0","0/0","0/0","0/1","0/1","0/0","0/0","0/0","0/0","0/1","0/2","0/0","0/0","0/0","0/0","0/0","0/0","0/0","0/0","0/0","0/0","0/0","0/0","0/0","0/0","0/0","0/0","0/0","0/0","0/0","0/0","0/0","0/0","0/0","0/0","0/0","0/0","0/0","0/0","0/0","0/0","0/0","0/0","0/0","0/0","0/0","0/0","0/0","0/0","0/0","0/0","0/0","0/0","0/0","0/0","0/0","0/0","0/0","0/0","0/0","0/0","0/0","0/0","0/0","0/0","0/0","0/0","0/0","0/0","0/0","0/0","0/0","0/0","0/0","0/0","0/0","0/0","0/0","0/0","0/0","0/0"
"chr2:233389990_TG/T_PRSS56","0/0","0/0","0/0","0/0","0/0","0/0","0/0","0/0","0/0","0/0","0/0","0/0","0/0","0/0","0/0","0/0","0/0","0/0","0/0","0/0","0/0","0/0","0/0","0/0","0/0","0/0","0/0","0/0","0/0","0/0","0/0","0/1","0/0","0/0","0/0","0/0","0/0","0/0","0/0","0/0","0/0","0/0","0/0","0/0","0/0","0/0","0/0","0/0","0/0","0/0","0/0","0/0","0/0","0/0","0/0","0/0","0/0","0/0","0/0","0/0","0/0","0/0","0/0","0/0","0/0","0/0","0/0","0/0","0/0","0/0","0/0","0/0","0/0","0/0","0/0","0/0","0/0","0/0","0/0","0/0","0/0","0/0","0/0","0/0","0/0","0/0","0/0","0/0","0/0","0/0","0/0","0/0","0/0","0/0","0/0","0/0","0/0","0/0","0/0","0/0","0/0","0/0","0/0","0/0","0/0","0/0","0/0","0/0","0/0","0/0","0/0","0/0","0/0","0/0","0/0","0/0","0/0","0/0","0/0","0/0","0/0","0/0","0/0","0/0","0/0","0/0","0/0","0/0","0/0","0/0","0/0","0/0","0/0","0/0","0/0","0/0","0/0","0/0","0/0","0/0","0/0","0/0","0/0","0/0","0/0","0/0","0/0","0/0","0/0","0/0","0/0","0/0","0/0"
"chr2:233414492_GCTTTTGACATAC/G_TIGD1","0/1","0/1","0/1","0/0","0/0","0/0","0/0","0/0","0/0","0/0","0/0","0/0","0/0","0/0","0/0","0/0","0/0","0/0","0/0","0/0","0/0","0/0","0/0","0/0","0/0","0/0","0/0","0/0","0/0","0/0","0/0","0/0","0/0","0/0","0/0","0/0","0/0","0/0","0/0","0/0","0/0","0/0","0/0","0/0","0/0","0/0","0/0","0/0","0/0","0/0","0/0","0/0","0/0","0/0","0/0","0/0","0/0","0/0","0/0","0/0","0/0","0/0","0/0","0/0","0/0","0/0","0/0","0/0","0/0","0/0","0/0","0/0","0/0","0/0","0/0","0/0","0/0","0/0","0/0","0/0","0/0","0/0","0/0","0/0","0/0","0/0","0/0","0/0","0/0","0/0","0/0","0/0","0/0","0/0","0/0","0/0","0/0","0/0","0/0","0/0","0/0","0/0","0/0","0/0","0/0","0/0","0/0","0/0","0/0","0/0","0/0","0/0","0/0","0/0","0/0","0/0","0/0","0/0","0/0","0/0","0/0","0/0","0/0","0/0","0/0","0/0","0/0","0/0","0/0","0/0","0/0","0/0","0/0","0/0","0/0","0/0","0/0","0/0","0/0","0/0","0/0","0/0","0/0","0/0","0/0","0/0","0/0","0/0","0/0","0/0","0/0","0/0","0/0"
"chr2:233546362_GGGA/G_EFHD1","0/0","0/0","0/0","0/0","0/0","0/0","0/0","0/0","0/0","0/0","0/0","0/0","0/0","0/0","0/0","0/0","0/0","0/0","0/0","0/0","0/0","0/0","0/0","0/0","0/0","0/0","0/0","0/0","0/0","0/0","0/0","0/0","0/0","0/0","0/0","0/0","0/0","0/0","0/0","0/0","0/0","0/0","0/0","0/0","0/0","0/0","0/0","0/0","0/0","0/0","0/0","0/0","0/0","0/0","0/0","0/0","0/0","0/0","0/0","0/0","0/0","0/0","0/0","0/0","0/0","0/0","0/0","0/0","0/0","0/0","0/0","0/0","0/0","0/0","0/0","0/0","0/0","0/0","0/0","0/1","0/0","0/0","0/0","0/0","0/0","0/0","0/0","0/0","0/0","0/0","0/0","0/0","0/0","0/0","0/0","0/0","0/0","0/0","0/0","0/0","0/0","0/0","0/0","0/0","0/0","0/0","0/0","0/0","0/0","0/0","0/0","0/0","0/0","0/0","0/0","0/0","0/0","0/0","0/0","0/0","0/0","0/0","0/0","0/0","0/0","0/0","0/0","0/0","0/0","0/0","0/0","0/0","0/0","0/0","0/0","0/0","0/0","0/0","0/0","0/0","0/0","0/0","0/0","0/0","0/0","0/0","0/0","0/0","0/0","0/0","0/0","0/0","0/0"
"chr2:233712209_TCAGCAGCAGCAGCTGCCACAGCAG/T_GIGYF2","0/0","0/0","0/0","0/0","0/0","0/0","0/0","0/0","0/0","0/0","0/0","0/0","0/0","0/0","0/0","0/0","0/0","0/0","0/0","0/0","0/0","0/0","0/0","0/1","0/0","0/0","0/0","0/0","0/0","0/0","0/0","0/0","0/0","0/0","0/0","0/0","0/0","0/0","0/0","0/0","0/0","0/0","0/0","0/0","0/0","0/0","0/0","0/0","0/0","0/0","0/0","0/0","0/0","0/0","0/0","0/0","0/0","0/0","0/0","0/0","0/0","0/0","0/0","0/0","0/0","0/0","0/0","0/0","0/0","0/0","0/0","0/0","0/0","0/0","0/0","0/0","0/0","0/0","0/0","0/0","0/0","0/0","0/0","0/0","0/0","0/0","0/0","0/0","0/0","0/0","0/0","0/0","0/0","0/0","0/0","0/0","0/0","0/0","0/0","0/0","0/0","0/0","0/0","0/0","0/0","0/0","0/0","0/0","0/0","0/0","0/0","0/0","0/0","0/0","0/0","0/0","0/0","0/0","0/0","0/0","0/0","0/0","0/0","0/0","0/0","0/0","0/0","0/0","0/0","0/0","0/0","0/0","0/0","0/0","0/0","0/0","0/0","0/0","0/0","0/0","0/0","0/0","0/0","0/0","0/0","0/0","0/0","0/0","0/0","0/0","0/0","0/0","0/0"
"chr2:233712212_GCAGCAGCAGCTGCCACAGCAGCAGCAGCAGCAGCCGCCA/G_GIGYF2","0/0","0/0","0/0","0/0","0/0","0/0","0/0","0/0","0/0","0/0","0/0","0/0","0/0","0/0","0/0","0/0","0/0","0/0","0/0","0/0","0/0","0/0","0/0","0/1","0/0","0/0","0/0","0/0","0/0","0/0","0/0","0/0","0/0","0/0","0/0","0/0","0/0","0/0","0/0","0/0","0/0","0/0","0/0","0/0","0/0","0/0","0/0","0/0","0/0","0/0","0/0","0/0","0/0","0/0","0/0","0/0","0/0","0/0","0/0","0/0","0/0","0/0","0/0","0/0","0/0","0/0","0/0","0/0","0/0","0/0","0/0","0/0","0/0","0/0","0/0","0/0","0/0","0/0","0/0","0/0","0/0","0/0","0/0","0/0","0/0","0/0","0/0","0/0","0/0","0/0","0/0","0/0","0/0","0/0","0/0","0/0","0/0","0/0","0/0","0/0","0/0","0/0","0/0","0/0","0/0","0/0","0/0","0/0","0/0","0/0","0/0","0/0","0/0","0/0","0/0","0/0","0/0","0/0","0/0","0/0","0/0","0/0","0/0","0/0","0/0","0/0","0/0","0/0","0/0","0/0","0/0","0/0","0/0","0/0","0/0","0/0","0/0","0/0","0/0","0/0","0/0","0/0","0/0","0/0","0/0","0/0","0/0","0/0","0/0","0/0","0/0","0/0","0/0"
"chr2:233712225_C/CCG_GIGYF2","0/1","0/1","0/1","0/0","0/0","0/0","0/0","0/0","0/0","0/1","0/1","0/0","0/1","0/0","0/0","0/1","0/0","0/0","0/0","1/1","1/1","0/0","0/0","0/2","0/1","0/1","0/1","0/1","0/1","0/1","0/1","0/0","1/1","0/1","0/0",".","0/0","0/1","0/0","0/0","0/1","0/0","0/0","0/1","0/0","0/0","0/0","0/0","0/0","0/1","0/0","0/0","0/0",".","0/1","0/0","0/1","0/0","0/0","0/0","0/0","0/0","0/0","0/0","0/0","0/0","0/1","0/1","0/1","0/1","0/0","0/1","0/1","0/1","0/1",".","0/0","0/0","0/0","0/1","0/1","0/1","0/0","1/1","1/1","0/0","0/0","0/0","0/0","0/0","0/0","0/1","0/1","0/1","0/1","0/0",".","0/0","0/0","0/0","0/1","0/1","0/1","1/1","1/1","0/1","0/1","1/1","1/1","0/1","0/0","0/0","0/0","0/0","0/0","0/0","0/0","0/1","0/1","0/1","0/1","0/1","0/0","0/1","0/0","0/0","0/0","0/0","0/0","0/0","0/0","0/0","0/0","0/0","0/0","0/0","0/0","0/0","0/0","0/0","0/0","0/0","0/0","0/1","0/1","0/1","1/1","1/1","1/1","0/0","0/0","0/0","0/0"
"chr2:233712226_CACAGCA/CGCA_GIGYF2","0/1","0/1","0/1","1/1","0/0","0/0","1/1","1/1","1/1","0/1","0/1","0/1","0/1","0/1","0/2","0/0","0/1","0/1","0/1",".",".","0/1","0/1","0/3","0/1",".","0/1","0/0","0/0","0/1","0/1","0/1",".","0/0","0/1","1/1","0/1","0/0","0/1","1/1","0/0","0/1","0/1","0/0","1/1","0/0","1/1","1/1","0/1","0/0","1/1","1/1","0/0","1/1","0/0","0/1","0/0","1/1","0/0","0/1","1/1","0/1","0/1","0/1","0/1","0/0","0/1","0/1","0/1","0/1","0/0","0/1","0/1","0/1","0/1","1/1","1/1","0/1","0/1","0/1","0/1","0/0","1/1",".",".","0/1","0/1","1/1","1/1","1/1","0/1","0/1","0/1","0/1","0/1","0/1","1/1","0/1","0/1","0/1","0/0","0/0","0/0",".",".","0/1","0/1",".",".","0/0","1/1","1/1","1/1","0/0","0/1","0/0","0/0","0/0","0/1","0/0","0/1","0/1","0/0","0/0","0/1","0/1","0/0","0/0","0/1","0/1","0/1","0/1","0/1","0/1","0/1","0/1","0/1","0/1","0/0","0/1","0/0","0/1","0/1","0/0","0/0","0/0",".",".",".","0/1","0/1","0/1","0/1"
"chr2:233712227_ACAG/AGCAG_GIGYF2","0/1","0/1","0/1","2/2","0/0","0/0","2/2","2/2","2/2","0/1","0/1","0/2","0/1","0/2","0/2","0/1","0/2","0/2","0/2","1/1","1/1","0/2","0/2","0/2","0/1","1/1","0/1","0/1","0/1","0/1","0/1","0/2","1/1","0/1","0/2","2/2","0/2","0/1","0/2","2/2","0/1","0/2","0/2","0/1","2/2","0/0","2/2","2/2","0/2","0/1","2/2","2/2","0/0","2/2","0/1","0/2","0/1","2/2","0/0","0/2","2/2","0/2","0/2","0/2","0/2","0/0","0/1","0/1","0/1","0/1","0/0","0/1","0/1","0/1","0/1","2/2","2/2","0/2","0/2","0/1","0/1","0/1","2/2","1/1","1/1","0/2","0/2","2/2","2/2","2/2","0/2","0/1","0/1","0/1","0/1","0/2","2/2","0/2","0/2","0/2","0/1","0/1","0/1","1/1","1/1","0/1","0/1","1/1","1/1","0/1","2/2","2/2","2/2","0/0","0/0","0/0","0/0","0/1","0/1","0/1","0/1","0/1","0/0","0/1","0/2","0/2","0/0","0/0","0/2","0/2","0/2","0/2","0/2","0/2","0/2","0/2","0/2","0/2","0/0","0/2","0/0","0/2","0/2","0/1","0/1","0/1","1/1","1/1","1/1","0/2","0/2","0/0","0/2"
"chr2:234394236_G/GT_USP40","0/0","0/0","0/0","0/0","0/0","0/0","0/0","0/0","0/0","0/0","0/0","0/0","0/0","0/0","0/0","0/0","0/0","0/0","0/0","0/0","0/0","0/0","0/0","0/0","0/0","0/0","0/0","0/0","0/0","0/0","0/0","0/0","0/0","0/0","0/0","0/0","0/0","0/0","0/0","0/0","0/0","0/0","0/0","0/0","0/0","0/0","0/0","0/0","0/0","0/0","0/0","0/0","0/0","0/0","0/0","0/0","0/0","0/0","0/0","0/1","0/0","0/0","0/0","0/0","0/0","0/0","0/0","0/0","0/0","0/0","0/0","0/0","0/0","0/0","0/0","0/0","0/0","0/0","0/0","0/0","0/0","0/0","0/0","0/0","0/0","0/0","0/0","0/0","0/0","0/0","0/0","0/0","0/0","0/0","0/0","0/0","0/0","0/0","0/0","0/0","0/0","0/0","0/0","0/0","0/0","0/0","0/0","0/0","0/0","0/0","0/0","0/0","0/0","0/0","0/0","0/0","0/0","0/0","0/0","0/0","0/0","0/0","0/0","0/0","0/0","0/0","0/0","0/0","0/0","0/0","0/0","0/0","0/0","0/0","0/0","0/0","0/0","0/0","0/0","0/0","0/0","0/0","0/0","0/0","0/0","0/0","0/0","0/0","0/0","0/0","0/0","0/0","0/0"
"chr2:234429739_T/TTTC_USP40","0/0","0/0","0/0","0/0","0/0","0/0","0/0","0/0","0/0","0/0","0/0","0/0","0/0","0/0","0/0","0/0","0/0","0/0","0/0","0/0","0/0","0/0","0/0","0/0","0/0","0/0","0/0","0/0","0/0","0/0","0/0","0/0","0/0","0/0","0/0","0/0","0/0","0/0","0/0","0/0","0/0","0/0","0/0","0/0","0/0","1/1","0/0","0/0","0/1","0/0","0/0","0/0","0/0","0/1","0/0","0/0","0/0","0/0","0/1","0/0","0/0","0/0","0/0","0/0","0/0","0/0","0/0","0/0","0/0","0/0","0/0","0/0","0/0","0/0","0/0","0/0","0/0","0/0","0/0","0/0","0/0","0/1","0/0","0/0","0/0","0/0","0/0","0/0","0/0","0/0","0/0","0/0","0/0","0/1","0/1","0/0","0/0","0/0","0/0","0/0","0/0","0/0","0/0","0/0","0/0","0/0","0/0","0/0","0/0","0/0","0/0","0/0","0/0","0/0","0/0","0/0","0/0","0/0","0/0","0/0","0/0","0/0","0/0","0/0","0/0","0/0","0/0","0/0","0/0","0/0","0/0","0/0","0/0","0/0","0/0","0/0","0/0","0/0","0/0","0/0","0/0","0/0","0/0","0/0","0/0","0/0","0/0","0/0","0/0","0/0","0/0","0/0","0/0"
"chr2:234474222_TA/T_USP40","0/0","0/0","0/0","0/0","0/0","0/0","0/0","0/0","0/0","0/0","0/0","0/0","0/0","0/0","0/0","0/0","0/0","0/0","0/0","0/0","0/0","0/0","0/0","0/0","0/0","0/0","0/0","0/0","0/0","0/0","0/0","0/0","0/0","0/0","0/0","0/0","0/1","0/0","0/0","0/0","0/0","0/0","0/0","0/0","0/0","0/0","0/0","0/0","0/0","0/0","0/0","0/0","0/0","0/0","0/0","0/0","0/0","0/0","0/0","0/0","0/0","0/0","0/0","0/0","0/0","0/0","0/0","0/0","0/0","0/0","0/0","0/0","0/0","0/0","0/0","0/0","0/0","0/0","0/0","0/0","0/0","0/0","0/0","0/0","0/0","0/0","0/0","0/0","0/0","0/0","0/0","0/0","0/0","0/0","0/0","0/0","0/0","0/0","0/0","0/0","0/0","0/0","0/0","0/0","0/0","0/0","0/0","0/0","0/0","0/0","0/0","0/0","0/0","0/0","0/0","0/0","0/0","0/0","0/0","0/0","0/0","0/0","0/0","0/0","0/0","0/0","0/0","0/0","0/0","0/0","0/0","0/0","0/0","0/0","0/0","0/0","0/0","0/0","0/0","0/0","0/0","0/0","0/0","0/0","0/0","0/0","0/0","0/0","0/0","0/0","0/0","0/0","0/0"
"chr2:234879009_A/AC_TRPM8","0/0","0/0","0/0","0/0","0/0","0/0","0/0","0/0","0/0","0/0","0/0","0/0","0/0","0/0","0/0","0/0","0/0","0/0","0/0","0/0","0/0","0/0","0/0","0/0","0/0","0/0","0/0","0/0","0/0","0/0","0/0","0/0","0/0","0/0","0/0","0/0","0/1","0/0","0/0","0/0","0/0","0/0","0/0","0/0","0/0","0/0","0/0","0/0","0/0","0/0","0/0","0/0","0/0","0/0","0/0","0/0","0/0","0/0","0/0","0/0","0/0","0/0","0/0","0/0","0/0","0/0","0/0","0/0","0/0","0/0","0/0","0/0","0/0","0/0","0/0","0/0","0/0","0/0","0/0","0/0","0/0","0/0","0/0","0/0","0/0","0/0","0/0","0/0","0/0","0/0","0/0","0/0","0/0","0/0","0/0","0/0","0/0","0/0","0/0","0/0","0/0","0/0","0/0","0/0","0/0","0/0","0/0","0/0","0/0","0/0","0/0","0/0","0/0","0/0","0/0","0/0","0/0","0/0","0/0","0/0","0/0","0/0","0/0","0/0","0/0","0/0","0/0","0/0","0/0","0/0","0/0","0/0","0/0","0/0","0/0","0/0","0/0","0/0","0/0","0/0","0/0","0/0","0/0","0/0","0/0","0/0","0/0","0/0","0/0","0/0","0/0","0/0","0/0"
"chr2:236761414_C/CCAGG_AGAP1","0/0","0/0","0/0","0/0","0/0","0/0","0/0","0/0","0/0","0/0","0/0","0/0","0/0","0/1","0/1","0/1","0/0","0/1","0/0","1/1","0/1","0/1","0/0","0/0","0/0","0/0","0/1","0/0","0/1","0/0","0/0","0/0","0/1","0/0","0/1","0/0","0/0","0/0","0/0","0/0","0/1","0/0","0/0","0/0","0/0","0/1","0/0","0/0","0/0","0/0","0/0","0/0","0/0","0/0","0/1","0/0","0/0","0/1","0/0","0/0","0/0","0/0","0/1","0/1","0/1","0/1","0/0","0/0","0/0","0/0","0/1","0/0","0/0","0/1","0/1","0/0","0/0","0/0","0/0","0/0","0/0","0/0","0/0","0/0","0/0","0/0","0/0","0/0","0/0","0/0","0/1","0/1","0/1","0/0","0/0","0/1","0/0","0/1","1/1","1/1","0/0","0/1","0/0","0/0","0/0","0/0","0/0","0/0","0/0","0/1","0/0","0/0","0/0","0/0","0/0","0/1","0/1","0/1","0/0","0/1","0/0","0/0","0/1","0/1","0/0","0/0","0/0","0/0","0/1","0/1","0/1","0/1","0/0","0/1","0/0","0/0","0/1","0/1","0/0","0/1","0/0","0/1","0/1","0/0","0/0","0/0","0/0","0/0","0/0","0/1","0/1","0/1","0/1"
"chr2:237076426_GGGC/G_GBX2","0/0","0/0","0/0","0/0","0/0","0/0","0/0","0/0","0/0","0/0","0/0","0/0","0/0","0/0","0/0","0/0","0/0","0/0","0/0","0/0","0/0","0/0","0/0","0/0","0/0","0/0","0/0","0/0","0/0","0/0","0/0","0/0","0/0","0/0","0/0","0/0","0/0","0/0","0/0","0/0","0/0","0/0","0/0","0/0","0/0","0/0","0/0","0/0","0/0","0/0","0/0","0/0","0/0","0/0","0/0","0/0","0/0","0/0","0/0","0/0","0/0","0/0","0/0","0/0","0/0","0/0","0/0","0/0","0/0","0/0","0/0","0/0","0/0","0/0","0/0","0/0","0/0","0/0","0/1","0/0","0/0","0/0","0/0","0/0","0/0","0/0","0/0","0/0","0/0","0/0","0/0","0/0","0/0","0/0","0/0","0/0","0/0","0/0","0/0","0/0","0/0","0/0","0/0","0/0","0/0","0/0","0/0","0/0","0/0","0/0","0/0","0/0","0/0","0/0","0/0","0/0","0/0","0/0","0/0","0/0","0/0","0/0","0/0","0/0","0/0","0/0","0/0","0/0","0/0","0/0","0/0","0/0","0/0","0/0","0/0","0/0","0/0","0/0","0/0","0/0","0/0","0/0","0/0","0/0","0/0","0/0","0/0","0/0","0/0","0/0","0/0","0/0","0/0"
"chr2:241631785_AG/A_AQP12A","0/0","0/0","0/0","0/0","0/0",".","0/0","0/0","0/0","0/0","0/0","0/0","0/0","0/0","0/0","0/0","0/0","0/0","0/0","0/0","0/0","0/0","0/0","0/0","0/0","0/0",".","0/0","0/0","0/0","0/0","0/0","0/0","0/0","0/0","0/0","0/0","0/0","0/0","0/0","0/0","0/0","0/0","0/0","0/0","0/0",".","0/0","0/0",".",".","0/0","0/0","0/0","0/0","0/0","0/0","0/0","0/0","0/0",".","0/0","0/0","0/0","0/0","0/0","1/1","0/0","0/0","1/1","0/0","0/0","0/0","0/0","0/0","0/0","0/0","0/0","0/0","0/0","0/0","0/0",".","0/0","0/0","0/0","0/0","0/0","0/0","0/0",".","0/0","0/0","0/0","0/0",".","0/0","0/0","0/0","0/0","0/0","0/0","0/0","0/0","0/0","0/0","0/0","0/0","0/0","0/0","0/0","0/0","0/0","0/0","0/0","0/0","0/0","0/0","0/0","0/0","0/0","0/0","0/0","0/0",".","0/0","0/0","0/0","0/0","0/0","0/0","0/0","0/0","0/0","0/0","0/0","0/0","0/0","0/0","0/0","0/0","0/0","0/0","0/0","0/0","0/0","0/0","0/0","0/0","0/0","0/0","0/0","0/0"
"chr2:241696840_ATCCTCC/ATCC_KIF1A","1/1","1/1","1/1","1/1","1/1","1/1","0/0","0/0","0/0","1/3","1/1","0/1","1/1","1/2","1/2","0/1","0/1","0/1","0/0","0/1","1/1","0/0","0/0","0/1","1/1","1/1","0/0","1/2","1/2","0/1","0/1","0/1","1/1","1/2","1/1","0/1","1/2","1/1","0/1","0/1","0/0","1/1","1/2","1/2","0/1","1/1","1/1","1/1","0/1","0/1","1/1","1/1","1/1","1/1","1/1","0/1","0/1","0/1","0/1","1/1","1/1","0/1","1/1","0/1","0/1","0/1","1/1","1/2","1/1","0/1","0/1","0/1","0/1","1/1","1/1","0/0","0/0","0/1","0/1","1/1","1/1","1/1","1/1","0/1","0/1","1/1","1/1","1/1","0/1","0/1","0/1","1/1","1/1","0/1","0/1","0/1","1/1","0/0","0/1","0/1","1/1","1/1","1/1","0/1","0/1","0/1","0/1","0/0","0/0","1/1","1/1","0/1","0/1","1/1","0/1","0/1","0/1","1/1","1/1","1/1","1/1","1/1","0/1","1/1","0/1","0/1","1/1","1/1","0/0","0/0","0/0","0/1","0/1","0/1","0/1","0/1","0/1","0/1","1/1","1/1","1/1","0/1","0/1","0/1","0/1","0/1","1/1","1/1","0/1","0/1","0/1","0/1","0/1"
"chr2:242155535_C/CCGGCTT_ANO7","0/0","0/0","0/0","0/0","0/0","0/0","0/0","0/0","0/0","0/0","0/0","0/0","0/0","0/0","0/0","0/0","0/0","0/0","0/0","0/0","0/0","0/0","0/0","0/0","0/0","0/0","0/0","0/0","0/0","0/0","0/0","0/0","0/0","0/0","0/0","0/0","0/0","0/0","0/0","0/0","0/0","0/0","0/0","0/0","0/0","0/1","0/0","0/0","0/0","0/0","0/0","0/0","0/0","0/0","0/0","0/0","0/0","0/0","0/0","0/0","0/0","0/0","0/0","0/0","0/0","0/0","0/0","0/0","0/0","0/0","0/0","0/0","0/0","0/0","0/0","0/0","0/0","0/0","0/0","0/0","0/0","0/0","0/0","0/0","0/0","0/0","0/0","0/0","0/0","0/0","0/0","0/0","0/0","0/0","0/0","0/0","0/0","0/0","0/0","0/0","0/0","0/0","0/0","0/0","0/0","0/0","0/0","0/0","0/0","0/0","0/0","0/0","0/0","0/0","0/0","0/0","0/0","0/0","0/0","0/0","0/0","0/0","0/0","0/0","0/0","0/0","0/0","0/0","0/0","0/0","0/0","0/0","0/0","0/0","0/0","0/0","0/0","0/0","0/0","0/0","0/0","0/0","0/0","0/0","0/0","0/0","0/0","0/0","0/0","0/0","0/0","0/0","0/0"
"chr2:242202195_G/GA_HDLBP","0/0","0/0","0/0","0/0","0/0","0/0","0/0","0/0","0/0","0/0","0/0","0/0","0/0","0/0","0/0","0/0","0/0","0/1","0/0","0/0","0/0","0/0","0/0","0/0","0/0","0/0","0/0","0/0","0/0","0/0","0/0","0/0","0/0","0/0","0/0","0/0","0/0","0/0","0/0","0/0","0/0","0/0","0/0","0/0","0/0","0/0","0/0","0/0","0/0","0/0","0/0","0/0","0/0","0/0","0/0","0/0","0/0","0/0","0/0","0/0","0/0","0/0","0/0","0/0","0/0","0/0","0/0","0/0","0/0","0/0","0/0","0/0","0/0","0/0","0/0","0/0","0/0","0/0","0/0","0/0","0/0","0/0","0/0","0/0","0/0","0/0","0/0","0/0","0/0","0/0","0/0","0/0","0/0","0/0","0/0","0/0","0/0","0/0","0/0","0/0","0/0","0/0","0/0","0/0","0/0","0/0","0/0","0/0","0/0","0/0","0/0","0/0","0/0","0/0","0/0","0/0","0/0","0/0","0/0","0/0","0/0","0/0","0/0","0/0","0/0","0/0","0/0","0/0","0/0","0/0","0/0","0/0","0/0","0/0","0/0","0/0","0/0","0/0","0/0","0/0","0/0","0/0","0/0","0/0","0/0","0/0","0/0","0/0","0/0","0/0","0/0","0/0","0/0"
"chr2:242265494_G/GA_SEPT2","0/0","0/0","0/0","0/0","0/0","0/0","0/0","0/0","0/0","0/0","0/0","0/0","0/0","0/0","0/0","0/0","0/0","0/0","0/0","0/0","0/0","0/0","0/0","0/0","0/0","0/0","0/0","0/0","0/0","0/0","0/0","0/0","0/0","0/0","0/0","0/0","0/1","0/0","0/0","0/0","0/0","0/0","0/0","0/0","0/0","0/0","0/0","0/0","0/0","0/0","0/0","0/0","0/0","0/0","0/0","0/0","0/0","0/0","0/0","0/0","0/0","0/0","0/0","0/0","0/0","0/0","0/0","0/0","0/0","0/0","0/0","0/0","0/0","0/0","0/0","0/0","0/0","0/0","0/0","0/0","0/0","0/0","0/0","0/0","0/0","0/0","0/0","0/0","0/0","0/0","0/0","0/0","0/0","0/0","0/0","0/0","0/0","0/0","0/0","0/0","0/0","0/0","0/0","0/0","0/0","0/0","0/0","0/0","0/0","0/0","0/0","0/0","0/0","0/0","0/0","0/0","0/0","0/0","0/0","0/0","0/0","0/0","0/0","0/0","0/0","0/0","0/0","0/0","0/0","0/0","0/0","0/0","0/0","0/0","0/0","0/0","0/0","0/0","0/0","0/0","0/0","0/0","0/0","0/0","0/0","0/0","0/0","0/0","0/0","0/0","0/0","0/0","0/0"
"chr2:242758263_TGAG/T_NEU4","0/0","0/0","0/0","0/0","0/0","0/0","0/0","0/0","0/0","0/0","0/0","0/0","0/0","0/0","0/0","0/0","0/0","0/0","0/1","0/0","0/0","0/0","0/0","0/0","0/0","0/0","0/0","0/0","0/0","0/0","0/0","0/0","0/0","0/0","0/0","0/0","0/0","0/0","0/0","0/0","0/0","0/0","0/0","0/0","0/0","0/0","0/0","0/0","0/0","0/0","0/0","0/0","0/0","0/0","0/0","0/0","0/0","0/0","0/0","0/0","0/0","0/0","0/0","0/0","0/0","0/0","0/0","0/0","0/0","0/0","0/0","0/0","0/0","0/0","0/0","0/0","0/0","0/0","0/0","0/0","0/0","0/0","0/0","0/0","0/0","0/0","0/0","0/0","0/0","0/0","0/0","0/0","0/0","0/0","0/0","0/0","0/0","0/0","0/0","0/0","0/0","0/0","0/0","0/0","0/0","0/0","0/0","0/0","0/0","0/0","0/0","0/0","0/0","0/0","0/0","0/0","0/0","0/0","0/0","0/0","0/0","0/0","0/0","0/0","0/0","0/0","0/0","0/0","0/0","0/0","0/0","0/0","0/0","0/0","0/0","0/0","0/0","0/0","0/0","0/0","0/0","0/0","0/0","0/0","0/0","0/0","0/0","0/0","0/0","0/0","0/0","0/0","0/0"
"chr2:242794121_T/TGGCTCC_PDCD1","0/0","0/0","0/0","0/0","0/0","0/0","0/0","0/0","0/0","0/0","0/0","0/0","0/0","0/0","0/0","0/0","0/0","0/0","0/0","0/0","0/0","0/0","0/0","0/0","0/0","0/0","0/0","0/0","0/0","0/0","0/0","0/0","0/0","0/0","0/0","0/0","0/0","0/0","0/0","0/0","0/0","0/0","0/0","0/0","0/0","0/0","0/0","0/0","0/0","0/0","0/0","0/0","0/1","0/0","0/0","0/0","0/0","0/0","0/0","0/0","0/0","0/0","0/0","0/0","0/0","0/0","0/0","0/0","0/0","0/0","0/0","0/0","0/0","0/0","0/0","0/0","0/0","0/0","0/0","0/0","0/0","0/0","0/0","0/0","0/0","0/0","0/0","0/0","0/0","0/0","0/0","0/0","0/0","0/0","0/0","0/0","0/0","0/0","0/0","0/0","0/0","0/0","0/0","0/0","0/0","0/0","0/0","0/0","0/0","0/0","0/0","0/0","0/0","0/0","0/0","0/0","0/0","0/0","0/0","0/0","0/0","0/0","0/0","0/0","0/0","0/0","0/0","0/0","0/0","0/0","0/0","0/0","0/0","0/0","0/0","0/0","0/0","0/0","0/0","0/0","0/0","0/0","0/0","0/0","0/0","0/0","0/0","0/0","0/0","0/0","0/0","0/0","0/0"
"chr3:3189140_C/CTAAACT_TRNT1","0/0","0/0","0/0","0/0","0/0","0/0","0/0","0/0","0/0","0/0","0/0","0/0","0/0","0/0","0/0","0/0","0/0","0/0","0/0","0/0","0/0","0/0","0/0","0/0","0/0","0/0","0/0","0/0","0/0","0/0","0/0","0/0","0/0","0/0","0/0","0/0","0/0","0/0","0/0","0/0","0/0","0/0","0/0","0/0","0/0","0/0","0/0","0/0","0/0","0/0","0/0","0/0","0/0","0/0","0/0","0/0","0/0","0/0","0/0","0/0","0/0","0/0","0/0","0/0","0/0","0/1","0/0","0/0","0/0","0/0","0/0","0/0","0/0","0/0","0/0","0/0","0/0","0/0","0/0","0/0","0/0","0/0","0/0","0/0","0/0","0/0","0/0","0/0","0/0","0/0","0/0","0/0","0/0","0/0","0/0","0/0","0/0","0/0","0/0","0/0","0/0","0/0","0/0","0/0","0/0","0/0","0/0","0/0","0/0","0/0","0/0","0/0","0/0","0/0","0/0","0/0","0/0","0/0","0/0","0/0","0/0","0/0","0/0","0/0","0/0","0/0","0/0","0/0","0/1","0/1","0/1","0/0","0/0","0/0","0/0","0/0","0/0","0/0","0/0","0/0","0/0","0/0","0/0","0/0","0/0","0/0","0/0","0/0","0/0","0/0","0/0","0/0","0/0"
"chr3:5022045_G/GGT_BHLHE40","0/0","0/0","0/0","0/0","0/0","0/0","0/0","0/0","0/0","0/0","0/0","0/0","0/0","0/0","0/0","0/0","0/0","0/0","0/0","0/0","0/0","0/0","0/0","0/0","0/0","0/0","0/0","0/0","0/0","0/0","0/0","0/0","0/0","0/0","0/0","0/0","0/0","0/0","0/0","0/0","0/0","0/0","0/0","0/0","0/0","0/0","0/0","0/0","0/0","0/0","0/0","0/0","0/0","0/0","0/0","0/0","0/0","0/0","0/0","0/0","0/0","0/0","0/0","0/0","0/0","0/0","0/0","0/0","0/0","0/0","0/0","0/1","0/0","0/0","0/0","0/0","0/0","0/0","0/0","0/0","0/0","0/0","0/0","0/0","0/0","0/0","0/0","0/0","0/0","0/0","0/0","0/0","0/0","0/0","0/0","0/0","0/0","0/0","0/0","0/0","0/0","0/0","0/0","0/0","0/0","0/0","0/0","0/0","0/0","0/0","0/0","0/0","0/0","0/0","0/0","0/0","0/0","0/0","0/0","0/0","0/0","0/0","0/0","0/0","0/0","0/0","0/0","0/0","0/0","0/0","0/0","0/0","0/0","0/0","0/0","0/0","0/0","0/0","0/0","0/0","0/0","0/0","0/0","0/0","0/0","0/0","0/0","0/0","0/0","0/0","0/0","0/0","0/0"
"chr3:9852059_C/CGAT_TTLL3","1/1","1/1","1/1","1/1","1/1","1/1","1/1","1/1","1/1","0/1","1/1","1/1","1/1","1/1","1/1","1/1",".","0/0","0/1","1/1","0/0","0/0","1/1","1/1","0/1","0/1","0/1","0/1","1/1","0/1","1/1","0/1","1/1","1/1","0/0","1/1","0/1","1/1","1/1","1/1","1/1","1/1","1/1","1/1","1/1","1/1","1/1","1/1","1/1","1/1","0/1","0/1","1/1","0/1","0/1","1/1","1/1","0/1","0/1","0/1","0/1","1/1","1/1","1/1","1/1","0/1","1/1","0/1","0/1","1/1","0/1","1/1","1/1","1/1","1/1","0/1","0/1","0/1","0/1","1/1","1/1","1/1","0/1","0/1","0/1","1/1","1/1","0/1","0/1","0/1","1/1","1/1","1/1","0/1","0/1","1/1","0/1","1/1","1/1","1/1","1/1","1/1","1/1","1/1","1/1","0/0","0/0","0/1","0/1","1/1","1/1","0/1","0/1","1/1","1/1","1/1","1/1","0/1","1/1","0/1","1/1","1/1","1/1","0/1","1/1","1/1","1/1","1/1","1/1","1/1","1/1","0/1","0/0","1/1","0/0","0/0","1/1","1/1","0/1","0/1","0/1","0/1","0/0","1/1","1/1","1/1","1/1","1/1","1/1","0/0","0/0","0/0","0/0"
"chr3:9876871_AGG/A_TTLL3","0/0","0/0","0/0","0/0","0/0","0/0","0/0","0/0","0/0","0/0","0/0","0/0","0/1","0/0","0/0","0/0","0/0","0/0","0/0","0/0","0/0","0/0","0/0","0/0","0/0","0/0","0/0","0/0","0/0","0/0","0/0","0/0","0/0","0/0","0/0","0/0","0/0","0/0","0/0","0/0","0/0","0/0","0/0","0/0","0/0","0/1","0/0","0/0","0/0","0/0","0/0","0/0","0/0","0/0","0/0","0/0","0/0","0/0","0/0","0/0","0/0","0/0","0/0","0/0","0/0","0/0","0/0","0/0","0/0","0/0","0/0","0/0","0/0","0/0","0/0","0/0","0/0","0/0","0/0","0/0","0/0","0/0","0/0","0/0","0/0","0/0","0/0","0/0","0/0","0/0","0/0","0/0","0/0","0/0","0/0","0/0","0/0","0/0","0/0","0/0","0/0","0/0","0/0","0/0","0/0","0/0","0/0","0/0","0/0","0/0","0/0","0/0","0/0","0/0","0/0","0/0","0/0","0/0","0/0","0/0","0/0","0/0","0/0","0/0","0/0","0/0","0/0","0/0","0/0","0/0","0/0","0/0","0/0","0/0","0/0","0/0","0/0","0/0","0/0","0/0","0/0","0/0","0/0","0/0","0/0","0/0","0/0","0/0","0/0","0/0","0/0","0/0","0/0"
"chr3:9876874_TC/T_TTLL3","0/0","0/0","0/0","0/0","0/0","0/0","0/0","0/0","0/0","0/0","0/0","0/0","0/1","0/0","0/0","0/0","0/0","0/0","0/0","0/0","0/0","0/0","0/0","0/0","0/0","0/0","0/0","0/0","0/0","0/0","0/0","0/0","0/0","0/0","0/0","0/0","0/0","0/0","0/0","0/0","0/0","0/0","0/0","0/0","0/0","0/1","0/0","0/0","0/0","0/0","0/0","0/0","0/0","0/0","0/0","0/0","0/0","0/0","0/0","0/0","0/0","0/0","0/0","0/0","0/0","0/0","0/0","0/0","0/0","0/0","0/0","0/0","0/0","0/0","0/0","0/0","0/0","0/0","0/0","0/0","0/0","0/0","0/0","0/0","0/0","0/0","0/0","0/0","0/0","0/0","0/0","0/0","0/0","0/0","0/0","0/0","0/0","0/0","0/0","0/0","0/0","0/0","0/0","0/0","0/0","0/0","0/0","0/0","0/0","0/0","0/0","0/0","0/0","0/0","0/0","0/0","0/0","0/0","0/0","0/0","0/0","0/0","0/0","0/0","0/0","0/0","0/0","0/0","0/0","0/0","0/0","0/0","0/0","0/0","0/0","0/0","0/0","0/0","0/0","0/0","0/0","0/0","0/0","0/0","0/0","0/0","0/0","0/0","0/0","0/0","0/0","0/0","0/0"
"chr3:9876876_AAG/A_TTLL3","0/0","0/0","0/0","0/0","0/0","0/0","0/0","0/0","0/0","0/0","0/0","0/0","0/1","0/0","0/0","0/0","0/0","0/0","0/0","0/0","0/0","0/0","0/0","0/0","0/0","0/0","0/0","0/0","0/0","0/0","0/0","0/0","0/0","0/0","0/0","0/0","0/0","0/0","0/0","0/0","0/0","0/0","0/0","0/0","0/0","0/1","0/0","0/0","0/0","0/0","0/0","0/0","0/0","0/0","0/0","0/0","0/0","0/0","0/0","0/0","0/0","0/0","0/0","0/0","0/0","0/0","0/0","0/0","0/0","0/0","0/0","0/0","0/0","0/0","0/0","0/0","0/0","0/0","0/0","0/0","0/0","0/0","0/0","0/0","0/0","0/0","0/0","0/0","0/0","0/0","0/0","0/0","0/0","0/0","0/0","0/0","0/0","0/0","0/0","0/0","0/0","0/0","0/0","0/0","0/0","0/0","0/0","0/0","0/0","0/0","0/0","0/0","0/0","0/0","0/0","0/0","0/0","0/0","0/0","0/0","0/0","0/0","0/0","0/0","0/0","0/0","0/0","0/0","0/0","0/0","0/0","0/0","0/0","0/0","0/0","0/0","0/0","0/0","0/0","0/0","0/0","0/0","0/0","0/0","0/0","0/0","0/0","0/0","0/0","0/0","0/0","0/0","0/0"
"chr3:9959255_AGGGGCAAGAGCT/A_IL17RC","0/0","0/0","0/0","0/0","0/0","0/0","0/0","0/0","0/0","0/0","0/0","0/0","0/0","0/0","0/0","0/0","0/0","0/0","0/0","0/0","0/0","0/0","0/0","0/0","0/0","0/0","0/0","0/0","0/0","0/0","0/0","0/0","0/0","0/0","0/0","0/0","0/0","0/0","0/0","0/0","0/0","0/0","0/0","0/0","0/0","0/0","0/0","0/0","0/0","0/0","0/0","0/0","0/0","0/0","0/0","0/0","0/0","0/0","0/0","0/0","0/0","0/0","0/0","0/0","0/0","0/0","0/0","0/0","0/0","0/0","0/0","0/0","0/0","0/0","0/0","0/0","0/0","0/0","0/0","0/0","0/0","0/0","0/0","0/0","0/0","0/1","0/1","0/0","0/0","0/0","0/0","0/0","0/0","0/0","0/0","0/0","0/0","0/0","0/0","0/0","0/0","0/0","0/0","0/0","0/0","0/0","0/0","0/0","0/0","0/0","0/0","0/0","0/0","0/0","0/0","0/0","0/0","0/0","0/0","0/0","0/0","0/0","0/0","0/0","0/0","0/0","0/0","0/0","0/0","0/0","0/0","0/0","0/0","0/0","0/0","0/0","0/0","0/0","0/0","0/0","0/0","0/0","0/0","0/0","0/0","0/0","0/0","0/0","0/0","0/0","0/0","0/0","0/0"
"chr3:9988212_C/CCGCGCA_PRRT3","0/0","0/1","0/1","0/0","0/0","0/0","0/0","0/0","0/0","0/0","0/0","0/0","0/1","0/0","0/0","0/0","0/0","0/0","0/0","0/0","0/0","0/0","0/0","0/0","0/0","0/0","0/0","0/0","0/0","0/0","0/0","0/0","0/0","0/0","0/0","0/0","0/0","0/0","0/0","0/0","0/0","0/0","0/0","0/0","0/0","0/0","0/0","0/0","0/0","0/0","0/0","0/0","0/0","0/0","0/0","0/0","0/0","0/0","0/0","0/0","0/0","0/0","0/0","0/0","0/0","0/0","0/0","0/0","0/0","0/0","0/0","0/0","0/0","0/0","0/0","0/0","0/0","0/0","0/0","0/0","0/0","0/0","0/0","0/0","0/0","0/0","0/0","0/0","0/0","0/0","0/0","0/0","0/0","0/0","0/0","0/0","0/0","0/0","0/0","0/0","0/0","0/0","0/0","0/0","0/0","0/0","0/0","0/0","0/0","0/0","0/0","0/0","0/0","0/0","0/0","0/0","0/0","0/0","0/0","0/0","0/0","0/0","0/0","0/0","0/0","0/0","0/0","0/0","0/0","0/0","0/0","0/0","0/0","0/0","0/0","0/0","0/0","0/0","0/0","0/0","0/0","0/0","0/0","0/0","0/0","0/0","0/0","0/0","0/0","0/0","0/0","0/0","0/0"
"chr3:10858066_CGCGCGTCAA/C_SLC6A11","0/0","0/0","0/0","0/0","0/0","0/0","0/0","0/0","0/0","0/0","0/1","0/0","0/0","0/0","0/0","0/0","0/0","0/0","0/0","0/0","0/0","0/0","0/0","0/0","0/0","0/0","0/0","0/0","0/0","0/0","0/0","0/0","0/0","0/0","0/0","0/0","0/0","0/0","0/0","0/0","0/0","0/0","0/0","0/0","0/0","0/0","0/0","0/0","0/0","0/0","0/0","0/0","0/0","0/0","0/0","0/1","0/0","0/0","0/0","0/0","0/0","0/0","0/0","0/0","0/0","0/0","0/0","0/0","0/0","0/0","0/0","0/0","0/0","0/0","0/0","0/0","0/0","0/0","0/0","0/0","0/0","0/0","0/0","0/0","0/0","0/0","0/0","0/0","0/0","0/0","0/0","0/0","0/0","0/0","0/0","0/0","0/0","0/0","0/0","0/0","0/0","0/0","0/0","0/0","0/0","0/0","0/0","0/0","0/0","0/0","0/0","0/0","0/0","0/0","0/0","0/0","0/0","0/0","0/0","0/0","0/0","0/0","0/0","0/0","0/0","0/0","0/0","0/0","0/0","0/0","0/0","0/0","0/0","0/0","0/0","0/0","0/0","0/0","0/0","0/0","0/0","0/0","0/0","0/0","0/0","0/0","0/0","0/0","0/0","0/0","0/0","0/0","0/0"
"chr3:11600044_AG/A_VGLL4","0/0","0/0","0/0","0/0","0/0","0/0","0/0","0/0","0/0","0/0","0/0","0/0","0/0","0/0","0/0","0/0","0/0","0/0","0/0","0/0","0/0","0/0","0/0","0/0","0/0","0/0","0/0","0/0","0/0","0/0","0/0","0/1","0/0","0/0","0/0","0/0","0/0","0/0","0/0","0/0","0/0","0/0","0/0","0/0","0/0","0/0","0/0","0/0","0/0","0/0","0/0","0/0","0/0","0/0","0/0","0/0","0/0","0/0","0/0","0/0","0/0","0/0","0/0","0/0","0/0","0/0","0/0","0/0","0/0","0/0","0/0","0/0","0/0","0/0","0/0","0/0","0/0","0/0","0/0","0/0","0/0","0/0","0/0","0/0","0/0","0/0","0/0","0/0","0/0","0/0","0/0","0/0","0/0","0/0","0/0","0/0","0/0","0/0","0/0","0/0","0/0","0/0","0/0","0/0","0/0","0/0","0/0","0/0","0/0","0/0","0/0","0/0","0/0","0/0","0/0","0/0","0/0","0/0","0/0","0/0","0/0","0/0","0/0","0/0","0/0","0/0","0/0","0/0","0/0","0/0","0/0","0/0","0/0","0/0","0/0","0/0","0/0","0/0","0/0","0/0","0/0","0/0","0/0","0/0","0/0","0/0","0/0","0/0","0/0","0/0","0/0","0/0","0/0"
"chr3:11600201_CG/C_VGLL4","0/0","0/0","0/0","0/0","0/0","0/0","0/0","0/0","0/0","0/0","0/0","0/0","0/0","0/0","0/0","0/0","0/0","0/0","0/0","0/0","0/0","0/0","0/0","0/0","0/0","0/0","0/0","0/0","0/0","0/0","0/0","0/0","0/0","0/0","0/0","0/0","0/1","0/0","0/0","0/0","0/0","0/0","0/0","0/0","0/0","0/0","0/0","0/0","0/0","0/0","0/0","0/0","0/0","0/0","0/0","0/0","0/0","0/0","0/0","0/0","0/0","0/0","0/0","0/0","0/0","0/0","0/0","0/0","0/0","0/0","0/0","0/0","0/0","0/0","0/0","0/0","0/0","0/0","0/0","0/0","0/0","0/0","0/0","0/0","0/0","0/0","0/0","0/0","0/0","0/0","0/0","0/0","0/0","0/0","0/0","0/0","0/0","0/0","0/0","0/0","0/0","0/0","0/0","0/0","0/0","0/0","0/0","0/0","0/0","0/0","0/0","0/0","0/0","0/0","0/0","0/0","0/0","0/0","0/0","0/0","0/0","0/0","0/0","0/0","0/0","0/0","0/0","0/0","0/0","0/0","0/0","0/0","0/0","0/0","0/0","0/0","0/0","0/0","0/0","0/0","0/0","0/0","0/0","0/0","0/0","0/0","0/0","0/0","0/0","0/0","0/0","0/0","0/0"
"chr3:12046122_CA/C_SYN2","0/0","0/0","0/0","0/0","0/0","0/0","0/0","0/0","0/0","0/0","0/0","0/0","0/0","0/0","0/0","0/0","0/0","0/0","0/0","0/0","0/0","0/0","0/0","0/0","0/0","0/0","0/0","0/0","0/0","0/0","0/0","0/0","0/0","0/0","0/0","0/0","0/1","0/0","0/0","0/0","0/0","0/0","0/0","0/0","0/0","0/0","0/0","0/0","0/0","0/0","0/0","0/0","0/0","0/0","0/0","0/0","0/0","0/0","0/0","0/0","0/0","0/0","0/0","0/0","0/0","0/0","0/0","0/0","0/0","0/0","0/0","0/0","0/0","0/0","0/0","0/0","0/0","0/0","0/0","0/0","0/0","0/0","0/0","0/0","0/0","0/0","0/0","0/0","0/0","0/0","0/0","0/0","0/0","0/0","0/0","0/0","0/0","0/0","0/0","0/0","0/0","0/0","0/0","0/0","0/0","0/0","0/0","0/0","0/0","0/0","0/0","0/0","0/0","0/0","0/0","0/0","0/0","0/0","0/0","0/0","0/0","0/0","0/0","0/0","0/0","0/0","0/0","0/0","0/0","0/0","0/0","0/0","0/0","0/0","0/0","0/0","0/0","0/0","0/0","0/0","0/0","0/0","0/0","0/0","0/0","0/0","0/0","0/0","0/0","0/0","0/0","0/0","0/0"
"chr3:12046126_C/CA_SYN2","0/0","0/0","0/0","0/0","0/0","0/0","0/0","0/0","0/0","0/0","0/0","0/0","0/0","0/0","0/0","0/0","0/0","0/0","0/0","0/0","0/0","0/0","0/0","0/0","0/0","0/0","0/0","0/0","0/0","0/0","0/0","0/0","0/0","0/0","0/0","0/0","0/1","0/0","0/0","0/0","0/0","0/0","0/0","0/0","0/0","0/0","0/0","0/0","0/0","0/0","0/0","0/0","0/0","0/0","0/0","0/0","0/0","0/0","0/0","0/0","0/0","0/0","0/0","0/0","0/0","0/0","0/0","0/0","0/0","0/0","0/0","0/0","0/0","0/0","0/0","0/0","0/0","0/0","0/0","0/0","0/0","0/0","0/0","0/0","0/0","0/0","0/0","0/0","0/0","0/0","0/0","0/0","0/0","0/0","0/0","0/0","0/0","0/0","0/0","0/0","0/0","0/0","0/0","0/0","0/0","0/0","0/0","0/0","0/0","0/0","0/0","0/0","0/0","0/0","0/0","0/0","0/0","0/0","0/0","0/0","0/0","0/0","0/0","0/0","0/0","0/0","0/0","0/0","0/0","0/0","0/0","0/0","0/0","0/0","0/0","0/0","0/0","0/0","0/0","0/0","0/0","0/0","0/0","0/0","0/0","0/0","0/0","0/0","0/0","0/0","0/0","0/0","0/0"
"chr3:12046256_GCCCCCCCCC/G_SYN2","1/1","0/0","0/0","0/0","0/0",".",".","0/0",".","1/1","1/1","1/1","1/1","0/0","1/1","1/1","1/1","1/1","1/1","1/1","1/1","1/1","1/1","1/1","1/1","1/1","1/1","1/1","1/1","1/1","1/1","1/1","1/1","0/0","1/1","1/1","1/1",".","1/1","1/1","1/1","1/1","1/1","1/1","1/1",".","1/1","1/1","1/1","1/1","1/1","1/1","1/1","0/0",".","1/1","1/1","1/1","1/1","1/1","1/1","1/1","1/1","0/0",".","1/1",".","1/1","1/1","1/1","1/1","1/1","1/1","1/1","1/1","1/1","1/1","1/1","1/1","1/1","1/1",".","1/1","1/1",".","1/1","1/1","0/0","1/1","1/1","0/0","1/1","1/1","1/1","1/1","1/1","1/1","1/1","1/1","1/1","1/1","1/1","1/1","0/0",".","1/1","1/1","1/1",".","1/1","1/1","1/1","0/0","1/1","1/1",".","0/0","1/1","0/0","1/1","1/1","1/1","0/0","1/1","0/0","1/1","1/1",".",".","0/0","1/1","0/0","0/0","0/0","1/1","1/1","1/1","0/0","1/1","1/1","1/1",".","1/1","1/1","1/1","1/1","1/1","0/0","0/0","1/1","1/1",".","1/1"
"chr3:12046268_GCGCGA/G_SYN2","1/1","0/0","0/0","0/0","0/0",".",".","0/0",".","1/1","1/1","1/1","1/1","0/0","1/1","1/1","1/1","1/1","1/1","1/1","1/1","1/1","1/1","1/1","1/1","1/1","1/1","1/1","1/1","1/1","1/1","1/1","1/1",".","1/1","1/1","1/1","0/0","1/1","1/1","1/1","1/1","1/1","1/1","1/1","0/0","1/1","1/1","1/1","1/1","1/1","1/1","1/1","0/0","0/0","1/1","1/1","1/1","1/1","1/1","1/1","1/1","1/1","0/0","0/0","1/1",".","0/0","1/1","1/1","1/1","1/1","1/1","1/1","1/1","1/1","1/1","1/1","1/1","1/1","1/1","0/0","1/1","1/1",".","1/1","1/1","0/0","1/1","1/1","0/0","1/1","1/1","1/1","1/1","1/1","1/1","1/1","1/1","1/1","1/1","1/1","1/1","0/0","0/0","1/1","1/1","1/1",".","1/1","1/1","1/1","0/0","1/1","1/1",".","0/0","1/1","0/0","1/1","1/1","1/1","0/0","1/1","0/0","1/1","1/1","0/0",".","0/0","1/1","0/0","0/0","0/0","1/1","1/1","1/1","0/0","1/1","1/1","1/1",".","1/1","1/1","1/1","1/1","1/1","0/0","0/0","1/1","1/1",".","1/1"
"chr3:12940890_TAGG/T_IQSEC1","0/0","0/0","0/0","0/0","0/0","0/0","0/0","0/0","0/0","0/0","0/0","0/0","0/0","0/0","0/0","0/0","0/0","0/1","0/0","0/0","0/0","0/0","0/0","0/0","0/0","0/0","0/0","0/0","0/0","0/0","0/0","0/0","0/0","0/0","0/0","0/0","0/0","0/0","0/0","0/0","0/0","0/0","0/0","0/0","0/0","0/0","0/1","0/0","0/0","0/0","0/0","0/0","0/0","0/0","0/0","0/0","0/0","0/0","0/0","0/0","0/0","0/0","0/0","0/0","0/0","0/0","0/0","0/0","0/0","0/0","0/0","0/0","0/0","0/0","0/0","0/0","0/0","0/0","0/0","0/0","0/0","0/0","0/0","0/0","0/0","0/0","0/0","0/0","0/0","0/0","0/0","0/0","0/0","0/0","0/0","0/0","0/0","0/0","0/0","0/0","0/0","0/0","0/0","0/0","0/0","0/0","0/0","0/0","0/0","0/0","0/0","0/0","0/0","0/0","0/0","0/0","0/0","0/0","0/0","0/0","0/0","0/0","0/0","0/0","0/0","0/0","0/0","0/0","0/0","0/0","0/0","0/0","0/0","0/0","0/0","0/0","0/0","0/0","0/0","0/0","0/0","0/0","0/0","0/0","0/0","0/0","0/0","0/0","0/0","0/0","0/0","0/0","0/0"
"chr3:14444276_GC/G_SLC6A6","1/1","1/1",".",".",".","1/1",".","1/1","1/1","1/1","1/1","1/1",".","1/1",".",".",".","1/1",".",".",".",".",".",".",".",".",".",".",".",".",".",".",".",".",".",".",".",".",".","1/1","1/1",".",".","1/1","1/1",".",".",".","1/1",".",".",".","1/1",".",".","1/1",".",".",".","1/1",".",".",".","1/1",".",".",".",".",".",".",".",".",".",".",".",".","1/1","1/1","1/1",".",".","1/1",".",".",".","1/1",".",".","1/1",".",".",".",".",".",".",".",".",".",".",".","1/1",".",".",".",".","1/1",".","1/1",".",".",".",".",".","1/1","1/1",".",".",".",".",".",".",".",".",".",".",".",".",".",".","1/1","1/1",".",".","1/1",".",".",".","1/1","1/1",".",".",".","1/1",".",".",".",".",".",".","1/1",".",".","."
"chr3:14561627_A/AG_GRIP2","1/1","1/1","1/1","1/1","1/1","1/1","1/1","1/1","1/1","1/1","1/1","1/1","1/1","1/1","1/1","1/1","1/1","1/1","1/1","1/1","1/1","1/1","1/1","1/1","1/1","1/1","1/1","1/1","1/1","1/1","1/1","1/1","1/1","1/1","1/1","1/1","1/1","1/1","1/1","1/1","1/1","1/1","1/1","1/1","1/1","1/1","1/1","1/1","1/1","1/1","1/1","1/1","1/1","1/1","1/1","1/1","1/1","1/1","1/1","1/1","1/1","1/1","1/1","1/1","1/1","1/1","1/1","1/1","1/1","1/1","1/1","1/1","1/1","1/1","1/1","1/1","1/1","1/1","1/1","1/1","1/1","1/1","1/1","1/1","1/1","1/1","1/1","1/1","1/1","1/1","1/1","1/1","1/1","1/1","1/1","1/1","1/1","1/1","1/1","1/1","1/1","1/1","1/1","1/1","1/1","1/1","1/1","1/1","1/1","1/1","1/1","1/1","1/1","1/1","1/1","1/1","1/1","1/1","1/1","1/1","1/1","1/1","1/1","1/1","1/1","1/1","1/1","1/1","1/1","1/1","1/1","1/1","1/1","1/1","1/1","1/1","1/1","1/1","1/1","1/1","1/1","1/1","1/1","1/1","1/1","1/1","1/1","1/1","1/1","1/1","1/1","1/1","1/1"
"chr3:14709637_CA/C_CCDC174","0/0","0/0","0/0","0/0","0/0","0/0","0/0","0/0","0/0","0/0","0/0","0/0","0/0","0/0","0/0","0/0","0/0","0/0","0/0","0/0","0/0","0/0","0/0","0/0","0/0","0/0","0/0","0/0","0/0","0/0","0/0","0/0","0/0","0/0","0/0","0/0","0/1","0/0","0/0","0/0","0/0","0/0","0/0","0/0","0/0","0/0","0/0","0/0","0/0","0/0","0/0","0/0","0/0","0/0","0/0","0/0","0/0","0/0","0/0","0/0","0/0","0/0","0/0","0/0","0/0","0/0","0/0","0/0","0/0","0/0","0/0","0/0","0/0","0/0","0/0","0/0","0/0","0/0","0/0","0/0","0/0","0/0","0/0","0/0","0/0","0/0","0/0","0/0","0/0","0/0","0/0","0/0","0/0","0/0","0/0","0/0","0/0","0/0","0/0","0/0","0/0","0/0","0/0","0/0","0/0","0/0","0/0","0/0","0/0","0/0","0/0","0/0","0/0","0/0","0/0","0/0","0/0","0/0","0/0","0/0","0/0","0/0","0/0","0/0","0/0","0/0","0/0","0/0","0/0","0/0","0/0","0/0","0/0","0/0","0/0","0/0","0/0","0/0","0/0","0/0","0/0","0/0","0/0","0/0","0/0","0/0","0/0","0/0","0/0","0/0","0/0","0/0","0/0"
"chr3:15094112_TCTC/T_MRPS25","0/0","0/0","0/0","0/0","0/0","0/0","0/0","0/0","0/0","0/0","0/0","0/0","0/0","0/0","0/0","0/0","0/0","0/0","0/0","0/0","0/0","0/1","0/0","0/0","0/0","0/0","0/0","0/0","0/0","0/0","0/0","0/0","0/0","0/0","0/0","0/0","0/0","0/0","0/0","0/0","0/0","0/0","0/0","0/0","0/0","0/0","0/0","0/0","0/0","0/0","0/0","0/0","0/0","0/0","0/0","0/0","0/0","0/0","0/0","0/0","0/0","0/0","0/0","0/0","0/0","0/0","0/0","0/0","0/0","0/0","0/0","0/0","0/0","0/0","0/0","0/0","0/0","0/0","0/0","0/0","0/0","0/0","0/0","0/0","0/0","0/0","0/0","0/0","0/0","0/0","0/0","0/0","0/0","0/0","0/0","0/0","0/0","0/0","0/0","0/0","0/0","0/0","0/0","0/0","0/0","0/0","0/0","0/0","0/0","0/0","0/0","0/0","0/0","0/0","0/0","0/0","0/0","0/0","0/0","0/0","0/0","0/0","0/0","0/0","0/0","0/0","0/0","0/0","0/0","0/0","0/0","0/0","0/0","0/0","0/0","0/0","0/0","0/0","0/0","0/0","0/0","0/0","0/0","0/0","0/0","0/0","0/0","0/0","0/0","0/0","0/0","0/0","0/0"
"chr3:15373832_TTCC/T_SH3BP5","0/0","0/0","0/0","0/0","0/0","0/0","0/0","0/0","0/0","0/0","0/0","0/0","0/0","0/0","0/0","0/0","0/0","0/0","0/0","0/0","0/0","0/0","0/0","0/0","0/0","0/0","0/0","0/0","0/0","0/0","0/0","0/0","0/0","0/0","0/0","0/0","0/0","0/0","0/0","0/0","0/0","0/0","0/0","0/0","0/0","0/0","0/0","0/0","0/0","0/0","0/0","0/0","0/0","0/0","0/0","0/0","0/0","0/0","0/0","0/0","0/0","0/0","0/0","0/0","0/0","0/0","0/0","0/0","0/0","0/0","0/0","0/0","0/0","0/0","0/1","0/0","0/0","0/0","0/0","0/0","0/0","0/0","0/0","0/0","0/0","0/0","0/0","0/0","0/0","0/0","0/0","0/0","0/0","0/0","0/0","0/0","0/0","0/0","0/0","0/0","0/1","0/0","0/0","0/0","0/0","0/0","0/0","0/0","0/0","0/0","0/0","0/0","0/0","0/0","0/0","0/0","0/0","0/0","0/0","0/0","0/0","0/0","0/1","0/0","0/0","0/0","0/0","0/0","0/0","0/0","0/0","0/0","0/0","0/0","0/0","0/0","0/0","0/0","0/0","0/0","0/0","0/0","0/0","0/1","0/0","0/0","0/0","0/0","0/0","0/0","0/0","0/0","0/0"
"chr3:15613215_G/GTACTC_HACL1","0/0","0/0","0/0","0/0","0/0","0/0","0/0","0/0","0/0","0/0","0/0","0/0","0/0","0/0","0/0","0/0","0/0","0/0","0/0","0/0","0/0","0/0","0/0","0/0","0/0","0/0","0/0","0/0","0/0","0/0","0/0","0/0","0/0","0/0","0/0","0/0","0/0","0/0","0/0","0/0","0/0","0/0","0/0","0/0","0/0","0/0","0/0","0/0","0/0","0/0","0/0","0/0","0/0","0/0","0/0","0/0","0/0","0/0","0/1","0/0","0/0","0/0","0/0","0/0","0/0","0/0","0/0","0/0","0/0","0/0","0/0","0/0","0/0","0/0","0/0","0/0","0/0","0/0","0/0","0/0","0/0","0/0","0/0","0/0","0/0","0/0","0/0","0/0","0/0","0/0","0/0","0/0","0/0","0/0","0/0","0/0","0/0","0/0","0/0","0/0","0/0","0/0","0/0","0/0","0/0","0/0","0/0","0/0","0/0","0/0","0/0","0/0","0/0","0/0","0/0","0/0","0/0","0/0","0/0","0/0","0/0","0/0","0/0","0/0","0/0","0/0","0/0","0/0","0/0","0/0","0/0","0/0","0/0","0/0","0/0","0/0","0/0","0/0","0/0","0/0","0/0","0/0","0/0","0/0","0/0","0/0","0/0","0/0","0/0","0/0","0/0","0/0","0/0"
"chr3:30691871_GA/G_TGFBR2","0/0","0/0","0/0","0/0","0/0","0/0","0/0","0/0","0/0","0/0","0/0","0/0","0/0","0/0","0/0","0/0","0/0","0/0","0/0","0/0","0/0","0/0","0/0","0/0","0/0","0/0","0/0","0/0","0/0","0/0","0/0","0/1","0/0","0/0","0/0","0/0","0/1","0/0","0/0","0/0","0/0","0/0","0/0","0/0","0/0","0/0","0/0","0/0","0/0","0/0","0/0","0/0","0/0","0/0","0/0","0/0","0/0","0/0","0/0","0/0","0/0","0/0","0/0","0/0","0/0","0/0","0/0","0/0","0/0","0/0","0/0","0/0","0/0","0/0","0/0","0/0","0/0","0/0","0/0","0/0","0/0","0/0","0/0","0/0","0/0","0/0","0/0","0/0","0/0","0/0","0/0","0/0","0/0","0/0","0/0","0/0","0/0","0/0","0/0","0/0","0/0","0/0","0/0","0/0","0/0","0/0","0/0","0/0","0/0","0/0","0/0","0/0","0/0","0/0","0/0","0/0","0/0","0/0","0/0","0/0","0/0","0/0","0/0","0/0","0/0","0/0","0/0","0/0","0/0","0/0","0/0","0/0","0/0","0/0","0/0","0/0","0/0","0/0","0/0","0/0","0/0","0/0","0/0","0/0","0/0","0/0","0/0","0/0","0/0","0/0","0/0","0/0","0/0"
"chr3:32030579_GT/G_ZNF860","0/0","0/0","0/0","0/0","0/0","0/0","0/0","0/0","0/0","0/0","0/0","0/0","0/0","0/0","0/0","0/0","0/0","0/0","0/0","0/0","0/0","0/1","0/0","0/0","0/0","0/0","0/0","0/0","0/0","0/0","0/0","0/0","0/0","0/0","0/0","0/0","0/0","0/0","0/0","0/0","0/0","0/0","0/0","0/0","0/0","0/0","0/0","0/0","0/0","0/0","0/0","0/0","0/0","0/0","0/0","0/0","0/0","0/0","0/0","0/0","0/0","0/0","0/0","0/0","0/0","0/0","0/0","0/0","0/0","0/0","0/0","0/1","0/1","0/0","0/0","0/0","0/0","0/0","0/0","0/0","0/0","0/0","0/0","0/0","0/0","0/0","0/0","0/0","0/0","0/0","0/0","0/0","0/0","0/0","0/0","0/0","0/0","0/0","0/0","0/0","0/0","0/0","0/0","0/0","0/0","0/0","0/0","0/0","0/0","0/0","0/0","0/0","0/0","0/0","0/0","0/0","0/0","0/0","0/0","0/0","0/0","0/0","0/0","0/0","0/0","0/0","0/0","0/0","0/0","0/0","0/0","0/0","0/0","0/0","0/0","0/0","0/0","0/0","0/0","0/0","0/0","0/0","0/0","0/0","0/0","0/0","0/0","0/0","0/0","0/0","0/0","0/0","0/0"
"chr3:33602360_AT/A_CLASP2","0/0","0/0","0/0","0/0","0/0","0/0","0/0","0/0","0/0","0/0","0/0","0/0","0/0","0/0","0/0","0/0","0/0","0/0","0/0","0/0","0/0","0/0","0/0","0/0","0/0","0/0","0/0","0/0","0/0","0/0","0/0","0/1","0/0","0/0","0/0","0/0","0/0","0/0","0/0","0/0","0/0","0/0","0/0","0/0","0/0","0/0","0/0","0/0","0/0","0/0","0/0","0/0","0/0","0/0","0/0","0/0","0/0","0/0","0/0","0/0","0/0","0/0","0/0","0/0","0/0","0/0","0/0","0/0","0/0","0/0","0/0","0/0","0/0","0/0","0/0","0/0","0/0","0/0","0/0","0/0","0/0","0/0","0/0","0/0","0/0","0/0","0/0","0/0","0/0","0/0","0/0","0/0","0/0","0/0","0/0","0/0","0/0","0/0","0/0","0/0","0/0","0/0","0/0","0/0","0/0","0/0","0/0","0/0","0/0","0/0","0/0","0/0","0/0","0/0","0/0","0/0","0/0","0/0","0/0","0/0","0/0","0/0","0/0","0/0","0/0","0/0","0/0","0/0","0/0","0/0","0/0","0/0","0/0","0/0","0/0","0/0","0/0","0/0","0/0","0/0","0/0","0/0","0/0","0/0","0/0","0/0","0/0","0/0","0/0","0/0","0/0","0/0","0/0"
"chr3:35778811_TC/T_ARPP21","0/1","0/1","0/1","0/0","0/0","0/0","0/0","0/0","0/0","0/0","0/0","0/0","0/0","0/0","0/0","0/0","0/0","0/0","0/0","0/0","0/0","0/0","0/0","0/0","0/0","0/0","0/0","0/0","0/0","0/0","0/0","0/0","0/0","0/0","0/0","0/0","0/0","0/0","0/0","0/0","0/0","0/0","0/0","0/0","0/0","0/0","0/0","0/0","0/0","0/0","0/0","0/0","0/0","0/0","0/0","0/0","0/0","0/0","0/0","0/0","0/0","0/0","0/0","0/0","0/0","0/0","0/0","0/0","0/0","0/0","0/0","0/0","0/0","0/0","0/0","0/0","0/0","0/0","0/0","0/0","0/0","0/0","0/0","0/0","0/0","0/0","0/0","0/0","0/0","0/0","0/0","0/0","0/0","0/0","0/0","0/0","0/0","0/0","0/0","0/0","0/0","0/0","0/0","0/0","0/0","0/0","0/0","0/0","0/0","0/0","0/0","0/0","0/0","0/0","0/0","0/0","0/0","0/0","0/0","0/0","0/0","0/0","0/0","0/0","0/0","0/0","0/0","0/0","0/0","0/0","0/0","0/0","0/0","0/0","0/0","0/0","0/0","0/0","0/0","0/0","0/0","0/0","0/0","0/0","0/0","0/0","0/0","0/0","0/0","0/0","0/0","0/0","0/0"
"chr3:37367467_GA/G_GOLGA4","0/0","0/0","0/0","0/0","0/0","0/0","0/0","0/0","0/0","0/0","0/0","0/0","0/0","0/0","0/0","0/0","0/0","0/0","0/0","0/0","0/0","0/0","0/0","0/0","0/0","0/0","0/0","0/0","0/0","0/0","0/0","0/0","0/0","0/0","0/0","0/0","0/1","0/0","0/0","0/0","0/0","0/0","0/0","0/0","0/0","0/0","0/0","0/0","0/0","0/0","0/0","0/0","0/0","0/0","0/0","0/0","0/0","0/0","0/0","0/0","0/0","0/0","0/0","0/0","0/0","0/0","0/0","0/0","0/0","0/0","0/0","0/0","0/0","0/0","0/0","0/0","0/0","0/0","0/0","0/0","0/0","0/0","0/0","0/0","0/0","0/0","0/0","0/0","0/0","0/0","0/0","0/0","0/0","0/0","0/0","0/0","0/0","0/0","0/0","0/0","0/0","0/0","0/0","0/0","0/0","0/0","0/0","0/0","0/0","0/0","0/0","0/0","0/0","0/0","0/0","0/0","0/0","0/0","0/0","0/0","0/0","0/0","0/0","0/0","0/0","0/0","0/0","0/0","0/0","0/0","0/0","0/0","0/0","0/0","0/0","0/0","0/0","0/0","0/0","0/0","0/0","0/0","0/0","0/0","0/0","0/0","0/0","0/0","0/0","0/0","0/0","0/0","0/0"
"chr3:38040434_A/ACAC_VILL","0/0","0/0","0/0","0/0","0/0","0/0","0/0","0/0","0/0","0/0","0/0","0/1","0/0","0/0","0/0","0/0","0/0","0/0","0/0","0/0","0/0","0/1","0/0","0/1","0/0","0/0","0/0","0/0","0/0","0/0","0/0","0/0","0/0","0/0","0/0","0/0","0/0","0/0","0/0","0/0","0/0","0/1","0/0","0/0","0/1","0/0","0/0","0/0","0/0","0/0","0/0","0/1","0/0","0/0","1/1","0/1","0/0","0/0","0/0","0/0","0/1","0/0","0/0","0/0","0/0","0/0","0/0","0/0","0/0","0/0","0/0","0/0","0/0","0/0","0/0","0/0","0/0","0/0","0/0","0/0","0/0","0/0","0/0","0/1","0/1","0/0","0/0","0/1","0/0","0/0","0/0","0/0","0/0","0/0","0/0","0/0","0/1","0/0","0/1","0/1","0/0","0/0","0/0","0/0","0/0","0/0","0/0","0/0","0/0","0/0","0/0","0/1","0/1","0/1","0/0","0/0","0/0","0/1","0/0","0/1","0/0","0/0","0/0","0/1","0/0","0/0","0/1","0/1","0/1","0/1","0/1","0/0","0/0","0/0","0/0","0/0","0/0","0/0","0/0","0/0","0/0","0/0","0/0","0/0","0/0","0/0","0/0","0/0","0/0","0/0","0/0","0/0","0/0"
"chr3:38048433_T/TTCTA_VILL","0/0","0/0","0/0","0/0","0/0","0/0","0/0","0/0","0/0","0/0","0/0","0/0","0/0","0/0","0/0","0/0","0/0","0/0","0/0","0/0","0/0","0/0","0/0","0/0","0/0","0/0","0/0","0/0","0/0","0/0","0/0","0/0","0/0","0/0","0/0","0/0","0/0","0/0","0/0","0/0","0/0","0/0","0/0","0/0","0/0","0/0","0/0","0/0","0/0","0/0","0/0","0/0","0/0","0/0","1/1","0/0","0/0","0/0","0/0","0/0","0/0","0/0","0/0","0/0","0/0","0/0","0/0","0/0","0/0","0/0","0/0","0/0","0/0","0/0","0/0","0/0","0/0","0/0","0/0","0/0","0/0","0/0","0/0","0/0","0/0","0/0","0/0","0/0","0/0","0/0","0/0","0/0","0/0","0/0","0/0","0/0","0/0","0/0","0/0","0/0","0/0","0/0","0/0","0/0","0/0","0/0","0/0","0/0","0/0","0/0","0/0","0/0","0/0","0/0","0/0","0/0","0/0","0/0","0/0","0/0","0/0","0/0","0/0","0/0","0/0","0/0","0/0","0/0","0/0","0/0","0/0","0/0","0/0","0/0","0/0","0/0","0/0","0/0","0/0","0/0","0/0","0/0","0/0","0/0","0/0","0/0","0/0","0/0","0/0","0/0","0/0","0/0","0/0"
"chr3:38164070_CATG/C_DLEC1","0/0","0/0","0/0","0/0","0/0","0/0","0/1","0/1","0/1","0/0","0/1","0/0","0/0","0/0","0/0","0/0","0/0","0/0","0/0","0/0","0/0","0/0","0/0","0/0","0/0","0/0","0/0","0/0","0/1","0/0","0/0","0/0","0/0","0/0","0/0","0/1","0/0","0/0","0/0","0/0","0/0","0/0","0/0","0/0","0/0","0/0","0/0","0/0","0/0","0/0","0/0","0/0","0/1","0/0","0/0","0/0","0/0","0/0","0/0","0/0","0/0","0/0","0/0","0/0","0/0","0/0","0/0","0/0","0/0","0/0","0/0","0/0","0/0","0/0","0/0","0/0","0/0","0/0","0/0","0/0","0/0","0/0","0/0","0/0","0/0","0/0","0/0","0/0","0/0","0/0","0/0","0/0","0/0","0/0","0/0","0/0","0/0","0/0","0/0","0/0","0/0","0/0","0/0","0/0","0/0","0/0","0/0","0/0","0/0","0/0","0/0","0/0","0/0","0/0","0/0","0/0","0/0","0/0","0/0","0/0","0/0","0/0","0/0","0/0","0/0","0/0","0/0","0/0","0/0","0/0","0/0","0/0","0/0","0/1","0/0","0/0","0/1","0/1","0/0","0/0","0/0","0/0","0/0","0/1","0/1","0/1","0/0","0/0","0/0","0/0","0/0","0/0","0/0"
"chr3:39229217_CTTCT/C_XIRP1","0/0","0/0","0/0","0/0","0/0","0/0","0/0","0/0","0/0","0/0","0/0","0/0","0/0","0/0","0/0","0/0","0/0","0/0","0/0","0/0","0/0","0/0","0/0","0/0","0/0","0/0","0/0","0/0","0/0","0/0","0/0","0/0","0/0","0/0","0/0","0/0","0/0","0/0","0/0","0/0","0/0","0/0","0/0","0/0","0/0","0/0","0/0","0/0","0/0","0/0","0/0","0/0","0/0","0/0","0/0","0/0","0/0","0/0","0/0","0/0","0/0","0/0","0/0","0/0","0/0","0/0","0/0","0/0","0/0","0/0","0/0","0/0","0/0","0/0","0/0","0/0","0/0","0/0","0/0","0/0","0/0","0/0","0/0","0/0","0/0","0/0","0/0","0/0","0/0","0/0","0/0","0/0","0/0","0/0","0/0","0/0","0/0","0/0","0/0","0/0","0/0","0/0","0/0","0/0","0/0","0/0","0/0","0/0","0/0","0/0","0/0","0/0","0/0","0/0","0/0","0/0","0/0","0/0","0/0","0/0","0/0","0/0","0/0","0/0","0/0","0/0","0/0","0/0","0/0","0/0","0/0","0/0","0/0","0/0","0/0","0/0","0/0","0/0","0/0","0/0","0/0","0/0","0/0","0/0","0/0","0/0","0/1","0/1","0/1","0/0","0/0","0/0","0/0"
"chr3:39230038_GC/G_XIRP1","0/0","0/0","0/0","0/0","0/0","0/0","0/0","0/0","0/0","0/0","0/0","0/0","0/0","0/0","0/0","0/0","0/0","0/0","0/0","0/0","0/0","0/0","0/0","0/0","0/0","0/0","0/0","0/0","0/0","0/0","0/0","0/0","0/0","0/0","0/0","0/0","0/0","0/0","0/0","0/0","0/0","0/0","0/0","0/0","0/0","0/0","0/0","0/0","0/0","0/0","0/0","0/0","0/0","0/0","0/0","0/0","0/0","0/0","0/0","0/0","0/1","0/0","0/0","0/0","0/0","0/0","0/0","0/0","0/0","0/0","0/0","0/0","0/0","0/0","0/0","0/0","0/0","0/0","0/0","0/0","0/0","0/0","0/0","0/0","0/0","0/0","0/0","0/0","0/0","0/0","0/0","0/0","0/0","0/0","0/0","0/0","0/0","0/0","0/0","0/0","0/0","0/0","0/0","0/0","0/0","0/0","0/0","0/0","0/0","0/0","0/0","0/0","0/0","0/0","0/0","0/0","0/0","0/0","0/0","0/0","0/0","0/0","0/0","0/0","0/0","0/0","0/0","0/0","0/0","0/0","0/0","0/0","0/0","0/0","0/0","0/0","0/0","0/0","0/0","0/0","0/0","0/0","0/0","0/0","0/0","0/0","0/0","0/0","0/0","0/0","0/0","0/0","0/0"
"chr3:40503520_ACTGCTGCTGCTG/ACTGCTGCTGCTGCTGCTGCTGCTGCTG_RPL14","1/1","1/1","1/1","2/3","2/3","2/3","3/4","3/4","3/4","1/5","3/3","3/3","3/6","1/6","1/5","1/1","3/5","3/3","3/3","2/3","3/3","2/3","3/5","5/5","1/3","2/3","2/3","5/6","1/5","3/3","1/2","3/3","1/1","3/5","3/4","1/1","1/4","1/3","3/3","3/3","1/2","3/3","1/3","2/6","3/5","1/3","2/3","3/3","1/4","0/1","1/6","3/4","5/5","3/5","2/3","2/3","3/3","2/3","3/3","2/3","3/6","5/5","3/3","3/5","3/5","1/3","3/3","3/5","3/5","3/5","1/3","3/3","3/3","2/5","2/5","3/3","3/3","3/3","3/3","5/5","5/6","3/3","1/6","1/5","1/5","1/3","1/3","2/3","1/5","1/5","2/2","3/3","3/3","2/3","2/3","2/2","2/3","1/5","1/3","1/3","3/5","4/5","3/5","2/3","2/3","2/3","2/3","2/3","2/3","4/5","2/3","3/5","3/5","0/0","5/5","3/3","3/3","3/6","5/5","3/6","5/5","5/5","3/3","3/6","5/5","5/5",".","0/0","1/3","1/3","1/3","3/3","3/5","2/5","3/5","3/5","2/5","2/5","3/3","1/3","3/3","3/3","3/3","3/5","3/5","3/5","1/2","1/2","1/2","3/3","3/3","0/3","3/3"
"chr3:40529585_TCCTC/T_ZNF619","0/0","0/0","0/0","0/0","0/0","0/0","0/0","0/0","0/0","0/0","0/0","0/0","0/0","0/0","0/0","0/0","0/0","0/0","0/0","0/0","0/0","0/0","0/0","0/0","0/0","0/0","0/0","0/0","0/0","0/0","0/0","0/0","0/0","0/0","0/0","0/0","0/0","0/0","0/0","0/0","0/0","0/0","0/0","0/0","0/0","0/0","0/0","0/0","0/0","0/0","0/0","0/0","0/0","0/0","0/0","0/0","0/0","0/0","0/0","0/0","0/0","0/0","0/0","0/0","0/0","0/0","0/0","0/0","0/0","0/0","0/0","0/0","0/0","0/0","0/0","0/0","0/0","0/0","0/0","0/0","0/0","0/0","0/0","0/1","0/1","0/0","0/0","0/0","0/0","0/0","0/0","0/0","0/0","0/0","0/0","0/0","0/0","0/0","0/0","0/0","0/0","0/0","0/0","0/0","0/0","0/0","0/0","0/0","0/0","0/0","0/0","0/0","0/0","0/0","0/0","0/0","0/0","0/0","0/0","0/0","0/0","0/0","0/0","0/0","0/0","0/0","0/0","0/0","0/0","0/0","0/0","0/0","0/0","0/0","0/0","0/0","0/0","0/0","0/0","0/0","0/0","0/0","0/0","0/0","0/0","0/0","0/0","0/0","0/0","0/0","0/0","0/0","0/0"
"chr3:41275117_CTTGCAATAA/C_CTNNB1","0/0","0/0","0/0","0/0","0/0","0/0","0/0","0/0","0/0","0/0","0/0","0/0","0/0","0/0","0/0","0/0","0/0","0/0","0/0","0/0","0/0","0/0","0/0","0/0","0/0","0/0","0/0","0/0","0/0","0/0","0/0","0/0","0/0","0/0","0/0","0/0","0/0","0/0","0/0","0/0","0/0","0/0","0/0","0/0","0/0","0/0","0/0","0/0","0/0","0/0","0/0","0/0","0/0","0/0","0/0","0/1","0/0","0/0","0/0","0/0","0/0","0/0","0/0","0/0","0/0","0/0","0/0","0/0","0/0","0/0","0/0","0/0","0/0","0/0","0/0","0/0","0/0","0/0","0/0","0/0","0/0","0/0","0/0","0/0","0/0","0/0","0/0","0/0","0/0","0/0","0/0","0/0","0/0","0/0","0/0","0/0","0/0","0/0","0/0","0/0","0/0","0/0","0/0","0/0","0/0","0/0","0/0","0/0","0/0","0/0","0/0","0/0","0/0","0/0","0/0","0/0","0/0","0/0","0/0","0/0","0/0","0/0","0/0","0/0","0/0","0/0","0/0","0/0","0/0","0/0","0/0","0/0","0/0","0/0","0/0","0/0","0/0","0/0","0/0","0/0","0/0","0/0","0/0","0/0","0/0","0/0","0/0","0/0","0/0","0/0","0/0","0/0","0/0"
"chr3:41277227_A/AT_CTNNB1","0/0","0/0","0/0","0/0","0/0","0/0","0/0","0/0","0/0","0/0","0/0","0/0","0/0","0/0","0/0","0/0","0/0","0/0","0/0","0/0","0/0","0/0","0/0","0/0","0/0","0/0","0/1","0/0","0/0","0/0","0/0","0/0","0/0","0/0","0/0","0/0","0/0","0/0","0/0","0/0","0/0","0/0","0/0","0/0","0/0","0/0","0/0","0/0","0/0","0/0","0/0","0/0","0/0","0/0","0/0","0/0","0/0","0/0","0/0","0/0","0/0","0/0","0/0","0/0","0/0","0/0","0/0","0/0","0/0","0/0","0/0","0/0","0/0","0/0","0/0","0/0","0/0","0/0","0/0","0/0","0/0","0/0","0/0","0/0","0/0","0/0","0/0","0/0","0/0","0/0","0/0","0/0","0/0","0/0","0/0","0/0","0/0","0/0","0/0","0/0","0/0","0/0","0/0","0/0","0/0","0/0","0/0","0/0","0/0","0/0","0/0","0/0","0/0","0/0","0/0","0/0","0/0","0/0","0/0","0/0","0/0","0/0","0/0","0/0","0/0","0/0","0/0","0/0","0/0","0/0","0/0","0/0","0/0","0/0","0/0","0/0","0/0","0/0","0/0","0/0","0/0","0/0","0/0","0/0","0/0","0/0","0/0","0/0","0/0","0/0","0/0","0/0","0/0"
"chr3:41860984_CT/C_ULK4","0/0","0/0","0/0","0/0","0/0","0/0","0/0","0/0","0/0","0/0","0/0","0/0","0/0","0/0","0/0","0/0","0/0","0/0","0/0","0/0","0/0","0/0","0/0","0/0","0/0","0/0","0/0","0/0","0/0","0/0","0/0","0/0","0/0","0/0","0/0","0/0","0/0","0/0","0/0","0/0","0/0","0/0","0/0","0/0","0/0","0/0","0/0","0/0","0/0","0/0","0/0","0/0","0/0","0/0","0/0","0/0","0/0","0/0","0/0","0/0","0/0","0/0","0/0","0/0","0/0","0/0","0/0","0/0","0/0","0/0","0/0","0/0","0/0","0/0","0/0","0/0","0/1","0/0","0/1","0/0","0/0","0/0","0/0","0/0","0/0","0/0","0/0","0/0","0/0","0/0","0/0","0/0","0/0","0/0","0/0","0/0","0/0","0/0","0/0","0/0","0/0","0/0","0/0","0/0","0/0","0/0","0/0","0/1","0/0","0/0","0/0","0/0","0/0","0/0","0/0","0/0","0/0","0/0","0/1","0/0","0/0","0/0","0/0","0/0","0/0","0/0","0/0","0/0","0/0","0/0","0/0","0/0","0/0","0/0","0/0","0/0","0/0","0/0","0/0","0/0","0/0","0/0","0/0","0/0","0/0","0/0","0/0","0/0","0/0","0/0","0/0","0/0","0/0"
"chr3:42251577_CGGA/CGGAGGA_TRAK1","1/2","2/2","2/2","1/2","1/2","1/2","1/2","1/2","1/2","1/2","1/2","1/2","0/1","0/1","1/2","1/2","2/3","2/2","1/2","1/2","1/2","1/2","1/1","1/2","1/2","1/2","1/2","1/2","1/4","1/2","1/2","2/2","1/2","1/2","1/1","2/2","2/4","1/2","1/1","2/2","1/2","3/5","1/1","1/1","2/2","1/1","0/1","1/1","1/2","1/2","1/2","1/2","1/1","2/2","1/1","1/2","2/4","2/3","1/2","1/1","1/2","1/2","1/2","1/2","1/2","1/2","1/2","1/2","1/2","1/2","1/2","1/2","1/2","1/2","1/2","1/2","1/2","1/2","2/2","1/2","1/2","1/1","1/2","2/4","2/4","2/2","2/2","1/2","1/2","1/2","2/4","1/2","1/2","1/1","1/1","2/4","1/2","1/2","1/2","1/2","1/2","2/2","1/2","2/2","2/2","1/1","0/1","1/1","0/1","2/2","1/2","1/2","2/2","1/2","1/2","2/2","2/2","1/2","2/2","1/2","2/2","2/2","2/2","1/2","1/2","1/2","1/2","1/2","1/2","1/2","1/2","2/2","3/4","2/2","3/4","3/4","2/2","2/2","1/2","1/2","1/2","2/2","2/2","2/2","2/2","1/2","2/2","2/2","1/2","1/2","1/2","1/2","1/2"
"chr3:42700696_C/CGAG_ZBTB47","0/1","0/1","0/1","0/0","0/0","0/0","0/0","0/0","0/0","0/0","0/0","0/0","0/0","0/0","0/0","0/0","0/0","0/0","0/0","0/0","0/0","0/0","0/0","0/0","0/0","0/0","0/0","0/0","0/0","0/0","0/0","0/0","0/0","0/0","0/0","0/0","0/0","0/0","0/0","0/0","0/0","0/0","0/0","0/0","0/0","0/0","0/0","0/0","0/0","0/0","0/0","0/0","0/0","0/0","0/0","0/0","0/0","0/0","0/0","0/0","0/0","0/0","0/0","0/0","0/0","0/0","0/0","0/0","0/0","0/0","0/0","0/0","0/0","0/0","0/0","0/0","0/0","0/0","0/0","0/0","0/0","0/0","0/0","0/0","0/0","0/0","0/0","0/0","0/0","0/0","0/0","0/0","0/0","0/0","0/0","0/0","0/0","0/0","0/0","0/0","0/0","0/0","0/0","0/0","0/0","0/0","0/0","0/0","0/0","0/0","0/0","0/0","0/0","0/0","0/0","0/0","0/0","0/0","0/0","0/0","0/0","0/0","0/0","0/0","0/0","0/0","0/0","0/0","0/0","0/0","0/0","0/0","0/0","0/0","0/0","0/0","0/0","0/0","0/0","0/0","0/0","0/0","0/0","0/0","0/0","0/0","0/0","0/0","0/0","0/0","0/0","0/0","0/0"
"chr3:42700746_GGGA/G_ZBTB47","0/0","0/0","0/0","0/0","0/0","0/0","0/0","0/0","0/0","0/0","0/0","0/0","0/0","0/0","0/0","0/0","0/0","0/0","0/0","0/0","0/0","0/0","0/0","0/0","0/0","0/0","0/0","0/0","0/0","0/0","0/0","0/0","0/0","0/0","0/0","0/0","0/0","0/0","0/0","0/0","0/0","0/0","0/0","0/0","0/0","0/0","0/0","0/0","0/0","0/0","0/0","0/0","0/0","0/0","0/0","0/0","0/0","0/0","0/0","0/0","0/0","0/0","0/0","0/0","0/1","0/0","0/0","0/0","0/0","0/0","0/0","0/0","0/0","0/0","0/0","0/0","0/0","0/0","0/0","0/0","0/0","0/0","0/0","0/0","0/0","0/0","0/0","0/0","0/0","0/0","0/0","0/0","0/0","0/0","0/0","0/0","0/0","0/0","0/0","0/0","0/0","0/0","0/0","0/0","0/1","0/0","0/0","0/0","0/0","0/0","0/0","0/0","0/0","0/0","0/0","0/0","0/0","0/0","0/0","0/0","0/0","0/0","0/0","0/0","0/0","0/0","0/0","0/0","0/0","0/0","0/0","0/0","0/0","0/0","0/0","0/0","0/0","0/0","0/0","0/0","0/0","0/0","0/0","0/0","0/0","0/0","0/0","0/0","0/0","0/0","0/0","0/0","0/0"
"chr3:43647212_CT/CTT_ANO10","0/0","0/0","0/0","0/0","0/0","0/0","0/0","0/0","0/0","0/0","0/0","0/0","0/0","0/0","0/0","0/0","0/0","0/0","0/0","0/0","0/0","0/0","0/0","0/0","0/0","0/0","0/0","0/0","0/1","0/0","0/0","0/0","0/0","0/0","0/0","0/0","0/2","0/0","0/0","0/0","0/0","0/0","0/0","0/0","0/0","0/0","0/0","0/0","0/0","0/0","0/0","0/0","0/1","0/0","0/0","0/0","0/0","0/0","0/0","0/0","0/0","0/0","0/0","0/0","0/0","0/0","0/0","0/0","0/0","0/0","0/2","0/0","0/0","0/0","0/0","0/0","0/0","0/0","0/0","0/0","0/0","0/0","0/0","0/0","0/0","0/0","0/0","0/0","0/0","0/0","0/0","0/0","0/0","0/0","0/0","0/0","0/0","0/0","0/0","0/0","0/0","0/0","0/0","0/0","0/0","0/0","0/2","0/0","0/0","0/0","0/0","0/0","0/0","0/0","0/0","0/0","0/0","0/0","0/0","0/0","0/0","0/0","0/0","0/0","0/0","0/0","0/0","0/0","0/0","0/0","0/0","0/2","0/0","0/0","0/0","0/0","0/0","0/0","0/0","0/0","0/0","0/0","0/0","0/0","0/0","0/0","0/0","0/0","0/0","0/0","0/0","0/0","0/0"
"chr3:44285289_GCTT/G_TOPAZ1","0/0","0/0","0/0","0/0","0/0","0/0","0/0","0/0","0/0","0/0","0/0","0/0","0/0","0/0","0/0","0/0","0/0","0/0","0/0","0/0","0/0","0/0","0/0","0/0","0/0","0/0","0/0","0/0","0/0","0/0","0/0","0/0","0/0","0/0","0/0","0/0","0/0","0/0","0/0","0/0","0/0","0/0","0/0","0/0","0/0","0/0","0/0","0/0","0/0","0/0","0/0","0/0","0/0","0/0","0/0","0/0","0/0","0/0","0/0","0/0","0/0","0/0","0/0","0/0","0/0","0/0","0/0","0/0","0/0","0/0","0/0","0/0","0/0","0/0","0/0","0/0","0/0","0/0","0/0","0/0","0/0","0/0","0/0","0/0","0/0","0/0","0/0","0/0","0/0","0/0","0/0","0/0","0/0","0/0","0/0","0/0","0/0","0/0","0/0","0/0","0/0","0/1","0/0","0/0","0/0","0/0","0/0","0/0","0/0","0/1","0/0","0/0","0/0","0/0","0/0","0/0","0/0","0/0","0/0","0/0","0/0","0/0","0/0","0/0","0/0","0/0","0/0","0/0","0/0","0/0","0/0","0/0","0/0","0/0","0/0","0/0","0/0","0/0","0/0","0/0","0/0","0/0","0/0","0/0","0/0","0/0","0/0","0/0","0/0","0/0","0/0","0/0","0/0"
"chr3:44351338_CTA/C_TOPAZ1","0/0","0/0","0/0","0/0","0/0","0/0","0/0","0/0","0/0","0/0","0/0","0/0","0/0","0/0","0/0","0/0","0/0","0/0","0/0","0/0","0/0","0/0","0/0","0/0","0/0","0/0","0/0","0/0","0/0","0/0","0/0","0/0","0/0","0/0","0/0","0/0","0/0","0/0","0/0","0/0","0/0","0/0","0/0","0/0","0/0","0/0","0/0","0/0","0/0","0/0","0/0","0/0","0/0","0/0","0/0","0/0","0/0","0/0","0/0","0/0","0/0","0/0","0/0","0/0","0/0","0/0","0/0","0/0","0/0","0/0","0/0","0/0","0/0","0/0","0/0","0/0","0/0","0/0","0/0","0/0","0/0","0/0","0/0","0/0","0/0","0/0","0/0","0/0","0/0","0/0","0/0","0/0","0/0","0/0","0/0","0/0","0/0","0/0","0/0","0/0","0/0","0/0","0/0","0/0","0/0","0/0","0/0","0/0","0/0","0/0","0/0","0/0","0/0","0/0","0/0","0/1","0/0","0/0","0/0","0/0","0/0","0/0","0/0","0/0","0/0","0/0","0/0","0/0","0/0","0/0","0/0","0/0","0/0","0/0","0/0","0/0","0/0","0/0","0/0","0/0","0/0","0/0","0/0","0/0","0/0","0/0","0/0","0/0","0/0","0/0","0/0","0/0","0/0"
"chr3:44692620_AAGG/A_ZNF35","0/0","0/0","0/0","0/0","0/0","0/0","0/0","0/0","0/0","0/0","0/0","0/0","0/0","0/0","0/0","0/0","0/0","0/0","0/0","0/0","0/0","0/0","0/1","0/0","0/0","0/0","0/0","0/0","0/1","0/0","0/0","0/0","0/0","0/0","0/0","0/0","0/0","0/0","0/0","0/0","0/0","0/0","0/0","0/1","0/0","0/0","0/0","0/0","0/0","0/1","0/0","0/0","0/0","0/0","0/0","0/0","0/0","0/0","0/0","0/0","0/0","0/0","0/0","0/0","0/0","0/0","0/0","0/0","0/0","0/0","0/0","0/0","0/0","0/1","0/1","0/0","0/0","0/0","0/0","0/0","0/0","0/0","0/0","0/0","0/0","0/0","0/0","0/0","0/0","0/0","0/0","0/1","0/1","0/0","0/0","0/0","0/0","0/0","0/0","0/0","0/0","0/0","0/0","0/0","0/0","0/1","0/1","0/0","0/0","0/0","0/0","0/0","0/0","0/0","0/0","0/0","0/0","0/0","0/0","0/0","0/0","0/0","0/0","0/0","0/0","0/0","0/0","0/0","0/0","0/0","0/0","0/0","0/0","0/0","0/0","0/0","0/0","0/0","0/0","0/0","0/0","0/0","0/0","0/0","0/0","0/0","0/1","0/1","0/1","0/1","0/1","0/1","0/1"
"chr3:46415285_GC/G_CCR5","0/0","0/0","0/0","0/0","0/0","0/0","0/0","0/0","0/0","0/0","0/0","0/0","0/0","0/0","0/1","0/0","0/0","0/0","0/0","0/0","0/0","0/0","0/0","0/0","0/0","0/0","0/0","0/0","0/0","0/0","0/0","0/0","0/0","0/0","0/0","0/0","0/0","0/0","0/0","0/0","0/0","0/0","0/0","0/0","0/0","0/0","0/0","0/0","0/0","0/0","0/0","0/0","0/0","0/0","0/0","0/0","0/0","0/0","0/0","0/0","0/0","0/0","0/0","0/0","0/0","0/0","0/0","0/0","0/0","0/0","0/0","0/0","0/0","0/0","0/0","0/0","0/0","0/0","0/0","0/0","0/0","0/0","0/0","0/0","0/0","0/0","0/0","0/0","0/0","0/0","0/0","0/0","0/0","0/0","0/0","0/0","0/0","0/0","0/0","0/0","0/0","0/0","0/0","0/0","0/0","0/0","0/0","0/0","0/0","0/0","0/0","0/0","0/0","0/0","0/0","0/0","0/0","0/0","0/1","0/0","0/1","0/1","0/0","0/0","0/0","0/0","0/0","0/0","0/0","0/0","0/0","0/0","0/0","0/0","0/0","0/0","0/0","0/0","0/0","0/0","0/0","0/0","0/0","0/0","0/0","0/0","0/0","0/0","0/0","0/0","0/0","0/0","0/0"
"chr3:46501284_C/CCTT_LTF","1/1","1/1","1/1","1/1","1/1","1/1","1/1","1/1","1/1","1/1","1/1","1/1","1/1","1/1","1/1","1/1","1/1","1/1","1/1","1/1","1/1","1/1","1/1","1/1","1/1","1/1","1/1","1/1","1/1","1/1","1/1","1/1","1/1","1/1","1/1","1/1","1/1","1/1","1/1","1/1","1/1","1/1","1/1","1/1","1/1","1/1","1/1","1/1","1/1","1/1","1/1","1/1","1/1","1/1","1/1","1/1","1/1","1/1","1/1","1/1","1/1","1/1","1/1","1/1","1/1","1/1","1/1","1/1","1/1","1/1","1/1","1/1","1/1","1/1","1/1","1/1","1/1","1/1","1/1","1/1","1/1","1/1","1/1","1/1","1/1","1/1","1/1","1/1","1/1","1/1","1/1","1/1","1/1","1/1","1/1","1/1","1/1","1/1","1/1","1/1","1/1","1/1","1/1","1/1","1/1","1/1","1/1","1/1","1/1","1/1","1/1","1/1","1/1","1/1","1/1","1/1","1/1","1/1","1/1","1/1","1/1","1/1","1/1","1/1","1/1","1/1","1/1","1/1","1/1","1/1","1/1","1/1","1/1","1/1","1/1","1/1","1/1","1/1","1/1","1/1","1/1","1/1","1/1","1/1","1/1","1/1","1/1","1/1","1/1","1/1","1/1","1/1","1/1"
"chr3:46723550_CGT/C_ALS2CL","0/0","0/0","0/0","0/0","0/0","0/0","0/0","0/0","0/0","0/0","0/0","0/0","0/0","0/1","0/0","0/0","0/0","0/0","0/0","0/0","0/0","0/0","0/0","0/0","0/0","0/0","0/0","0/0","0/0","0/0","0/0","0/0","0/0","0/0","0/0","0/0","0/0","0/0","0/0","0/0","0/0","0/0","0/0","0/0","0/0","0/0","0/0","0/0","0/0","0/0","0/0","0/0","0/0","0/0","0/0","0/0","0/0","0/0","0/0","0/0","0/0","0/0","0/0","0/0","0/0","0/0","0/0","0/0","0/0","0/0","0/0","0/0","0/0","0/0","0/0","0/0","0/0","0/0","0/0","0/0","0/0","0/0","0/0","0/0","0/0","0/0","0/0","0/0","0/0","0/0","0/0","0/0","0/0","0/0","0/0","0/0","0/0","0/0","0/0","0/0","0/0","0/0","0/0","0/0","0/0","0/0","0/0","0/0","0/0","0/0","0/0","0/0","0/0","0/0","0/0","0/0","0/0","0/0","0/0","0/0","0/0","0/0","0/0","0/0","0/0","0/0","0/0","0/0","0/0","0/0","0/0","0/0","0/0","0/0","0/0","0/0","0/0","0/0","0/0","0/0","0/0","0/0","0/0","0/0","0/0","0/0","0/0","0/0","0/0","0/0","0/0","0/0","0/0"
"chr3:46751073_TAAGAAG/TAAG_TMIE","0/0","0/0","0/0","1/1","0/1","0/1","0/1","0/1","0/0","1/1","0/0","1/1","1/1","1/1","0/1","0/0","1/1","1/1","0/1","0/1","1/1","1/1","0/1","0/1","0/1","0/0","1/1","1/1","0/1","0/0","1/1","1/1","0/1","1/2","1/1","0/0","0/1","0/1","0/1","0/1","0/1","1/1","1/1","1/1","1/1","0/0","1/1","0/1","0/1","0/1","1/1","1/1","0/0","0/1","1/1","0/1","1/1","1/1","1/1","0/1","0/1","1/1","1/1","0/1","0/1","1/2","0/1","0/1","0/1","0/1","1/1","1/1","1/1","0/1","0/1","1/1","1/2","0/1","0/1","1/1","1/1","0/1","1/1","0/1","0/1","1/1","1/1","1/1","0/1","0/1","1/2","0/1","0/1","0/1","0/1","1/1","1/2","0/1","1/1","1/1","1/1","1/1","1/1","0/1","0/1","1/2","1/2","1/1","1/1","1/1","1/2","0/0","0/1","1/1","1/1","0/1","0/1","0/1","1/1","0/1","1/1","1/1","0/1","0/1","1/1","1/1","1/1","1/1","0/1","0/1","0/1","1/1","1/1","0/1","1/1","1/1","0/1","0/1","0/1","0/1","0/1","1/1","1/1","1/1","1/1","1/1","0/1","0/1","0/1","0/0","0/0","0/0","0/1"
"chr3:46759228_A/AAGC_PRSS50","0/0","0/0","0/0","0/0","0/0","0/0","0/0","0/0","0/0","0/0","0/0","0/0","0/0","0/0","0/0","0/0","0/0","0/0","0/0","0/0","0/0","0/0","0/0","0/0","0/0","0/0","0/0","0/0","0/0","0/0","0/0","0/0",".","0/0","0/0","0/0","0/0","0/0","0/0","0/0","0/0","0/0","0/0","0/0","0/0","0/0","0/0","0/0","0/0","0/0","0/0","0/0","0/0","0/0","0/1","0/0","0/0","0/0","0/0","0/0","0/0","0/0","0/0","0/0","0/0","0/0","0/0","0/0","0/0","0/0","0/0","0/0","0/0","0/0","0/0","0/0","0/0","0/0","0/0","0/0","0/0","0/0","0/0","0/0","0/0","0/0","0/0","0/0","0/0","0/0","0/0","0/0","0/0","0/0","0/0","0/0","0/0","0/0","0/0","0/0","0/0","0/0","0/0","0/0","0/0","0/0","0/0","0/0","0/0","0/0","0/0","0/0","0/0","0/0","0/0","0/0","0/0","0/0","0/0","0/0","0/0","0/0","0/0","0/0","0/0","0/0","0/0","0/0","0/0","0/0","0/0","0/0","0/0","0/0","0/0","0/0","0/0","0/0","0/0","0/0","0/0","0/0","0/0","0/0","0/0","0/0","0/0","0/0","0/0","0/0","0/0","0/0","0/0"
"chr3:47043574_T/TGCAGCTGCAGCAGCTGCA_NBEAL2","0/0","0/0","0/0","0/0","0/0","0/0","0/0","0/0","0/0","0/0","0/0","0/0","0/0","0/0","0/0","0/0","0/0","0/0","0/0","0/0","0/0","0/0","0/0","0/0","0/0","0/0","0/0","0/0","0/0","0/0","0/0","0/0","0/0","0/0","0/0","0/0","0/0","0/0","0/0","0/0","0/0","0/0","0/0","0/0","0/0","0/0","0/0","0/0","0/0","0/0","0/1","0/0","0/0","0/0","0/0","0/0","0/0","0/0","0/0","0/0","0/0","0/0","0/0","0/0","0/0","0/0","0/0","0/0","0/0","0/0","0/0","0/1","0/1","0/0","0/0","0/0","0/0","0/0","0/0","0/0","0/0","0/0","0/1","0/0","0/0","0/0","0/0","0/0","0/0","0/0","0/0","0/0","0/0","0/0","0/0","0/0","0/0","0/0","0/0","0/0","0/0","0/0","0/0","0/0","0/0","0/0","0/0","0/0","0/0","0/0","0/0","0/0","0/0","0/0","0/0","0/0","0/0","0/0","0/0","0/0","0/0","0/0","0/0","0/0","0/0","0/0","0/0","0/0","0/0","0/0","0/0","0/0","0/0","0/0","0/0","0/0","0/0","0/0","0/0","0/0","0/0","0/0","0/0","0/0","0/0","0/0","0/0","0/0","0/0","0/0","0/0","0/0","0/0"
"chr3:47539913_CCAT/C_ELP6","0/0","0/0","0/0","0/0","0/0","0/0","0/0","0/0","0/0","0/0","0/0","0/0","0/0","0/0","0/0","0/0","0/0","0/0","0/0","0/0","0/0","0/0","0/0","0/0","0/0","0/0","0/0","0/0","0/0","0/0","0/0","0/0","0/0","0/0","0/0","0/0","0/0","0/0","0/0","0/0","0/0","0/0","0/0","0/0","0/0","0/0","0/0","0/0","0/0","0/0","0/0","0/0","0/0","0/0","0/0","0/0","0/0","0/0","0/0","0/0","0/0","0/0","0/0","0/0","0/0","0/0","0/0","0/0","0/0","0/0","0/0","0/0","0/0","0/0","0/0","0/0","0/0","0/0","0/0","0/0","0/0","0/0","0/0","0/0","0/0","0/0","0/0","0/1","0/0","0/0","0/0","0/0","0/0","0/0","0/0","0/0","0/1","0/0","0/0","0/0","0/0","0/0","0/0","0/0","0/0","0/0","0/0","0/0","0/0","0/0","0/0","0/0","0/0","0/0","0/0","0/0","0/0","0/0","0/0","0/0","0/0","0/0","0/0","0/0","0/0","0/0","0/0","0/0","0/0","0/0","0/0","0/0","0/0","0/0","0/0","0/0","0/0","0/0","0/0","0/0","0/0","0/0","0/0","0/0","0/0","0/0","0/0","0/0","0/0","0/0","0/0","0/0","0/0"
"chr3:48422386_CCAAA/C_FBXW12","0/0","0/0","0/0","0/0","0/0","0/0","0/0","0/0","0/0","0/0","0/0","0/0","0/0","0/0","0/0","0/1","0/0","0/0","0/0","0/0","0/0","0/0","0/0","0/0","0/0","0/0","0/0","0/0","0/0","0/0","0/0","0/0","0/0","0/0","0/0","0/0","0/0","0/0","0/0","0/0","0/0","0/0","0/0","0/0","0/0","0/0","0/0","0/0","0/0","0/0","0/0","0/0","0/0","0/0","0/0","0/0","0/0","0/0","0/0","0/0","0/0","0/0","0/0","0/0","0/0","0/0","0/0","0/0","0/0","0/0","0/0","0/0","0/0","0/0","0/0","0/0","0/0","0/0","0/0","0/0","0/0","0/0","0/0","0/0","0/0","0/0","0/0","0/0","0/0","0/0","0/0","0/0","0/0","0/0","0/0","0/0","0/0","0/0","0/0","0/0","0/0","0/0","0/0","0/0","0/0","0/0","0/0","0/0","0/0","0/0","0/0","0/0","0/0","0/0","0/0","0/0","0/0","0/0","0/0","0/0","0/0","0/0","0/0","0/0","0/0","0/0","0/0","0/0","0/0","0/0","0/0","0/0","0/0","0/0","0/0","0/0","0/0","0/0","0/0","0/0","0/0","0/0","0/0","0/0","0/0","0/0","0/0","0/0","0/0","0/0","0/0","0/0","0/0"
"chr3:48508346_C/CA_TREX1","0/0","0/0","0/0","0/0","0/0","0/0","0/0","0/0","0/0","0/0","0/0","0/0","0/0","0/0","0/0","0/0","0/0","0/0","0/0","0/0","0/0","0/0","0/0","0/0","0/0","0/0","0/0","0/0","0/0","0/0","0/0","0/0","0/0","0/0","0/0","0/0","0/0","0/0","0/0","0/0","0/0","0/0","0/0","0/0","0/0","0/0","0/0","0/0","0/0","0/0","0/0","0/0","0/0","0/0","0/0","0/0","0/0","0/0","0/0","0/0","0/0","0/0","0/0","0/0","0/0","0/0","0/0","0/0","0/0","0/0","0/0","0/0","0/0","0/0","0/0","0/0","0/0","0/0","0/0","0/0","0/0","0/0","0/0","0/0","0/0","0/0","0/0","0/0","0/0","0/0","0/0","0/0","0/0","0/0","0/0","0/0","0/0","0/0","0/0","0/0","0/0","0/0","0/0","0/0","0/0","0/0","0/0","0/0","0/0","0/0","0/0","0/0","0/0","0/0","0/0","0/0","0/0","0/0","0/0","0/0","0/0","0/0","0/0","0/0","0/0","0/0","0/0","0/0","0/0","0/0","0/0","0/0","0/0","0/0","0/0","0/0","0/0","0/0","0/0","0/0","0/0","0/0","0/0","0/1","0/1","0/1","0/0","0/0","0/0","0/0","0/0","0/0","0/0"
"chr3:48508737_C/CCAT_TREX1","0/0","0/0","0/0","0/0","0/0","0/0","0/0","0/0","0/0","0/0","0/0","0/0","0/0","0/0","0/0","0/0","0/0","0/0","0/0","0/0","0/0","0/0","0/0","0/0","0/0","0/0","0/0","0/0","0/0","0/0","0/0","0/0","0/0","0/0","0/0","0/0","0/0","0/0","0/0","0/0","0/0","0/0","0/1","0/0","0/0","0/0","0/0","0/0","0/0","0/0","0/0","0/0","0/0","0/0","0/0","0/0","0/0","0/0","0/0","0/0","0/0","0/0","0/0","0/0","0/0","0/0","0/0","0/0","0/0","0/0","0/0","0/0","0/0","0/0","0/0","0/0","0/0","0/0","0/0","0/0","0/0","0/0","0/0","0/0","0/0","0/0","0/0","0/0","0/0","0/0","0/0","0/0","0/0","0/0","0/0","0/0","0/0","0/0","0/0","0/0","0/0","0/0","0/0","0/0","0/0","0/0","0/0","0/0","0/0","0/0","0/0","0/0","0/0","0/0","0/0","0/0","0/0","0/0","0/0","0/0","0/0","0/0","0/0","0/0","0/0","0/0","0/0","0/0","0/0","0/0","0/0","0/0","0/0","0/0","0/0","0/0","0/0","0/0","0/0","0/0","0/0","0/0","0/0","0/0","0/0","0/0","0/0","0/0","0/0","0/0","0/0","0/0","0/0"
"chr3:48607175_C/CT_COL7A1","0/0","0/0","0/0","0/0","0/0","0/0","0/0","0/0","0/0","0/0","0/0","0/0","0/0","0/0","0/0","0/0","0/0","0/0","0/0","0/0","0/0","0/0","0/0","0/0","0/0","0/0","0/0","0/0","0/0","0/0","0/0","0/0","0/0","0/0","0/0","0/0","0/0","0/0","0/0","0/0","0/0","0/0","0/0","0/0","0/0","0/0","0/0","0/0","0/0","0/0","0/0","0/0","0/0","0/0","0/0","0/0","0/0","0/0","0/0","0/0","0/0","0/0","0/0","0/0","0/0","0/0","0/0","0/0","0/0","0/0","0/0","0/0","0/0","0/0","0/0","0/0","0/0","0/0","0/0","0/0","0/0","0/0","0/0","0/0","0/0","0/0","0/0","0/0","0/1","0/0","0/0","0/0","0/0","0/0","0/0","0/0","0/0","0/0","0/0","0/0","0/0","0/0","0/0","0/0","0/0","0/0","0/0","0/0","0/0","0/0","0/0","0/0","0/0","0/0","0/0","0/0","0/0","0/0","0/0","0/0","0/0","0/0","0/0","0/0","0/0","0/0","0/0","0/0","0/0","0/0","0/0","0/0","0/0","0/0","0/0","0/0","0/0","0/0","0/0","0/0","0/0","0/0","0/0","0/0","0/0","0/0","0/0","0/0","0/0","0/0","0/0","0/0","0/0"
"chr3:48621733_T/TATTGTCTAGCTTTCGGCTGAGTCG_COL7A1","0/0","0/0","0/0","0/0","0/0","0/1","0/0","0/0","0/0","0/0","0/0","0/0","0/0","0/0","0/0","0/0","0/0","0/0","0/0","0/0","0/0","0/0","0/0","0/0","0/0","0/0","0/0","0/0","0/0","0/0","0/0","0/0","0/0","0/0","0/0","0/0","0/0","0/0","0/0","0/0","0/0","0/0","0/0","0/0","0/0","0/0","0/0","0/0","0/0","0/0","0/0","0/0","0/0","0/0","0/0","0/0","0/0","0/0","0/0","0/0","0/0","0/0","0/0","0/0","0/0","0/0","0/0","0/0","0/0","0/0","0/0","0/0","0/0","0/0","0/0","0/0","0/0","0/0","0/0","0/0","0/0","0/0","0/0","0/0","0/0","0/0","0/0","0/0","0/0","0/0","0/0","0/0","0/0","0/0","0/0","0/0","0/0","0/0","0/0","0/0","0/0","0/0","0/0","0/0","0/0","0/0","0/0","0/0","0/0","0/0","0/0","0/0","0/0","0/0","0/0","0/0","0/0","0/0","0/0","0/0","0/0","0/0","0/0","0/0","0/0","0/0","0/0","0/0","0/0","0/0","0/0","0/0","0/0","0/0","0/0","0/0","0/0","0/0","0/0","0/0","0/0","0/0","0/0","0/0","0/0","0/0","0/0","0/0","0/0","0/0","0/0","0/0","0/0"
"chr3:48621735_ATG/A_COL7A1","0/0","0/0","0/0","0/0","0/0","0/1","0/0","0/0","0/0","0/0","0/0","0/0","0/0","0/0","0/0","0/0","0/0","0/0","0/0","0/0","0/0","0/0","0/0","0/0","0/0","0/0","0/0","0/0","0/0","0/0","0/0","0/0","0/0","0/0","0/0","0/0","0/0","0/0","0/0","0/0","0/0","0/0","0/0","0/0","0/0","0/0","0/0","0/0","0/0","0/0","0/0","0/0","0/0","0/0","0/0","0/0","0/0","0/0","0/0","0/0","0/0","0/0","0/0","0/0","0/0","0/0","0/0","0/0","0/0","0/0","0/0","0/0","0/0","0/0","0/0","0/0","0/0","0/0","0/0","0/0","0/0","0/0","0/0","0/0","0/0","0/0","0/0","0/0","0/0","0/0","0/0","0/0","0/0","0/0","0/0","0/0","0/0","0/0","0/0","0/0","0/0","0/0","0/0","0/0","0/0","0/0","0/0","0/0","0/0","0/0","0/0","0/0","0/0","0/0","0/0","0/0","0/0","0/0","0/0","0/0","0/0","0/0","0/0","0/0","0/0","0/0","0/0","0/0","0/0","0/0","0/0","0/0","0/0","0/0","0/0","0/0","0/0","0/0","0/0","0/0","0/0","0/0","0/0","0/0","0/0","0/0","0/0","0/0","0/0","0/0","0/0","0/0","0/0"
"chr3:49313909_ACT/A_C3orf62","0/0","0/0","0/0","0/0","0/0","0/0","0/0","0/0","0/0","0/1","0/0","0/0","0/0","0/0","0/0","0/0","0/0","0/0","0/0","0/0","0/0","0/0","0/0","0/0","0/0","0/0","0/0","0/0","0/0","0/0","0/0","0/0","0/0","0/0","0/0","0/0","0/0","0/0","0/0","0/0","0/0","0/0","0/0","0/0","0/0","0/0","0/0","0/0","0/0","0/0","0/0","0/0","0/0","0/0","0/0","0/0","0/0","0/0","0/0","0/0","0/0","0/0","0/0","0/0","0/0","0/0","0/0","0/0","0/0","0/0","0/0","0/0","0/0","0/0","0/0","0/0","0/0","0/0","0/0","0/0","0/0","0/0","0/0","0/0","0/0","0/0","0/0","0/0","0/0","0/0","0/0","0/0","0/0","0/0","0/0","0/0","0/0","0/0","0/0","0/0","0/0","0/0","0/0","0/0","0/0","0/0","0/0","0/0","0/0","0/0","0/0","0/0","0/0","0/0","0/0","0/0","0/0","0/0","0/0","0/0","0/0","0/0","0/0","0/0","0/0","0/0","0/0","0/0","0/0","0/0","0/0","0/0","0/0","0/0","0/0","0/0","0/0","0/0","0/0","0/0","0/0","0/0","0/0","0/0","0/0","0/0","0/0","0/0","0/0","0/0","0/0","0/0","0/0"
"chr3:49349907_CAA/C_USP4","0/0","0/0","0/0","0/0","0/0",".",".","0/0","0/0","0/0","0/0","0/0",".",".","0/0","0/0","0/0","0/0","0/0","0/0","0/0",".","0/0","0/0","0/0","0/0","0/0","0/0","0/0","0/0","0/0",".","0/0","0/0","0/0","0/0","1/1","0/0","0/0",".",".","0/0","0/0","0/0","0/0",".",".","0/0","0/0","0/0","0/0",".",".","0/0","0/0","0/0","0/0","0/0","0/0","0/0","0/0","0/0","0/0",".","0/0","0/0","0/0","0/0","0/0","0/0",".",".","0/0","0/0","0/0","0/0","0/0","0/0",".","0/0","0/0",".","0/0",".",".","0/0","0/0","0/0","0/0","0/0",".","0/0","0/0",".",".","0/0","0/0",".","0/0","0/0","0/0","0/0","0/0","0/0","0/0","0/0","0/0",".","0/0","0/0",".","0/0","0/0","0/0","0/0","0/0","0/0","0/0",".","0/0","0/0","0/1","0/0","0/0","0/0","0/0",".","0/0","0/0","0/0","0/0","0/0","0/0",".","0/0","0/0",".",".","0/0","0/0",".","0/0","0/0",".","0/0","0/0","0/0","0/0","0/0","0/0","0/0",".","0/0"
"chr3:49395673_GGCCGCC/G_GPX1","1/1","1/1","1/1","1/1","1/1","1/1","1/1","0/0",".","1/2","1/1","1/1","1/1","1/1","2/2","1/1","1/1","1/1","1/1","1/1","1/1","1/1","1/1","1/1","1/1","1/1","1/1","1/1","1/1","1/1","1/1","1/1","2/2",".","1/1","1/1","1/1",".",".",".","1/1","1/1","1/1","1/1","1/1","2/2","1/1",".","1/1","1/1","1/1","1/1","1/1",".","1/1","1/1","1/1","1/1","1/1","1/1","1/1",".","1/1","2/2","1/2","1/1","1/1","1/1","1/1","1/1","1/1","1/1","1/1","1/1","1/1","1/1","1/1","1/1","1/1",".","1/1",".","1/1","1/1","1/1","1/1","1/1","1/1","1/1","1/1","1/1","1/1","1/1","1/2",".","1/1","1/1","1/1","1/1","1/1","1/1","1/2","1/1","1/2","2/2","1/1","1/1","1/1","1/1","1/1","1/1","1/1",".","1/1","1/1","1/1","1/2",".","1/1","1/2","1/1","1/1","2/2","2/2","1/1",".",".","1/1","1/2",".","1/1","1/1",".","1/1","1/1","1/1","1/1","1/1","1/1",".","1/1","1/1","1/1","1/1","0/0","1/1","2/2","2/2","1/2","1/1","1/1","1/1","1/1"
"chr3:50155887_TGA/T_RBM5","0/0","0/0","0/1","0/1","0/0","0/1","0/1","0/1","0/1","0/0","0/0","0/0","0/2","0/1","0/1","0/1","0/1","0/0","0/0","0/0","0/0","0/0","0/0","0/0","0/0","0/0","0/0","0/1","0/0","0/0","0/1","0/0","0/0","0/1","0/1","0/0","0/0","0/1","0/1","0/0","0/1","0/0","0/0","0/1","0/0","0/0","0/0","0/1","0/0","0/0","0/0","0/0","0/0","0/0","0/0","0/0","0/1","0/1","0/1","0/0","0/0","0/0","0/0","0/1","0/0","0/0","0/2","0/0","0/0","0/2","0/0","0/1","0/1","0/1","0/0","0/1","0/1","0/1","0/0","0/1","0/0","0/1","0/0","0/1","0/0","0/0","0/1","0/0","0/0","0/0","0/0","0/0","0/0","0/1","0/0","0/0","0/0","0/0","0/0","0/1","0/0","0/1","0/0","0/0","0/0","0/0","0/1","0/1","0/1","0/0","0/0","0/0","0/0","0/1","0/0","0/0","0/0","0/0","0/0","0/1","0/1","0/1","0/0","0/1","0/1","0/0","0/0","0/0","0/1","0/1","0/0","0/0","0/0","0/0","0/1","0/0","0/0","0/1","0/1","0/1","0/0","0/0","0/0","0/1","0/0","0/0","0/0","0/0","0/0","0/0","0/1","0/0","0/0"
"chr3:50306752_G/GC_SEMA3B","1/1","1/1","1/1","1/1","1/1","1/1","1/1","1/1","1/1","1/1","1/1","1/1","1/1","1/1","1/1","1/1","1/1","1/1","1/1","1/1","1/1","1/1","1/1","1/1","1/1","1/1","1/1","1/1","1/1","1/1","1/1","1/1","1/1","1/1","1/1","1/1","1/1","1/1","1/1","1/1","1/1","1/1","1/1","1/1","1/1","1/1","1/1","1/1","1/1","1/1","1/1","1/1","1/1","1/1","1/1","1/1","1/1","1/1","1/1","1/1","1/1","1/1","1/1","1/1","1/1","1/1","1/1","1/1","1/1","1/1","1/1","1/1","1/1","1/1","1/1","1/1","1/1","1/1","1/1","1/1","1/1","1/1","1/1","1/1","1/1","1/1","1/1","1/1","1/1","1/1","1/1","1/1","1/1","1/1","1/1","1/1","1/1","1/1","1/1","1/1","1/1","1/1","1/1","1/1","1/1","1/1","1/1","1/1","1/1","1/1","1/1","1/1","1/1","1/1","1/1","1/1","1/1","1/1","1/1","1/1","1/1","1/1","1/1","1/1","1/1","1/1","1/1","1/1","1/1","1/1","1/1","1/1","1/1","1/1","1/1","1/1","1/1","1/1","1/1","1/1","1/1","1/1","1/1","1/1","1/1","1/1","1/1","1/1","1/1","1/1","1/1","1/1","1/1"
"chr3:50655079_CG/C_MAPKAPK3","0/0","0/0","0/0","0/0","0/0","0/0","0/0","0/0","0/0","0/0","0/0","0/0","0/0","0/0","0/0","0/0","0/0","0/0","0/0","0/0","0/0","0/0","0/0","0/0","0/0","0/0","0/0","0/0","0/0","0/0","0/0","0/1","0/0","0/0","0/0","0/0","0/0","0/0","0/0","0/0","0/0","0/0","0/0","0/0","0/0","0/0","0/0","0/0","0/0","0/0","0/0","0/0","0/0","0/0","0/0","0/0","0/0","0/0","0/0","0/0","0/0","0/0","0/0","0/0","0/0","0/0","0/0","0/0","0/0","0/0","0/0","0/0","0/0","0/0","0/0","0/0","0/0","0/0","0/0","0/0","0/0","0/0","0/0","0/0","0/0","0/0","0/0","0/0","0/0","0/0","0/0","0/0","0/0","0/0","0/0","0/0","0/0","0/0","0/0","0/0","0/0","0/0","0/0","0/0","0/0","0/0","0/0","0/0","0/0","0/0","0/0","0/0","0/0","0/0","0/0","0/0","0/0","0/0","0/0","0/0","0/0","0/0","0/0","0/0","0/0","0/0","0/0","0/0","0/0","0/0","0/0","0/0","0/0","0/0","0/0","0/0","0/0","0/0","0/0","0/0","0/0","0/0","0/0","0/0","0/0","0/0","0/0","0/0","0/0","0/0","0/0","0/0","0/0"
"chr3:51422766_G/T_MANF","1/1","1/1","1/1","2/2","0/0","0/0","0/1","0/1","1/3","1/1","1/1","1/1","1/1","1/1","1/1","1/1","1/1","0/1","1/1","1/1","1/1","1/1","1/1","1/1","1/1","1/1","0/0","1/1","1/1","1/1","1/3","1/1","1/1","1/1","0/1","1/1","1/1","1/1","1/1","1/1","0/1","1/1","1/1","1/1","1/1","1/1","1/1","1/1","1/1","1/1","1/1","0/1","1/1","1/1","1/1","1/1","1/1","0/1","1/1","0/1","1/1","0/1","1/1","1/1","1/1","0/1","1/1","1/1","1/1","1/1","0/1","1/1","1/1","1/1","1/1","1/1","1/1","1/1","1/1","1/1","1/1","1/1","1/1","1/1","1/1","1/1","1/1","1/1","0/1","0/1","1/1","1/1","1/1","1/1","1/1","1/1","1/1","1/1","1/1","1/1","1/1","1/1","1/1","0/1","0/1","1/1","1/1","1/1","1/1","1/1","1/1","0/1","0/1","1/1","1/1","1/1","1/1","1/1","1/3","1/1","1/3","1/3","1/1","1/1","1/1","1/1","1/1","1/1","1/1","1/1","1/1","0/1","1/1","1/1","1/1","1/1","1/1","1/1","1/1","1/1","1/1","0/1","0/1","1/1","1/1","1/1","1/1","1/1","1/1","1/1","1/1","1/1","1/1"
"chr3:51425272_TAAG/T_MANF","0/0","0/0","0/0","0/0","0/0","0/0","0/0","0/0","0/0","0/0","0/0","0/0","0/0","0/0","0/0","0/0","0/0","0/0","0/0","0/0","0/0","0/0","0/0","0/0","0/0","0/0","0/0","0/0","0/0","0/0","0/0","0/0","0/0","0/0","0/0","0/0","0/0","0/0","0/0","0/0","0/0","0/0","0/0","0/0","0/0","0/0","0/0","0/0","0/0","0/0","0/0","0/0","0/0","0/0","0/0","0/0","0/0","0/0","0/0","0/0","0/0","0/0","0/1","0/0","0/0","0/0","0/0","0/0","0/0","0/0","0/0","0/0","0/0","0/0","0/0","0/0","0/0","0/0","0/0","0/0","0/0","0/0","0/0","0/0","0/0","0/0","0/0","0/0","0/0","0/0","0/0","0/0","0/0","0/0","0/0","0/0","0/0","0/0","0/0","0/0","0/0","0/0","0/0","0/0","0/0","0/0","0/0","0/0","0/0","0/0","0/0","0/0","0/0","0/0","0/0","0/0","0/0","0/0","0/0","0/0","0/0","0/0","0/0","0/0","0/0","0/0","0/0","0/0","0/0","0/0","0/0","0/0","0/0","0/0","0/0","0/0","0/0","0/0","0/0","0/0","0/0","0/0","0/0","0/0","0/0","0/0","0/0","0/0","0/0","0/0","0/0","0/0","0/0"
"chr3:52027853_TCCTTGG/TCCTTGGCCTTGG_RPL29","0/0","0/0","0/0","0/0","0/0","0/0","0/0",".","0/0","0/0","0/0","0/0",".","0/0",".","1/1",".",".","0/0","0/0","0/0","0/0","0/0","1/1","1/1",".",".","0/0","0/0","0/0","0/0","0/0","0/1","0/0",".","1/1","0/1",".","0/0","0/0","0/0","0/0","0/0","0/0","0/0","0/0","0/0","0/2","0/1","0/1","0/0","1/1","0/0","1/1","0/1","0/2","0/0","0/0",".","0/2","0/0",".","1/1",".","1/1","0/0","2/2","0/0","0/0","2/2","0/1",".","0/0","0/0",".","1/1","0/0","0/1","0/0",".",".","0/0","0/0","0/0","0/0","0/0","0/0","0/0","0/0","0/0",".",".",".","0/0","0/0","0/0","0/0","0/0","0/0","0/0","0/1","0/0","0/1","0/2","0/0","0/0","0/0",".","0/0",".","0/0","0/0","0/0","0/0","0/0","0/0","0/0","0/0","0/0",".","0/0","0/0","0/0","0/0","0/0","0/0",".","0/0","0/0","0/0","0/0",".","0/0",".","0/0","0/0",".","0/0","0/0","0/1",".",".","1/1","0/2","0/0","2/2",".","0/0","0/0","1/1","1/2",".","2/2"
"chr3:52088281_GC/G_DUSP7","0/0","0/0","0/0","0/0","0/0","0/0","0/0","0/0","0/0","0/0","0/0","0/0","0/0","0/0","0/0","0/0","0/0","0/0","0/0","0/0","0/0","0/0","0/0","0/0","0/0","0/0","0/0","0/0","0/0","0/0","0/0","0/0","0/0","0/0","0/0","0/0","0/1","0/0","0/0","0/0","0/0","0/0","0/0","0/0","0/0","0/0","0/0","0/0","0/0","0/0","0/0","0/0","0/0","0/0","0/0","0/0","0/0","0/0","0/0","0/0","0/0","0/0","0/0","0/0","0/0","0/0","0/0","0/0","0/0","0/0","0/0","0/0","0/0","0/0","0/0","0/0","0/0","0/0","0/0","0/0","0/0","0/0","0/0","0/0","0/0","0/0","0/0","0/0","0/0","0/0","0/0","0/0","0/0","0/0","0/0","0/0","0/0","0/0","0/0","0/0","0/0","0/0","0/0","0/0","0/0","0/0","0/0","0/0","0/0","0/0","0/0","0/0","0/0","0/0","0/0","0/0","0/0","0/0","0/0","0/0","0/0","0/0","0/0","0/0","0/0","0/0","0/0","0/0","0/0","0/0","0/0","0/0","0/0","0/0","0/0","0/0","0/0","0/0","0/0","0/0","0/0","0/0","0/0","0/0","0/0","0/0","0/0","0/0","0/0","0/0","0/0","0/0","0/0"
"chr3:52439143_C/CA_BAP1","0/0","0/0","0/0","0/0","0/0","0/0","0/0","0/0","0/0","0/0","0/0","0/0","0/0","0/0","0/0","0/1","0/0","0/0","0/0","0/0","0/0","0/0","0/0","0/0","0/0","0/0","0/0","0/0","0/0","0/0","0/0","0/0","0/0","0/0","0/0","0/0","0/0","0/0","0/0","0/0","0/0","0/0","0/0","0/0","0/0","0/0","0/0","0/0","0/0","0/0","0/0","0/0","0/0","0/0","0/0","0/0","0/0","0/0","0/0","0/0","0/0","0/0","0/0","0/0","0/0","0/0","0/0","0/0","0/0","0/0","0/0","0/0","0/0","0/0","0/0","0/0","0/0","0/0","0/0","0/0","0/0","0/0","0/0","0/0","0/0","0/0","0/0","0/0","0/0","0/0","0/0","0/0","0/0","0/0","0/0","0/0","0/0","0/0","0/0","0/0","0/0","0/0","0/0","0/0","0/0","0/0","0/0","0/0","0/0","0/0","0/0","0/0","0/0","0/0","0/0","0/0","0/0","0/0","0/0","0/0","0/0","0/0","0/0","0/0","0/0","0/0","0/0","0/0","0/0","0/0","0/0","0/0","0/0","0/0","0/0","0/0","0/0","0/0","0/0","0/0","0/0","0/0","0/0","0/0","0/0","0/0","0/0","0/0","0/0","0/0","0/0","0/0","0/0"
"chr3:53889346_T/TA_IL17RB","0/0","0/0","0/0","0/0","0/0","0/0","0/0","0/0","0/0","0/0","0/0","0/0","0/0","0/0","0/0","0/0","0/0","0/0","0/0","0/0","0/0","0/0","0/0","0/0","0/0","0/0","0/0","0/0","0/0","0/0","0/0","0/0","0/0","0/0","0/0","0/0","0/0","0/0","0/0","0/0","0/0","0/0","0/0","0/0","0/0","0/0","0/0","0/1","0/0","0/0","0/0","0/0","0/0","0/0","0/0","0/0","0/0","0/0","0/0","0/0","0/0","0/0","0/0","0/0","0/0","0/0","0/0","0/0","0/0","0/0","0/0","0/0","0/0","0/0","0/0","0/0","0/0","0/0","0/0","0/0","0/0","0/0","0/0","0/0","0/0","0/0","0/0","0/0","0/0","0/0","0/0","0/0","0/0","0/0","0/0","0/0","0/0","0/0","0/0","0/0","0/0","0/0","0/0","0/0","0/0","0/0","0/0","0/0","0/0","0/0","0/0","0/0","0/0","0/0","0/0","0/0","0/0","0/0","0/0","0/0","0/0","0/0","0/0","0/0","0/0","0/0","0/0","0/0","0/0","0/0","0/0","0/0","0/0","0/0","0/0","0/0","0/0","0/0","0/0","0/0","0/0","0/0","0/0","0/0","0/0","0/0","0/0","0/0","0/0","0/0","0/0","0/0","0/0"
"chr3:53911678_TCTC/T_ACTR8","0/0","0/0","0/0","0/0","0/0","0/0","0/0","0/0","0/0","0/0","0/0","0/0","0/0","0/0","0/0","0/0","0/0","0/0","0/0","0/0","0/0","0/0","0/0","0/0","0/0","0/0","0/0","0/0","0/0","0/0","0/0","0/0","0/0","0/0","0/0","0/0","0/1","0/0","0/0","0/0","0/0","0/0","0/0","0/0","0/0","0/0","0/0","0/0","0/0","0/0","0/0","0/0","0/0","0/0","0/0","0/0","0/0","0/0","0/0","0/0","0/0","0/0","0/0","0/0","0/0","0/0","0/0","0/0","0/0","0/0","0/0","0/0","0/0","0/0","0/0","0/0","0/0","0/0","0/0","0/0","0/0","0/0","0/0","0/0","0/0","0/0","0/0","0/0","0/0","0/0","0/0","0/0","0/0","0/0","0/0","0/0","0/0","0/0","0/0","0/0","0/0","0/0","0/0","0/0","0/0","0/0","0/0","0/0","0/0","0/0","0/0","0/0","0/0","0/0","0/0","0/0","0/0","0/0","0/0","0/0","0/0","0/0","0/0","0/0","0/0","0/0","0/0","0/0","0/0","0/0","0/0","0/0","0/0","0/0","0/0","0/0","0/0","0/0","0/0","0/0","0/0","0/0","0/0","0/0","0/0","0/0","0/0","0/0","0/0","0/0","0/0","0/0","0/0"
"chr3:56627125_CA/C_CCDC66","0/0","0/0","0/0","0/0","0/0","0/0","0/0","0/0","0/0","0/0","0/0","0/0","0/0","0/0","0/0","0/0","0/0","0/0","0/0","0/0","0/0","0/0","0/0","0/0","0/0","0/0","0/0","0/0","0/0","0/0","0/0","0/0","0/0","0/0","0/0","0/0","0/0","0/0","0/0","0/0","0/0","0/0","0/0","0/0","0/0","0/0","0/0","0/0","0/0","0/0","0/0","0/0","0/0","0/0","0/0","0/0","0/0","0/0","0/0","0/0","0/0","0/0","0/0","0/0","0/0","0/1","0/0","0/0","0/0","0/0","0/1","0/0","0/0","0/0","0/0","0/0","0/0","0/0","0/0","0/1","0/1","0/0","0/0","0/0","0/0","0/0","0/0","0/0","0/0","0/0","0/0","0/0","0/0","0/0","0/0","0/0","0/0","0/0","0/0","0/0","0/0","0/0","0/0","0/0","0/0","0/0","0/0","0/0","0/0","0/0","0/0","0/0","0/0","0/0","0/0","0/0","0/0","0/0","0/0","0/0","0/0","0/0","0/0","0/0","0/0","0/0","0/0","0/0","0/0","0/0","0/0","0/0","0/0","0/0","0/0","0/0","0/0","0/0","0/0","0/0","0/0","0/0","0/0","0/0","0/0","0/0","0/0","0/0","0/0","0/0","0/0","0/0","0/0"
"chr3:56650051_A/ACTT_CCDC66","1/1","1/1","1/1","0/1","1/1","1/1","0/1","0/1","0/1","0/1","1/1",".","0/1","1/1","0/1","1/1","0/1","0/1","1/1","0/1","0/1","1/1","0/1","0/1","0/1","0/1","0/1","0/0","1/1","0/1","0/1","1/1","0/1","0/1","1/1","1/1","0/1","1/1","1/1","1/1",".","1/1","0/1","1/1","0/1","0/0","1/1","0/0","1/1","0/0",".","0/1","0/1","0/1","0/1","0/1","0/1","1/1","0/1","0/1","0/1","0/1",".","0/0","0/0","1/1","0/1",".",".","0/1","1/1","0/1","0/1","1/1","1/1","0/1","0/1","0/1","0/1","0/1","0/1","0/1","0/0","1/1","1/1","0/0","0/0","1/1","0/1","0/1","0/1","1/1","1/1","0/1","0/1","0/1","1/1","1/1","1/1","1/1","1/1","1/1","1/1","0/0",".","1/1","1/1","1/1","1/1","1/1","0/1","0/1","0/1","1/1","0/0","0/1","0/1","1/1","1/1","1/1","1/1","1/1","0/1","1/1",".","0/0","1/1","1/1","0/1","0/1","0/1","0/1","1/1","0/1","1/1","1/1","0/1","0/1","1/1","0/1","1/1","0/1","0/1","1/1","1/1","1/1","1/1","1/1","1/1","0/1","0/1","0/1","0/1"
"chr3:56650054_T/TCTC_CCDC66","0/0","0/0","0/0","0/1","0/0","0/0","0/1","0/1","0/1","0/1","0/0","1/1","0/1","0/0","0/1","0/0","0/1","0/0","0/0","0/1","0/1","0/0","0/1","0/1","0/1","0/1","0/1","0/1","0/0","0/1","0/1","0/0","0/1","0/1","0/0","0/0","0/1","0/0","0/0","0/0","1/1","0/0","0/0","0/0","0/1","1/1","0/0","1/1","0/0","1/1","1/1","0/1","0/1","0/0","0/1","0/1","0/1","0/0","0/1","0/1","0/0","0/1","1/1","0/0","0/0","0/0","0/1","1/1","1/1","0/1","0/0","0/0","0/0","0/0","0/0","0/1","0/1","0/1","0/1","0/1","0/1","0/1","1/1","0/0","0/0","0/0","0/0","0/0","0/1","0/1","0/1","0/0","0/0","0/1","0/1","0/1","0/0","0/0","0/0","0/0","0/0","0/0","0/0","1/1","1/1","0/0","0/0","0/0","0/0","0/0","0/1","0/1","0/1","0/0","1/1","0/1","0/1","0/0","0/0","0/0","0/0","0/0","0/1","0/0","1/1","1/1","0/0","0/0","0/1","0/1","0/1","0/0","0/0","0/1","0/0","0/0","0/1","0/1","0/0","0/1","0/0","0/0","0/0","0/0","0/0","0/0","0/0","0/0","0/0","0/1","0/1","0/1","0/1"
"chr3:57431973_C/CAGA_DNAH12","0/0","0/0","0/0","0/0","0/0","0/0","0/0","0/0","0/0","0/0","0/0","0/0","0/0","0/0","0/0","0/0","0/0","0/0","0/0","0/0","0/0","0/0","0/0","0/0","0/0","0/0","0/0","0/0","0/0","0/0","0/0","0/0","0/0","0/0","0/0","0/0","0/0","0/0","0/0","0/0","0/0","0/0","0/0","0/0","0/0","0/0","0/0","0/0","0/0","0/0","0/0","0/0","0/0","0/0","0/0","0/0","0/0","0/0","0/0","0/0","0/0","0/0","0/0","0/0","0/0","0/0","0/0","0/0","0/0","0/0","0/0","0/0","0/0","0/0","0/0","0/0","0/0","0/1","0/1","0/0","0/0","0/0","0/0","0/0","0/0","0/0","0/0","0/0","0/0","0/0","0/0","0/0","0/0","0/0","0/0","0/0","0/0","0/0","0/0","0/0","0/0","0/0","0/0","0/0","0/0","0/0","0/0","0/0","0/0","0/0","0/0","0/0","0/0","0/0","0/0","0/0","0/0","0/0","0/0","0/0","0/0","0/0","0/0","0/0","0/0","0/0","0/0","0/0","0/0","0/0","0/0","0/0","0/0","0/0","0/0","0/0","0/0","0/0","0/0","0/0","0/0","0/0","0/0","0/0","0/0","0/0","0/0","0/0","0/0","0/0","0/0","0/0","0/0"
"chr3:57438576_TCTGTAACAC/T_DNAH12","0/0","0/0","0/0","0/0","0/0","0/0","0/0","0/0","0/0","0/0","0/0","0/0","0/0","0/0","0/0","0/0","0/0","0/0","0/0","0/0","0/0","0/0","0/0","0/0","0/0","0/0","0/0","0/0","0/0","0/0","0/0","0/0","0/0","0/0","0/0","0/0","0/0","0/0","0/0","0/0","0/0","0/0","0/0","0/0","0/0","0/0","0/0","0/0","0/0","0/0","0/0","0/0","0/0","0/0","0/0","0/0","0/0","0/0","0/0","0/0","0/0","0/0","0/0","0/0","0/0","0/0","0/0","0/1","0/1","0/0","0/0","0/0","0/0","0/0","0/0","0/0","0/0","0/0","0/0","0/0","0/0","0/0","0/0","0/0","0/0","0/0","0/0","0/0","0/0","0/0","0/0","0/0","0/0","0/0","0/0","0/0","0/0","0/0","0/0","0/0","0/0","0/0","0/0","0/0","0/0","0/0","0/0","0/0","0/0","0/0","0/0","0/0","0/0","0/0","0/0","0/0","0/0","0/0","0/0","0/0","0/0","0/0","0/0","0/0","0/0","0/0","0/0","0/0","0/0","0/0","0/0","0/0","0/0","0/0","0/0","0/0","0/0","0/0","0/0","0/0","0/0","0/0","0/0","0/0","0/0","0/0","0/0","0/0","0/0","0/0","0/0","0/0","0/0"
"chr3:63898360_GGCAGCAGCA/GGCAGCAGCAGCAGCA_ATXN7","0/1","0/1","0/1","0/2","0/1","0/1","0/1","0/1","0/0","0/0","0/0","0/0","0/0","0/0","0/0","1/3","0/0","0/0","0/0","0/0","0/0","0/0","0/0","0/0","0/1","0/0","0/0","0/0","0/0","0/0","0/2","0/2","0/4","0/1",".","0/0","0/5","0/0","0/1","0/0","1/1","0/1","0/0","1/1","0/0","0/0","0/0","0/0","0/0","0/1","0/1","0/0","0/1","0/0","0/1","0/1","0/0","0/1","0/0","0/2","0/0","0/1","0/0","0/0","0/0","0/0","0/2","0/0","0/0","0/2","0/0","1/2","1/2","0/3","0/3","0/0","0/0","0/1","0/1","0/0","0/1","0/0","0/1","0/0","0/0","0/0","0/0","0/0","0/1","0/1","0/1","0/0","0/0","0/0","0/0","0/1","0/0","0/1","0/0","0/0","0/0","0/1","0/0","0/0","0/0","0/0","0/0","0/0","0/0","0/1","0/2","0/0","0/0","0/0","0/2","0/2","0/2","0/1","0/0","0/1","0/0","0/0","0/2","0/1","0/2","0/2","0/0","0/0","0/0","0/0","0/0","0/0","0/1","0/3","0/1","0/1","0/3","0/3","0/1","0/1","0/1","0/0","0/0","0/3","0/3","0/3","0/0","0/0","0/0","0/0","0/0","0/0","0/0"
"chr3:63898380_CAG/C_ATXN7","0/0","0/0","0/0","0/0","0/0","0/0","0/0","0/0","0/0","0/0","0/0","0/0","0/0","0/0","0/0","0/0","0/0","0/0","0/0","0/0","0/0","0/0","0/0","0/0","0/0","0/0","0/0","0/0","0/0","0/0","0/0","0/0","0/0","0/0","0/1","0/0","0/0","0/0","0/0","0/0","0/0","0/0","0/0","0/0","0/1","0/0","0/0","0/0","0/0","0/0","0/1","0/0","0/0","0/0","0/0","0/0","0/0","0/0","0/0","0/0","0/0","0/0","0/0","0/0","0/0","0/0","0/0","0/0","0/0","0/0","0/0","0/0","0/0","0/0","0/0","0/0","0/0","0/0","0/0","0/0","0/0","0/0","0/1","0/0","0/0","0/0","0/0","0/0","0/0","0/0","0/0","0/0","0/0","0/0","0/0","0/0","0/0","0/0","0/1","0/1","0/0","0/0","0/0","0/0","0/0","0/0","0/0","0/0","0/0","0/0","0/0","0/0","0/0","0/0","0/0","0/0","0/0","0/0","0/0","0/0","0/0","0/0","0/0","0/0","0/0","0/0","0/0","0/0","0/0","0/0","0/0","0/0","0/0","0/0","0/0","0/0","0/0","0/0","0/0","0/0","0/0","0/0","0/0","0/0","0/0","0/0","0/0","0/0","0/0","0/0","0/0","0/0","0/0"
"chr3:63898383_CAGCAGCA/C_ATXN7","0/0","0/0","0/0","0/0","0/0","0/0","0/0","0/0","0/0","0/0","0/0","0/0","0/0","0/0","0/0","0/0","0/0","0/0","0/0","0/0","0/0","0/0","0/0","0/0","0/0","0/0","0/0","0/0","0/0","0/0","0/0","0/0","0/0","0/0","0/1","0/0","0/0","0/0","0/0","0/0","0/0","0/0","0/0","0/0","0/1","0/0","0/0","0/0","0/0","0/0","0/1","0/0","0/0","0/0","0/0","0/0","0/0","0/0","0/0","0/0","0/0","0/0","0/0","0/0","0/0","0/0","0/0","0/0","0/0","0/0","0/0","0/0","0/0","0/0","0/0","0/0","0/0","0/0","0/0","0/0","0/0","0/0","0/1","0/0","0/0","0/0","0/0","0/0","0/0","0/0","0/0","0/0","0/0","0/0","0/0","0/0","0/0","0/0","0/1","0/1","0/0","0/0","0/0","0/0","0/0","0/0","0/0","0/0","0/0","0/0","0/0","0/0","0/0","0/0","0/0","0/0","0/0","0/0","0/0","0/0","0/0","0/0","0/0","0/0","0/0","0/0","0/0","0/0","0/0","0/0","0/0","0/0","0/0","0/0","0/0","0/0","0/0","0/0","0/0","0/0","0/0","0/0","0/0","0/0","0/0","0/0","0/0","0/0","0/0","0/0","0/0","0/0","0/0"
"chr3:65425560_T/TCTG_MAGI1","0/1","0/1","0/1","0/1","0/1","0/1","1/1","1/1","0/1","0/1","0/1","1/1","0/1","0/1","0/1","0/1","0/1","0/1","0/1","1/1","1/1","0/1","0/0","0/1","0/1","0/1","0/1","0/1","0/1","0/1","0/0","0/1","0/1","0/1","0/1","0/1","1/1","0/1","1/1","0/1","0/1","1/1","0/1","1/2","1/1","0/1","1/1","0/0","0/1","0/1","0/1","0/1","0/1","0/1","1/1","0/1","0/1","1/1","1/1","1/1","1/1","1/1","1/1","0/1","1/1","1/1","1/1","1/1","1/1","0/1","0/1","1/1","1/1","1/1","1/1","0/1","1/1","1/1","1/1","0/1","0/1","1/1","0/1","1/2","1/2","1/1","1/1","0/1","1/1","1/1","1/1","0/0","0/0","0/1","0/1","1/1","0/1","0/0","0/1","0/1","1/1","0/1","1/1","0/1","0/1","1/1","0/1","0/1","0/1","1/1","0/1","1/1","1/1","1/1","1/1","0/1","0/1","0/1","0/1","0/1","0/1","0/1","0/1","0/1","1/1","0/1","0/1","1/1","0/1","0/1","0/1","0/1","0/1","0/1","0/1","0/1","0/1","0/1","1/1","0/1","0/1","0/1","0/1","1/1","1/1","0/1","1/1","0/1","1/1","1/1","0/1","1/1","1/1"
"chr3:67058343_TAGGAGAA/T_KBTBD8","0/0","0/0","0/0","0/0","0/0","0/0","0/0","0/0","0/0","0/0","0/0","0/0","0/0","0/0","0/0","0/0","0/0","0/0","0/1","0/0","0/0","0/0","0/0","0/0",".","0/0","0/0","0/0","0/0","0/0","0/0","0/0","0/0","0/0","0/0","0/0","0/0","0/0","0/0","0/1","0/0","0/0","0/0","0/0","0/0","0/0","0/0","0/0","0/0","0/0","0/0","0/0","0/0","0/0","0/0","0/0","0/0","0/0","0/1","0/0","0/0","0/0","0/0","0/0","0/0","0/0","0/0","0/0","0/0","0/0","0/0","0/0","0/0","0/0","0/0","0/0","0/0","0/0","0/0","0/0","0/0","0/0","0/0",".","0/0","0/0","0/0","0/0",".","0/0","0/0","0/0","0/0","0/0","0/0","0/0","0/0","0/0","0/0","0/0","0/0","0/0","0/0","0/0","0/0","0/0","0/0","0/0","0/0","0/0","0/0","0/0","0/0","0/0","0/0","0/0","0/0","0/0","0/0","0/0","0/0","0/0","0/0","0/0","0/0","0/0","0/0","0/0","0/0","0/0","0/0","0/0","0/0","0/0","0/0","0/0","0/0","0/0","0/0","0/0","0/0","0/0","0/0","0/0","0/0","0/0","0/0","0/0","0/0","0/0","0/0","0/0","0/0"
"chr3:69230326_CG/C_FRMD4B","0/0","0/0","0/0","0/0","0/0","0/0","0/0","0/0","0/0","0/0","0/0","0/0","0/0","0/0","0/0","0/0","0/0","0/0","0/0","0/0","0/0","0/0","0/0","0/0","0/0","0/0","0/0","0/0","0/0","0/0","0/0","0/0","0/0","0/0","0/0","0/0","0/0","0/0","0/0","0/0","0/0","0/0","0/0","0/0","0/0","0/0","0/0","0/0","0/0","0/0","0/0","0/0","0/0","0/0","0/1","0/0","0/0","0/0","0/0","0/0","0/0","0/0","0/0","0/0","0/0","0/0","0/0","0/0","0/0","0/0","0/0","0/0","0/0","0/0","0/0","0/0","0/0","0/0","0/0","0/0","0/0","0/0","0/0","0/0","0/0","0/0","0/0","0/0","0/0","0/0","0/0","0/0","0/0","0/0","0/0","0/0","0/0","0/0","0/0","0/0","0/0","0/0","0/0","0/0","0/0","0/0","0/0","0/0","0/0","0/0","0/0","0/0","0/0","0/0","0/0","0/0","0/0","0/0","0/0","0/0","0/0","0/0","0/0","0/0","0/0","0/0","0/0","0/0","0/0","0/0","0/0","0/0","0/0","0/0","0/0","0/0","0/0","0/0","0/0","0/0","0/0","0/0","0/0","0/0","0/0","0/0","0/0","0/0","0/0","0/0","0/0","0/0","0/0"
"chr3:73111481_C/CA_EBLN2","0/1","0/1","0/1","0/1","0/0","0/0","0/0","0/0","0/0","0/1","1/1","0/1","0/1","0/0","0/1","0/1","0/1","0/0","0/1","1/1","0/1","1/1","0/0","0/1","1/1","0/0","0/0","0/0","0/0","1/1","1/1","0/1","0/1","0/1","0/1","0/1","0/1","0/0","0/0","0/1","0/1","0/1","0/1","0/1","0/1","0/1","0/0","0/0","0/0","0/0","0/1","1/1","0/0","0/0","0/0","0/1","0/0","0/1","1/1","0/0","0/1","0/0","0/1","0/0","0/0","0/0","0/1","0/0","0/0","0/1","0/0","0/0","0/0","0/1","0/1","0/1","0/1","0/1","0/1","0/1","0/1","0/0","0/1","0/0","0/0","1/1","1/1","0/1","0/1","0/1","0/0","0/0","0/0","0/0","0/0","0/0","0/1","0/1","0/0","0/0","0/1","0/1","0/1","0/1","0/1","0/0","0/0","0/1","0/1","0/1","0/1","0/0","0/0","0/0","0/0","0/0","0/0","0/0","0/0","0/0","0/0","0/0","0/0","0/0","0/0","0/0","0/0","0/0","0/0","0/0","0/0","0/0","0/1","0/0","0/1","0/1","0/0","0/0","0/0","0/0","0/0","0/0","0/0","0/1","0/1","0/1","0/1","0/1","0/1","0/1","0/1","0/1","0/1"
"chr3:75714824_AG/A_FRG2C","0/1","0/0","0/0","0/1","0/0","0/0","0/1","0/1","0/1","0/1","0/1","0/1","0/1","0/1","0/1","0/1","0/1","0/1","0/1","0/1","0/1","0/1","0/1","0/1","0/1","0/1","0/1","0/1","0/1","0/1","0/1","0/1","0/1","0/1","0/1","0/1","0/1","0/1","0/1","0/1","0/1","0/1","0/1","0/0","0/1","0/1","0/1","0/1","0/1","0/1","0/1","0/1","0/1","0/1","0/1","0/1","0/1","0/1","0/1","0/1","0/1","0/1","0/1","0/1","0/1","0/1","0/1","0/0","0/1","0/1","0/1","0/1","0/1","0/1","0/1","0/1","0/1","0/1","0/1","0/1","0/1","0/1","0/1","0/1","0/1","0/1","0/1","0/1","0/1","0/1","0/1","0/1","0/1","0/1","0/1","0/1","0/1","0/1","0/1","0/1","0/1","0/0","0/1","0/1","0/1","0/1","0/1","0/1","0/1","0/1","0/1","0/1","0/1","0/1","0/1","0/1","0/1","0/1","0/1","0/1","0/1","0/1","0/1","0/1","0/1","0/1","0/1","0/1","0/1","0/1","0/1","0/1","0/1","0/1","0/1","0/1","0/1","0/1","0/1","0/1","0/1","0/1","0/1","0/1","0/1","0/1","0/1","0/1","0/1","0/1","0/1","0/1","0/1"
"chr3:75781212_TC/T_ZNF717","0/0","0/0","0/0","0/1","0/1","0/0","0/1","0/1","0/1","0/0","0/1","0/0","0/1","0/1","0/1","0/1","0/0","0/0","0/0","0/1","0/1","0/0","0/1","0/1","0/1","0/0","0/0","0/1","0/0","0/0","0/1","0/0","0/0","0/1","0/1","0/1","0/0","0/0","0/0","0/0","0/0","0/0","0/0","0/0","0/1","0/0","0/0","0/0","0/0","0/0","0/0","0/1","0/1","0/1","0/0","0/1","0/0","0/0","0/1","0/0","0/1","0/0","0/1","0/1","0/1","0/0","0/1","0/1","0/1","0/1","0/0","0/1","0/1","0/1","0/1","0/1","0/1","0/0","0/0","0/1","0/1","0/0","0/0","0/0","0/0","0/0","0/0","0/1","0/0","0/0","0/1","0/0","0/0","0/1","0/0","0/0","0/1","0/1","0/0","0/0","0/0","0/1","0/0","0/1","0/1","0/1","0/1","0/0","0/0","0/1","0/1","0/0","0/1","0/1","0/0","0/1","0/1","0/1","0/1","0/1","0/1","0/1","0/1","0/1","0/0","0/0","0/1","0/1","0/1","0/1","0/1","0/0","0/0","0/0","0/0","0/0","0/0","0/0","0/0","0/1","0/0","0/1","0/0","0/0","0/0","0/0","0/1","0/1","0/1","0/0","0/1","0/1","0/1"
"chr3:75786035_G/GA_ZNF717","0/1","0/1","0/1","0/1","0/1","0/1","0/1","0/1","0/1","0/1","0/1","0/1","0/1","0/1","0/1","0/1","0/1","0/1","0/1","0/1","0/1","0/1","0/1","0/0","0/0","0/1","0/1","0/1","0/1","0/1","0/1","0/1","0/1","0/1","0/1","0/1","0/1","0/1","0/1","0/1","0/1","0/1","0/1","0/1","0/1","0/1","0/1","0/1","0/1","0/1","0/0","0/1","0/1","0/1","0/1","0/1","0/1","0/1","0/1","0/1","0/1","0/1","0/1","0/1","0/1","0/0","0/1","0/1","0/1","0/1","0/0","0/1","0/1","0/1","0/1","0/1","0/1","0/1","0/1","0/1","0/1","0/1","0/1","0/1","0/0","0/0","0/0","0/1","0/1","0/1","0/1","0/1","0/1","0/1","0/1","0/1","0/1","0/0","0/1","0/1","0/0","0/1","0/1","0/1","0/1","0/1","0/1","0/0","0/1","0/1","0/1","0/1","0/1","0/1","0/1","0/1","0/1","0/1","0/1","0/1","0/1","0/1","0/1","0/1","0/1","0/1","0/1","0/1","0/1","0/1","0/1","0/1","0/0","0/1","0/1","0/1","0/1","0/1","0/1","0/1","0/1","0/1","0/1","0/1","0/1","0/1","0/1","0/1","0/1","0/1","0/1","0/1","0/1"
"chr3:75786041_AG/A_ZNF717","0/1","0/1","0/1","0/1","0/0","0/0","0/1","0/1","0/1","0/1","0/0","0/1","0/0","0/1","0/1","0/0","0/1","0/1","0/1","0/0","0/1","0/1","0/0","0/1","0/0","0/1","0/1","0/0","0/1","0/1","0/1","0/0","0/1","0/0","0/0","0/1","0/1","0/1","0/1","0/1","0/1","0/1","0/1","0/0","0/1","0/0","0/1","0/1","0/0","0/1","0/1","0/0","0/0","0/1","0/0","0/0","0/1","0/1","0/0","0/1","0/1","0/1","0/0","0/0","0/0","0/1","0/0","0/0","0/0","0/0","0/1","0/1","0/1","0/0","0/0","0/0","0/1","0/1","0/1","0/1","0/1","0/1","0/1","0/1","0/1","0/1","0/1","0/0","0/1","0/1","0/0","0/1","0/1","0/1","0/1","0/1","0/1","0/1","0/0","0/1","0/1","0/0","0/1","0/1","0/1","0/0","0/0","0/1","0/1","0/0","0/0","0/1","0/1","0/0","0/1","0/0","0/0","0/0","0/1","0/0","0/1","0/0","0/0","0/0","0/1","0/1","0/0","0/0","0/1","0/1","0/1","0/1","0/1","0/1","0/1","0/1","0/1","0/1","0/1","0/1","0/1","0/1","0/1","0/1","0/1","0/1","0/0","0/0","0/0","0/1","0/1","0/1","0/1"
"chr3:75786314_CCTACATTCT/C_ZNF717","0/1","0/1","0/1","0/1","0/1","0/1","0/1","0/1","0/1","0/1","0/1","0/1","0/1","0/1","0/1","0/1","0/1","0/1","0/1","0/1","0/1","0/1","0/1","0/1","0/1","0/1","0/1","0/1","0/1","0/1","0/1","0/1","0/1","0/1","0/1","0/1","0/1","0/1","0/1","0/1","0/1","0/1","0/1","0/1","0/1","0/1","0/1","0/1","0/1","0/1","0/1","0/1","0/1","0/1","0/1","0/1","0/1","0/1","0/1","0/1","0/1","0/1","0/1","0/1","0/1","0/1","0/1","0/1","0/1","0/1","0/1","0/1","0/1","0/1","0/1","0/1","0/1","0/1","0/1","0/1","0/1","0/1","0/1","0/1","0/1","0/1","0/1","0/1","0/1","0/1","0/1","0/1","0/1","0/1","0/1","0/1","0/1","0/1","0/1","0/1","0/1","0/1","0/1","0/1","0/1","0/1","0/1","0/1","0/1","0/1","0/1","0/1","0/1","0/1","0/1","0/1","0/1","0/1","0/1","0/1","0/1","0/1","0/1","0/1","0/1","0/1","0/1","0/1","0/1","0/1","0/1","0/1","0/1","0/1","0/1","0/1","0/1","0/1","0/1","0/1","0/1","0/1","0/1","0/1","0/1","0/1","0/1","0/1","0/1","0/1","0/1","0/1","0/1"
"chr3:75786423_T/TTC_ZNF717","0/1","0/1","0/1","0/1","0/1","0/0","0/1","0/1","0/1","0/0","0/0","0/1","0/0","0/1","0/0","0/0","0/0","0/1","0/1","0/0","0/0","0/0","0/0","0/1","0/1","0/0","0/1","0/1","0/1","0/1","0/0","0/1","0/1","0/0","0/0","0/0","0/1","0/1","0/0","0/1","0/1","0/0","0/1","0/0","0/0","0/1","0/1","0/1","0/0","0/1","0/1","0/0","0/0","0/0","0/1","0/0","0/1","0/1","0/1","0/0","0/0","0/1","0/0","0/0","0/0","0/1","0/1","0/0","0/0","0/0","0/0","0/0","0/1","0/0","0/0","0/1","0/0","0/1","0/0","0/0","0/0","0/0","0/1","0/0","0/0","0/1","0/1","0/0","0/0","0/1","0/1","0/1","0/0","0/0","0/0","0/1","0/0","0/1","0/0","0/0","0/1","0/0","0/0","0/0","0/0","0/0","0/0","0/1","0/1","0/0","0/0","0/1","0/1","0/0","0/0","0/0","0/0","0/0","0/0","0/0","0/0","0/0","0/0","0/0","0/1","0/0","0/0","0/0","0/0","0/1","0/0","0/0","0/1","0/1","0/1","0/1","0/1","0/1","0/1","0/0","0/1","0/0","0/0","0/0","0/1","0/1","0/0","0/0","0/0","0/0","0/1","0/0","0/0"
"chr3:75786555_C/CTG_ZNF717","0/1","0/1","0/1","0/1","0/1","0/1","0/1","0/1","0/1","0/1","0/1","0/1","0/1","0/1","0/1","0/1","0/1","0/1","0/1","0/1","0/1","0/1","0/1","0/1","0/1","0/1","0/1","0/1","0/1","0/1","0/1","0/1","0/1","0/1","0/1","0/1","0/1","0/1","0/1","0/1","0/1","0/1","0/1","0/1","0/1","0/1","0/1","0/1","0/1","0/1","0/1","0/1","0/1","0/1","0/1","0/1","0/1","0/1","0/1","0/1","0/1","0/1","0/1","0/1","0/1","0/1","0/1","0/1","0/1","0/1","0/1","0/1","0/1","0/1","0/1","0/1","0/1","0/1","0/1","0/1","0/1","0/1","0/1","0/1","0/1","0/1","0/1","0/1","0/1","0/1","0/1","0/1","0/1","0/1","0/1","0/1","0/1","0/1","0/1","0/1","0/1","0/1","0/1","0/1","0/1","0/1","0/1","0/1","0/1","0/1","0/1","0/1","0/1","0/1","0/1","0/1","0/1","0/1","0/1","0/1","0/1","0/1","0/1","0/1","0/1","0/1","0/1","0/1","0/1","0/1","0/1","0/1","0/1","0/1","0/1","0/1","0/1","0/1","0/1","0/1","0/1","0/1","0/1","0/1","0/1","0/1","0/1","0/1","0/1",".","0/1","0/1","0/1"
"chr3:75786580_T/TCATAGGGTTTCTCCCCCGTGTGAATACCTTGATGCTTCTGAATATTTGCCTTCTGATGAAAGGATTTTCCACATTCATTACATTCATAGAGCTTTTCCCCAGTGTGAGTTCTCTGATGTATAATAAGGTATGATTTCTGACAAAAAGTTTTTCCACTTTCGTTACATC_ZNF717","0/0","0/0","0/0","0/0","0/0","0/0","0/0","0/0","0/0","0/0","0/0","0/0","0/0","0/0","0/0","0/0","0/0","0/0","0/0","0/0","0/0","0/0","0/0","0/0","0/0","0/0","0/0","0/0","0/0","0/0","0/0","0/0","0/0","0/0","0/0","0/0","0/0","0/0","0/0","0/0","0/0","0/0","0/0","0/0","0/0","0/0","0/0","0/0","0/0","0/0","0/0","0/0","0/0","0/0","0/0","0/0","0/0","0/0","0/0","0/0","0/0","0/0","0/0","0/0","0/0","0/0","0/0","0/0","0/0","0/0","0/0","0/0","0/0","0/0","0/0","0/0","0/0","0/0","0/0","0/0","0/0","0/0","0/0","0/0","0/0","0/0","0/0","0/0","0/0","0/0","0/0","0/0","0/0","0/0","0/0","0/0","0/0","0/0","0/0","0/0","0/0","0/0","0/0","0/0","0/0","0/0","0/0","0/0","0/0","0/0","0/0","0/0","0/0","0/0","0/0","0/0","0/0","0/0","0/0","0/0","0/0","0/0","0/0","0/0","0/0","0/0","0/0","0/0","0/0","0/0","0/0","0/0","0/0","0/0","0/0","0/0","0/0","0/0","0/0","0/0","0/0","0/0","0/0","0/0","0/0","0/0","0/0","0/0","0/0","0/1","0/0","0/0","0/0"
"chr3:75786743_TA/T_ZNF717","0/1","0/0","0/1","0/0","0/1","0/0","0/1","0/1","0/1","0/1","0/1","0/0","0/0","0/1","0/0","0/0","0/0","0/0","0/1","0/0","0/0","0/0","0/0","0/1","0/1","0/1","0/0","0/1","0/0","0/0","0/0","0/1","0/1","0/0","0/0","0/0","0/0","0/1","0/0","0/0","0/1","0/0","0/1","0/0","0/1","0/1","0/1","0/1","0/1","0/1","0/1","0/0","0/1","0/1","0/1","0/1","0/0","0/1","0/1","0/1","0/0","0/1","0/0","0/1","0/1","0/1","0/1","0/1","0/0","0/1","0/1","0/0","0/1","0/0","0/0","0/1","0/1","0/1","0/1","0/0","0/0","0/0","0/1","0/1","0/1","0/1","0/1","0/0","0/0","0/0","0/1","0/0","0/1","0/1","0/0","0/1","0/1","0/0","0/0","0/1","0/1","0/1","0/0","0/0","0/0","0/1","0/1","0/1","0/1","0/1","0/0","0/0","0/0","0/1","0/0","0/1","0/1","0/0","0/1","0/0","0/0","0/0","0/1","0/0","0/0","0/0","0/1","0/1","0/1","0/1","0/1","0/1","0/0","0/1","0/0","0/0","0/0","0/0","0/1","0/1","0/1","0/1","0/0","0/1","0/0","0/0","0/0","0/0","0/0","0/0","0/1","0/1","0/1"
"chr3:75786760_TC/T_ZNF717","0/0","0/0","0/0","0/1","0/1","0/0","0/1","0/0","0/1","0/0","0/1","0/0","0/1","0/1","0/0",".","0/0","0/0","0/0","0/1","0/0","0/0","0/1","0/1","0/1","0/0","0/0","0/0","0/0","0/0","0/0","0/0","0/0","0/1","0/1","0/0","0/0","0/0","0/0","0/0","0/0","0/0","0/0","0/0","0/0","0/0","0/0","0/0","0/0","0/0","0/0","0/1","0/1","0/1","0/0","0/0","0/0","0/0","0/0","0/0","0/0","0/0","0/1","0/1","0/1","0/0","0/1","0/0","0/1","0/1","0/0","0/1","0/1","0/1","0/1","0/0","0/0","0/0","0/0","0/1","0/1","0/0","0/0","0/0","0/0","0/0","0/0","0/1","0/0","0/0","0/1","0/0","0/0","0/0","0/0","0/1","0/0","0/1","0/0","0/0","0/1","0/1","0/0","0/1","0/1","0/1","0/1","0/0","0/0","0/1","0/0","0/0","0/0","0/1","0/0","0/0","0/0","0/1","0/1","0/0","0/1","0/0","0/0","0/1","0/0","0/0","0/1","0/0","0/1","0/1","0/1","0/0","0/0","0/0","0/0","0/0","0/0","0/0","0/1","0/1","0/0","0/0","0/0","0/0","0/0","0/0","0/1","0/1","0/1","0/0","0/0","0/0","0/0"
"chr3:75786764_C/CT_ZNF717","0/1","0/1","0/1","0/1","0/1","0/1","0/1","0/1","0/1","0/1","0/1","0/1","0/1","0/1","0/1","0/0","0/1","0/1","0/1","0/1","0/1","0/1","0/0","0/1","0/1","0/1","0/1","0/1","0/1","0/1","0/1","0/1","0/1","0/1","0/1","0/1","0/1","0/1","0/1","0/1","0/1","0/1","0/1","0/0","0/1","0/1","0/1","0/1","0/1","0/1","0/1","0/0","0/1","0/1","0/1","0/1","0/1","0/1","0/1","0/1","0/1","0/1","0/1","0/1","0/1","0/1","0/1","0/1","0/1","0/1","0/1","0/0","0/1","0/0","0/1","0/1","0/1","0/1","0/1","0/1","0/1","0/1","0/1","0/1","0/1","0/1","0/1","0/1","0/0","0/1","0/1","0/0","0/1","0/1","0/1","0/1","0/1","0/1","0/1","0/1","0/1","0/1","0/0","0/1","0/1","0/1","0/1","0/1","0/1","0/1","0/1","0/1","0/1","0/1","0/1","0/1","0/1","0/1","0/1","0/1","0/1","0/1","0/1","0/1","0/1","0/1","0/1","0/1","0/1","0/1","0/1","0/1","0/1","0/1","0/1","0/1","0/1","0/1","0/1","0/1","0/1","0/1","0/1","0/1","0/1","0/1","0/0","0/0","0/0","0/1","0/1","0/1","0/1"
"chr3:75786817_CACATTCATT/C_ZNF717","0/2","0/2","0/2","0/0","0/2","0/0","0/2","0/2","0/2","0/0","0/2","0/1","0/1","0/1","0/1","0/1","0/0","0/1","0/2","0/1","0/1","0/1","0/1","0/1","0/2","0/0","0/1","0/2","0/1","0/1","0/1","0/2","0/1","0/1","0/1","0/1","0/1","0/2","0/1","0/1","0/1","0/1","0/2","0/1","0/1","0/2","0/1","0/1","0/2","0/2","0/2","0/1","0/2","0/2","0/2","0/1","0/1","0/1","0/2","0/1","0/1","0/1","0/1","0/0","0/0","0/1","0/2","0/1","0/0","0/2","0/1","0/1","0/2","0/1","0/1","0/0","0/1","0/1","0/1","0/1","0/1","0/0","0/1","0/1","0/2","0/2","0/2","0/1","0/1","0/1","0/0","0/1","0/1","0/0","0/0","0/0","0/1","0/1","0/1","0/1","0/1","0/0","0/1","0/1","0/1","0/2","0/1","0/1","0/1","0/0","0/0","0/0","0/0","0/1","0/0","0/2","0/2","0/1","0/1","0/1","0/1","0/1","0/2","0/1","0/0","0/0","0/1","0/1","0/2","0/0","0/0","0/1","0/1","0/1","0/1","0/0","0/1","0/1","0/2","0/2","0/1","0/1","0/1","0/1","0/1","0/1","0/0","0/0","0/0","0/1","0/1","0/1","0/1"
"chr3:75786894_GT/G_ZNF717","0/0","0/0","0/0","0/1","0/1","0/1","0/1","0/1","0/1","0/0","0/1","0/0","0/1","0/1","0/1","0/0","0/0","0/0","0/1","0/1","0/0","0/0","0/1","0/1","0/1","0/0","0/0","0/0","0/0","0/0","0/0","0/1","0/0","0/1","0/1","0/0","0/0","0/0","0/0","0/0","0/0","0/0","0/0","0/0","0/1","0/0","0/0","0/0","0/0","0/0","0/0","0/1","0/1","0/1","0/0","0/1","0/1","0/0","0/1","0/0","0/0","0/0","0/1","0/1","0/1","0/0","0/1","0/1","0/1","0/1","0/0","0/0","0/1","0/1","0/1","0/1","0/1","0/0","0/0","0/1","0/1","0/0","0/0","0/0","0/0","0/0","0/0","0/1","0/0","0/0","0/1","0/0","0/0","0/0","0/0","0/0","0/1","0/1","0/1","0/1","0/0","0/1","0/0","0/1","0/1","0/1","0/1","0/0","0/0","0/1","0/0","0/0","0/0","0/1","0/0","0/1","0/1","0/1","0/0","0/1","0/0","0/1","0/1","0/1","0/0","0/0","0/1","0/1","0/1","0/1","0/1","0/1","0/0","0/0","0/0","0/0","0/0","0/0","0/1","0/1","0/1","0/1","0/1","0/0","0/0","0/0","0/1","0/1","0/1","0/0","0/1","0/0","0/0"
"chr3:75787042_G/GAAAT_ZNF717","0/1","0/1",".","0/0","0/1","0/1","0/1","0/1",".","0/1","0/1","0/1","0/1","0/1","0/1","0/1","0/1","0/1","0/1","0/1","0/0","0/1","0/1","0/1","0/0",".","0/1","0/0","0/1","0/1","0/1","0/1","0/1","0/1","0/1","0/1",".","0/1","0/1","0/1","0/1","0/1","0/1","0/1","0/1","0/1",".","0/1","0/1","0/1","0/1","0/1","0/0","0/1","0/1","0/1","0/1","0/1","0/1",".","0/1","0/1","0/1","0/1","0/1","0/1","0/1","0/1","0/1","0/1","0/1","0/1","0/1","0/1","0/1","0/1","0/1","0/1","0/1","0/1","0/1","0/1","0/1","0/0",".","0/0","0/0","0/1","0/1","0/1","0/1","0/1","0/1","0/1",".","0/1","0/1","0/1","0/1","0/1","0/1","0/1","0/1","0/1","0/1","0/1","0/1","0/1","0/1","0/1","0/1","0/1","0/1","0/1","0/1","0/1","0/1","0/1","0/1","0/0","0/1","0/1","0/1","0/1","0/1","0/1","0/1","0/1","0/1","0/1","0/1","0/1","0/1","0/1","0/1",".","0/1",".","0/0","0/1","0/1","0/1","0/1",".","0/1","0/1","0/1","0/0","0/1","0/1","0/1","0/1","0/1"
"chr3:75787044_A/ACTT_ZNF717","0/1","0/1",".","0/0","0/1","0/1","0/1","0/1",".","0/1","0/1","0/1","0/1","0/1","0/1","0/1","0/1","0/1","0/1","0/1","0/0","0/1","0/1","0/1","0/0",".","0/1",".","0/1","0/1","0/1","0/1","0/1","0/1","0/1","0/1",".","0/1","0/1","0/1","0/1","0/1","0/1","0/1","0/1","0/1",".","0/1","0/1","0/1","0/1","0/1",".","0/1","0/1","0/1","0/1","0/1","0/1",".","0/1","0/1","0/1","0/1","0/1","0/1","0/1","0/1","0/1","0/1","0/1","0/1","0/1","0/1","0/1","0/1","0/1","0/1","0/1","0/1","0/1","0/1","0/1",".",".","0/0","0/0","0/1","0/1","0/1","0/1","0/1","0/1","0/1",".","0/1","0/1","0/1","0/1","0/1","0/1","0/1","0/1","0/1","0/1","0/1","0/1","0/1","0/1","0/1","0/1","0/1","0/1","0/1","0/1","0/1","0/1","0/1","0/1","0/0","0/1","0/1","0/1","0/1","0/1","0/1","0/1","0/1","0/1","0/1","0/1","0/1","0/1","0/1","0/1",".","0/1",".",".","0/1","0/1","0/1","0/1",".","0/1","0/1","0/1","0/0","0/1","0/1","0/1","0/1","0/1"
"chr3:75787047_G/GACTTATA_ZNF717","0/1","0/1","0/0","0/1","0/0","0/1","0/1","0/1","0/0","0/1","0/1","0/0","0/1","0/1","0/1","0/1","0/1","0/1","0/1","0/0","0/0","0/1","0/1","0/1","0/0","0/0","0/1","0/0","0/1","0/1","0/1","0/1","0/1","0/1","0/0","0/0","0/0","0/1","0/0","0/1","0/1","0/0","0/1","0/1","0/1","0/1","0/0","0/0","0/1","0/1","0/1","0/0","0/0","0/1","0/1","0/1","0/1","0/1","0/0","0/0","0/1","0/1","0/0","0/1","0/1","0/1","0/0","0/1","0/1","0/0","0/1","0/1","0/1","0/0","0/0","0/1","0/1","0/1","0/1","0/0","0/0","0/0","0/1","0/0","0/0","0/0","0/0","0/1","0/0","0/0","0/1","0/1","0/1","0/1","0/0","0/0","0/1","0/0","0/1","0/1","0/1","0/0","0/1","0/0","0/0","0/1","0/0","0/1","0/1","0/1","0/0","0/1","0/0","0/1","0/0","0/1","0/1","0/0","0/1","0/1","0/1","0/0","0/1","0/0","0/0","0/1","0/1","0/0","0/1","0/1","0/1","0/1","0/1","0/1","0/1","0/0","0/1","0/0","0/0","0/1","0/0","0/0","0/1","0/0","0/1","0/1","0/0","0/0","0/0","0/1","0/1","0/1","0/1"
"chr3:75787098_CCT/C_ZNF717","0/1","0/1","0/0","0/0","0/0","0/1","0/1","0/1","0/0","0/1","0/1","0/0","0/1","0/1","0/1","0/1","0/1","0/1","0/1","0/1","0/0","0/1","0/1","0/1","0/0","0/0","0/1","0/0","0/1","0/1","0/1","0/1","0/1","0/1","0/1","0/1",".","0/1","0/1","0/1","0/1",".","0/1","0/1","0/1","0/1","0/0","0/1","0/1","0/1","0/1","0/1","0/0","0/1","0/1","0/1","0/1","0/1","0/0","0/0","0/1","0/1","0/1","0/1","0/1","0/1","0/0","0/1","0/1","0/0","0/1","0/1","0/1","0/1","0/1","0/1","0/1","0/1","0/1","0/1","0/1","0/0","0/1","0/0","0/0","0/0","0/0","0/1","0/1","0/1","0/1","0/1","0/1","0/1","0/0","0/0","0/1","0/0","0/1","0/1","0/1",".","0/1","0/1","0/0","0/1","0/0","0/1","0/1","0/1","0/1","0/1","0/0","0/1","0/1","0/1","0/1","0/1","0/1","0/0","0/1","0/0","0/1","0/1","0/1","0/1","0/1","0/1","0/1","0/1","0/1","0/1","0/1","0/1","0/1","0/0","0/1","0/0","0/0","0/1","0/0",".","0/1","0/0","0/1","0/1","0/1","0/0","0/1","0/1","0/1","0/1","0/1"
"chr3:75787645_GAA/G_ZNF717","0/1","0/1","0/1","0/1","0/1","0/1","0/1","0/1","0/1","0/1","0/1","0/1","0/1","0/1","0/1","0/1","0/1","0/1","0/1","0/1","0/1","0/1","0/1","0/1","0/1","0/1","0/1","0/1","0/1",".","0/1","0/1","0/1","0/1","0/1","0/1","0/1","0/1","0/1","0/1","0/1","0/1","0/1","0/1","0/1","0/1","0/1","0/1","0/1","0/1","0/1","0/0","0/1","0/1","0/1","0/1","0/1","0/1","0/1","0/1","0/1","0/1","0/1","0/1","0/1","0/1","0/1","0/1","0/1","0/1","0/1","0/1","0/1","0/1","0/1","0/1","0/1","0/1","0/1","0/1","0/1","0/1","0/1","0/1","0/1","0/1","0/1","0/1","0/1","0/1","0/1","0/1","0/1","0/1","0/1","0/1","0/1","0/1","0/1","0/1","0/1","0/1","0/1","0/0","0/1","0/1","0/1","0/1","0/1","0/1","0/1","0/1","0/1","0/1","0/1","0/1","0/1","0/1","0/1","0/1","0/1","0/1","0/1","0/1","0/1","0/1","0/0","0/1","0/1","0/1","0/1","0/1","0/1","0/1","0/1","0/1","0/1","0/1","0/1","0/1","0/1","0/1","0/1","0/1","0/1","0/1","0/0","0/0","0/0","0/1","0/1","0/1","0/1"
"chr3:75788150_A/AG_ZNF717","0/1","0/1","0/1","0/1","0/1","0/1","0/1","0/1","0/1","0/1","0/1","0/1","0/1","0/1","0/1","0/1","0/1","0/1","0/1","0/1","0/1","0/1","0/1","0/1","0/0","0/1","0/1","0/1","0/1","0/1","0/1","0/0","0/1","0/1","0/1","0/1","0/1","0/0","0/1","0/1","0/1","0/1","0/1","0/1","0/1","0/1","0/1","0/0","0/1","0/1","0/1","0/1","0/1","0/1","0/1","0/1","0/0","0/1","0/1","0/1","0/1","0/1","0/1","0/1","0/1","0/1","0/1","0/1","0/1","0/1","0/1","0/1","0/1","0/1","0/1","0/1","0/1","0/1","0/1","0/1","0/1","0/1","0/1","0/1","0/1","0/0","0/0","0/1","0/1","0/1","0/1","0/1","0/1","0/1","0/1","0/1","0/1","0/0","0/1","0/1","0/1","0/1","0/1","0/1","0/1","0/1","0/1","0/1","0/1","0/1","0/1","0/1","0/1","0/1","0/1","0/1","0/1","0/1","0/1","0/1","0/1","0/1","0/1","0/1","0/1","0/1","0/1","0/1","0/1","0/1","0/1","0/1","0/1","0/1","0/1","0/1","0/1","0/1","0/1","0/1","0/1","0/1","0/1","0/1","0/1","0/1","0/1","0/1","0/1","0/1","0/1","0/1","0/1"
"chr3:75788223_TCA/T_ZNF717","0/0","0/0","0/0","0/0","0/0","0/0","0/0","0/0","0/0","0/0","0/0","0/0","0/0","0/0","0/0","0/0","0/0","0/0","0/0","0/0","0/0","0/0","0/0","0/0","0/0","0/0","0/0","0/0","0/0","0/0","0/0","0/0","0/0","0/0","0/0","0/0","0/0","0/0","0/0","0/0","0/0","0/0","0/0","0/0","0/0","0/1","0/0","0/0","0/0","0/0","0/0","0/0","0/0","0/0","0/0","0/0","0/0","0/0","0/0","0/0","0/0","0/0","0/0","0/0","0/0","0/0","0/0","0/0","0/0","0/0","0/0","0/0","0/0","0/0","0/0","0/0","0/0","0/0","0/0","0/0","0/0","0/0","0/0","0/0","0/0","0/0","0/0","0/0","0/0","0/0","0/0","0/0","0/0","0/0","0/0","0/0","0/0","0/0","0/0","0/0","0/0","0/0","0/0","0/0","0/0","0/0","0/0","0/0","0/0","0/0","0/0","0/0","0/0","0/0","0/0","0/0","0/0","0/0","0/0","0/0","0/0","0/0","0/0","0/0","0/0","0/0","0/0","0/0","0/0","0/0","0/0","0/0","0/0","0/0","0/0","0/0","0/0","0/0","0/0","0/0","0/0","0/0","0/0","0/0","0/0","0/0","0/0","0/0","0/0","0/0","0/0","0/0","0/0"
"chr3:75788228_G/GGA_ZNF717","0/0","0/0","0/0","0/0","0/0","0/0","0/0","0/0","0/0","0/0","0/0","0/0","0/0","0/0","0/0","0/0","0/0","0/0","0/0","0/0","0/0","0/0","0/0","0/0","0/0","0/0","0/0","0/0","0/0","0/0","0/0","0/0","0/0","0/0","0/0","0/0","0/0","0/0","0/0","0/0","0/0","0/0","0/0","0/0","0/0","0/1","0/0","0/0","0/0","0/0","0/0","0/0","0/0","0/0","0/0","0/0","0/0","0/0","0/0","0/0","0/0","0/0","0/0","0/0","0/0","0/0","0/0","0/0","0/0","0/0","0/0","0/0","0/0","0/0","0/0","0/0","0/0","0/0","0/0","0/0","0/0","0/0","0/0","0/0","0/0","0/0","0/0","0/0","0/0","0/0","0/0","0/0","0/0","0/0","0/0","0/0","0/0","0/0","0/0","0/0","0/0","0/0","0/0","0/0","0/0","0/0","0/0","0/0","0/0","0/0","0/0","0/0","0/0","0/0","0/0","0/0","0/0","0/0","0/0","0/0","0/0","0/0","0/0","0/0","0/0","0/0","0/0","0/0","0/0","0/0","0/0","0/0","0/0","0/0","0/0","0/0","0/0","0/0","0/0","0/0","0/0","0/0","0/0","0/0","0/0","0/0","0/0","0/0","0/0","0/0","0/0","0/0","0/0"
"chr3:75788376_G/C_ZNF717","0/0","0/0","0/0","0/2","0/2","0/1","0/2","0/2","0/2","0/0","0/2","0/1","0/2","0/2","0/1","0/2","0/1","0/0","0/2","0/2","0/0","0/0","0/2","0/2","0/2","0/1","0/0","0/2","0/0","0/1","0/0","0/1","0/1","0/2","0/2","0/1","0/0","0/0","0/0","0/0","0/0","0/0","0/1","0/2","0/2","0/0","0/1","0/1","0/1","0/0","0/1","0/2","0/2","0/2","0/0","0/2","0/1","0/0","0/2","0/0","0/2","0/1","0/2","0/2","0/2","0/1","0/2","0/0","0/1","0/2","0/0","0/2","0/2","0/2","0/2","0/0","0/2","0/0","0/0","0/2","0/2","0/2","0/1","0/0","0/1","0/0","0/0","0/2","0/0","0/0","0/2","0/0","0/0","0/2","0/1","0/0","0/1","0/2","0/0","0/1","0/0","0/2","0/2","0/2","0/2","0/2","0/2","0/0","0/0","0/2","0/2","0/2","0/1","0/2","0/1","0/2","0/2","0/2","0/2","0/2","0/1","0/2","0/2","0/2","0/1","0/1","0/2","0/2","0/2","0/2","0/2","0/0","0/1","0/0","0/0","0/1","0/0","0/0","0/2","0/1","0/2","0/2","0/0","0/0","0/0","0/0","0/2","0/2","0/2","0/2","0/0","0/0","0/2"
"chr3:75788403_G/GT_ZNF717","0/1","0/1","0/1","0/0","0/0","0/0","0/1","0/1","0/1","0/1","0/1","0/0","0/0","0/1","0/0","0/1","0/0","0/1","0/1","0/0","0/0","0/0","0/0","0/1","0/1","0/1","0/1","0/1","0/0","0/0","0/0","0/1","0/1","0/0","0/0","0/0","0/1","0/1","0/0","0/1","0/1","0/0","0/1","0/0","0/0","0/1","0/1","0/1","0/0","0/1","0/1","0/0","0/0","0/1","0/1","0/0","0/0","0/1","0/1","0/1","0/0","0/0","0/0","0/0","0/0","0/1","0/1","0/0","0/0","0/1","0/1","0/0","0/1","0/0","0/0","0/0","0/0","0/1","0/1","0/0","0/0","0/0","0/1","0/1","0/1","0/1","0/1","0/0","0/0","0/0","0/0","0/1","0/1","0/1","0/1","0/0","0/1","0/0","0/0","0/0","0/0","0/1","0/1","0/0","0/0","0/0","0/0","0/1","0/1","0/1","0/0","0/0","0/1","0/1","0/0","0/1","0/0","0/0","0/0","0/0","0/0","0/0","0/0","0/0","0/0","0/0","0/0","0/1","0/0","0/0","0/0","0/1","0/0","0/1","0/0","0/0","0/1","0/1","0/0","0/1","0/0","0/0","0/0","0/1","0/1","0/1","0/0","0/0","0/0","0/0","0/0","0/0","0/0"
"chr3:93761918_CT/C_ARL13B","0/0","0/0","0/0","0/0","0/0","0/0","0/0","0/0","0/0","0/0","0/0","0/0","0/0","0/0","0/0","0/0","0/0","0/0","0/1","0/0","0/0","0/0","0/0","0/0","0/0","0/0","0/0","0/0","0/0","0/0","0/0","0/0","0/0","0/0","0/0","0/0","0/0","0/0","0/0","0/0","0/0","0/0","0/0","0/0","0/0","0/0","0/0","0/0","0/0","0/0","0/0","0/0","0/0","0/0","0/0","0/0","0/0","0/0","0/0","0/0","0/0","0/0","0/0","0/0","0/0","0/0","0/0","0/0","0/0","0/0","0/0","0/0","0/0","0/0","0/0","0/0","0/0","0/0","0/0","0/0","0/0","0/0","0/0","0/0","0/0","0/0","0/0","0/0","0/0","0/0","0/0","0/0","0/0","0/0","0/0","0/0","0/0","0/0","0/0","0/0","0/0","0/0","0/0","0/0","0/0","0/0","0/0","0/0","0/0","0/0","0/0","0/0","0/0","0/0","0/0","0/0","0/0","0/0","0/0","0/0","0/0","0/0","0/0","0/0","0/0","0/0","0/0","0/0","0/0","0/0","0/0","0/0","0/0","0/0","0/0","0/0","0/0","0/0","0/0","0/0","0/0","0/0","0/0","0/0","0/0","0/0","0/0","0/0","0/0","0/0","0/0","0/0","0/0"
"chr3:97983487_TTGTAACCAC/T_OR5H6","0/0","0/0","0/0","0/1","0/1","0/1","0/0","0/0","0/0","0/0","0/0","0/1","0/0","0/0","0/0","0/0","0/1","0/1","0/0","0/0","0/0","0/0","0/0","0/0","0/0","0/0","0/0","0/0","0/0","0/0","0/0","0/0","0/0","0/0","0/0","0/0","0/0","0/0","0/0","0/0","0/0","0/0","0/0","0/0","0/0","0/0","0/0","0/0","0/0","0/0","0/0","0/0","0/1","0/0","0/0","0/0","0/0","0/0","0/1","0/0","0/0","0/0","0/1","0/0","0/0","0/0","0/0","0/0","0/0","0/0","0/0","0/0","0/0","0/0","0/0","0/0","0/0","0/0","0/0","0/0","0/0","0/0","0/0","0/0","0/0","0/0","0/0","0/0","0/1","0/1","0/0","0/0","0/0","0/1","0/1","0/0","0/0","0/0","0/0","0/0","0/0","0/0","0/0","0/0","0/0","0/0","0/0","0/0","0/0","0/0","0/1","0/0","0/0","0/0","1/1","0/0","0/0","0/0","1/1","0/0","1/1","1/1","0/0","0/0","1/1","1/1","0/0","0/0","0/0","0/0","0/0","0/0","0/0","0/0","0/0","0/0","0/0","0/0","0/0","0/0","0/0","0/0","0/0","0/0","0/0","0/0","0/1","0/1","0/1","0/0","0/0","0/0","0/0"
"chr3:98073591_TA/T_OR5K4","0/0","0/0","0/0","0/1","0/1","0/1","0/0","0/0","0/0","0/0","0/0","0/1","0/0","0/0","0/0","0/0","0/1","0/1","0/0","0/0","0/0","0/0","0/0","0/0","0/0","0/0","0/0","0/0","0/0","0/0","0/0","0/0","0/0","0/0","0/0","0/0","0/0","0/0","0/0","0/0","0/0","0/1","0/0","0/0","0/0","0/0","0/0","0/0","0/0","0/0","0/0","0/0","0/1","0/0","0/0","0/0","0/0","0/0","0/1","0/0","0/0","0/0","0/1","0/0","0/0","0/0","0/0","0/0","0/0","0/0","0/0","0/0","0/0","0/0","0/0","0/0","0/0","0/0","0/0","0/0","0/0","0/0","0/0","0/0","0/0","0/0","0/0","0/0","0/1","0/1","0/0","0/0","0/0","0/0","0/0","0/0","0/0","0/0","0/0","0/0","0/0","0/0","0/0","0/0","0/0","0/0","0/0","0/0","0/0","0/0","0/1","0/0","0/0","0/0","1/1","0/0","0/0","0/0","1/1","0/0","1/1","1/1","0/0","0/0","1/1","1/1","0/0","0/0","0/0","0/0","0/0","0/0","0/0","0/0","0/0","0/0","0/0","0/0","0/0","0/0","0/0","0/0","0/0","0/0","0/0","0/0","0/1","0/1","0/1","0/0","0/0","0/0","0/0"
"chr3:98110406_G/GA_OR5K3","0/0","0/0","0/0","0/1","0/1","0/1","0/0","0/0","0/0","0/0","0/0","0/1","0/1","0/0","0/0","0/0","0/1","0/1","0/0","0/0","0/0","0/0","0/0","0/0","0/0","0/0","0/0","0/0","0/0","0/0","0/0","0/0","0/0","0/0","0/0","0/0","0/0","0/0","0/0","0/0","0/0","0/1","0/0","0/0","0/0","0/0","0/0","0/0","0/0","0/0","0/0","0/0","0/1","0/0","0/0","0/0","0/0","0/0","0/1","0/0","0/0","0/0","0/1","0/0","0/0","0/0","0/0","0/0","0/0","0/0","0/0","0/0","0/0","0/0","0/0","0/0","0/0","0/0","0/0","0/0","0/0","0/0","0/0","0/0","0/0","0/0","0/0","0/0","0/1","0/1","0/0","0/0","0/0","0/0","0/0","0/0","0/0","0/0","0/0","0/0","0/0","0/0","0/0","0/0","0/0","0/0","0/0","0/0","0/0","0/0","0/1","0/0","0/0","0/0","1/1","0/0","0/0","0/0","1/1","0/0","1/1","1/1","0/0","0/0","1/1","1/1","0/0","0/0","0/0","0/0","0/0","0/0","0/0","0/0","0/0","0/0","0/0","0/0","0/0","0/0","0/0","0/0","0/0","0/0","0/0","0/0","1/1","0/1","0/1","0/0","0/0","0/0","0/0"
"chr3:100014177_AAAG/A_TBC1D23","0/0","0/0","0/0","0/0","0/0","0/0","0/0","0/0","0/0","0/0","0/0","0/0","0/0","0/0","0/0","0/0","0/0","0/0","0/0","0/0","0/0","0/0","0/0","0/0","0/0","0/0","0/0","0/0","0/0","0/0","0/0","0/0","0/0","0/0","0/0","0/0","0/0","0/0","0/1","0/0","0/0","0/0","0/0","0/0","0/0","0/0","0/0","0/0","0/0","0/0","0/0","0/0","0/0","0/0","0/0","0/0","0/0","0/0","0/0","0/0","0/0","0/0","0/0","0/0","0/0","0/0","0/0","0/0","0/0","0/0","0/0","0/0","0/0","0/0","0/0","0/0","0/0","0/0","0/0","0/0","0/0","0/0","0/0","0/0","0/0","0/0","0/0","0/0","0/0","0/0","0/0","0/0","0/0","0/0","0/0","0/0","0/0","0/0","0/0","0/0","0/0","0/0","0/0","0/0","0/0","0/0","0/0","0/0","0/0","0/0","0/0","0/0","0/0","0/0","0/0","0/0","0/0","0/0","0/0","0/0","0/0","0/0","0/0","0/0","0/0","0/0","0/0","0/0","0/0","0/0","0/0","0/0","0/0","0/0","0/0","0/0","0/0","0/0","0/0","0/0","0/0","0/0","0/0","0/0","0/0","0/0","0/0","0/0","0/0","0/0","0/0","0/0","0/0"
"chr3:100039735_CA/C_TBC1D23","0/0","0/0","0/0","0/0","0/0","0/0","0/0","0/0","0/0","0/0","0/0","0/0","0/0","0/0","0/0","0/0","0/0","0/0","0/0","0/0","0/0","0/0","0/0","0/0","0/0","0/0","0/0","0/0","0/0","0/0","0/0","0/0","0/0","0/0","0/0","0/0","0/1","0/0","0/0","0/0","0/0","0/0","0/0","0/0","0/0","0/0","0/0","0/0","0/0","0/0","0/0","0/0","0/0","0/0","0/0","0/0","0/0","0/0","0/0","0/0","0/0","0/0","0/0","0/0","0/0","0/0","0/0","0/0","0/0","0/0","0/0","0/0","0/0","0/0","0/0","0/0","0/0","0/0","0/0","0/0","0/0","0/0","0/0","0/0","0/0","0/0","0/0","0/0","0/0","0/0","0/0","0/0","0/0","0/0","0/0","0/0","0/0","0/0","0/0","0/0","0/0","0/0","0/0","0/0","0/1","0/0","0/0","0/0","0/0","0/0","0/0","0/0","0/0","0/0","0/0","0/0","0/0","0/0","0/0","0/0","0/0","0/0","0/0","0/0","0/0","0/0","0/0","0/0","0/0","0/0","0/0","0/0","0/0","0/0","0/0","0/0","0/0","0/0","0/0","0/0","0/0","0/0","0/0","0/0","0/0","0/0","0/0","0/0","0/0","0/0","0/0","0/0","0/0"
"chr3:100170600_A/ATCCTAGAAGGCATTCTCATGAGGACCAGGAATTCCGATGCCGATCGTCTGACCGTCT_LNP1","0/1","0/1","0/1","0/1","0/1","0/1","0/1","0/1","0/0","1/1","1/1","0/1","0/1","0/0","1/1","1/1","0/0","1/1","1/1","1/1","1/1","0/1","0/1","0/1","1/1","1/1","1/1","0/1","1/1","0/0","1/1","1/1","0/1","1/1","1/1","0/1","0/1","1/1","0/1","0/1","1/1","1/1","1/1","0/1","0/1","0/1","1/1","0/1","0/1","0/1","0/1","1/1","1/1","1/1","0/0","1/1","1/1","1/1","1/1","1/1","0/1","1/1","1/1","0/1","0/1","1/1","1/1","0/1","0/1","1/1","1/1","0/1","0/1","0/0","0/0","1/1","1/1","0/1","0/1","0/1","0/1","1/1","0/1","0/1","0/1","0/0","0/0","0/0","1/1","1/1","0/1","1/1","1/1","0/1","0/1","0/1","0/0","1/1","1/1","1/1","0/1","0/1","0/1","1/1","1/1","0/1","0/1","1/1","1/1","0/1","0/1","1/1","1/1","0/1","1/1","0/1","0/1","1/1","0/0","1/1","0/0","0/0","0/1","1/1","1/1","1/1","0/1","0/1","1/1","1/1","1/1","0/1","0/0","1/1","0/0","0/0","1/1","1/1","0/1","0/1","0/1","0/1","0/1","1/1","1/1","1/1","1/1","1/1","1/1","1/1","1/1","1/1","1/1"
"chr3:100174673_T/TA_LNP1","0/0","0/0","0/0","0/0","0/0","0/0","0/0","0/0","0/0","0/0","0/0","0/0","0/0","0/0","0/0","0/0","0/0","0/0","0/0","0/0","0/0","0/0","0/0","0/0","0/0","0/0","0/0","0/0","0/0","0/1","0/0","0/0","0/0","0/0","0/0","0/0","0/0","0/0","0/0","0/0","0/0","0/0","0/0","0/0","0/1","0/0","0/0","0/0","0/0","0/0","0/0","0/0","0/0","0/0","0/0","0/0","0/0","0/0","0/0","0/0","0/0","0/0","0/0","0/0","0/0","0/0","0/0","0/0","0/0","0/0","0/0","0/0","0/0","0/0","0/0","0/0","0/0","0/0","0/0","0/0","0/0","0/0","0/0","0/0","0/0","0/0","0/0","0/0","0/0","0/0","0/0","0/0","0/0","0/0","0/0","0/0","0/0","0/0","0/0","0/0","0/0","0/0","0/0","0/0","0/0","0/0","0/0","0/0","0/0","0/0","0/0","0/0","0/0","0/0","0/0","0/0","0/0","0/0","0/0","0/0","0/0","0/0","0/0","0/0","0/0","0/0","0/0","0/0","0/0","0/0","0/0","0/0","0/0","0/0","0/0","0/0","0/0","0/0","0/0","0/0","0/0","0/0","0/0","0/0","0/0","0/0","0/0","0/0","0/0","0/0","0/0","0/0","0/0"
"chr3:101284008_CA/C_TRMT10C","0/0","0/0","0/0","0/0","0/0","0/0","0/0","0/0","0/1","0/0","0/0","0/0","0/1","0/0","0/0","0/0","0/0","0/0","0/0","0/0","0/0","0/0","0/0","0/0","0/0","0/0","0/0","0/0","0/0","0/0","0/0","0/1","0/0","0/0","0/0","0/0","0/0","0/0","0/0","0/0","0/0","0/0","0/0","0/0","0/0","0/0","0/0","0/0","0/0","0/0","0/0","0/0","0/0","0/0","0/0","0/0","0/0","0/0","0/0","0/0","0/0","0/0","0/0","0/0","0/0","0/0","0/0","0/0","0/0","0/0","0/0","0/0","0/0","0/0","0/0","0/0","0/0","0/0","0/0","0/0","0/0","0/0","0/0","0/0","0/0","0/0","0/0","0/0","0/0","0/0","0/0","0/0","0/0","0/0","0/0","0/0","0/0","0/0","0/0","0/0","0/0","0/0","0/0","0/0","0/0","0/0","0/0","0/0","0/0","0/0","0/0","0/0","0/0","0/0","0/0","0/0","0/0","0/0","0/0","0/0","0/0","0/0","0/0","0/0","0/0","0/0","0/0","0/0","0/0","0/0","0/0","0/0","0/0","0/0","0/0","0/0","0/0","0/0","0/0","0/0","0/0","0/0","0/0","0/0","0/0","0/0","0/0","0/0","0/0","0/1","0/0","0/0","0/0"
"chr3:107097080_CAAATG/C_CCDC54","0/1","0/1","0/1","0/0","0/0","0/0","0/0","0/0","0/0","0/0","0/0","0/0","0/0","0/0","0/0","0/0","0/0","0/1","0/0","0/0","0/0","0/0","0/0","0/0","0/0","0/0","0/0","0/0","0/0","0/0","0/0","0/0","0/0","0/0","0/0","0/0","0/1","0/0","0/0","0/0","0/0","0/0","0/1","0/0","0/0","0/0","0/0","0/0","0/0","0/0","0/0","0/0","0/0","0/0","0/0","0/0","0/1","0/0","0/0","0/1","0/0","0/0","0/0","0/0","0/0","0/1","0/0","0/0","0/0","0/0","0/1","0/0","0/0","0/0","0/0","0/0","0/0","0/0","0/0","0/0","0/0","0/0","0/0","0/0","0/0","0/0","0/0","0/0","0/0","0/0","0/0","0/0","0/0","0/0","0/0","0/0","0/0","0/0","0/0","0/0","0/0","0/0","0/0","0/0","0/0","0/0","0/0","0/0","0/0","0/0","0/0","0/0","0/0","0/0","0/0","0/0","0/0","0/0","0/0","0/0","0/0","0/0","0/0","0/0","0/0","0/0","0/0","0/0","0/0","0/0","0/0","0/0","0/0","0/0","0/0","0/0","0/0","0/0","0/0","0/0","0/0","0/0","0/0","0/0","0/0","0/0","0/1","0/1","0/1","0/0","0/0","0/0","0/0"
"chr3:108409698_CAGA/C_DZIP3","0/0","0/0","0/0","0/0","0/0","0/0","0/0","0/0","0/0","0/1","0/0","0/1","0/0","0/0","0/0","0/0","0/0","0/1","0/0","0/0","0/0","0/0","0/0","0/0","0/0","0/0","0/0","0/0","0/0","0/0","0/0","0/0","0/0","0/0","0/0","0/0","0/0","0/0","0/0","0/0","0/0","0/0","0/0","0/0","0/1","0/0","0/0","0/0","0/0","0/0","0/0","0/0","0/0","0/0","0/0","0/0","0/0","0/0","0/0","0/0","0/0","0/0","0/0","0/0","0/0","0/0","0/0","0/0","0/0","0/0","0/0","0/0","0/0","0/0","0/0","0/0","0/0","0/0","0/0","0/0","0/0","0/0","0/0","0/0","0/0","0/0","0/0","0/0","0/0","0/0","0/0","0/0","0/0","0/0","0/0","0/0","0/0","0/0","0/0","0/0","0/0","0/0","0/0","0/0","0/0","0/0","0/0","0/0","0/0","0/0","0/0","0/0","0/0","0/0","0/0","0/0","0/0","0/0","0/0","0/0","0/0","0/0","0/0","0/0","0/0","0/0","0/0","0/0","0/0","0/0","0/0","0/0","0/0","0/0","0/0","0/0","0/0","0/0","0/0","0/0","0/0","0/0","0/0","0/0","0/0","0/0","0/0","0/0","0/0","0/0","0/0","0/0","0/0"
"chr3:110790960_GC/G_PVRL3","0/0","0/0","0/0","0/0","0/0","0/0","0/0","0/0","0/0","0/0","0/0","0/0","0/0","0/0","0/0","0/0","0/0","0/0","0/0","0/0","0/0","0/0","0/0","0/0","0/0","0/0","0/0","0/0","0/0","0/0","0/0","0/0","0/0","0/0","0/0","0/0","0/1","0/0","0/0","0/0","0/0","0/0","0/0","0/0","0/0","0/0","0/0","0/0","0/0","0/0","0/0","0/0","0/0","0/0","0/0","0/0","0/0","0/0","0/0","0/0","0/0","0/0","0/0","0/0","0/0","0/0","0/0","0/0","0/0","0/0","0/0","0/0","0/0","0/0","0/0","0/0","0/0","0/0","0/0","0/0","0/0","0/0","0/0","0/0","0/0","0/0","0/0","0/0","0/0","0/0","0/0","0/0","0/0","0/0","0/0","0/0","0/0","0/0","0/0","0/0","0/0","0/0","0/0","0/0","0/0","0/0","0/0","0/0","0/0","0/0","0/0","0/0","0/0","0/0","0/0","0/0","0/0","0/0","0/0","0/0","0/0","0/0","0/0","0/0","0/0","0/0","0/0","0/0","0/0","0/0","0/0","0/0","0/0","0/0","0/0","0/0","0/0","0/0","0/0","0/0","0/0","0/0","0/0","0/0","0/0","0/0","0/0","0/0","0/0","0/0","0/0","0/0","0/0"
"chr3:111766748_AC/A_TMPRSS7","0/0","0/0","0/0","0/0","0/0","0/0","0/0","0/0","0/0","0/1","0/0","0/0","0/0","0/0","0/0","0/0","0/0","0/0","0/0","0/1","0/1","0/0","0/0","0/0","0/0","0/0","0/0","0/0","0/0","0/0","0/0","0/1","0/0","0/0","0/1","0/0","0/0","0/0","0/0","0/0","0/0","0/0","0/0","0/1","0/0","0/1","0/0","0/0","1/1","0/0","0/0","0/0","0/0","0/0","0/0","0/0","0/0","0/0","0/0","0/0","0/0","0/0","0/0","0/0","0/0","0/0","0/0","0/0","0/0","0/0","0/0","0/0","0/0","0/0","0/0","0/0","0/0","0/0","0/0","0/0","0/0","0/0","0/0","0/0","0/0","0/0","0/0","0/0","0/0","0/0","0/0","0/0","0/0","0/0","0/0","0/0","0/0","0/0","0/0","0/0","0/0","0/0","0/0","0/0","0/0","0/0","0/0","0/1","0/1","0/0","0/0","0/0","0/0","0/0","0/0","0/0","0/0","0/1","0/0","0/1","0/0","0/0","0/0","0/1","0/0","0/0","0/0","0/0","0/1","0/1","0/1","0/0","0/0","0/0","0/0","0/0","0/0","0/0","0/0","0/0","0/0","0/0","0/0","0/1","0/1","0/1","0/0","0/0","0/0","0/1","0/1","0/1","0/1"
"chr3:111939979_CCTT/C_SLC9C1","0/0","0/0","0/0","0/0","0/0","0/0","0/0","0/0","0/0","0/0","0/0","0/0","0/0","0/0","0/0","0/0","0/0","0/0","0/0","0/0","0/0","0/0","0/0","0/0","0/0","0/0","0/0","0/0","0/0","0/0","0/0","0/1","0/0","0/0","0/0","0/0","0/0","0/0","0/0","0/0","0/0","0/0","0/0","0/0","0/0","0/0","0/0","0/0","0/0","0/0","0/0","0/0","0/0","0/0","0/0","0/0","0/0","0/0","0/0","0/0","0/0","0/0","0/0","0/0","0/0","0/0","0/0","0/0","0/0","0/0","0/0","0/0","0/0","0/0","0/0","0/0","0/0","0/0","0/0","0/0","0/0","0/0","0/0","0/0","0/0","0/0","0/0","0/0","0/0","0/0","0/0","0/0","0/0","0/0","0/0","0/0","0/0","0/0","0/0","0/0","0/0","0/0","0/0","0/0","0/0","0/0","0/0","0/0","0/0","0/0","0/0","0/0","0/0","0/0","0/0","0/0","0/0","0/0","0/0","0/0","0/0","0/0","0/0","0/0","0/0","0/0","0/0","0/0","0/0","0/0","0/0","0/0","0/0","0/0","0/0","0/0","0/0","0/0","0/0","0/0","0/0","0/0","0/0","0/0","0/0","0/0","0/0","0/0","0/0","0/0","0/0","0/0","0/0"
"chr3:112253058_CA/CAA_ATG3","1/1","1/1","1/1","0/1","0/0","0/0","1/1","0/1","1/2","1/1","1/1","1/1","0/1","0/0","1/1","1/2","1/1","1/1","0/1","1/1","1/1","1/1","0/1","0/1","0/0","1/2","1/1","1/1","1/1","0/1","1/1","0/3","0/1","1/1","0/1","0/2","1/3","1/1","0/1","1/1","1/1","1/1","1/1","0/1","1/1","1/1","1/1","0/1","0/1","0/1","0/1","1/1","1/1","0/1","1/1","0/1","0/1","1/2","1/1","0/1","0/0","0/1","1/1","1/2","1/2","1/1","1/1","1/1","1/2","1/1","1/1","0/1","0/1","0/1","0/1","0/1","0/1","0/1","0/1","1/1","1/1","0/1","0/1","0/1","0/1","1/1","1/1","1/1","0/1","0/1","0/1","0/1","0/1","0/1","0/1","0/1","1/1","1/1","0/1","0/1","1/1","1/1","1/1","1/1","1/1","1/1","1/1","1/1","1/1","1/1","0/1","1/1","1/1","1/1","1/2","1/1","1/1","1/2","1/1","1/2","1/1","1/1","1/1","1/2","1/1","1/1","1/1","1/1","0/1","0/1","0/1","1/1","0/1","1/2","0/1","0/1","1/1","1/1","1/1","1/1","1/1","1/1","1/1","0/1","0/1","0/1","1/1","1/1","1/1","0/1","0/1","0/1","0/1"
"chr3:112545910_GT/G_CD200R1L","0/0","0/0","0/0","0/0","0/0","0/0","0/0","0/0","0/0","0/0","0/0","0/0","0/0","0/0","0/0","0/0","0/1","0/0","0/0","0/0","0/0","0/0","0/0","0/0","0/0","0/0","0/0","0/0","0/0","0/0","0/0","0/0","0/0","0/0","0/0","0/0","0/0","0/0","0/0","0/0","0/0","0/0","0/0","0/0","0/0","0/0","0/0","0/0","0/0","0/0","0/0","0/0","0/0","0/1","0/0","0/0","0/0","0/0","0/0","0/0","0/0","0/0","0/0","0/0","0/0","0/0","0/0","0/1","0/1","0/0","0/0","0/0","0/0","0/0","0/0","0/0","0/0","0/0","0/0","0/0","0/0","0/0","0/0","0/0","0/0","0/1","0/1","0/0","0/0","0/1","0/0","0/0","0/0","0/0","0/0","0/0","0/0","0/0","0/0","0/0","0/0","0/0","0/0","0/0","0/0","0/0","0/0","0/0","0/0","0/0","0/0","0/0","0/0","0/0","0/1","0/0","0/0","0/0","0/0","0/0","0/0","0/0","0/0","0/0","0/1","0/1","0/0","0/0","0/0","0/0","0/0","0/0","0/0","0/0","0/0","0/0","0/0","0/0","0/0","0/0","0/0","0/0","0/0","0/0","0/0","0/0","0/0","0/0","0/0","0/0","0/0","0/0","0/0"
"chr3:113344982_GA/G_SIDT1","0/0","0/0","0/0","0/0","0/0","0/0","0/0","0/0","0/0","0/0","0/0","0/0","0/0","0/0","0/0","0/0","0/0","0/0","0/0","0/0","0/0","0/0","0/0","0/0","0/0","0/0","0/0","0/0","0/0","0/0","0/0","0/0","0/0","0/0","0/0","0/0","0/0","0/0","0/0","0/0","0/0","0/0","0/0","0/0","0/0","0/0","0/0","0/0","0/0","0/0","0/0","0/0","0/0","0/0","0/0","0/0","0/0","0/0","0/0","0/0","0/0","0/0","0/0","0/0","0/0","0/0","0/0","0/0","0/0","0/0","0/0","0/0","0/0","0/1","0/1","0/0","0/0","0/0","0/0","0/0","0/0","0/0","0/0","0/0","0/0","0/0","0/0","0/0","0/0","0/0","0/0","0/0","0/0","0/0","0/0","0/0","0/0","0/0","0/0","0/0","0/0","0/0","0/0","0/0","0/0","0/0","0/0","0/0","0/0","0/0","0/0","0/0","0/0","0/0","0/0","0/0","0/0","0/0","0/0","0/0","0/0","0/0","0/0","0/0","0/0","0/0","0/0","0/0","0/0","0/0","0/0","0/0","0/0","0/0","0/0","0/0","0/0","0/0","0/0","0/0","0/0","0/0","0/0","0/0","0/0","0/0","0/0","0/0","0/0","0/0","0/0","0/0","0/0"
"chr3:113376110_TTGCTGCTGCTGC/TTGCTGCTGC_USF3","1/1","1/1","1/1","1/1","1/2","1/2","3/3","3/3","3/4","1/3","1/1","1/2","1/1","1/3","3/3","1/2","1/1","1/1","1/1","1/1","1/1","1/3","1/3","0/3","1/3","1/2","0/1","3/3","1/1","1/3","1/1","0/1","1/1","1/3","1/2","0/1","3/4","2/3","1/2","1/1","1/1","1/1","1/2","1/3","2/3","1/1","1/2","1/3","2/2","1/2","1/2","1/1","2/3","1/3","3/3","2/3","1/1","1/3","2/3","1/1","3/3","1/1","1/1","1/1","1/1","1/3","1/1","1/2","1/2","1/1","1/3","3/3","3/3","1/1","1/1","1/2","1/2","1/1","1/1","0/2","0/2","1/1","1/2","1/1","1/1","1/1","1/1","1/2","1/2","1/2","1/1","3/3","3/3","1/2","1/2","1/1","1/2","1/1","3/3","3/3","2/3","1/2","2/3","1/3","1/3","1/1","1/1","2/2","2/2","1/2","1/1","2/2","2/2","1/1","2/3","1/3","1/3","1/3","1/1","1/3","1/1","1/1","1/3","1/3","2/3","2/3","1/1","1/1","1/3","1/3","1/3","1/1","1/1","1/1","1/1","1/1","1/1","1/1","1/3","1/3","1/3","1/1","1/1","1/1","1/1","1/1","1/2","1/2","1/2","1/1","1/1","1/1","1/1"
"chr3:113377481_GTTTT/GTTTTT_USF3","0/0","0/0","0/0","0/0","0/0","0/0","0/0","0/2","0/0","0/2","0/0","0/0","0/0","0/0","0/0","0/0","0/0","0/0","0/1","0/0","0/0","0/0","0/0","0/2","0/0","0/0","0/0","0/0","0/1","0/0","0/0","0/2","0/0","0/0","0/0","0/0","0/3","0/0","0/0","0/1","0/0","0/0","0/2","0/0","0/0","0/2","0/0","0/0","0/0","0/1","0/0","0/0","0/0","0/0","0/0","0/0","0/0","0/0","0/0","0/0","0/0","0/0","0/0","0/0","0/0","0/1","0/0","0/0","0/1","0/0","0/0","0/0","0/0","0/0","0/0","0/0","0/1","0/0","0/0","0/0","0/0","0/0","0/0","0/0","0/0","0/0","0/0","0/0","0/0","0/0","0/1","0/0","0/0","0/0","0/0","0/0","0/0","0/0","0/0","0/0","0/0","0/0","0/0","0/0","0/0","0/0","0/0","0/0","0/0","0/0","0/0","0/0","0/0","0/1","0/0","0/0","0/0","0/0","0/0","0/0","0/0","0/0","0/1","0/0","0/0","0/0","0/1","0/0","0/0","0/0","0/2","0/0","0/0","0/0","0/0","0/0","0/0","0/0","0/0","0/1","0/0","0/0","0/0","0/0","0/0","0/0","0/0","0/0","0/0","0/0","0/0","0/0","0/0"
"chr3:114058002_AG/A_ZBTB20","0/0","0/0","0/0","0/0","0/0","0/0","0/0","0/0","0/0","0/0","0/0","0/0","0/0","0/0","0/0","0/0","0/0","0/0","0/0","0/0","0/0","0/0","0/0","0/0","0/0","0/0","0/0","0/0","0/0","0/0","0/0","0/1","0/0","0/0","0/0","0/0","0/0","0/0","0/0","0/0","0/0","0/0","0/0","0/0","0/0","0/0","0/0","0/0","0/0","0/0","0/0","0/0","0/0","0/0","0/0","0/0","0/0","0/0","0/0","0/0","0/0","0/0","0/0","0/0","0/0","0/0","0/0","0/0","0/0","0/0","0/0","0/0","0/0","0/0","0/0","0/0","0/0","0/0","0/0","0/0","0/0","0/0","0/0","0/0","0/0","0/0","0/0","0/0","0/0","0/0","0/0","0/0","0/0","0/0","0/0","0/0","0/0","0/0","0/0","0/0","0/0","0/0","0/0","0/0","0/0","0/0","0/0","0/0","0/0","0/0","0/0","0/0","0/0","0/0","0/0","0/0","0/0","0/0","0/0","0/0","0/0","0/0","0/0","0/0","0/0","0/0","0/0","0/0","0/0","0/0","0/0","0/0","0/0","0/0","0/0","0/0","0/0","0/0","0/0","0/0","0/0","0/0","0/0","0/0","0/0","0/0","0/0","0/0","0/0","0/0","0/0","0/0","0/0"
"chr3:114069241_AGGCCAGGGGCTGTGGCGCTGGCAGCTGTGCAGTAAAGGTCGACAGACCG/A_ZBTB20","0/0","0/0","0/0","0/0","0/0","0/0","0/0","0/0","0/0","0/0","0/0","0/0","0/0","0/0","0/0","0/0","0/0","0/0","0/0","0/0","0/0","0/0","0/0","0/0","0/0","0/1","0/0","0/0","0/0","0/0","0/0","0/0","0/0","0/0","0/0","0/0","0/0","0/0","0/0","0/0","0/0","0/0","0/0","0/0","0/0","0/0","0/0","0/0","0/0","0/0","0/0","0/0","0/0","0/0","0/0","0/0","0/0","0/0","0/0","0/0","0/0","0/0","0/0","0/0","0/0","0/0","0/0","0/0","0/0","0/0","0/0","0/0","0/0","0/0","0/0","0/0","0/0","0/0","0/0","0/0","0/0","0/0","0/0","0/0","0/0","0/0","0/0","0/0","0/0","0/0","0/0","0/0","0/0","0/0","0/0","0/0","0/0","0/0","0/0","0/0","0/0","0/0","0/0","0/0","0/0","0/0","0/0","0/0","0/0","0/0","0/0","0/0","0/0","0/0","0/0","0/0","0/0","0/0","0/0","0/0","0/0","0/0","0/0","0/0","0/0","0/0","0/0","0/0","0/0","0/0","0/0","0/0","0/0","0/0","0/0","0/0","0/0","0/0","0/0","0/0","0/0","0/0","0/0","0/0","0/0","0/0","0/0","0/0","0/0","0/0","0/0","0/0","0/0"
"chr3:115395199_GC/G_GAP43","0/0","0/0","0/0","0/0","0/0","0/0","0/0","0/0","0/0","0/0","0/0","0/0","0/0","0/0","0/0","0/0","0/0","0/0","0/0","0/0","0/0","0/0","0/0","0/0","0/0","0/0","0/0","0/0","0/0","0/0","0/0","0/0","0/0","0/0","0/0","0/0","0/1","0/0","0/0","0/0","0/0","0/0","0/0","0/0","0/0","0/0","0/0","0/0","0/0","0/0","0/0","0/0","0/0","0/0","0/0","0/0","0/0","0/0","0/0","0/0","0/0","0/0","0/0","0/0","0/0","0/0","0/0","0/0","0/0","0/0","0/0","0/0","0/0","0/0","0/0","0/0","0/0","0/0","0/0","0/0","0/0","0/0","0/0","0/0","0/0","0/0","0/0","0/0","0/0","0/0","0/0","0/0","0/0","0/0","0/0","0/0","0/0","0/0","0/0","0/0","0/0","0/0","0/0","0/0","0/0","0/0","0/0","0/0","0/0","0/0","0/0","0/0","0/0","0/0","0/0","0/0","0/0","0/0","0/0","0/0","0/0","0/0","0/0","0/0","0/0","0/0","0/0","0/0","0/0","0/0","0/0","0/0","0/0","0/0","0/0","0/0","0/0","0/0","0/0","0/0","0/0","0/0","0/0","0/0","0/0","0/0","0/0","0/0","0/0","0/0","0/0","0/0","0/0"
"chr3:118865126_GGAA/G_C3orf30","0/0","0/0","0/0","0/0","0/0","0/0","0/0","0/0","0/0","0/0","0/0","0/1","0/1","0/1","0/0","1/1","0/0","0/0","0/1","0/0","0/0","0/0","0/0","0/0","0/0","0/0","0/0","0/1","0/0","0/0","0/0","0/0","0/0","0/0","0/1","0/0","0/0","0/1","0/0","0/0","0/0","0/0","0/0","0/0","0/1","0/1","0/0","0/0","0/0","0/0","0/1","0/0","1/1","0/0","0/0","1/1","0/0","0/1","0/0","0/0","0/0","0/0","0/0","0/0","0/0","0/0","0/0","0/0","0/0","0/0","0/0","0/1","0/1","0/0","0/0","0/0","0/0","0/0","0/0","0/0","0/0","0/0","0/1","0/0","0/0","1/1","1/1","0/0","0/0","0/0","0/0","0/0","0/0","0/0","0/0","0/0","0/0","0/0","0/1","0/1","0/0","0/0","0/0","0/0","0/0","0/0","0/0","0/0","0/0","0/0","0/0","0/0","0/0","0/0","0/1","0/1","0/1","0/0","0/0","0/0","0/0","0/0","0/1","0/0","0/1","0/1","0/0","0/0","0/1","0/1","0/1","0/0","0/1","0/0","0/1","0/1","0/0","0/0","0/0","0/0","0/0","0/0","0/0","0/0","0/0","0/0","0/0","0/0","0/0","1/1","1/1","1/1","1/1"
"chr3:119422037_TCTC/T_MAATS1","0/0","0/0","0/0","0/0","0/1","0/1","0/0","0/0","0/0","0/0","0/0","0/0","0/0","0/0","0/0","0/0","0/0","0/0","0/0","0/0","0/0","0/0","0/0","0/0","0/0","0/0","0/0","0/0","0/0","0/0","0/0","0/1","0/0","0/0","0/0","0/0","0/0","0/0","0/0","0/0","0/0","0/0","0/0","0/0","0/0","0/0","0/0","0/0","0/0","0/0","0/0","0/0","0/0","0/0","0/0","0/0","0/0","0/0","0/0","0/0","0/0","0/0","0/0","0/0","0/0","0/0","0/0","0/0","0/0","0/0","0/0","0/0","0/0","0/0","0/0","0/0","0/0","0/0","0/0","0/0","0/0","0/0","0/0","0/0","0/0","0/0","0/0","0/0","0/0","0/0","0/0","0/0","0/0","0/0","0/0","0/0","0/0","0/0","0/0","0/0","0/0","0/0","0/0","0/0","0/0","0/0","0/0","0/0","0/0","0/0","0/0","0/0","0/0","0/0","0/0","0/0","0/0","0/0","0/0","0/0","0/0","0/0","0/0","0/0","0/0","0/0","0/0","0/0","0/0","0/0","0/0","0/0","0/0","0/0","0/0","0/0","0/0","0/0","0/0","0/0","0/0","0/0","0/0","0/0","0/0","0/0","0/0","0/0","0/0","0/0","0/0","0/0","0/0"
"chr3:119434480_C/CT_MAATS1","0/0","0/0","0/0","0/0","0/0","0/0","0/0","0/0","0/0","0/0","0/0","0/0","0/0","0/0","0/0","0/0","0/0","0/0","0/0","0/1","0/0","0/0","0/0","0/0","0/0","0/0","0/0","0/0","0/0","0/0","0/0","0/0","0/0","0/0","0/0","0/0","0/0","0/0","0/0","0/0","0/0","0/0","0/0","0/0","0/0","0/0","0/0","0/0","0/0","0/0","0/0","0/0","0/0","0/0","0/0","0/0","0/0","0/0","0/0","0/0","0/0","0/0","0/0","0/0","0/0","0/0","0/0","0/0","0/0","0/0","0/0","0/0","0/0","0/0","0/0","0/0","0/0","0/0","0/0","0/0","0/0","0/0","0/0","0/0","0/0","0/0","0/0","0/0","0/0","0/0","0/0","0/0","0/0","0/0","0/0","0/0","0/0","0/0","0/0","0/0","0/0","0/0","0/0","0/0","0/0","0/0","0/0","0/0","0/0","0/0","0/0","0/0","0/0","0/0","0/0","0/0","0/0","0/0","0/0","0/0","0/0","0/0","0/0","0/0","0/0","0/0","0/0","0/0","0/0","0/0","0/0","0/0","0/0","0/0","0/0","0/0","0/0","0/0","0/0","0/0","0/0","0/0","0/0","0/0","0/0","0/0","0/0","0/0","0/0","0/0","0/0","0/0","0/0"
"chr3:121825305_GA/G_CD86","0/0","0/0","0/0","0/0","0/0","0/0","0/0","0/0","0/0","0/0","0/0","0/0","0/0","0/0","0/0","0/0","0/0","0/0","0/0","0/0","0/0","0/0","0/0","0/1","0/0","0/0","0/0","0/0","0/0","0/0","0/0","0/0","0/0","0/0","0/0","0/0","0/0","0/0","0/0","0/0","0/0","0/0","0/0","0/0","0/0","0/0","0/0","0/0","0/0","0/0","0/0","0/0","0/0","0/0","0/0","0/0","0/0","0/0","0/0","0/0","0/0","0/0","0/0","0/0","0/0","0/0","0/0","0/0","0/0","0/0","0/0","0/0","0/0","0/0","0/0","0/0","0/0","0/0","0/0","0/0","0/0","0/0","0/0","0/0","0/0","0/0","0/0","0/0","0/0","0/0","0/0","0/0","0/0","0/0","0/0","0/0","0/0","0/0","0/0","0/0","0/0","0/0","0/0","0/0","0/0","0/0","0/0","0/0","0/0","0/0","0/0","0/0","0/0","0/0","0/0","0/0","0/0","0/0","0/0","0/0","0/0","0/0","0/0","0/0","0/0","0/0","0/0","0/0","0/0","0/0","0/0","0/0","0/0","0/0","0/0","0/0","0/0","0/0","0/0","0/0","0/0","0/0","0/0","0/0","0/0","0/0","0/0","0/0","0/0","0/0","0/0","0/0","0/0"
"chr3:122296630_CG/C_PARP15","0/0","0/0","0/0","0/0","0/0","0/0","0/0","0/0","0/0","0/0","0/0","0/0","0/0","0/0","0/0","0/0","0/0","0/0","0/0","0/0","0/0","0/0","0/0","0/0","0/0","0/0","0/0","0/0","0/0","0/0","0/0","0/0","0/0","0/0","0/0","0/0","0/1","0/0","0/0","0/0","0/0","0/0","0/0","0/0","0/0","0/0","0/0","0/0","0/0","0/0","0/0","0/0","0/0","0/0","0/0","0/0","0/0","0/0","0/0","0/0","0/0","0/0","0/0","0/0","0/0","0/0","0/0","0/0","0/0","0/0","0/0","0/0","0/0","0/0","0/0","0/0","0/0","0/0","0/0","0/0","0/0","0/0","0/0","0/0","0/0","0/0","0/0","0/0","0/0","0/0","0/0","0/0","0/0","0/0","0/0","0/0","0/0","0/0","0/0","0/0","0/0","0/0","0/0","0/0","0/0","0/0","0/0","0/0","0/0","0/0","0/0","0/0","0/0","0/0","0/0","0/0","0/0","0/0","0/0","0/0","0/0","0/0","0/0","0/0","0/0","0/0","0/0","0/0","0/0","0/0","0/0","0/0","0/0","0/0","0/0","0/0","0/0","0/0","0/0","0/0","0/0","0/0","0/0","0/0","0/0","0/0","0/0","0/0","0/0","0/0","0/0","0/0","0/0"
"chr3:122433231_GA/G_PARP14","0/0","0/0","0/0","0/0","0/0","0/0","0/0","0/0","0/0","0/0","0/0","0/0","0/0","0/0","0/0","0/0","0/0","0/0","0/0","0/0","0/0","0/0","0/0","0/0","0/0","0/0","0/0","0/1","0/0","0/0","0/0","0/0","0/0","0/0","0/0","0/0","0/1","0/0","0/0","0/0","0/0","0/0","0/0","0/0","0/0","0/0","0/0","0/0","0/0","0/0","0/0","0/0","0/0","0/0","0/0","0/0","0/0","0/0","0/0","0/0","0/0","0/0","0/0","0/0","0/0","0/0","0/0","0/0","0/0","0/0","0/0","0/0","0/0","0/0","0/0","0/0","0/0","0/0","0/0","0/0","0/0","0/0","0/0","0/0","0/0","0/0","0/0","0/0","0/0","0/0","0/0","0/0","0/0","0/0","0/0","0/0","0/0","0/0","0/0","0/0","0/0","0/0","0/0","0/0","0/0","0/0","0/0","0/0","0/0","0/0","0/0","0/0","0/0","0/0","0/0","0/0","0/0","0/0","0/0","0/0","0/0","0/0","0/0","0/0","0/0","0/0","0/0","0/0","0/0","0/0","0/0","0/0","0/0","0/0","0/0","0/0","0/0","0/0","0/0","0/0","0/0","0/0","0/0","0/0","0/0","0/0","0/0","0/0","0/0","0/0","0/0","0/0","0/0"
"chr3:122459290_G/GAGA_HSPBAP1","0/0","0/0","0/0","0/0","0/0","0/0","0/0","0/0","0/0","0/0","0/0","0/0","0/0","0/1","0/0","0/1","0/0","0/0","0/0","0/0","0/0","0/0","0/1","0/0","0/0","0/0","0/1","0/0","0/0","0/0","0/0","0/0","0/0","0/0","0/0","0/0","0/0","0/0","0/0","0/0","0/1","0/0","0/0","0/0","0/0","0/0","0/1","0/0","0/0","0/0","0/0","0/0","0/0","0/1","0/0","0/0","0/1","0/0","0/0","0/1","0/0","0/0","0/0","0/0","0/0","0/0","0/0","0/0","0/0","0/0","0/0","0/0","0/0","0/0","0/0","0/0","0/0","0/0","0/0","0/0","0/0","0/0","0/0","0/0","0/0","0/0","0/0","0/0","0/1","0/1","0/0","0/0","0/0","0/0","0/0","0/0","0/0","0/0","0/1","0/1","0/0","0/0","0/0","0/0","0/0","0/0","0/0","0/0","0/0","0/0","0/0","0/0","0/0","0/0","0/0","0/1","0/1","0/0","0/0","0/0","0/0","0/0","0/1","0/0","0/0","0/0","0/0","0/0","0/0","0/0","0/0","0/0","0/0","0/1","0/0","0/0","0/1","0/1","0/0","0/0","0/0","0/0","0/0","0/0","0/0","0/0","0/0","0/0","0/0","0/0","0/0","0/0","0/0"
"chr3:122645391_GC/G_SEMA5B","0/0","0/0","0/0","0/0","0/0","0/0","0/0","0/0","0/0","0/0","0/0","0/0","0/0","0/0","0/0","0/0","0/0","0/0","0/0","0/0","0/0","0/0","0/0","0/0","0/0","0/0","0/0","0/0","0/0","0/0","0/0","0/0","0/0","0/0","0/0","0/0","0/1","0/0","0/0","0/0","0/0","0/0","0/0","0/0","0/0","0/0","0/0","0/0","0/0","0/0","0/0","0/0","0/0","0/0","0/0","0/0","0/0","0/0","0/0","0/0","0/0","0/0","0/0","0/0","0/0","0/0","0/0","0/0","0/0","0/0","0/0","0/0","0/0","0/0","0/0","0/0","0/0","0/0","0/0","0/0","0/0","0/0","0/0","0/0","0/0","0/0","0/0","0/0","0/0","0/0","0/0","0/0","0/0","0/0","0/0","0/0","0/0","0/0","0/0","0/0","0/0","0/0","0/0","0/0","0/0","0/0","0/0","0/0","0/0","0/0","0/0","0/0","0/0","0/0","0/0","0/0","0/0","0/0","0/0","0/0","0/0","0/0","0/0","0/0","0/0","0/0","0/0","0/0","0/0","0/0","0/0","0/0","0/0","0/0","0/0","0/0","0/0","0/0","0/0","0/0","0/0","0/0","0/0","0/0","0/0","0/0","0/0","0/0","0/0","0/0","0/0","0/0","0/0"
"chr3:122658308_G/GA_SEMA5B","0/0","0/0","0/0","0/0","0/0","0/0","0/0","0/0","0/0","0/0","0/0","0/0","0/0","0/0","0/0","0/0","0/0","0/0","0/0","0/0","0/0","0/0","0/0","0/0","0/0","0/0","0/0","0/0","0/0","0/0","0/0","0/0","0/0","0/0","0/0","0/0","0/0","0/0","0/0","0/0","0/0","0/0","0/0","0/0","0/0","0/0","0/0","0/0","0/0","0/0","0/0","0/0","0/0","0/0","0/0","0/0","0/0","0/0","0/0","0/1","0/0","0/0","0/0","0/0","0/0","0/0","0/0","0/0","0/0","0/0","0/0","0/0","0/0","0/0","0/0","0/0","0/0","0/0","0/0","0/0","0/0","0/0","0/0","0/0","0/0","0/0","0/0","0/0","0/0","0/0","0/0","0/0","0/0","0/0","0/0","0/0","0/0","0/0","0/0","0/0","0/0","0/0","0/0","0/0","0/0","0/0","0/0","0/0","0/0","0/0","0/0","0/0","0/0","0/0","0/0","0/0","0/0","0/0","0/0","0/0","0/0","0/0","0/0","0/0","0/0","0/0","0/0","0/0","0/0","0/0","0/0","0/0","0/0","0/0","0/0","0/0","0/0","0/0","0/0","0/0","0/0","0/0","0/0","0/0","0/0","0/0","0/0","0/0","0/0","0/0","0/0","0/0","0/0"
"chr3:122928243_TTAAG/T_SEC22A","0/0","0/0","0/0","0/0","0/0","0/0","0/0","0/0","0/0","0/0","0/0","0/0","0/0","0/0","0/0","0/0","0/0","0/0","0/0","0/0","0/0","0/0","0/0","0/0","0/0","0/0","0/0","0/1","0/0","0/0","0/0","0/0","0/0","0/0","0/0","0/0","0/0","0/0","0/0","0/0","0/0","0/0","0/0","0/0","0/0","0/0","0/0","0/0","0/0","0/0","0/0","0/0","0/0","0/0","0/0","0/0","0/0","0/0","0/0","0/0","0/0","0/0","0/0","0/0","0/0","0/0","0/0","0/0","0/0","0/0","0/0","0/0","0/0","0/0","0/0","0/0","0/0","0/0","0/0","0/0","0/0","0/0","0/0","0/0","0/0","0/0","0/0","0/0","0/0","0/0","0/0","0/0","0/0","0/0","0/0","0/0","0/0","0/0","0/0","0/0","0/0","0/0","0/0","0/0","0/0","0/0","0/0","0/0","0/0","0/0","0/0","0/0","0/0","0/0","0/0","0/0","0/0","0/0","0/0","0/0","0/0","0/0","0/0","0/0","0/0","0/0","0/0","0/0","0/0","0/0","0/0","0/0","0/0","0/0","0/0","0/0","0/0","0/0","0/0","0/0","0/0","0/0","0/0","0/0","0/0","0/0","0/0","0/0","0/0","0/0","0/0","0/0","0/0"
"chr3:123419116_GTTC/G_MYLK","1/1","1/1","1/1","0/0","0/0","0/0","0/1","0/1","0/1","0/1","0/1","0/1","0/1","0/1","1/1","0/1","0/1","1/1","0/1","0/1","1/1","0/1","1/1","0/1","0/0","0/1","0/0","0/1","0/1","0/1","0/0","0/1","0/0","1/1","1/1","0/0","0/1","1/1","1/1","0/1","0/1","0/1","0/1","0/1","0/0","0/0","1/1","0/1","0/1","1/1","0/1","0/1","0/0","0/1","0/1","0/0","1/1","0/1","1/1","0/1","1/1","1/1","0/1","0/1","0/1","1/1","0/1","0/1","0/1","0/1","1/1","0/1","0/1","0/1","0/1","0/0","0/0","1/1","1/1","0/1","0/1","0/0","0/1","1/1","1/1","1/1","1/1","1/1","0/0","0/0","1/1","1/1","1/1","0/1","0/1","1/1","1/1","0/1","0/0","0/0","0/1","0/1","0/1","0/1","0/1","0/0","0/0","0/0","0/0","0/1","0/0","0/1","0/1","0/1","1/1","1/1","1/1","1/1","0/1","1/1","0/1","0/1","1/1","1/1","1/1","1/1","0/1","0/1","1/1","1/1","1/1","0/1","0/0","0/0","0/0","0/0","0/0","0/0","0/1","0/1","0/1","0/1","0/1","0/0","0/0","0/0","0/1","0/1","0/1","0/0","0/0","0/0","0/0"
"chr3:123427725_CT/C_MYLK","0/0","0/0","0/0","0/0","0/0","0/0","0/0","0/0","0/0","0/0","0/0","0/0","0/0","0/0","0/0","0/0","0/0","0/0","0/0","0/0","0/0","0/0","0/0","0/0","0/0","0/0","0/0","0/0","0/0","0/0","0/0","0/0","0/0","0/0","0/0","0/0","0/0","0/0","0/0","0/0","0/0","0/0","0/0","0/0","0/0","0/0","0/0","0/0","0/0","0/0","0/0","0/0","0/0","0/0","0/0","0/0","0/0","0/0","0/0","0/0","0/0","0/1","0/0","0/0","0/0","0/0","0/0","0/0","0/0","0/0","0/0","0/0","0/0","0/0","0/0","0/0","0/0","0/0","0/0","0/0","0/0","0/0","0/0","0/0","0/0","0/0","0/0","0/0","0/0","0/0","0/0","0/0","0/0","0/0","0/0","0/0","0/0","0/0","0/0","0/0","0/0","0/0","0/0","0/0","0/0","0/0","0/0","0/0","0/0","0/0","0/0","0/0","0/0","0/0","0/0","0/0","0/0","0/0","0/0","0/0","0/0","0/0","0/0","0/0","0/0","0/0","0/0","0/0","0/0","0/0","0/0","0/0","0/0","0/0","0/0","0/0","0/0","0/0","0/0","0/0","0/0","0/0","0/0","0/0","0/0","0/0","0/0","0/0","0/0","0/0","0/0","0/0","0/0"
"chr3:123634383_CTG/C_CCDC14","0/0","0/0","0/0","0/0","0/0","0/0","0/0","0/0","0/0","0/0","0/0","0/0","0/0","0/0","0/0","0/0","0/0","0/0","0/0","0/0","0/0","0/0","0/0","0/0","0/0","0/0","0/0","0/0","0/0","0/0","0/0","0/0","0/0","0/0","0/0","0/0","0/0","0/0","0/0","0/0","0/0","0/0","0/0","0/0","0/0","0/0","0/0","0/0","0/1","0/0","0/0","0/0","0/0","0/0","0/0","0/0","0/0","0/0","0/0","0/0","0/0","0/0","0/0","0/0","0/0","0/0","0/0","0/0","0/0","0/0","0/0","0/0","0/0","0/0","0/0","0/0","0/0","0/0","0/0","0/0","0/0","0/0","0/0","0/0","0/0","0/0","0/0","0/0","0/0","0/0","0/0","0/0","0/0","0/0","0/0","0/0","0/0","0/0","0/0","0/0","0/0","0/0","0/0","0/0","0/0","0/0","0/0","0/0","0/0","0/0","0/0","0/0","0/0","0/0","0/0","0/0","0/0","0/0","0/0","0/0","0/0","0/0","0/0","0/0","0/0","0/0","0/0","0/0","0/0","0/0","0/0","0/0","0/0","0/0","0/0","0/0","0/0","0/0","0/0","0/0","0/0","0/0","0/0","0/0","0/0","0/0","0/0","0/0","0/0","0/0","0/0","0/0","0/0"
"chr3:124431854_C/CA_KALRN","0/0","0/0","0/0","0/0","0/0","0/0","0/0","0/0","0/0","0/1","0/0","0/0","0/0","0/0","0/0","0/0","0/0","0/0","0/0","0/0","0/0","0/0","0/0","0/0","0/0","0/0","0/0","0/0","0/0","0/0","0/0","0/0","0/0","0/0","0/0","0/0","0/0","0/0","0/0","0/0","0/0","0/0","0/0","0/0","0/0","0/0","0/0","0/0","0/0","0/0","0/0","0/0","0/0","0/0","0/0","0/0","0/0","0/0","0/0","0/0","0/0","0/0","0/0","0/0","0/0","0/0","0/0","0/0","0/0","0/0","0/0","0/0","0/0","0/0","0/0","0/0","0/0","0/0","0/0","0/0","0/0","0/0","0/0","0/0","0/0","0/0","0/0","0/0","0/0","0/0","0/0","0/0","0/0","0/0","0/0","0/0","0/0","0/0","0/0","0/0","0/0","0/0","0/0","0/0","0/0","0/0","0/0","0/0","0/0","0/0","0/0","0/0","0/0","0/0","0/0","0/0","0/0","0/0","0/0","0/0","0/0","0/0","0/0","0/0","0/0","0/0","0/0","0/0","0/0","0/0","0/0","0/0","0/0","0/0","0/0","0/0","0/0","0/0","0/0","0/0","0/0","0/0","0/0","0/0","0/0","0/0","0/0","0/0","0/0","0/0","0/0","0/0","0/0"
"chr3:124482494_TTTGTTGAAC/T_ITGB5","0/0","0/0","0/0","0/1","0/0","0/0","0/0","0/0","0/0","0/0","0/0","0/0","0/0","0/0","0/0","0/0","0/0","0/0","0/0","0/0","0/0","0/0","0/0","0/0","0/0","0/0","0/0","0/0","0/1","0/0","0/0","0/0","0/0","0/0","0/0","0/0","0/0","0/0","0/0","0/0","0/0","0/0","0/0","0/0","0/0","0/0","0/0","0/0","0/0","0/0","0/0","0/0","0/0","0/0","0/0","0/1","0/0","0/0","0/1","0/0","0/1","0/0","0/0","0/1","0/1","0/1","0/0","0/0","0/0","0/0","0/1","0/0","0/0","0/0","0/0","0/0","0/0","0/0","0/0","0/0","0/0","0/0","0/0","0/1","0/1","0/1","0/1","0/0","0/0","0/0","0/0","0/0","0/0","0/0","0/0","0/0","0/0","0/0","0/0","0/0","0/0","0/0","0/0","0/0","0/0","0/0","0/0","0/0","0/0","0/0","0/1","0/0","0/0","0/0","0/0","0/0","0/0","0/0","0/0","0/0","0/0","0/0","0/0","0/0","0/0","0/0","0/0","0/0","0/0","0/0","0/0","0/0","0/0","0/0","0/0","0/0","0/0","0/0","0/0","0/0","0/0","0/0","0/0","0/0","0/0","0/0","0/0","0/0","0/0","0/0","0/0","0/0","0/0"
"chr3:124646705_A/AAAG_MUC13","1/1","1/1","1/1","1/1","1/1","1/1","1/1","1/1","1/1","1/1","1/1","1/1","1/1","1/1","1/1","1/1","1/1","1/1","1/1","1/1","1/1","1/1","1/1","1/1","1/1","1/1","1/1","1/1","1/1","1/1","1/1","1/1","1/1","1/1","1/1","1/1","1/1","1/1","1/1","1/1","1/1","1/1","1/1","1/1","1/1","1/1","1/1","1/1","1/1","1/1","1/1","1/1","1/1","1/1","1/1","1/1","1/1","1/1","1/1","1/1","1/1","1/1","1/1","1/1","1/1","1/1","1/1","1/1","1/1","1/1","1/1","1/1","1/1","1/1","1/1","1/1","1/1","1/1","1/1","1/1","1/1","1/1","1/1","1/1","1/1","1/1","1/1","1/1","1/1","1/1","1/1","1/1","1/1","1/1","1/1","1/1","1/1","1/1","1/1","1/1","1/1","1/1","1/1","1/1","1/1","1/1","1/1","1/1","1/1","1/1","1/1","1/1","1/1","1/1","1/1","1/1","1/1","1/1","1/1","1/1","1/1","1/1","1/1","1/1","1/1","1/1","1/1","1/1","1/1","1/1","1/1","1/1","1/1","1/1","1/1","1/1","1/1","1/1","1/1","1/1","1/1","1/1","1/1","1/1","1/1","1/1","1/1","1/1","1/1","1/1","1/1","1/1","1/1"
"chr3:124732418_A/AGG_HEG1","0/0","0/0","0/0","0/0","0/0","0/0","0/0","0/0","0/0","0/0","0/0","0/0","0/0","0/0","0/0","0/0","0/0","0/0","0/1","0/0","0/0","0/0","0/0","0/0","0/0","0/0","0/0","0/0","0/0","0/0","0/0","0/0","0/0","0/0","0/0","0/0","0/0","0/0","0/0","0/0","0/0","0/0","0/0","0/0","0/0","0/0","0/0","0/0","0/0","0/0","0/0","0/0","0/0","0/0","0/0","0/0","0/0","0/0","0/0","0/0","0/0","0/0","0/0","0/0","0/0","0/0","0/0","0/0","0/0","0/0","0/0","0/0","0/0","0/0","0/0","0/0","0/0","0/0","0/0","0/0","0/0","0/0","0/0","0/0","0/0","0/0","0/0","0/0","0/0","0/0","0/0","0/0","0/0","0/0","0/0","0/0","0/0","0/0","0/0","0/0","0/0","0/0","0/0","0/0","0/0","0/0","0/0","0/0","0/0","0/0","0/0","0/0","0/0","0/0","0/0","0/0","0/0","0/0","0/0","0/0","0/0","0/0","0/0","0/0","0/0","0/0","0/0","0/0","0/0","0/0","0/0","0/0","0/0","0/0","0/0","0/0","0/0","0/0","0/0","0/0","0/0","0/0","0/0","0/0","0/0","0/0","0/1","0/1","0/1","0/0","0/0","0/0","0/0"
"chr3:124774654_GGCC/G_HEG1","1/1","1/1","1/1","0/1","0/0","0/0","1/1","1/1","1/1","0/1","0/0","0/0","0/1","0/0","0/0","0/0","0/1","0/0","0/1","0/0","0/0","0/1","0/0","0/1","0/1","0/0","0/0","0/0","0/0","0/0","0/0","0/1","0/0","0/0","0/1","0/1","0/0","0/0","0/1","0/0","0/0","0/0","0/0","0/0","0/1","0/0","0/0","0/0","0/1","0/0","0/0","0/0","0/0","0/0","0/0","0/0","0/0","0/0","0/0","0/0","0/0","0/0","0/0","0/0","0/0","0/0","0/0","0/1","0/1","0/0","0/0","0/0","0/0","0/0","0/0","0/0","0/0","0/0","0/0","0/1","0/1","0/0","0/0","0/0","0/0","0/0","0/0","0/0","0/0","0/0","0/0","0/0","0/0","0/0","0/0","0/0","0/0",".","0/0","0/0","0/1","0/0","0/1","0/0","0/0","0/1","0/0","0/0","0/0","0/0","0/1","0/0","0/0","0/0","0/0","0/0","0/0","0/1","0/0","0/1","0/0","0/0","0/0","0/1","0/0","0/0","0/0","0/0","0/0","0/0","0/0","0/1","1/1","0/0","1/1","1/1","0/0","0/0","0/0","0/0","0/0","0/0","0/1","0/0","0/0","0/0","0/0","0/0","0/0","1/1","1/1","1/1","1/1"
"chr3:125179704_C/CACATCCATATGATGACCAGCACTCTGCAGTCCATCACCCATTTCTTTTTCTATGGCACTCCATTCACTGAAAA_SNX4","0/0","0/0","0/0","0/0","0/0","0/0","0/0","0/0","0/0","0/0","0/0","0/0","0/0","0/0","0/0","0/0","0/0","0/0","0/0","0/0","0/0","0/0","0/0","0/0","0/0","0/0","0/0","0/0","0/0","0/0","0/0","0/0","0/0","0/0","0/0","0/0","0/0","0/0","0/0","0/0","0/0",".","0/0","0/0","0/0","0/1","0/0","0/0","0/0","0/0","0/0","0/0","0/0","0/0","0/0","0/0","0/0","0/0","0/0","0/0","0/0","0/0","0/0","0/0","0/0","0/0","0/0","0/0","0/0","0/0","0/0","0/0","0/0","0/0","0/0","0/0","0/0","0/0","0/0","0/0","0/0","0/0","0/0","0/0","0/0","0/0","0/0","0/0","0/0","0/0","0/0","0/0","0/0","0/0","0/0","0/0","0/0","0/0","0/0","0/0","0/0","0/0","0/0","0/0",".","0/0","0/0","0/0","0/0","0/0","0/0","0/0","0/0","0/0","0/0","0/0",".","0/0","0/0","0/0","0/0","0/0","0/0","0/0","0/0","0/0","0/0","0/0","0/0","0/0","0/0","0/0","0/0","0/0","0/0","0/0","0/0","0/0","0/0","0/0","0/0","0/0","0/0","0/0","0/0","0/0","0/0","0/0","0/0","0/0","0/0","0/0","0/0"
"chr3:125216826_GCCTAGGTAAACAAAATAATCATTAAGAATAGTCTCAATGCTGAATACTTCTAAACTACTGCCATTTCACTTCTTA/G_SNX4","0/0","0/0","0/0","0/0","0/0","0/0","0/0","0/0","0/0","0/0","0/0","0/0","0/0","0/0","0/0","0/0","0/0","0/0","0/0","0/0","0/0","0/0","0/0","0/0","0/0","0/0","0/0","0/0","0/0","0/0","0/0","0/0","0/0","0/0","0/0","0/0","0/0","0/0","0/0","0/0","0/0","0/0","0/0","0/0","0/0","0/1","0/0","0/0","0/0","0/0","0/0","0/0","0/0","0/0","0/0","0/0","0/0","0/0","0/0","0/0","0/0","0/0","0/0","0/0","0/0","0/0","0/0","0/0","0/0","0/0","0/0","0/0","0/0","0/0","0/0","0/0","0/0","0/0","0/0","0/0","0/0","0/0","0/0","0/0","0/0","0/0","0/0","0/0","0/0","0/0","0/0","0/0","0/0","0/0","0/0","0/0","0/0","0/0","0/0","0/0","0/0","0/0","0/0","0/0","0/0","0/0","0/0","0/0","0/0","0/0","0/0","0/0","0/0","0/0","0/0","0/0","0/0","0/0","0/0","0/0","0/0","0/0","0/0","0/0","0/0","0/0","0/0","0/0","0/0","0/0","0/0","0/0","0/0","0/0","0/0","0/0","0/0","0/0","0/0","0/0","0/0","0/0","0/0","0/0","0/0","0/0","0/0","0/0","0/0","0/0","0/0","0/0","0/0"
"chr3:125725268_TAACA/T_SLC41A3","0/1","0/1","0/1","0/0","1/1","1/1","0/0","0/0","0/0","0/0","0/0","0/1","0/0","0/0","0/0","0/1","0/0","0/0","0/0","0/0","0/0","0/0","0/0","0/0","0/1","0/1","0/0","0/1","0/0","0/0","0/0","0/0","1/1","0/0","0/0","0/0","0/0","0/0","0/0","0/0","0/0","0/0","0/0","0/0","0/0","0/0","0/0","0/0","0/0","0/0","0/1","0/0","0/0","0/0","0/1","0/0","0/0","0/0","0/0","0/0","0/0","0/0","0/0","0/0","0/0","0/0","0/0","0/0","0/0","0/0","0/0","0/0","0/0","0/0","0/0","0/0","0/0","0/0","0/0","0/0","0/0","0/0","0/1","0/1","0/1","0/0","0/0","0/0","0/0","0/0","0/0","0/0","0/0","0/0","0/0","0/0","0/0","0/0","0/0","0/0","0/0","0/0","0/0","0/1","0/1","0/0","0/0","0/0","0/0","0/0","0/0","0/0","0/0","0/0","0/0","0/0","0/0","0/0","0/1","0/0","0/1","0/1","0/0","0/0","0/0","0/0","0/0","0/0","0/1","0/1","0/1","0/0","0/0","0/0","0/0","0/0","0/0","0/0","0/0","0/0","0/0","0/0","0/0","0/0","0/0","0/0","0/1","0/1","0/1","0/0","0/0","0/0","0/0"
"chr3:125775196_CGCACTTGAAT/C_SLC41A3","0/0","0/0","0/0","0/0","0/0","0/0","0/0","0/0","0/0","0/0","0/0","0/0","0/0","0/0","0/0","0/0","0/0","0/0","0/0","0/0","0/0","0/0","0/0","0/0","0/0","0/0","0/0","0/0","0/0","0/0","0/0","0/0","0/0","0/0","0/0","0/0","0/0","0/0","0/0","0/0","0/0","0/0","0/0","0/0","0/0","0/0","0/0","0/0","0/0","0/0","0/0","0/0","0/0","0/0","0/0","0/0","0/1","0/0","0/0","0/0","0/0","0/0","0/0","0/0","0/0","0/0","0/0","0/0","0/0","0/0","0/0","0/0","0/0","0/0","0/0","0/0","0/0","0/0","0/0","0/0","0/0","0/0","0/0","0/0","0/0","0/0","0/0","0/0","0/0","0/0","0/0","0/0","0/0","0/0","0/0","0/0","0/0","0/0","0/0","0/0","0/0","0/0","0/0","0/0","0/0","0/0","0/0","0/0","0/0","0/0","0/0","0/0","0/0","0/0","0/0","0/0","0/0","0/0","0/0","0/0","0/0","0/0","0/0","0/0","0/0","0/0","0/0","0/0","0/0","0/0","0/0","0/0","0/0","0/0","0/0","0/0","0/0","0/0","0/0","0/0","0/0","0/0","0/0","0/0","0/0","0/0","0/0","0/0","0/0","0/0","0/0","0/0","0/0"
"chr3:126748331_TACA/T_PLXNA1","0/0","0/0","0/0","0/0","0/0","0/0","0/0","0/0","0/1","0/0","0/0","0/0","0/0","0/0","0/0","0/0","0/0","0/0","0/0","0/0","0/0","0/0","0/0","0/0","0/0","0/0","0/0","0/0","0/0","0/0","0/0","0/0","0/0","0/0","0/0","0/0","0/0","0/0","0/0","0/0","0/0","0/0","0/0","0/0","0/0","0/0","0/0","0/0","0/0","0/0","0/0","0/0","0/0","0/0","0/0","0/0","0/0","0/0","0/0","0/0","0/0","0/0","0/0","0/0","0/0","0/0","0/0","0/0","0/0","0/0","0/0","0/0","0/0","0/0","0/0","0/0","0/0","0/0","0/0","0/0","0/0","0/0","0/0","0/0","0/0","0/0","0/0","0/0","0/0","0/0","0/0","0/0","0/0","0/0","0/0","0/0","0/0","0/0","0/0","0/0","0/0","0/0","0/0","0/0","0/0","0/0","0/0","0/0","0/0","0/0","0/0","0/0","0/0","0/0","0/0","0/0","0/0","0/0","0/0","0/0","0/0","0/0","0/0","0/0","0/0","0/0","0/0","0/0","0/0","0/0","0/0","0/0","0/0","0/0","0/0","0/0","0/0","0/0","0/0","0/0","0/0","0/0","0/0","0/0","0/0","0/0","0/0","0/0","0/0","0/0","0/0","0/0","0/0"
"chr3:127336246_TAGGTGCAGCAGGCACCCTGACTGCTGGGGCTGGGGTGGGACACAGGG/T_MCM2","0/0","0/0","0/0","0/0","0/0","0/0","0/0","0/0","0/0","0/0","0/0","0/0","0/0","0/0","0/0","0/0","0/0","0/0","0/0","0/0","0/0","0/0","0/0","0/0","0/0","0/0","0/0","0/0","0/0","0/0","0/0","0/0","0/0","0/0","0/0","0/0","0/0","0/0","0/0","0/0","0/0","0/0","0/0","0/0","0/0","0/0","0/0","0/0","0/0","0/0","0/0","0/0","0/0","0/0","0/0","0/0","0/0","0/0","0/0","0/0","0/0","0/0","0/0","0/0","0/0","0/0","0/0","0/0","0/0","0/0","0/0","0/0","0/0","0/0","0/0","0/0","0/0","0/0","0/0","0/0","0/0","0/0","0/0","0/0","0/0","0/0","0/0","0/0","0/0","0/0","0/0","0/0","0/0","0/0","0/0","0/0","0/0","0/0","0/0","0/0","0/0","0/0","0/0","0/0","0/0","0/0","0/0","0/0","0/0","0/0","0/0","0/0","0/0","0/0","0/0","0/0","0/0","0/0","0/1","0/0","0/1","0/1","0/0","0/0","0/0","0/0","0/0","0/0","0/0","0/0","0/0","0/0","0/0","0/0","0/0","0/0","0/0","0/0","0/0","0/0","0/0","0/0","0/0","0/0","0/0","0/0","0/0","0/0","0/0","0/0","0/0","0/0","0/0"
"chr3:127348093_C/CCGCCGCTGCTTT_PODXL2","0/0","0/0","0/0","0/0","0/0","0/0","0/0","0/0","0/0","0/0","0/0","0/0","0/0","0/0","0/0","0/0","0/0","0/0","0/0","0/0","0/0","0/0","0/0","0/0","0/0","0/0","0/0","0/0","0/0","0/0","0/1","0/0","0/0","0/0","0/0","0/0","0/0","0/0","0/0","0/0","0/0","0/0","0/0","0/0","0/0","0/0","0/0","0/0","0/0","0/0","0/0","0/0","0/0","0/0","0/0","0/0","0/0","0/0","0/0","0/0","0/0","0/0","0/0","0/0","0/0","0/0","0/0","0/0","0/0","0/0","0/0","0/0","0/0","0/0","0/0","0/0","0/0","0/0","0/0","0/0","0/0","0/0","0/0","0/0","0/0","0/0","0/0","0/0","0/0","0/0","0/0","0/0","0/0","0/0","0/0","0/0","0/0","0/0","0/0","0/0","0/0","0/0","0/0","0/0","0/0","0/0","0/0","0/0","0/0","0/0","0/0","0/0","0/0","0/0","0/0","0/0","0/0","0/0","0/0","0/0","0/0","0/0","0/0","0/0","0/0","0/0","0/0","0/0","0/0","0/0","0/0","0/0","0/0","0/0","0/0","0/0","0/0","0/0","0/0","0/0","0/0","0/0","0/0","0/0","0/0","0/0","0/0","0/0","0/0","0/0","0/0",".","0/0"
"chr3:127649031_A/AC_KBTBD12","0/0","0/0","0/0","0/0","0/0","0/0","0/0","0/0","0/0","0/0","0/0","0/0","0/0","0/0","0/0","0/0","0/0","0/0","0/0","0/0","0/0","0/0","0/0","0/0","0/0","0/0","0/0","0/0","0/0","0/0","0/0","0/0","0/0","0/0","0/0","0/0","0/0","0/0","0/0","0/0","0/0","0/0","0/0","0/1","0/0","0/0","0/0","0/0","0/0","0/0","0/0","0/0","0/0","0/0","0/0","0/0","0/0","0/0","0/0","0/0","0/0","0/0","0/0","0/0","0/0","0/0","0/0","0/0","0/0","0/0","0/0","0/0","0/0","0/0","0/0","0/0","0/0","0/0","0/0","0/0","0/0","0/0","0/0","0/0","0/0","0/0","0/0","0/0","0/0","0/0","0/0","0/0","0/0","0/0","0/0","0/0","0/0","0/0","0/0","0/0","0/0","0/0","0/0","0/0","0/0","0/0","0/0","0/0","0/0","0/0","0/0","0/0","0/0","0/0","0/0","0/0","0/0","0/0","0/0","0/0","0/0","0/0","0/0","0/0","0/0","0/0","0/0","0/0","0/0","0/0","0/0","0/0","0/0","0/0","0/0","0/0","0/0","0/0","0/0","0/0","0/0","0/0","0/0","0/0","0/0","0/0","0/0","0/0","0/0","0/0","0/0","0/0","0/0"
"chr3:129370575_CCTG/C_TMCC1","0/0","0/0","0/0","0/0","0/0","0/0","0/0","0/0","0/0","0/0","0/0","0/0","0/0","0/0","0/0","0/0","0/0","0/0","0/0","0/0","0/0","0/0","0/0","0/0","0/0","0/0","0/0","0/0","0/0","0/0","0/0","0/0","0/0","0/0","0/0","0/0","0/0","0/0","0/0","0/0","0/0","0/0","0/0","0/0","0/0","0/0","0/0","0/0","0/0","0/0","0/0","0/0","0/0","0/0","0/0","0/0","0/0","0/0","0/0","0/0","0/0","0/0","0/0","0/0","0/0","0/0","0/0","0/0","0/0","0/0","0/0","0/0","0/0","0/0","0/0","0/0","0/0","0/0","0/0","0/0","0/0","0/0","0/0","0/0","0/0","0/0","0/0","0/0","0/0","0/0","0/0","0/0","0/0","0/0","0/0","0/0","0/0","0/1","0/0","0/0","0/0","0/0","0/0","0/0","0/0","0/0","0/0","0/0","0/0","0/0","0/1","0/0","0/0","0/0","0/0","0/0","0/0","0/0","0/0","0/0","0/0","0/0","0/0","0/0","0/0","0/0","0/0","0/0","0/0","0/0","0/0","0/0","0/1","0/0","0/0","0/0","0/0","0/0","0/0","0/0","0/0","0/0","0/0","0/0","0/0","0/0","0/0","0/0","0/0","0/0","0/0","0/0","0/0"
"chr3:130190720_AT/A_COL6A5","0/1","0/1","0/1","0/1","0/1","0/1","0/1","0/1","0/1","0/1","0/1","0/0","0/0","0/1","0/0","0/1","1/1","0/1","0/0","0/0","0/1","0/1","0/1","1/1","1/1","0/0","0/0","1/1","0/1","0/0","1/1","0/1","1/1","0/0","0/0","0/1","0/1","0/1","0/1","0/0","0/0","0/0","0/0","1/1","0/1","0/1","0/0","0/1","0/1","0/0","0/0","0/1","0/0","0/0","0/1","0/0","0/1","0/0","0/0","0/0","0/1","0/1","0/1","0/1","0/1","0/1","0/0","0/0","0/0","0/0","0/1","0/1","0/1","0/0","0/0","0/1","0/1","0/0","0/0","0/0","0/0","1/1","0/0","0/1","0/1","0/1","0/1","0/1","1/1","1/1","0/0","0/1","0/1","0/1","0/1","0/0","0/1","0/1","0/0","0/0","0/0","0/1","0/0","0/1","0/1","0/0","0/0","0/0","0/0","0/1","0/1","0/1","0/1","0/1","0/1","1/1","1/1","0/0","1/1","0/0","1/1","1/1","1/1","0/0","0/1","0/1","0/1","0/1","0/0","0/0","0/0","0/1","0/1","0/1","0/1","0/1","0/1","0/1","0/1","0/1","0/1","0/1","0/1","0/0","0/0","0/0","0/0","0/0","0/0","0/0","0/0","0/0","0/0"
"chr3:130287370_G/GT_COL6A6","0/0","0/0","0/0","0/0","0/0","0/0","0/0","0/0","0/0","0/0","0/0","0/0","0/0","0/0","0/0","0/0","0/0","0/0","0/0","0/0","0/0","0/0","0/0","0/0","0/0","0/0","0/0","0/0","0/0","0/0","0/0","0/0","0/0","0/0","0/0","0/0","0/0","0/0","0/0","0/1","0/0","0/0","0/0","0/0","0/0","0/0","0/0","0/0","0/0","0/0","0/0","0/0","0/0","0/0","0/0","0/0","0/0","0/0","0/0","0/0","0/0","0/0","0/0","0/0","0/0","0/0","0/0","0/0","0/0","0/0","0/0","0/0","0/0","0/0","0/0","0/0","0/0","0/0","0/0","0/0","0/0","0/0","0/0","0/0","0/0","0/0","0/0","0/0","0/0","0/0","0/0","0/0","0/0","0/0","0/0","0/0","0/0","0/0","0/0","0/0","0/0","0/0","0/0","0/0","0/0","0/0","0/0","0/0","0/0","0/0","0/0","0/0","0/0","0/0","0/0","0/0","0/0","0/0","0/0","0/0","0/0","0/0","0/0","0/0","0/0","0/0","0/0","0/0","0/0","0/0","0/0","0/0","0/0","0/0","0/0","0/0","0/0","0/0","0/0","0/0","0/0","0/0","0/0","0/0","0/0","0/0","0/0","0/0","0/0","0/0","0/0","0/0","0/0"
"chr3:130733046_CT/C_ASTE1","0/0","0/1","0/0","0/0","0/0","0/0","0/0","0/0","0/0","0/0","0/0","0/0","0/0","0/0","0/0","0/0","0/0","0/0","0/0","0/0","0/0","0/0","0/0","0/0","0/0","0/1","0/2","0/0","0/0","0/1","0/0","0/1","0/0","0/0","0/0","0/0","0/1","0/0","0/0","0/0","0/1","0/0","0/0","0/0","0/0","0/0","0/0","0/0","0/1","0/0","0/0","0/0","0/2","0/0","0/0","0/0","0/0","0/0","0/0","0/0","0/0","0/0","0/0","0/0","0/1","0/2","0/0","0/0","0/0","0/1","0/2","0/0","0/0","0/0","0/1","0/0","0/0","0/0","0/0","0/0","0/0","0/1","0/2","0/0","0/0","0/0","0/0","0/0","0/0","0/0","0/0","0/0","0/0","0/0","0/0","0/0","0/0","0/0","0/0","0/0","0/0","0/1","0/2","0/0","0/0","0/0","0/2","0/2","0/0","0/0","0/0","0/0","0/0","0/0","0/0","0/0","0/0","0/0","0/0","0/1","0/0","0/2","0/0","0/0","0/0","0/0","0/0","0/0","0/0","0/0","0/0","0/0","0/0","0/0","0/0","0/0","0/0","0/0","0/2","0/0","0/0","0/0","0/0","0/0","0/0","0/0","0/0","0/0","0/0","0/0","0/0","0/0","0/0"
"chr3:131101047_AC/A_NUDT16","0/0","0/0","0/0","0/0","0/0","0/0","0/0","0/0","0/0","0/0","0/0","0/0","0/0","0/0","0/0","0/0","0/0","0/0","0/0","0/0","0/0","0/0","0/0","0/0","0/0","0/0","0/0","0/0","0/0","0/0","0/0","0/0","0/0","0/0","0/0","0/0","0/0","0/0","0/0","0/0","0/0","0/0","0/0","0/0","0/0","0/0","0/0","0/0","0/0","0/0","0/0","0/0","0/0","0/0","0/0","0/0","0/0","0/0","0/0","0/0","0/0","0/0","0/0","0/0","0/0","0/0","0/0","0/0","0/0","0/0","0/0","0/0","0/0","0/0","0/0","0/0","0/0","0/0","0/0","0/0","0/0","0/0","0/0","0/0","0/0","0/0","0/0","0/1","0/0","0/0","0/0","0/0","0/0","0/0","0/0","0/0","0/1","0/0","0/0","0/0","0/0","0/0","0/0","0/0","0/0","0/0","0/0","0/0","0/0","0/0","0/0","0/0","0/0","0/0","0/0","0/0","0/0","0/0","0/0","0/0","0/0","0/0","0/0","0/0","0/0","0/0","0/0","0/0","0/0","0/0","0/0","0/0","0/0","0/0","0/0","0/0","0/0","0/0","0/0","0/0","0/0","0/0","0/0","0/0","0/0","0/0","0/0","0/0","0/0","0/0","0/0","0/0","0/0"
"chr3:133969437_A/AG_RYK","1/1","1/1","1/1","1/1","1/1","1/1","1/1","1/1","1/1","1/1","1/1","1/1","1/1",".","1/1","1/1","1/1","1/1","1/1","1/1","1/1","1/1","1/1","1/1","1/1","1/1","1/1","1/1","1/1","1/1","1/1","1/1","1/1","1/1","1/1","1/1","1/1","1/1","1/1","1/1","1/1","1/1","1/1","1/1","1/1","1/1","1/1","1/1","1/1","1/1","1/1","1/1","1/1","1/1","1/1","1/1","1/1","1/1","1/1","1/1","1/1","1/1","1/1","1/1","1/1","1/1","1/1","1/1","1/1","1/1","1/1","1/1","1/1","1/1","1/1","1/1","1/1","1/1","1/1","1/1","1/1","1/1","1/1","1/1",".","1/1","1/1","1/1","1/1",".","1/1","1/1","1/1","1/1","1/1","1/1","1/1","1/1","1/1","1/1",".","1/1","1/1","1/1","1/1","1/1","1/1","1/1",".","1/1","1/1",".","1/1","1/1","1/1","1/1","1/1",".","1/1","1/1","1/1","1/1","1/1","1/1",".","1/1",".",".","1/1",".","1/1","1/1","1/1","1/1","1/1","1/1","1/1","1/1","1/1","1/1","1/1","1/1","1/1","1/1","1/1","1/1","1/1","1/1","1/1","1/1","1/1",".","1/1"
"chr3:133969487_G/GC_RYK","1/1","1/1",".","1/1","1/1","1/1","1/1","1/1",".","1/1","1/1","1/1",".","1/1","1/1","1/1","1/1","1/1","1/1","1/1","1/1","1/1","1/1","1/1","1/1","1/1","1/1","1/1",".","1/1","1/1","1/1",".","1/1","1/1",".","1/1",".","1/1","1/1",".","1/1",".","1/1","1/1","1/1","1/1","1/1","1/1","1/1","1/1","1/1","1/1","1/1","1/1",".","1/1",".","1/1","1/1","1/1","1/1","1/1","1/1","1/1",".","1/1",".","1/1",".","1/1","1/1","1/1","1/1","1/1","1/1","1/1","1/1","1/1",".",".","1/1","1/1","1/1",".","1/1","1/1","1/1","1/1","1/1",".","1/1","1/1","1/1","1/1","1/1","1/1","1/1","1/1","1/1","1/1","1/1","1/1","1/1",".","1/1","1/1",".","1/1","1/1",".",".",".","1/1","1/1","1/1","1/1",".","1/1","1/1","1/1","1/1","1/1","1/1","1/1",".","1/1","1/1","1/1","1/1","1/1",".",".","1/1",".","1/1","1/1","1/1","1/1","1/1","1/1","1/1","1/1",".",".","1/1","1/1","1/1",".","1/1","1/1",".","1/1"
"chr3:134265070_AG/A_CEP63","0/0","0/0","0/0","0/0","0/0","0/0","0/0","0/0","0/0","0/0","0/0","0/0","0/0","0/0","0/0","0/0","0/0","0/0","0/0","0/0","0/0","0/0","0/0","0/0","0/0","0/0","0/0","0/0","0/0","0/0","0/0","0/0","0/0","0/0","0/0","0/0","0/0","0/0","0/0","0/0","0/0","0/0","0/0","0/0","0/0","0/0","0/0","0/0","0/0","0/0","0/0","0/0","0/1","0/0","0/0","0/0","0/0","0/0","0/0","0/0","0/0","0/0","0/0","0/0","0/0","0/0","0/0","0/0","0/0","0/0","0/0","0/0","0/0","0/0","0/0","0/0","0/0","0/0","0/0","0/0","0/0","0/0","0/0","0/0","0/0","0/0","0/0","0/0","0/0","0/0","0/0","0/0","0/0","0/0","0/0","0/0","0/0","0/0","0/0","0/0","0/0","0/0","0/0","0/0","0/0","0/0","0/0","0/0","0/0","0/0","0/0","0/0","0/0","0/0","0/0","0/0","0/0","0/0","0/0","0/0","0/0","0/0","0/0","0/0","0/0","0/0","0/0","0/0","0/0","0/0","0/0","0/0","0/0","0/0","0/0","0/0","0/0","0/0","0/0","0/0","0/0","0/0","0/0","0/0","0/0","0/0","0/0","0/0","0/0","0/0","0/0","0/0","0/0"
"chr3:138289162_G/GCAAA_CEP70","0/0","0/0","0/0","0/0","0/0","0/0","0/0","0/0","0/0","0/0","0/0","0/0","0/0","0/0","0/0","0/0","0/0","0/0","0/0","0/0","0/0","0/0","0/0","0/0","0/0","0/0","0/0","0/0","0/0","0/0","0/0","0/0","0/0","0/0","0/0","0/0","0/0","0/0","0/0","0/0","0/0","0/0","0/0","0/0","0/0","0/1","0/0","0/0","0/0","0/0","0/0","0/0","0/0","0/0","0/0","0/0","0/0","0/0","0/0","0/0","0/0","0/0","0/0","0/0","0/0","0/0","0/0","0/0","0/0","0/0","0/0","0/0","0/0","0/0","0/0","0/0","0/0","0/0","0/0","0/0","0/0","0/0","0/0","0/0","0/0","0/0","0/0","0/0","0/0","0/0","0/0","0/0","0/0","0/0","0/0","0/0","0/0","0/0","0/0","0/0","0/0","0/0","0/0","0/0","0/0","0/0","0/0","0/0","0/0","0/0","0/0","0/0","0/0","0/0","0/0","0/0","0/0","0/0","0/0","0/0","0/0","0/0","0/0","0/0","0/0","0/0","0/0","0/0","0/0","0/0","0/0","0/0","0/0","0/0","0/0","0/0","0/0","0/0","0/0","0/0","0/0","0/0","0/0","0/0","0/0","0/0","0/0","0/0","0/0","0/0","0/0","0/0","0/0"
"chr3:138664553_TGGGCGCGGGCGCCGG/T_FOXL2","0/0","0/0","0/0","0/0","0/0","0/0","0/0","0/0","0/0","0/0","0/0","0/0","0/0","0/0","0/0","0/0","0/0","0/0","0/0","0/0","0/0","0/0","0/0","0/0","0/0","0/0","0/0","0/0","0/0","0/0","0/0","0/0","0/0","0/0","0/0","0/0","0/0","0/0","0/0","0/0","0/0","0/0","0/0","0/0","0/0","0/0","0/0","0/0","0/0","0/0","0/0","0/0","0/0","0/0","0/0","0/0","0/0","0/0","0/0","0/0","0/0","0/0","0/1","0/0","0/0","0/0","0/0","0/0","0/0","0/0","0/0","0/0","0/0","0/0","0/0","0/0","0/0","0/0","0/0","0/0","0/0","0/0","0/0","0/0","0/0","0/0","0/0","0/0","0/0","0/0","0/0","0/0","0/0","0/0","0/0","0/0","0/0","0/0","0/0","0/0","0/0","0/0","0/0","0/0","0/0","0/0","0/0","0/0","0/0","0/0","0/0","0/0","0/0","0/0","0/0","0/0","0/0","0/0","0/0","0/0","0/0","0/0","0/0","0/0","0/0","0/0","0/0","0/0","0/0","0/0","0/0","0/0","0/0","0/0","0/0","0/0","0/0","0/0","0/0","0/0","0/0","0/0","0/0","0/0","0/0","0/0","0/0","0/0","0/0","0/0","0/0","0/0","0/0"
"chr3:140284996_AGAG/A_CLSTN2","0/0","0/0","0/0","0/0","0/0","0/0","0/0","0/0","0/0","0/0","0/0","0/0","0/0","0/0","0/0","0/0","0/0","0/0","0/0","0/0","0/0","0/0","0/0","0/0","0/0","0/0","0/0","0/0","0/0","0/0","0/0","0/0","0/0","0/0","0/0","0/0","0/0","0/0","0/0","0/0","0/0","0/0","0/0","0/0","0/0","0/0","0/0","0/0","0/0","0/0","0/0","0/0","0/0","0/0","0/0","0/0","0/0","0/0","0/0","0/0","0/0","0/0","0/0","0/0","0/0","0/0","0/0","0/0","0/0","0/0","0/0","0/0","0/0","0/1","0/0","0/0","0/0","0/0","0/0","0/0","0/1","0/0","0/0","0/0","0/0","0/0","0/0","0/0","0/0","0/0","0/0","0/0","0/0","0/0","0/0","0/0","0/0","0/0","0/0","0/0","0/0","0/0","0/0","0/0","0/0","0/0","0/0","0/0","0/0","0/0","0/0","0/0","0/0","0/0","0/0","0/0","0/0","0/0","0/0","0/0","0/0","0/0","0/0","0/0","0/0","0/0","0/0","0/0","0/0","0/0","0/0","0/0","0/0","0/0","0/0","0/0","0/0","0/0","0/0","0/0","0/0","0/0","0/0","0/0","0/0","0/0","0/0","0/0","0/0","0/0","0/0","0/0","0/0"
"chr3:142274739_AT/A_ATR","0/0","0/0","0/0","0/0","0/0","0/0","0/0","0/0","0/0","0/0","0/0","0/0","0/0","0/0","0/0","0/0","0/0","0/0","0/0","0/0","0/0","0/0","0/0","0/0","0/0","0/0","0/0","0/0","0/0","0/0","0/0","0/0","0/0","0/0","0/0","0/0","0/1","0/0","0/0","0/0","0/0","0/0","0/0","0/0","0/0","0/0","0/0","0/0","0/0","0/0","0/0","0/0","0/0","0/0","0/0","0/0","0/0","0/0","0/0","0/0","0/0","0/0","0/0","0/0","0/0","0/0","0/0","0/0","0/0","0/0","0/0","0/0","0/0","0/0","0/0","0/0","0/0","0/0","0/0","0/0","0/0","0/0","0/0","0/0","0/0","0/0","0/0","0/0","0/0","0/0","0/0","0/0","0/0","0/0","0/0","0/0","0/0","0/0","0/0","0/0","0/0","0/0","0/0","0/0","0/0","0/0","0/0","0/1","0/0","0/0","0/0","0/0","0/0","0/0","0/0","0/0","0/0","0/0","0/0","0/0","0/0","0/0","0/0","0/0","0/0","0/0","0/0","0/0","0/0","0/0","0/0","0/0","0/0","0/0","0/0","0/0","0/0","0/0","0/0","0/0","0/0","0/0","0/0","0/0","0/0","0/0","0/0","0/0","0/0","0/0","0/0","0/0","0/0"
"chr3:142462327_TCTGCAGATGCAC/GCTGCAGATGCAC_TRPC1","0/0","0/0","0/0","0/0","0/0","0/0","0/0","0/0","0/0","0/1","0/0","0/0","0/0","0/0","0/0","0/0","0/0","0/0","0/0","0/0","0/0","0/2","0/0","0/0","0/0","0/0","0/0","0/0","0/0","0/0","0/0","0/0","0/0","0/0","0/0","0/0","0/0","0/0","0/0","0/0","0/0","0/0","0/0","0/0","0/0","0/0","0/0","0/0","0/0","0/0","0/0","0/0","0/0","0/0","0/0","0/0","0/0","0/0","0/0","0/0","0/0","0/0","0/0","0/0","0/2","0/0","0/0","0/0","0/0","0/0","0/0","0/0","0/0","0/0","0/0","0/0","0/0","0/0","0/0","0/0","0/0","0/0","0/0","0/0","0/0","0/0","0/0","0/0","0/0","0/0","0/0","0/0","0/0","0/0","0/0","0/0","0/0","0/0","0/0","0/0","0/0","0/0","0/0","0/0","0/0","0/0","0/0","0/0","0/0","0/0","0/0","0/0","0/0","0/0","0/0","0/0","0/0","0/0","0/0","0/0","0/0","0/0","0/0","0/0","0/0","0/0","0/0","0/0","0/0","0/0","0/0","0/0","0/0","0/0","0/0","0/0","0/0","0/0","0/0","0/0","0/0","0/0","0/0","0/0","0/0","0/0","0/0","0/0","0/0","0/0","0/0","0/0","0/0"
"chr3:147113904_CG/C_ZIC4","0/0","0/0","0/0","0/0","0/0","0/0","0/0","0/0","0/0","0/0","0/0","0/0","0/0","0/0","0/0","0/0","0/0","0/0","0/0","0/0","0/0","0/0","0/0","0/0","0/0","0/0","0/0","0/0","0/0","0/1","0/0","0/0","0/0","0/0","0/0","0/0","0/0","0/0","0/0","0/0","0/0","0/0","0/0","0/0","0/0","0/0","0/0","0/0","0/0","0/0","0/0","0/0","0/0","0/0","0/0","0/0","0/0","0/0","0/0","0/0","0/0","0/0","0/0","0/0","0/0","0/0","0/0","0/0","0/0","0/0","0/0","0/0","0/0","0/0","0/0","0/0","0/0","0/0","0/0","0/0","0/0","0/0","0/0","0/0","0/0","0/0","0/0","0/0","0/0","0/0","0/0","0/0","0/0","0/0","0/0","0/0","0/0","0/0","0/0","0/0","0/0","0/0","0/0","0/0","0/0","0/0","0/0","0/0","0/0","0/0","0/0","0/0","0/0","0/0","0/0","0/0","0/0","0/0","0/0","0/0","0/0","0/0","0/0","0/0","0/0","0/0","0/0","0/0","0/0","0/0","0/0","0/0","0/0","0/0","0/0","0/0","0/0","0/0","0/0","0/0","0/0","0/0","0/0","0/0","0/0","0/0","0/0","0/0","0/0","0/0","0/0","0/0","0/0"
"chr3:149238595_C/CTTAA_WWTR1","0/0","0/0","0/0","0/0","0/1","0/1","0/0","0/0","0/0","0/0","0/0","0/0","0/0","0/0","0/1","0/0","0/1","0/0","0/1","0/0","0/0","0/0","0/0","0/0","0/0","0/0","0/0","0/1","0/0","0/1","0/1","0/1","0/1","0/0","0/0","0/1","0/0","0/1","0/1","0/0","0/1","0/0","0/0","0/0","0/0","0/0","0/0","0/1","0/0","0/1","1/1","0/0","0/0","0/1","0/0","0/0","0/1","0/1","1/1","0/0","0/0","0/1","0/0","0/0","0/0","0/0","0/0","0/0","0/0","0/0","0/0","0/0","0/0","0/1","0/1","0/0","0/0","0/0","0/0","0/0","0/0","0/0","1/1","0/0","0/0","0/0","0/0","0/1","0/0","0/0","0/1","0/0","0/0","0/0","0/0","0/1","0/1","0/0","0/0","0/0","0/1","0/0","0/1","0/0","0/0","0/0","0/0","0/0","0/0","0/0","0/0","0/0","0/0","0/1","0/0","0/1","0/1","0/0","0/0","0/0","0/0","0/0","0/1","0/0","0/0","0/0","0/1","0/1","0/0","0/0","0/0","0/0","0/1","0/1","0/1","0/1","0/1","0/1","0/1","0/1","0/1","0/0","0/0","0/0","0/0","0/0","0/0","0/0","0/0","0/0","0/0","0/0","0/0"
"chr3:151475179_ATTC/A_AADACL2","0/0","0/0","0/0","0/0","0/0","0/0","0/0","0/0","0/0","0/0","0/0","0/0","0/0","0/0","0/0","0/0","0/0","0/0","0/0","0/0","0/0","0/0","0/0","0/0","0/0","0/0","0/0","0/1","0/0","0/0","0/0","0/0","0/0","0/0","0/0","0/0","0/0","0/0","0/0","0/0","0/0","0/0","0/0","0/0","0/0","0/0","0/0","0/0","0/0","0/0","0/0","0/0","0/0","0/0","0/0","0/0","0/0","0/0","0/0","0/0","0/0","0/0","0/0","0/0","0/0","0/0","0/0","0/0","0/0","0/0","0/0","0/0","0/0","0/0","0/0","0/0","0/0","0/0","0/0","0/0","0/0","0/0","0/0","0/0","0/0","0/0","0/0","0/0","0/0","0/0","0/0","0/0","0/0","0/0","0/0","0/0","0/0","0/0","0/0","0/0","0/0","0/0","0/0","0/0","0/0","0/0","0/0","0/0","0/0","0/0","0/0","0/0","0/0","0/0","0/0","0/0","0/0","0/0","0/0","0/0","0/0","0/0","0/0","0/0","0/0","0/0","0/0","0/0","0/0","0/0","0/0","0/0","0/0","0/0","0/0","0/0","0/0","0/0","0/0","0/0","0/0","0/0","0/0","0/0","0/0","0/0","0/0","0/0","0/0","0/0","0/0","0/0","0/0"
"chr3:156870019_CAT/C_CCNL1","0/0","0/0","0/0","0/0","0/0","0/0","0/0","0/0","0/0","0/0","0/0","0/0","0/0","0/0","0/0","0/0","0/0","0/0","0/1","0/0","0/0","0/0","0/0","0/0","0/0","0/0","0/0","0/0","0/0","0/0","0/0","0/0","0/0","0/0","0/0","0/0","0/0","0/0","0/0","0/0","0/0","0/0","0/0","0/0","0/0","0/0","0/0","0/0","0/0","0/0","0/0","0/0","0/0","0/0","0/0","0/0","0/0","0/0","0/0","0/0","0/0","0/0","0/0","0/0","0/0","0/0","0/0","0/0","0/0","0/0","0/0","0/0","0/0","0/0","0/0","0/0","0/0","0/0","0/0","0/0","0/0","0/0","0/0","0/0","0/0","0/0","0/0","0/0","0/0","0/0","0/0","0/0","0/0","0/0","0/0","0/0","0/0","0/0","0/0","0/0","0/0","0/0","0/0","0/0","0/0","0/0","0/0","0/0","0/0","0/0","0/0","0/0","0/0","0/0","0/0","0/0","0/0","0/0","0/0","0/0","0/0","0/0","0/0","0/0","0/0","0/0","0/0","0/0","0/0","0/0","0/0","0/0","0/0","0/0","0/0","0/0","0/0","0/0","0/0","0/0","0/0","0/0","0/0","0/0","0/0","0/0","0/0","0/0","0/0","0/0","0/0","0/0","0/0"
"chr3:158450019_CGCCTGCTGCAGGA/C_RARRES1","0/0","0/0","0/0","0/0","0/0","0/0","0/0","0/0","0/0","0/0","0/0","0/0","0/0","0/0","0/0","0/1","0/0","0/0","0/0","0/0","0/0","0/0","0/0","0/0","0/0","0/0","0/0","0/0","0/0","0/0","0/0","0/0","0/0","0/0","0/0","0/0","0/0","0/0","0/0","0/0","0/0","0/1","0/0","0/0","0/0","0/0","0/0","0/0","0/0","0/0","0/0","0/0","0/0","0/0","0/0","0/0","0/0","0/0","0/0","0/0","0/0","0/0","0/0","0/0","0/0","0/0","0/0","0/0","0/0","0/0","0/0","0/0","0/0","0/1","0/1","0/0","0/0","0/0","0/0","0/0","0/0","0/0","0/0","0/0","0/0","0/0","0/0","0/0","0/0","0/0","0/0","0/0","0/0","0/0","0/0","0/0","0/0","0/0","0/0","0/0","0/0","0/0","0/0","0/0","0/0","0/0","0/0","0/0","0/0","0/0","0/0","0/0","0/0","0/0","0/0","0/0","0/0","0/0","0/0","0/0","0/0","0/0","0/0","0/0","0/0","0/0","0/0","0/0","0/0","0/0","0/0","0/0","0/0","0/0","0/0","0/0","0/0","0/0","0/1","0/1","0/1","0/0","0/0","0/0","0/0","0/0","0/0","0/0","0/0","0/0","0/0","0/0","0/0"
"chr3:158537435_TAGGGGGTATAACGTGTA/T_MFSD1","0/0","0/0","0/0","0/0","0/0","0/0","0/0","0/0","0/0","0/0","0/0","0/0","0/0","0/0","0/0","0/0","0/0","0/0","0/0","0/0","0/0","0/0","0/0","0/0","0/0","0/0","0/0","0/0","0/0","0/0","0/0","0/0","0/0","0/0","0/0","0/0","0/0","0/0","0/0","0/0","0/0","0/0","0/0","0/0","0/0","0/0","0/0","0/0","0/0","0/0","0/0","0/0","0/0","0/0","0/0","0/0","0/0","0/0","0/0","0/0","0/0","0/0","0/0","0/0","0/0","0/0","0/0","0/0","0/0","0/0","0/0","0/0","0/0","0/0","0/0","0/0","0/0","0/0","0/0","0/0","0/0","0/0","0/0","0/0","0/0","0/0","0/0","0/0","0/1","0/0","0/0","0/0","0/0","0/0","0/0","0/0","0/0","0/0","0/0","0/0","0/0","0/0","0/0","0/0","0/0","0/0","0/0","0/0","0/0","0/0","0/0","0/0","0/0","0/0","0/0","0/0","0/0","0/0","0/0","0/0","0/0","0/0","0/0","0/0","0/0","0/0","0/0","0/0","0/0","0/0","0/0","0/0","0/0","0/0","0/0","0/0","0/0","0/0","0/0","0/0","0/0","0/0","0/0","0/0","0/0","0/0","0/0","0/0","0/0","0/0","0/0","0/0","0/0"
"chr3:159943808_T/TG_C3orf80","0/0","0/0","0/0","0/0","0/0","0/0","0/0","0/0","0/0","0/0","0/0","0/0","0/0","0/0","0/0","0/0","0/0","0/0","0/0","0/0","0/0","0/0","0/0","0/0","0/0","0/0","0/0","0/0","0/0","0/0","0/0","0/0","0/0","0/0","0/0","0/0","0/0","0/0","0/0","0/0","0/0","0/0","0/0","0/0","0/0","0/0","0/0","0/0","0/0","0/0","0/0","0/0","0/0","0/0","0/0","0/0","0/0","0/0","0/0","0/0","0/1","0/0","0/0","0/0","0/0","0/0","0/0","0/0","0/0","0/0","0/0","0/0","0/0","0/0","0/0","0/0","0/0","0/0","0/0","0/0","0/0","0/0","0/0","0/0","0/0","0/0","0/0","0/0","0/0","0/0","0/0","0/0","0/0","0/0","0/0","0/0","0/0","0/0","0/0","0/0","0/0","0/0","0/0","0/0","0/0","0/0","0/0","0/0","0/0","0/0","0/0","0/0","0/0","0/0","0/0","0/0","0/0","0/0","0/0","0/0","0/0","0/0","0/0","0/0","0/0","0/0","0/0","0/0","0/0","0/0","0/0","0/0","0/0","0/0","0/0","0/0","0/0","0/0","0/0","0/0","0/0","0/0","0/0","0/0","0/0","0/0","0/0","0/0","0/0","0/0","0/0","0/0","0/0"
"chr3:160075315_C/CAAAATAAGGTCAAAATAAG_IFT80","0/0","0/0","0/0","0/0","0/0","0/0","0/0","0/0","0/0","0/0","0/0","0/0","0/0","0/0","0/0","0/0","0/0","0/0","0/0","0/0","0/0","0/0","0/0","0/0","0/0","0/0","0/0","0/0","0/0","0/0","0/0","0/0","0/0","0/0","0/0","0/0","0/0","0/0","0/0","0/0","0/0","0/0","0/0","0/0","0/0","0/0","0/0","0/0","0/0","0/0","0/0","0/0","0/0","0/0","0/0","0/0","0/0","0/0","0/0","0/0","0/0","0/1","0/0","0/0","0/0","0/0","0/0","0/0","0/0","0/0","0/0","0/0","0/0","0/0","0/0","0/0","0/0","0/0","0/0","0/0","0/0","0/0","0/0","0/0","0/0","0/0","0/0","0/0","0/0","0/0","0/0","0/0","0/0","0/0","0/0","0/0","0/0","0/0","0/0","0/0","0/0","0/0","0/0","0/0","0/0","0/0","0/0","0/0","0/0","0/0","0/0","0/0","0/0","0/0","0/0","0/0","0/0","0/0","0/0","0/0","0/0","0/0","0/0","0/0","0/0","0/0","0/0","0/0","0/0","0/0","0/0","0/0","0/0","0/0","0/0","0/0","0/0","0/0","0/0","0/0","0/0","0/0","0/0","0/0","0/0","0/0","0/0","0/0","0/0","0/0","0/0","0/0","0/0"
"chr3:160142807_G/GGTGTGTGTGTGTGTGT_SMC4","0/0","0/0","0/0","0/0","0/0","0/0","0/0","0/0","0/0","0/0","0/0","0/0","0/0","0/0","0/0","0/0","0/0","0/0","0/0","0/0","0/0","0/0","0/0","0/0","0/0","0/0","0/0","0/0","0/0","0/0","0/0","0/0","0/0","0/0","0/0","0/0","0/0","0/0","0/0","0/0","0/0","0/0","0/0","0/0","0/0","0/0","0/0","0/0","0/0","0/0","0/0","0/0","0/0","0/0","0/0","0/0","0/0","0/0","0/0","0/0","0/0","0/0","0/0","0/0","0/0","0/0","0/0","0/0","0/0","0/0","0/0","0/0","0/0","0/0","0/0","0/0","0/0","0/0","0/0","0/0","0/0","0/0","0/0","0/0","0/0","0/0","0/0","0/0","0/0","0/0","0/0","0/0","0/0","0/0","0/0","0/0","0/0","0/0","0/0","0/0","0/0","0/0","0/0","0/0","0/0","0/0","0/0","0/0","0/0","0/0","0/0","0/0","0/0","0/1","0/0","0/0","0/0","0/0","0/0","0/0","0/0","0/0","0/0","0/0","0/0","0/0","0/1","0/2","0/0","0/0","0/0","0/0","0/0","0/0","0/0","0/0","0/0","0/0","0/3","0/3","0/3","0/0","0/0","0/0","0/0","0/0","0/0","0/0","0/0","0/0","0/0","0/0","0/0"
"chr3:160143939_C/CA_SMC4","0/0","0/0","0/0","0/0","0/0","0/0","0/0","0/0","0/0","0/0","0/0","0/0","0/0","0/0","0/0","0/0","0/0","0/0","0/0","0/0","0/0","0/0","0/0","0/0","0/0","0/0","0/0","0/0","0/0","0/0","0/0","0/0","0/0","0/0","0/0","0/0","0/0","0/0","0/0","0/0","0/0","0/0","0/0","0/0","0/0","0/0","0/0","0/0","0/0","0/0","0/0","0/0","0/0","0/0","0/0","0/0","0/0","0/0","0/0","0/0","0/0","0/0","0/0","0/0","0/0","0/0","0/0","0/0","0/0","0/0","0/0","0/0","0/0","0/0","0/0","0/0","0/0","0/0","0/0","0/0","0/0","0/0","0/0","0/0","0/0","0/0","0/0","0/0","0/0","0/0","0/0","0/0","0/0","0/0","0/0","0/0","0/0","0/0","0/0","0/0","0/0","0/0","0/0","0/0","0/0","0/0","0/0","0/0","0/0","0/1","0/0","0/0","0/0","0/0","0/0","0/0","0/0","0/0","0/0","0/0","0/0","0/0","0/0","0/0","0/0","0/0","0/0","0/0","0/0","0/0","0/0","0/0","0/0","0/0","0/0","0/0","0/0","0/0","0/0","0/0","0/0","0/0","0/0","0/0","0/0","0/0","0/0","0/0","0/0","0/0","0/0","0/0","0/0"
"chr3:160955893_TTTTTAAGATGGTCTGGA/T_NMD3","0/0","0/0","0/0","0/0","0/0","0/0","0/0","0/0","0/0","0/0","0/0","0/0","0/0","0/0","0/0","0/0","0/0","0/0","0/0","0/0","0/0","0/0","0/0","0/0","0/0","0/0","0/0","0/0","0/0","0/0","0/0","0/0","0/0","0/0","0/0","0/0","0/0","0/0","0/0","0/0","0/0","0/0","0/0","0/0","0/0","0/0","0/0","0/0","0/0","0/0","0/0","0/0","0/0","0/0","0/0","0/0","0/0","0/0","0/0","0/0","0/0","0/0","0/0","0/0","0/0","0/0","0/0","0/0","0/0","0/0","0/0","0/0","0/0","0/0","0/0","0/0","0/0","0/0","0/0","0/0",".","0/0","0/0","0/0","0/0","0/0","0/0","0/0","0/0","0/0","0/0","0/0","0/0","0/0","0/0","0/0","0/0","0/0","0/0","0/0","0/0","0/0","0/0","0/0","0/0","0/0","0/0","0/0","0/0","0/0","0/0","0/0","0/0","0/0","0/0","0/0","0/0","0/0","0/0","0/0","0/0","0/0","0/0","0/0","0/0","0/0","0/0","0/0","0/0","0/0","0/0","0/0","0/0","0/0","0/0","0/0","0/0","0/0","0/0","0/0","0/0","0/0","0/0","0/0","0/0","0/1","0/0","0/0","0/0","0/0","0/0","0/0","0/0"
"chr3:164907378_TAC/T_SLITRK3","0/0","0/0","0/0","0/0","0/0","0/0","0/0","0/0","0/0","0/0","0/0","0/0","0/0","0/0","0/0","0/0","0/0","0/0","0/0","0/0","0/0","0/0","0/0","0/0","0/0","0/0","0/0","0/0","0/0","0/0","0/0","0/0","0/0","0/0","0/0","0/0","0/0","0/0","0/0","0/0","0/0","0/0","0/0","0/0","0/0","0/0","0/0","0/0","0/0","0/0","0/0","0/0","0/0","0/0","0/0","0/0","0/0","0/0","0/0","0/0","0/0","0/0","0/0","0/0","0/0","0/0","0/0","0/0","0/0","0/0","0/0","0/0","0/0","0/0","0/0","0/0","0/0","0/0","0/0","0/0","0/0","0/0","0/0","0/0","0/0","0/0","0/0","0/0","0/0","0/0","0/1","0/0","0/0","0/0","0/0","0/1","0/0","0/0","0/0","0/0","0/0","0/0","0/0","0/0","0/0","0/0","0/0","0/0","0/0","0/0","0/0","0/0","0/0","0/0","0/0","0/0","0/0","0/0","0/0","0/0","0/0","0/0","0/0","0/0","0/0","0/0","0/0","0/0","0/0","0/0","0/0","0/0","0/0","0/0","0/0","0/0","0/0","0/0","0/0","0/0","0/0","0/0","0/0","0/0","0/0","0/0","0/0","0/0","0/0","0/0","0/0","0/0","0/0"
"chr3:165548420_A/AT_BCHE","0/0","0/0","0/0","0/0","0/0","0/0","0/0","0/0","0/0","0/0","0/0","0/0","0/0","0/1","0/0","0/0","0/0","0/0","0/0","0/0","0/0","0/0","0/0","0/0","0/0","0/0","0/0","0/0","0/0","0/0","0/0","0/0","0/0","0/0","0/0","0/0","0/0","0/0","0/0","0/0","0/0","0/0","0/0","0/0","0/0","0/0","0/0","0/0","0/0","0/0","0/0","0/0","0/0","0/0","0/0","0/0","0/0","0/0","0/0","0/0","0/0","0/0","0/0","0/0","0/0","0/0","0/0","0/0","0/0","0/0","0/0","0/0","0/0","0/0","0/0","0/0","0/0","0/0","0/0","0/0","0/0","0/0","0/0","0/0","0/0","0/0","0/0","0/0","0/0","0/0","0/0","0/0","0/0","0/0","0/0","0/0","0/0","0/0","0/0","0/0","0/0","0/0","0/0","0/0","0/0","0/0","0/0","0/0","0/0","0/0","0/0","0/0","0/0","0/0","0/0","0/0","0/0","0/0","0/0","0/0","0/0","0/0","0/0","0/0","0/0","0/0","0/0","0/0","0/0","0/0","0/0","0/0","0/0","0/0","0/0","0/0","0/0","0/0","0/0","0/0","0/0","0/0","0/0","0/0","0/0","0/0","0/0","0/0","0/0","0/0","0/0","0/0","0/0"
"chr3:167747641_C/CCTG_GOLIM4","0/0","0/0","0/0","0/0","0/0","0/0","0/0","0/0","0/0","0/0","0/0","0/0","0/0","0/0","0/0","0/0","0/0","0/0","0/0","0/0","0/0","0/0","0/0","0/0","0/0","0/0","0/0","0/0","0/0","0/0","0/0","0/0","0/0","0/0","0/0","0/1","0/0","0/0","0/0","0/0","0/0","0/0","0/0","0/0","0/0","0/0","0/0","0/0","0/0","0/0","0/0","0/0","0/0","0/1","0/0","0/0","0/0","0/0","0/0","0/0","0/0","0/0","0/0","0/0","0/0","0/1","0/0","0/0","0/0","0/0","0/1","0/0","0/0","0/0","0/0","0/0","0/0","0/0","0/0","0/0","0/0","0/0","0/0","0/0","0/0","0/0","0/0","0/0","0/0","0/0","0/0","0/0","0/0","0/0","0/0","0/0","0/0","0/0","0/0","0/0","0/0","0/0","0/0","0/0","0/0","0/0","0/0","0/0","0/0","0/0","0/0","0/0","0/0","0/0","0/0","0/0","0/0","0/0","0/0","0/0","0/0","0/0","0/0","0/0","0/0","0/0","0/0","0/0","0/0","0/0","0/0","0/0","0/0","0/0","0/0","0/0","0/0","0/0","0/0","0/0","0/0","0/0","0/0","0/0","0/0","0/0","0/0","0/0","0/0","0/0","0/0","0/0","0/0"
"chr3:169802159_G/GT_GPR160","0/0","0/0","0/0","0/0","0/0","0/0","0/0","0/0","0/0","0/0","0/0","0/0","0/0","0/0","0/0","0/0","0/0","0/0","0/0","0/0","0/0","0/0","0/0","0/0","0/0","0/0","0/0","0/0","0/0","0/0","0/0","0/0","0/0","0/0","0/0","0/0","0/0","0/0","0/0","0/0","0/0","0/0","0/0","0/0","0/0","0/0","0/0","0/0","0/0","0/0","0/0","0/0","0/0","0/0","0/0","0/0","0/0","0/0","0/0","0/0","0/0","0/0","0/0","0/0","0/0","0/0","0/0","0/0","0/0","0/0","0/0","0/0","0/0","0/0","0/0","0/0","0/0","0/0","0/0","0/0","0/0","0/0","0/0","0/0","0/0","0/0","0/0","0/0","0/0","0/0","0/0","0/0","0/0","0/0","0/0","0/0","0/0","0/0","0/0","0/0","0/0","0/0","0/0","0/1","0/0","0/0","0/0","0/0","0/0","0/0","0/0","0/0","0/0","0/0","0/0","0/0","0/0","0/0","0/0","0/0","0/0","0/0","0/0","0/0","0/0","0/0","0/0","0/0","0/0","0/0","0/0","0/0","0/0","0/0","0/0","0/0","0/0","0/0","0/0","0/0","0/0","0/0","0/0","0/0","0/0","0/0","0/0","0/0","0/0","0/0","0/0","0/0","0/0"
"chr3:169802468_TA/T_GPR160","0/0","0/0","0/0","0/0","0/0","0/0","0/0","0/0","0/0","0/0","0/0","0/0","0/0","0/0","0/0","0/0","0/0","0/0","0/0","0/0","0/0","0/0","0/0","0/0","0/0","0/0","0/0","0/0","0/0","0/0","0/0","0/0","0/0","0/0","0/0","0/0","0/1","0/0","0/0","0/0","0/0","0/0","0/0","0/0","0/0","0/0","0/0","0/0","0/0","0/0","0/0","0/0","0/0","0/0","0/0","0/0","0/0","0/0","0/0","0/0","0/0","0/0","0/0","0/0","0/0","0/0","0/0","0/0","0/0","0/0","0/0","0/0","0/0","0/0","0/0","0/0","0/0","0/0","0/0","0/0","0/0","0/0","0/0","0/0","0/0","0/0","0/0","0/0","0/0","0/0","0/0","0/0","0/0","0/0","0/0","0/0","0/0","0/0","0/0","0/0","0/0","0/0","0/0","0/0","0/0","0/0","0/0","0/0","0/0","0/0","0/0","0/0","0/0","0/0","0/0","0/0","0/0","0/0","0/0","0/0","0/0","0/0","0/0","0/0","0/0","0/0","0/0","0/0","0/0","0/0","0/0","0/0","0/0","0/0","0/0","0/0","0/0","0/0","0/0","0/0","0/0","0/0","0/0","0/0","0/0","0/0","0/0","0/0","0/0","0/0","0/0","0/0","0/0"
"chr3:170108071_TAGTC/T_SKIL","0/0","0/0","0/0","0/0","0/0","0/0","0/0","0/0","0/0","0/0","0/0","0/0","0/0","0/0","0/0","0/0","0/0","0/0","0/0","0/0","0/0","0/0","0/0","0/0","0/0","0/0","0/0","0/0","0/0","0/0","0/0","0/0","0/0","0/0","0/0","0/0","0/0","0/0","0/0","0/0","0/0","0/0","0/0","0/0","0/0","0/0","0/0","0/0","0/0","0/0","0/0","0/0","0/0","0/0","0/0","0/0","0/0","0/0","0/0","0/0","0/0","0/0","0/0","0/0","0/0","0/0","0/0","0/0","0/0","0/0","0/0","0/0","0/0","0/0","0/0","0/0","0/0","0/0","0/0","0/0","0/0","0/0","0/0","0/0","0/0","0/0","0/0","0/0","0/0","0/0","0/0","0/0","0/0","0/0","0/0","0/0","0/0","0/0","0/0","0/0","0/0","0/0","0/0","0/0","0/0","0/0","0/0","0/0","0/0","0/0","0/0","0/0","0/0","0/0","0/0","0/0","0/0","0/0","0/0","0/0","0/0","0/0","0/0","0/0","0/0","0/0","0/0","0/0","0/1","0/0","0/0","0/0","0/0","0/0","0/0","0/0","0/0","0/0","0/0","0/0","0/0","0/0","0/0","0/0","0/0","0/0","0/0","0/0","0/0","0/0","0/0","0/0","0/0"
"chr3:172241039_TGACCTGC/T_TNFSF10","0/0","0/0","0/0","0/0","0/0","0/0","0/0","0/0","0/0","0/0","0/0","0/0","0/0","0/0","0/0","0/0","0/0","0/0","0/0","0/0","0/0","0/0","0/0","0/0","0/0","0/0","0/1","0/0","0/0","0/0","0/0","0/0","0/0","0/0","0/0","0/0","0/0","0/0","0/0","0/0","0/0","0/0","0/0","0/0","0/0","0/0","0/0","0/0","0/0","0/0","0/0","0/0","0/0","0/0","0/0","0/0","0/0","0/0","0/0","0/0","0/0","0/0","0/0","0/0","0/0","0/0","0/0","0/0","0/0","0/0","0/0","0/0","0/0","0/0","0/0","0/0","0/0","0/0","0/0","0/0","0/0","0/0","0/0","0/0","0/0","0/0","0/0","0/0","0/0","0/0","0/0","0/0","0/0","0/0","0/0","0/0","0/0","0/0","0/0","0/0","0/0","0/0","0/0","0/0","0/0","0/0","0/0","0/0","0/0","0/0","0/0","0/0","0/0","0/0","0/0","0/0","0/0","0/0","0/0","0/0","0/0","0/0","0/0","0/0","0/0","0/0","0/0","0/0","0/0","0/0","0/0","0/0","0/0","0/0","0/0","0/0","0/0","0/0","0/0","0/0","0/0","0/0","0/0","0/0","0/0","0/0","0/0","0/0","0/0","0/0","0/0","0/0","0/0"
"chr3:172241048_TC/T_TNFSF10","0/0","0/0","0/0","0/0","0/0","0/0","0/0","0/0","0/0","0/0","0/0","0/0","0/0","0/0","0/0","0/0","0/0","0/0","0/0","0/0","0/0","0/0","0/0","0/0","0/0","0/0","0/1","0/0","0/0","0/0","0/0","0/0","0/0","0/0","0/0","0/0","0/0","0/0","0/0","0/0","0/0","0/0","0/0","0/0","0/0","0/0","0/0","0/0","0/0","0/0","0/0","0/0","0/0","0/0","0/0","0/0","0/0","0/0","0/0","0/0","0/0","0/0","0/0","0/0","0/0","0/0","0/0","0/0","0/0","0/0","0/0","0/0","0/0","0/0","0/0","0/0","0/0","0/0","0/0","0/0","0/0","0/0","0/0","0/0","0/0","0/0","0/0","0/0","0/0","0/0","0/0","0/0","0/0","0/0","0/0","0/0","0/0","0/0","0/0","0/0","0/0","0/0","0/0","0/0","0/0","0/0","0/0","0/0","0/0","0/0","0/0","0/0","0/0","0/0","0/0","0/0","0/0","0/0","0/0","0/0","0/0","0/0","0/0","0/0","0/0","0/0","0/0","0/0","0/0","0/0","0/0","0/0","0/0","0/0","0/0","0/0","0/0","0/0","0/0","0/0","0/0","0/0","0/0","0/0","0/0","0/0","0/0","0/0","0/0","0/0","0/0","0/0","0/0"
"chr3:172241050_AG/A_TNFSF10","0/0","0/0","0/0","0/0","0/0","0/0","0/0","0/0","0/0","0/0","0/0","0/0","0/0","0/0","0/0","0/0","0/0","0/0","0/0","0/0","0/0","0/0","0/0","0/0","0/0","0/0","0/1","0/0","0/0","0/0","0/0","0/0","0/0","0/0","0/0","0/0","0/0","0/0","0/0","0/0","0/0","0/0","0/0","0/0","0/0","0/0","0/0","0/0","0/0","0/0","0/0","0/0","0/0","0/0","0/0","0/0","0/0","0/0","0/0","0/0","0/0","0/0","0/0","0/0","0/0","0/0","0/0","0/0","0/0","0/0","0/0","0/0","0/0","0/0","0/0","0/0","0/0","0/0","0/0","0/0","0/0","0/0","0/0","0/0","0/0","0/0","0/0","0/0","0/0","0/0","0/0","0/0","0/0","0/0","0/0","0/0","0/0","0/0","0/0","0/0","0/0","0/0","0/0","0/0","0/0","0/0","0/0","0/0","0/0","0/0","0/0","0/0","0/0","0/0","0/0","0/0","0/0","0/0","0/0","0/0","0/0","0/0","0/0","0/0","0/0","0/0","0/0","0/0","0/0","0/0","0/0","0/0","0/0","0/0","0/0","0/0","0/0","0/0","0/0","0/0","0/0","0/0","0/0","0/0","0/0","0/0","0/0","0/0","0/0","0/0","0/0","0/0","0/0"
"chr3:180332732_T/TAAC_CCDC39","0/0","0/0","0/0","0/0","0/0","0/0","0/1","0/1","0/1","0/0","0/0","0/0","0/0","0/0","0/0","0/0","0/0","0/1","0/0","0/0","0/0","0/0","0/0","0/0","0/0","0/0","0/0","0/0","0/0","0/0","0/0","0/0","0/0","0/0","0/0","0/0","0/0","0/0","0/0","0/0","0/0","0/0","0/0","0/0","0/0","0/0","0/0","0/0","0/0","0/0","0/0","0/0","0/0","0/0","0/0","0/0","0/0","0/0","0/0","0/0","0/0","0/0","0/0","0/0","0/0","0/0","0/0","0/0","0/0","0/0","0/0","0/0","0/0","0/0","0/0","0/0","0/0","0/0","0/0","0/0","0/0","0/0","0/0","0/0","0/0","0/0","0/0","0/0","0/0","0/0","0/0","0/0","0/0","0/0","0/0","0/0","0/0","0/0","0/0","0/0","0/0","0/0","0/0","0/0","0/0","0/0","0/0","0/0","0/0","0/0","0/0","0/0","0/0","0/0","0/0","0/0","0/0","0/0","0/0","0/0","0/0","0/0","0/0","0/0","0/0","0/0","0/0","0/0","0/0","0/0","0/0","0/0","0/0","0/0","0/0","0/0","0/0","0/0","0/0","0/0","0/0","0/0","0/0","0/0","0/0","0/0","0/0","0/0","0/0","0/0","0/0","0/0","0/0"
"chr3:182841949_C/CAG_LAMP3","0/0","0/0","0/0","0/0","0/0","0/0","0/0","0/0","0/0","0/0","0/0","0/0","0/0","0/0","0/0","0/0","0/0","0/0","0/0","0/0","0/0","0/0","0/0","0/0","0/0","0/0","0/0","0/0","0/0","0/0","0/0","0/0","0/0","0/0","0/0","0/0","0/0","0/0","0/0","0/0","0/0","0/0","0/0","0/0","0/0","0/0","0/0","0/0","0/0","0/0","0/0","0/0","0/0","0/0","0/0","0/0","0/0","0/0","0/0","0/0","0/0","0/1","0/0","0/0","0/0","0/0","0/0","0/0","0/0","0/0","0/0","0/0","0/0","0/0","0/0","0/0","0/0","0/0","0/0","0/0","0/0","0/0","0/0","0/0","0/0","0/0","0/0","0/0","0/0","0/0","0/0","0/0","0/0","0/0","0/0","0/0","0/0","0/0","0/0","0/0","0/0","0/0","0/0","0/0","0/0","0/0","0/0","0/0","0/0","0/0","0/0","0/0","0/0","0/0","0/0","0/0","0/0","0/0","0/0","0/0","0/0","0/0","0/0","0/0","0/0","0/0","0/0","0/0","0/0","0/0","0/0","0/0","0/0","0/0","0/0","0/0","0/0","0/0","0/0","0/0","0/0","0/0","0/0","0/0","0/0","0/0","0/0","0/0","0/0","0/0","0/0","0/0","0/0"
"chr3:182841953_GGC/G_LAMP3","0/0","0/0","0/0","0/0","0/0","0/0","0/0","0/0","0/0","0/0","0/0","0/0","0/0","0/0","0/0","0/0","0/0","0/0","0/0","0/0","0/0","0/0","0/0","0/0","0/0","0/0","0/0","0/0","0/0","0/0","0/0","0/0","0/0","0/0","0/0","0/0","0/0","0/0","0/0","0/0","0/0","0/0","0/0","0/0","0/0","0/0","0/0","0/0","0/0","0/0","0/0","0/0","0/0","0/0","0/0","0/0","0/0","0/0","0/0","0/0","0/0","0/1","0/0","0/0","0/0","0/0","0/0","0/0","0/0","0/0","0/0","0/0","0/0","0/0","0/0","0/0","0/0","0/0","0/0","0/0","0/0","0/0","0/0","0/0","0/0","0/0","0/0","0/0","0/0","0/0","0/0","0/0","0/0","0/0","0/0","0/0","0/0","0/0","0/0","0/0","0/0","0/0","0/0","0/0","0/0","0/0","0/0","0/0","0/0","0/0","0/0","0/0","0/0","0/0","0/0","0/0","0/0","0/0","0/0","0/0","0/0","0/0","0/0","0/0","0/0","0/0","0/0","0/0","0/0","0/0","0/0","0/0","0/0","0/0","0/0","0/0","0/0","0/0","0/0","0/0","0/0","0/0","0/0","0/0","0/0","0/0","0/0","0/0","0/0","0/0","0/0","0/0","0/0"
"chr3:183493743_CGGAGGA/CGGA_YEATS2","0/1","0/0","0/1","1/1","0/1","0/1","1/2","1/1","1/1","0/1","0/0","0/1","0/1","1/2","0/1","1/2","1/1","0/1","1/1","0/1","0/1","1/1","1/1","0/1","0/1","0/0","1/1","0/1","0/1","0/1","0/1","0/1","0/0","1/1","0/1","0/1","0/0","1/1","1/1","0/1","1/1","0/1","1/1","0/1","0/1","0/1","0/0","1/1","0/1","0/1","1/1","1/1","0/1","0/1","1/1","1/1","0/1","0/0","0/1","0/0","0/1","1/2","1/1","1/3","1/3","1/1","1/1","1/1","1/1","1/1","1/2","1/2","1/1","0/1","0/1","0/1","0/1","1/1","1/2","1/2","1/1","1/2","1/1","0/1","0/1","0/1","0/1","1/1","0/2","0/2","1/1","1/1","1/1","1/2","1/1","1/1","1/1","0/0","0/1","0/1","0/1","1/2","0/1","0/1","0/1","1/1","1/1","0/2","0/2","1/1","1/2","0/0","0/1","0/1","1/1","1/1","1/1","0/4","0/0","0/4","0/0","0/0","1/1","0/4","1/1","1/1","0/1","0/1","0/0","0/0","0/0","0/0","0/1","1/1","0/1","0/1","1/1","1/1","0/1","0/1","0/1","0/0","0/1","0/1","0/1","0/1","0/1","0/0","0/0","1/2","1/1","1/1","1/1"
"chr3:183959513_A/ACCT_VWA5B2","0/0","0/0","0/0","0/0","0/0","0/0","0/0","0/0","0/0","0/0","0/0","0/0","0/0","0/0","0/0","0/0","0/0","0/0","0/0","0/0","0/0","0/0","0/0","0/0","0/0","0/0","0/0","0/0","0/0","0/0","0/0","0/0","0/0","0/0","0/0","0/0","0/0","0/0","0/0","0/0","0/0","0/0","0/0","0/0","0/0","0/0","0/0","0/0","0/0","0/0","0/0","0/0","0/0","0/0","0/0","0/0","0/0","0/0","0/0","0/0","0/0","0/0","0/0","0/0","0/0","0/0","0/1","0/0","0/0","0/1","0/0","0/0","0/0","0/0","0/0","0/0","0/0","0/0","0/0","0/0","0/0","0/0","0/0","0/0","0/0","0/0","0/0","0/0","0/0","0/0","0/0","0/0","0/0","0/0","0/0","0/0","0/0","0/0","0/0","0/0","0/0","0/0","0/0","0/0","0/0","0/0","0/0","0/0","0/0","0/0","0/0","0/0","0/0","0/0","0/0","0/0","0/0","0/0","0/0","0/0","0/0","0/0","0/0","0/0","0/0","0/0","0/0","0/0","0/0","0/0","0/0","0/0","0/0","0/0","0/0","0/0","0/0","0/0","0/1","0/1","0/1","0/0","0/0","0/0","0/0","0/0","0/0","0/0","0/0","0/0","0/0","0/0","0/0"
"chr3:184429133_A/ATCC_MAGEF1","0/1","0/1","0/1","0/0","0/0","0/0","0/1","0/1","0/1","0/1","0/0","0/0","0/0","0/1","0/1","0/1","0/0","0/1","0/0","0/0","0/1","0/0","0/0","0/1","0/1","1/1","0/0","0/0","0/0","0/0","0/0","0/0","0/1","0/1","0/0","0/1","0/1","0/0","0/0","1/2","0/1","0/1","0/1","0/1","0/1","0/0","1/1","0/0","0/1","0/1","0/1","0/1","0/1","0/1","0/0","0/0","0/1","0/0","0/0","0/1","0/0","0/1","0/1","0/0","0/0","0/1","0/1","0/1","0/1","0/1","0/1","0/1","0/1","0/1","0/1","0/1","0/1","0/0","0/0","0/1","0/1","0/1","0/1","0/1","0/1","0/1","0/1","1/1","0/1","0/1","0/0","0/1","0/1","0/1","0/1","0/0","1/1","0/0","0/0","0/0","0/1","0/1","0/1","0/1","0/1","0/1","0/1","0/1","0/1","0/1","0/0","0/1","0/1","0/0","0/1","0/0","0/0","0/0","0/1","0/0","0/1","0/1","0/0","0/0","0/1","0/1","0/0","0/0","1/1","1/1","1/1","0/1","0/1","0/1","0/1","0/1","0/1","0/1","0/1","0/1","0/1","0/1","0/1","0/1","0/1","0/1","0/0","0/0","0/0","0/0","0/0","0/0","0/0"
"chr3:186370136_A/AC_FETUB","0/0","0/0","0/0","0/0","0/0","0/0","0/0","0/0","0/0","0/0","0/0","0/0","0/0","0/0","0/0","0/0","0/0","0/0","0/0","0/0","0/0","0/0","0/0","0/0","0/0","0/0","0/0","0/0","0/0","0/0","0/0","0/0","0/0","0/0","0/0","0/0","0/0","0/0","0/0","0/0","0/0","0/0","0/0","0/0","0/0","0/0","0/0","0/0","0/0","0/0","0/0","0/0","0/0","0/0","0/0","0/0","0/0","0/0","0/0","0/0","0/0","0/0","0/0","0/0","0/0","0/0","0/0","0/0","0/0","0/0","0/0","0/0","0/0","0/0","0/0","0/0","0/0","0/0","0/0","0/0","0/0","0/0","0/0","0/0","0/0","0/0","0/0","0/0","0/0","0/0","0/0","0/0","0/0","0/0","0/0","0/0","0/0","0/0","0/0","0/0","0/1","0/0","0/1","0/0","0/0","0/0","0/0","0/0","0/0","0/0","0/0","0/0","0/0","0/0","0/0","0/0","0/0","0/0","0/0","0/0","0/0","0/0","0/0","0/0","0/0","0/0","0/0","0/0","0/0","0/0","0/0","0/0","0/0","0/0","0/0","0/0","0/0","0/0","0/0","0/0","0/0","0/0","0/0","0/0","0/0","0/0","0/0","0/0","0/0","0/0","0/0","0/0","0/0"
"chr3:190026102_TG/T_CLDN1","0/0","0/0","0/0","0/0","0/0","0/0","0/0","0/0","0/0","0/0","0/0","0/0","0/0","0/0","0/0","0/0","0/0","0/0","0/0","0/0","0/0","0/0","0/0","0/0","0/0","0/0","0/0","0/0","0/0","0/0","0/0","0/0","0/0","0/0","0/0","0/0","0/0","0/0","0/0","0/0","0/0","0/0","0/0","0/0","0/0","0/0","0/0","0/0","0/0","0/0","0/0","0/0","0/0","0/0","0/0","0/0","0/0","0/0","0/0","0/0","0/0","0/0","0/0","0/0","0/0","0/0","0/0","0/0","0/0","0/0","0/0","0/0","0/0","0/0","0/0","0/0","0/0","0/0","0/0","0/0","0/0","0/0","0/0","0/0","0/0","0/0","0/0","0/0","0/0","0/0","0/0","0/0","0/0","0/0","0/0","0/0","0/0","0/0","0/0","0/0","0/0","0/0","0/0","0/0","0/0","0/0","0/0","0/0","0/1","0/0","0/0","0/0","0/0","0/0","0/0","0/0","0/0","0/0","0/0","0/0","0/0","0/0","0/0","0/0","0/0","0/0","0/0","0/0","0/0","0/0","0/0","0/0","0/0","0/0","0/0","0/0","0/0","0/0","0/0","0/0","0/0","0/0","0/0","0/0","0/0","0/0","0/0","0/0","0/0","0/0","0/0","0/0","0/0"
"chr3:190106071_AG/A_CLDN16","0/1","0/1","0/1","0/0","0/0","0/0","0/0","0/0","0/0","0/0","0/0","0/0","0/0","0/0","0/0","0/0","0/0","0/0","0/0","0/0","0/0","0/0","0/0","0/0","0/0","0/0","0/0","0/1","0/0","0/0","0/0","0/0","0/0","0/0","0/0","0/0","0/0","0/0","0/0","0/0","0/0","0/0","0/0","0/0","0/0","0/0","0/0","0/0","0/0","0/0","0/0","0/0","0/0","0/0","0/0","0/0","0/0","0/0","0/0","0/0","0/0","0/0","0/0","0/0","0/0","0/0","0/0","0/0","0/0","0/0","0/0","0/0","0/0","0/0","0/0","0/0","0/0","0/0","0/0","0/0","0/0","0/0","0/0","0/0","0/0","0/0","0/0","0/0","0/0","0/0","0/0","0/0","0/0","0/0","0/0","0/0","0/0","0/0","0/0","0/0","0/0","0/0","0/0","0/0","0/0","0/0","0/0","0/0","0/0","0/0","0/0","0/0","0/0","0/0","0/0","0/0","0/0","0/0","0/0","0/0","0/0","0/0","0/0","0/0","0/0","0/0","0/0","0/0","0/0","0/0","0/0","0/0","0/0","0/0","0/0","0/0","0/0","0/0","0/0","0/0","0/0","0/0","0/0","0/0","0/0","0/0","0/0","0/0","0/0","0/0","0/0","0/0","0/0"
"chr3:193032821_CT/C_ATP13A5","0/0","0/0","0/0","0/0","0/0","0/0","0/0","0/0","0/0","0/0","0/0","0/0","0/0","0/0","0/0","0/0","0/0","0/0","0/0","0/0","0/0","0/0","0/0","0/0","0/0","0/0","0/0","0/0","0/0","0/0","0/0","0/0","0/0","0/0","0/0","0/0","0/0","0/0","0/0","0/0","0/0","0/0","0/0","0/0","0/0","0/0","0/0","0/0","0/0","0/0","0/0","0/0","0/0","0/0","0/0","0/0","0/0","0/0","0/0","0/0","0/0","0/0","0/0","0/0","0/0","0/0","0/0","0/0","0/0","0/0","0/0","0/0","0/0","0/0","0/0","0/0","0/0","0/0","0/0","0/0","0/0","0/0","0/0","0/0","0/0","0/0","0/0","0/0","0/0","0/0","0/0","0/0","0/0","0/0","0/0","0/0","0/0","0/0","0/0","0/0","0/0","0/0","0/0","0/0","0/0","0/0","0/0","0/0","0/0","0/0","0/0","0/0","0/0","0/0","0/0","0/0","0/0","0/0","0/0","0/0","0/0","0/0","0/0","0/0","0/0","0/0","0/0","0/0","0/0","0/0","0/0","0/0","0/0","0/0","0/0","0/0","0/0","0/0","0/1","0/1","0/1","0/0","0/0","0/0","0/0","0/0","0/0","0/0","0/0","0/0","0/0","0/0","0/0"
"chr3:195254670_CTT/CTTT_PPP1R2","0/0","0/0","0/0",".","0/0","0/0","0/0","0/0","0/0","0/1","0/0","0/0","0/0",".","0/0","0/0","0/0","0/0","0/0","0/0",".","0/0","0/0","0/0","0/0","0/0","0/0","0/0","0/0","0/0","0/0","0/1","0/0","0/0","0/1","0/0","0/0","1/1","0/0","0/0","0/0",".","0/0","0/0","0/0","0/0","0/1","0/0","0/0","0/0","0/0","0/0","0/0","0/0","0/2","0/0","0/0","0/0","0/0","0/0",".","0/0","0/0","0/0","0/0","0/0","0/1",".","0/1","0/0","0/0","0/0","0/0","0/0","0/0","0/1","0/0","0/1","0/0","0/0",".","1/1","0/0","0/0","0/0",".","0/0","0/0","0/0","0/1","0/0","0/0","0/0","0/0","0/0","0/0","0/0","0/0","0/0","0/0","0/0","0/0","0/0","0/0","0/0","0/0",".","0/0","0/0","0/0","0/0","0/0",".","0/0","0/0","0/0","0/0","0/0","0/0","0/0","0/0","0/0","0/0","0/0","0/0","0/0","0/0","0/0","0/0","0/0","0/0","0/0","0/0","0/1","0/0","0/0","0/0","0/0","0/2","0/0","0/0",".","0/0","0/0","0/0","0/0","0/0","0/0","0/0","0/0","0/0","0/0","0/0"
"chr3:195453017_GC/G_MUC20","0/0","0/0","0/0","0/0","0/0","0/0","0/0","0/0","0/0","0/0","0/0","0/0","0/0","0/0","0/0","0/0","0/0","0/0","0/1","0/0","0/0","0/0","0/0","0/0","0/0","0/0","0/0","0/0","0/0","0/0","0/0","0/0","0/0","0/0","0/0","0/0","0/0","0/0","0/0","0/0","0/0","0/0","0/0","0/0","0/0","0/0","0/0","0/0","0/0","0/0","0/1","0/0","0/0","0/0","0/0","0/0","0/0","0/0","0/0","0/0","0/0","0/0","0/0","0/0","0/0","0/0","0/0","0/0","0/0","0/0","0/0","0/0","0/0","0/0","0/0","0/0","0/0","0/0","0/0","0/0","0/0","0/0","0/1","0/0","0/0","0/0","0/0","0/0","0/0","0/0","0/0","0/0","0/0","0/0","0/0","0/0","0/0","0/0","0/0","0/0","0/0","0/1","0/0","0/0","0/0","0/0","0/0","0/0","0/0","0/1","0/0","0/0","0/0","0/0","0/0","0/0","0/0","0/0","0/0","0/0","0/0","0/0","0/0","0/0","0/0","0/0","0/0","0/0","0/0","0/0","0/0","0/0","0/0","0/0","0/0","0/0","0/0","0/0","0/0","0/0","0/0","0/0","0/0","0/0","0/0","0/0","0/0","0/0","0/0","0/0","0/0","0/0","0/0"
"chr3:195506471_ATAC/A_MUC4","0/0","0/0","0/0","0/0","0/0",".","0/0","0/0","0/0","0/0",".","0/0","0/0",".","0/0","0/0",".","0/0",".","0/0","0/0","0/0","0/0","0/0","0/0","0/0","1/1","0/0","0/0","0/0","0/0",".","0/0","0/0","0/0",".","0/0",".","0/0",".","0/0",".","0/0","0/0","0/0","0/0",".","0/0","0/0",".",".","0/0",".","0/0","0/0","0/0","0/0",".","0/0","0/0",".",".","0/0",".",".","0/0","0/0",".",".","0/0","0/0",".",".","0/0","0/0",".",".","0/0","0/0","0/0","0/0","0/0",".","0/0","0/0",".","0/0",".","0/0",".","0/0","0/0","0/0",".",".",".",".","0/0","0/0","0/0","0/0",".","0/0","0/0","0/0",".",".","0/0","0/0","0/0","0/0","0/0","0/0","0/0","0/0",".","0/0",".","0/0","0/0","0/0",".",".","0/0","0/0","0/0",".",".","0/0",".",".","0/0","0/0","0/0","0/0","0/0",".",".",".",".",".","0/0","0/0",".","0/0","0/0",".",".",".","0/0",".","0/0","0/0"
"chr3:195506476_GAGGAAGTGTCGGTGACAGGAAGGGGGGTGGCGTGACCTGTGGATGCTGAGGAACGGCTGGTGACAGGAAGAGAGGTGGCGTGACCTGTGGATA/G_MUC4","0/0","0/0","0/0","0/0","0/0",".","0/0","0/0","0/0","0/0",".","0/0","0/0",".","0/0","0/0",".","0/0",".","0/0","0/0","0/0","0/0","0/0","0/0","0/0","1/1","0/0","0/0","0/0","0/0",".","0/0","0/0","0/0",".","0/0",".","0/0","0/0","0/0",".","0/0","0/0","0/0","0/0",".","0/0","0/0",".",".","0/0",".","0/0","0/0","0/0","0/0",".","0/0","0/0",".",".","0/0",".",".","0/0","0/0",".",".","0/0","0/0",".",".","0/0",".",".",".","0/0","0/0","0/0","0/0","0/0",".","0/0","0/0",".","0/0",".",".",".","0/0","0/0","0/0",".",".",".",".","0/0","0/0","0/0","0/0",".","0/0","0/0","0/0",".",".","0/0","0/0","0/0","0/0","0/0","0/0",".","0/0",".","0/0",".","0/0","0/0","0/0","0/0",".","0/0","0/0","0/0",".",".","0/0",".",".","0/0","0/0","0/0","0/0","0/0",".",".",".",".",".","0/0","0/0",".","0/0","0/0",".",".",".","0/0",".","0/0","0/0"
"chr3:195506705_CTGTGGAAGCTGAGGAAGTGTCGGTGACAGGAAGAGGGGTGGCGTGACG/C_MUC4","0/0","0/0","0/0","0/0","0/0","0/0","0/0","0/0","0/0","0/0",".","0/0","0/0",".","0/0","0/0",".","0/0",".","0/0","0/0","0/0","1/1","0/0",".","0/0","0/0","0/0","0/0","0/0","0/0","0/0","0/0","0/0",".",".","0/0",".","0/0","0/0","0/0",".","0/0","0/0",".",".",".","0/0","0/0",".",".","0/0",".","0/0","0/0","0/0","0/0",".","0/0","0/0",".",".","0/0",".",".","0/0","0/0",".",".","0/0","0/0",".",".","0/0","0/0","0/0",".","0/0","0/0","0/0","0/0","0/0",".","0/0","0/0",".",".",".","0/0",".","0/0","0/0","0/0",".",".","0/0",".",".","0/0","0/0","0/0","0/0","0/0","0/0","0/0",".",".","0/0","0/0","0/0",".","0/0","0/0",".","0/0",".",".","0/0","0/0","0/0",".","0/0",".","0/0","0/0","0/0",".",".",".",".",".","0/0","0/0","0/0",".","0/0",".",".",".",".",".","0/0","0/0",".",".",".",".",".",".","0/0","0/0","0/0","."
"chr3:195506712_AGCTGAGGAAGTGTCGGTGACAGGAAGAGGGGTGGCGTGACGTGTGGAT/A_MUC4","0/0","0/0","0/0","0/0","0/0","0/0","0/0","0/0","0/0","0/0",".","0/0","0/0",".","0/0","0/0",".","0/0",".","0/0","0/0","0/0","2/2","0/0",".","0/0","1/1","0/0","0/0","0/0","0/0","1/1","0/0","0/0",".",".","0/0",".","0/0","0/0",".",".","0/0","0/0",".",".",".","0/0","0/0",".",".","0/0",".","0/0","0/0","0/0","0/0",".","0/0","1/1",".",".","0/0",".",".","0/0","0/0",".",".","0/0","0/0",".",".","0/0","0/0","0/0",".","0/0",".","0/0","0/0","0/1",".","0/0","0/0",".",".",".","0/0","1/1","0/1",".","0/0",".",".","1/1",".",".","0/0","0/0","0/0",".","0/0","0/0","0/0",".",".","0/0","0/0","0/0",".","0/0",".",".","0/0",".",".","0/0","0/0","0/0",".","0/0",".","0/0","0/0","0/0",".",".",".",".",".","0/0","0/0","0/0",".","0/0",".",".",".",".",".","0/0","0/0",".",".",".",".",".",".","0/0","0/0","0/0","."
"chr3:195508167_GGTGACAGGAAGAGGGGTGGCGTGACCTGTGGATGCTGAGGAAGGGCTA/G_MUC4","0/0","0/0","0/0","0/0","0/0","0/0","0/0","0/0","0/0","0/0","0/0","0/0","0/0","0/0","0/0","0/0","0/0","0/0","0/0","0/0","0/0","0/0","0/0","0/0","0/0","0/0","0/0","0/0","0/0","0/0","0/0","0/0","0/0","0/0","0/0","0/0","0/0","0/0","0/0","0/0","0/0","0/0","0/0","0/0","0/0","0/0","0/0","0/0","0/0","0/0","0/1","0/0","0/0","0/0","0/0","0/0","0/0","0/0","0/0","0/0","0/0","0/0","0/0","0/0","0/0","0/0","0/0","0/0","0/0","0/0","0/0","0/0","0/0","0/0","0/0","0/0","0/0","0/0","0/0","0/0","0/0","0/0","0/0","0/0","0/0","0/0","0/0","0/0","0/0","0/0","0/0","0/0","0/0","0/0","0/0","0/0","0/0","0/0","0/0","0/0","0/0","0/0","0/0","0/0","0/0","0/0","0/0","0/0","0/0","0/0","0/0","0/0","0/0","0/0","0/0","0/0","0/0","0/0","0/0","0/0","0/0","0/0","0/0","0/0","0/0","0/0","0/0","0/0","0/0","0/0","0/0","0/0","0/0","0/0","0/0","0/0","0/0","0/0","0/0","0/0","0/0","0/0","0/0","0/0","0/0","0/0","0/0","0/0","0/0","0/0","0/0","0/0","0/0"
"chr3:195509346_GGTGGATGCTGAGGAAGGGCTGGTGACATGAAGAGGGGTGGCGTGACCT/G_MUC4","0/0",".","0/0","0/0","0/0","0/0","0/0","0/0","0/0","0/0","0/0","0/0",".","0/0","0/0",".","0/0","0/0","0/0","0/0","0/0","0/0","0/0","0/0","0/0","0/0","0/0","0/0",".","0/0","0/0","0/0","0/0",".","0/0","0/0","0/0","0/0","0/0","0/0","0/0","0/0",".","0/0","0/0","0/0","0/0","0/0","0/0","0/0","0/0","0/0","0/0","0/0","0/0","0/0","0/0","0/0","0/0",".","0/0","0/0","0/0","0/0",".","0/0","0/0","0/0","0/0","0/0","0/0","0/0","0/0","0/0","0/0","0/0","0/0","0/0","0/0",".","0/0","1/1","0/0",".","0/0","0/0","0/0","0/0","0/0","0/0","0/0","0/0","0/0","0/0","0/0","0/0","0/0","0/0","0/0","0/0","0/0",".","0/0","0/0",".","0/0","0/0","0/0","0/0","0/0","0/0","0/0","0/0",".","0/0","0/0","0/0","0/0",".","0/0",".","0/0","0/0",".","0/0",".","0/0","0/0",".","0/0","0/0","0/0","0/0","0/0","0/0","0/0","0/0","0/0","0/0","0/0","0/0","0/0","0/0","0/0","0/0",".","0/0","0/0","0/0",".","0/0","0/0","0/0"
"chr3:195510197_GGGTGGTGTCACCTGTGGATACTGAGGAAGTCTCGGTGACAAGAAGAGGGGTGGTGTCACCTGTGGATGATGAGGAAGTGTCGGTGACAGGAAGAGAGGTGGTGTCACCTGTGTATGCTGAGGAAGTGTCGGTGACAGGAAGAGA/G_MUC4","0/0",".","0/0","0/0","0/0","0/0","0/0","0/0","0/0","0/0","1/1","0/0",".","0/0","0/0","0/0","1/1","0/0","0/0","0/0","0/0","0/0","0/0","0/0","0/1","0/0","0/0","0/0","0/0","0/0",".","0/0","0/0","0/0","0/0","0/0","0/0","0/0","0/0","0/0","0/0","0/0","0/0","0/0","0/0","0/0","0/0","0/0","0/0","0/0","0/0","0/0","0/0","0/0",".","0/0","0/0","0/1","0/0","0/0","0/0","0/0",".","0/0","0/0","0/0","0/0","0/0","0/0","0/0","0/0","0/1","0/0","0/0","0/0","0/0","0/0","0/0","0/0","0/0","0/0",".","0/0","0/0",".","0/0","0/0","0/0","0/0","0/0","0/0","0/0","0/0","0/0","0/0","0/0","0/0","0/0","0/0","0/0","0/0","0/0","0/0","0/0",".","0/0","0/0","0/0","0/0","0/0",".","0/0","0/0","0/0","0/0","0/0","0/0","0/0","0/0","0/0","0/0","0/0","0/0","0/0","0/0","0/0","0/0","0/0","0/0","0/0","0/0","0/0","0/0","0/0","0/0","0/0","0/0",".","0/0","0/0","0/0","0/0","0/0","0/0","0/0","0/1","0/0","0/0","0/0","0/0","0/0","0/0","0/0"
"chr3:195510749_C/A_MUC4",".","0/0","0/1","0/0","0/0","0/0",".","0/1",".","0/1","0/1","0/0",".","0/1","2/2","0/2","0/1",".","0/0",".","0/0",".","0/0","0/0","0/1",".",".","1/2","2/2",".","2/2",".","0/1",".",".","0/1",".","0/1","0/0",".",".","0/1","1/1","0/0",".",".","0/0",".","0/1",".","0/0",".","0/0","0/1","2/2","2/2","0/0","0/1",".",".",".","0/1","2/2","0/0","0/1","0/1","0/1","0/1","0/1","0/2",".","0/1","1/1","0/1","0/1","0/1",".","0/1",".",".","0/1",".","0/1","2/2",".",".","0/1","0/1",".","0/0","0/0","0/2","0/1","0/1","0/1","0/0","0/1",".","0/1","2/2",".",".","0/0","0/1",".","0/0","0/1","0/1","0/1","0/1","1/1","0/0","0/2",".","0/0","1/1","0/0","0/1",".","0/1","1/1","0/1",".",".","0/0",".","0/1","0/1","0/0",".","0/1","0/0","0/1",".","1/1",".",".","0/1","0/1","0/0","0/0",".",".","0/1",".",".","0/1","1/1","0/1","0/0","0/2",".","0/0"
"chr3:195511955_TGTCGGTG/T_MUC4","0/0","0/0","0/0","0/0","0/0","0/0","0/0","0/0","0/0","0/0","0/0","0/0","0/0","0/0","0/0","0/0","0/0","0/0","0/0","0/0","0/0","0/0","0/0","0/0","0/0","0/0","0/0","0/0","0/0","0/0","0/0","0/0","0/0","0/0","0/0","0/0","0/0","0/0","0/0","0/0","0/0","0/0","1/1","0/0","0/0","0/0","0/0","0/0","0/0","0/0","0/0","0/0","0/0","0/0","0/0","0/0","0/0","0/0","0/0","0/0","0/0","0/0","0/0","0/0","0/0","0/0","0/0","0/0","0/0","0/0","0/0","0/0","0/0","0/0","0/0","0/0","0/0","0/0","0/0","0/0","0/0","0/0","0/0","0/0","0/0","0/0","0/0","0/0","0/0","0/0","0/0","0/0","0/0","0/0","0/0","0/0","0/0","0/0","0/0","0/2","0/0","0/0","0/0","0/0","0/0","0/0","0/0","0/0","0/0","0/0","0/0","0/0","0/0","0/0","0/0","0/0","0/0","0/0","0/0","0/0","0/0","0/0","0/0","0/0","0/0","0/0","0/0","0/0","0/0","0/0","0/0","0/0","0/0","0/0","0/0","0/0","0/0","0/0","0/0","0/0","0/0","0/0","0/0","0/0","0/0","0/0","0/0","0/0","0/0","0/0","0/0","0/0","0/0"
"chr3:195512373_G/GGAT_MUC4","0/0","0/0","0/0","0/1","0/0","0/0","0/0","0/0","0/0","0/1","0/0","0/1","0/0","0/1","0/0","0/0","0/1","0/0","0/1","0/0","0/0","0/0","0/1","0/1","0/1","0/0","0/1","0/1","0/0","0/1","0/0","0/1","0/1","0/1","0/1","0/1","0/1","0/1","0/1","0/1","0/1","0/1","0/0","0/0","0/0","0/0","0/1","0/0","0/1","0/1","0/1","0/1","0/0","0/1","0/0","0/0","0/1","0/1","0/1","0/0","0/1","0/1","0/0","0/1","0/0","0/1","0/1","0/1","0/1","0/0","0/1","0/0","0/0","0/1","0/1","0/1","0/1","0/1","0/1","0/1","0/1","0/0","0/1","0/0","0/0","0/1","0/1","0/1","0/0","0/0","0/0","0/1","0/1","0/1","0/1","0/0","0/1","0/1","0/0","0/1","0/0","0/0","0/1","0/1","0/0","0/1","0/1","0/0","0/1","0/0","0/0","0/1","0/0","0/0","0/1","0/1","0/1","0/1","0/1","0/1","0/1","0/1","0/1","0/0","0/1","0/0","0/0","0/1","0/1","0/0","0/0","0/1","0/1","0/1",".","0/0","0/0","0/1","0/0","0/1","0/1","0/0","0/0","0/1","0/1","0/0","0/1","0/0","0/1","0/1","0/0","0/1","0/0"
"chr3:195513397_C/CCGGTGACAGGAAGAGGGGTGGCATGACCTGTGGATACTGAGGAATTGT_MUC4","0/0","0/0","0/0","0/0","0/0","0/0","0/0","0/0","0/0","0/0","1/2","0/0","0/0","2/2","0/0","0/0","0/0","0/0","0/0","0/1","0/0","0/0","0/0","0/1","0/0","0/0","0/0","0/0","0/0","0/0","0/0","0/0","0/0","0/0","1/2","0/1","0/2","0/0","0/0","0/2","0/0","2/2",".","0/0","0/1","0/0","1/2","0/0","0/1","0/0","1/1","0/1",".","0/1","0/0","0/0","0/0","0/1","0/0","0/0","0/0","0/0","0/0","0/2","0/0","0/2","0/1","0/0","1/2","0/0","0/0","2/2","0/2","0/1","0/2","0/0","0/1","0/1","0/0","0/0","0/1","0/0","0/0","0/0","0/0","0/0","0/0","0/1","0/0","0/0","0/0","0/0","0/0","0/0","0/1","0/0","1/2","1/2","0/0","0/1","0/0","0/0","0/0","0/0","0/1","0/2","0/0","0/0","0/0","0/0","0/0","0/0","0/0","0/0","0/0","0/0","1/2","0/0","0/0","0/0","0/0","0/1","0/0","0/0","0/0","0/1","0/0","0/0","0/0","0/0","0/0","0/0","0/0","2/2","0/0","0/0","0/2","0/0","0/0","2/2","0/0","0/0","0/1","1/2","1/1","2/2","0/2","1/1","0/0","0/2","0/0","0/0","0/0"
"chr3:195518112_T/TGTCTCCTGCGTAACA_MUC4","0/0","0/0","0/0","0/1","0/1","0/1","0/1","0/1","0/1","0/1","1/1","0/1","0/1","1/1","0/0","0/0","1/1","0/1","1/1","0/1","0/1","0/1","1/1","0/1","1/1","0/0","1/1","0/1","0/0","0/1","0/1","1/1","1/1","0/1","1/1","0/1","1/1","1/1","0/1","0/1","0/1","1/1","1/1","0/1","1/1","0/1","1/1","0/0","0/1","1/1","1/1","0/1","1/1","0/1","0/0","0/0","0/1","1/1","0/1","0/1","1/1","1/1","0/0","1/1","1/1","0/1","0/1","1/1","1/1","0/1","0/1","1/1","1/1","0/1","0/1","1/1","1/1","0/1","0/1","0/1","0/1","0/1","1/1","0/0","0/0","1/1","1/1","1/1","1/1","1/1","1/1","0/1","0/1","1/1","1/1","1/1","1/1","1/1","0/1","0/1","0/1","0/1","0/1","0/1","0/1","1/1","1/1","0/1","0/1","0/1","0/1","0/1","0/1","1/1","0/1","1/1","1/1","0/1","1/1","0/1","1/1","1/1","1/1","0/1","0/1","0/1","1/1","1/1","1/1","1/1","1/1","0/1","0/1","1/1","0/1","0/1","1/1","1/1","1/1","0/1","1/1","0/1","0/1","1/1","1/1","1/1","1/1","1/1","1/1","0/1","0/1","0/1","0/1"
"chr3:195595228_C/CGGG_TNK2","0/0","0/0","0/0","0/0","0/0","0/0","0/0","0/0","0/0","0/0","0/0","0/0","0/0","0/0","0/0","0/0","0/0","0/0","0/0","0/0","0/0","0/0","0/0","0/0","0/0","0/0","0/0","0/0","0/0","0/0","0/0","0/0","0/0","0/0","0/0","0/0","0/1","0/0","0/0","0/0","0/0","0/0","0/0","0/0","0/0","0/0","0/0","0/0","0/0","0/0","0/0","0/0","0/0","0/0","0/0","0/0","0/0","0/0","0/0","0/0","0/0","0/0","0/0","0/0","0/0","0/0","0/0","0/0","0/0","0/0","0/0","0/0","0/0","0/0","0/0","0/0","0/0","0/0","0/0","0/0","0/0","0/0","0/0","0/0","0/0","0/0","0/0","0/0","0/0","0/0","0/0","0/0","0/0","0/0","0/0","0/0","0/0","0/0","0/0","0/0","0/0","0/0","0/0","0/0","0/0","0/0","0/0","0/0","0/0","0/0","0/0","0/0","0/0","0/0","0/0","0/0","0/0","0/0","0/0","0/0","0/0","0/0","0/0","0/0","0/0","0/0","0/0","0/0","0/0","0/0","0/0","0/0","0/0","0/0","0/0","0/0","0/0","0/0","0/0","0/0","0/0","0/0","0/0","0/0","0/0","0/0","0/0","0/0","0/0","0/0","0/0","0/0","0/0"
"chr3:196295931_G/GCGGGCT_FBXO45","0/0","0/0","0/0","0/0","0/0","0/0","0/0","0/0","0/0","0/0","0/0","0/0","0/0","0/0","0/0","0/0","0/1","0/0","0/0","0/0","0/0","0/0","0/0","0/0","0/0","0/0","0/0","0/0","0/0","0/0","0/0","0/0","0/0","0/0","0/0","0/0","0/0","0/0","0/0","0/0","0/0","0/0","0/0","0/0","0/0","0/0","0/0","0/0","0/0","0/0","0/0","0/0","0/0","0/0","0/0","0/0","0/0","0/0","0/0","0/0","0/0","0/0","0/0","0/0","0/0","0/0","0/0","0/0","0/0","0/0","0/0","0/0","0/0","0/0","0/0","0/0","0/0","0/0","0/0","0/0","0/0","0/0","0/0","0/0","0/0","0/0","0/0","0/0","0/0","0/0","0/0","0/0","0/0","0/0","0/0","0/0","0/0","0/0","0/0","0/0","0/0","0/0","0/0","0/0","0/0","0/0","0/0","0/0","0/0","0/0","0/0","0/0","0/0","0/0","0/0","0/0","0/0","0/0","0/0","0/0","0/0","0/0","0/0","0/0","0/0","0/0","0/0","0/0","0/0","0/0","0/0","0/0","0/0","0/0","0/0","0/0","0/0","0/0","0/0","0/0","0/0","0/0","0/0","0/0","0/0","0/0","0/0","0/0","0/0","0/0","0/0","0/0","0/0"
"chr3:196613201_TACC/T_SENP5","0/0","0/0","0/0","0/1","0/0","0/0","0/0","0/0","0/0","0/0","0/0","0/0","0/0","0/0","0/0","0/0","0/0","0/0","0/0","0/0","0/0","0/0","0/0","0/0","0/0","0/0","0/0","0/0","0/0","0/0","0/0","0/0","0/0","0/0","0/0","0/0","0/0","0/0","0/0","0/0","0/0","0/0","0/0","0/0","0/0","0/0","0/0","0/0","0/0","0/0","0/0","0/0","0/0","0/0","0/0","0/0","0/0","0/0","0/0","0/0","0/0","0/0","0/0","0/0","0/0","0/0","0/0","0/0","0/0","0/0","0/0","0/0","0/0","0/0","0/0","0/0","0/0","0/0","0/0","0/0","0/0","0/0","0/0","0/0","0/0","0/0","0/0","0/0","0/0","0/0","0/0","0/0","0/0","0/0","0/0","0/0","0/0","0/0","0/0","0/0","0/0","0/0","0/0","0/0","0/0","0/0","0/0","0/0","0/0","0/0","0/1","0/0","0/0","0/0","0/0","0/0","0/0","0/0","0/0","0/0","0/0","0/0","0/0","0/0","0/0","0/0","0/0","0/0","0/0","0/0","0/0","0/0","0/0","0/0","0/0","0/0","0/0","0/0","0/0","0/0","0/0","0/0","0/0","0/0","0/0","0/0","0/0","0/0","0/0","0/0","0/0","0/0","0/0"
"chr3:196674359_C/CG_PIGZ","0/1","0/0","0/0","0/0","0/0","0/0","0/0","0/0","0/0","0/0","0/0","0/0","0/0","0/0","0/0","0/0","0/0","0/0","0/0","0/0","0/0","0/0","0/0","0/0","0/0","0/0","0/0","0/0","0/0","0/0","0/0","0/0","0/0","0/0","0/0","0/0","0/0","0/0","0/0","0/0","0/0","0/0","0/0","0/0","0/0","0/0","0/0","0/0","0/0","0/0","0/0","0/0","0/0","0/0","0/0","0/0","0/0","0/0","0/0","0/0","0/0","0/0","0/0","0/0","0/0","0/0","0/0","0/0","0/0","0/0","0/0","0/0","0/0","0/0","0/0","0/0","0/0","0/0","0/0","0/0","0/0","0/0","0/0","0/0","0/0","0/0","0/0","0/0","0/0","0/0","0/0","0/0","0/0","0/0","0/0","0/0","0/0","0/0","0/0","0/0","0/0","0/0","0/0","0/0","0/0","0/0","0/0","0/0","0/0","0/0","0/0","0/0","0/0","0/0","0/0","0/0","0/0","0/0","0/0","0/0","0/0","0/0","0/0","0/0","0/0","0/0","0/0","0/0","0/0","0/0","0/0","0/0","0/0","0/0","0/0","0/0","0/0","0/0","0/0","0/0","0/0","0/0","0/0","0/0","0/0","0/0","0/0","0/0","0/0","0/0","0/0","0/0","0/0"
"chr4:87313_G/GA_ZNF595","1/1","1/1","1/1","1/1","1/1","1/1","1/1","1/1","1/1","1/1","1/1","1/1","1/1","1/1","1/1","1/1","1/1","1/1","1/1","1/1","1/1","1/1","1/1","1/1","1/1","1/1","1/1","1/1","1/1","1/1","1/1","1/1","1/1","1/1","1/1","1/1","1/1","1/1","1/1","1/1","1/1","1/1","1/1","1/1","1/1","1/1","1/1","1/1","1/1","1/1","1/1","1/1","1/1","1/1","1/1","1/1","1/1","1/1","1/1","1/1","1/1","1/1","1/1","1/1","1/1","1/1","1/1","1/1","1/1","1/1","1/1","1/1","1/1","1/1","1/1","1/1","1/1","1/1","1/1","1/1","1/1","1/1","1/1","1/1","1/1","1/1","1/1","1/1","1/1","1/1","1/1","1/1","1/1","1/1","1/1","1/1","1/1","1/1","1/1","1/1","1/1","1/1","1/1","1/1","1/1","1/1","1/1","1/1","1/1","1/1","1/1","1/1","1/1","1/1","1/1","1/1","1/1","1/1","1/1","1/1","1/1","1/1","1/1","1/1","1/1","1/1","1/1","1/1","1/1","1/1","1/1","1/1","1/1","1/1","1/1","1/1","1/1","1/1","1/1","1/1","1/1","1/1","1/1","1/1","1/1","1/1","1/1","1/1","1/1","1/1","1/1","1/1","1/1"
"chr4:674349_AC/A_MYL5","0/0","0/0","0/0","0/0","0/0","0/0","0/0","0/0","0/0","0/0","0/0","0/0","0/0","0/0","0/0","0/0","0/0","0/0","0/0","0/0","0/0","0/0","0/0","0/0","0/0","0/0","0/0","0/0","0/0","0/0","0/0","0/0","0/0","0/0","0/0","0/0","0/0","0/0","0/0","0/0","0/0","0/0","0/0","0/0","0/0","0/0","0/0","0/0","0/0","0/0","0/0","0/0","0/0","0/0","0/0","0/0","0/0","0/0","0/0","0/0","0/0","0/0","0/0","0/0","0/0","0/0","0/0","0/0","0/0","0/0","0/0","0/0","0/0","0/0","0/0","0/0","0/0","0/0","0/0","0/0","0/0","0/0","0/0","0/0","0/0","0/0","0/0","0/0","0/0","0/0","0/0","0/0","0/0","0/0","0/0","0/0","0/0","0/0","0/0","0/0","0/0","0/0","0/0","0/0","0/0","0/0","0/0","0/0","0/0","0/0","0/0","0/0","0/0","0/0","0/0","0/0","0/0","0/0","0/0","0/0","0/0","0/0","0/0","0/0","0/0","0/0","0/0","0/0","0/0","0/0","0/0","0/0","0/0","0/0","0/0","0/0","0/0","0/0","0/0","0/0","0/0","0/0","0/0","0/1","0/1","0/1","0/0","0/0","0/0","0/0","0/0","0/0","0/0"
"chr4:728798_AC/A_PCGF3","0/0","0/0","0/0","0/0","0/0","0/0","0/0","0/0","0/0","0/0","0/0","0/0","0/0","0/0","0/0","0/0","0/0","0/0","0/0","0/0","0/0","0/0","0/0","0/0","0/0","0/0","0/0","0/0","0/0","0/0","0/0","0/0","0/0","0/0","0/0","0/0","0/1","0/0","0/0","0/0","0/0","0/0","0/0","0/0","0/0","0/0","0/0","0/0","0/0","0/0","0/0","0/0","0/0","0/0","0/0","0/0","0/0","0/0","0/0","0/0","0/0","0/0","0/0","0/0","0/0","0/0","0/0","0/0","0/0","0/0","0/0","0/0","0/0","0/0","0/0","0/0","0/0","0/0","0/0","0/0","0/0","0/0","0/0","0/0","0/0","0/0","0/0","0/0","0/0","0/0","0/0","0/0","0/0","0/0","0/0","0/0","0/0","0/0","0/0","0/0","0/0","0/0","0/0","0/0","0/0","0/0","0/0","0/0","0/0","0/0","0/0","0/0","0/0","0/0","0/0","0/0","0/0","0/0","0/0","0/0","0/0","0/0","0/0","0/0","0/0","0/0","0/0","0/0","0/0","0/0","0/0","0/0","0/0","0/0","0/0","0/0","0/0","0/0","0/0","0/0","0/0","0/0","0/0","0/0","0/0","0/0","0/0","0/0","0/0","0/0","0/0","0/0","0/0"
"chr4:962079_G/GTGCCTCTCCTGCCCCGCCCCCC_DGKQ","0/0","0/0","0/0","0/0","0/0","0/0","0/0","0/0","0/0","0/0","0/0","0/0","0/0","0/0","0/0","0/0","0/0","0/0","0/0","0/0","0/0","0/0","0/0","0/0","0/0","0/0",".","0/0","0/0","0/0","0/0","0/0","0/0","0/0","0/0","0/0","0/0","0/0","0/0","0/0","0/0","0/0","0/0","0/0","0/0","0/0","0/0","0/0","0/0","0/0","0/0","0/0","0/0","0/0","0/0","0/0","0/0","0/0","0/0","0/0","0/0","0/0","0/0","0/0","0/0","0/0","0/0","0/0","0/0","0/0","0/0","0/0","0/0","0/0","0/0","0/0","0/0","0/0","0/0","0/0","0/0","0/0","0/0","0/0","0/0","0/0","0/0","0/0","0/0","0/0",".","0/0","0/0","0/0","0/0","0/0","0/0","0/0","0/0","0/0","0/0","0/0","0/0","0/0","0/0","0/0","0/0","0/0",".","0/0","0/0","0/0","0/0","0/0","0/0",".","0/0","0/0","0/0","0/0","0/0","0/0","0/0","0/0","0/1","0/0","0/0","0/0","0/0","0/0","0/0","0/0","0/0","0/0","0/0","0/0","0/0","0/0","0/0","0/0","0/0","0/0","0/0","0/0","0/0","0/0","0/0","0/0","0/0","0/0","0/0","0/0","0/0"
"chr4:1019054_CCA/C_FGFRL1","0/0","0/0","0/0","0/0","0/0","0/0","0/0","0/0","0/1","0/0","0/0","0/0","0/0","0/0","0/0","0/0","0/1","0/0","0/0","0/0","0/0","0/0","0/0","0/0","0/0","0/0","0/0","0/0","0/1","0/0","0/0","0/1","0/0","0/0","0/1","0/0","0/1","0/0","0/1","0/0","0/0","0/0","0/1","0/0","0/0","0/0","0/1","0/0","0/0","0/0","0/1","0/0","0/1","0/0","0/0","0/0","0/1","0/0","0/1","0/0","0/0","0/1","0/0","0/0","0/0","0/0","0/0","0/1","0/0","0/0","0/0","0/0","0/0","0/0","0/0","0/1","0/0","0/0","0/0","0/0","0/0","0/0","0/0","0/0","0/0","0/0","0/1","0/0","0/0","0/0","0/0","0/0","0/0","0/0","0/0","0/0","0/0","0/0","0/0","0/0","0/0","0/0","0/0","0/1","0/1","0/0","0/0","0/0","0/0","0/0","0/0","0/1","0/0","0/1","0/1","0/0","0/0","0/0","0/0","0/0","0/1","0/0","0/0","0/1","0/0","0/0","0/0","0/0","0/0","0/0","0/1","0/0","0/1","0/0","0/0","0/0","0/0","0/0","0/0","0/0","0/0","0/0","0/0","0/0","0/0","0/1","0/0","0/0","0/0","0/1","0/0","0/0","0/0"
"chr4:1087327_G/GCTGCCCAGGCTGGAGCCAGCC_RNF212","0/1","0/1","0/1","1/1","1/1","1/1","1/1","1/1","1/1","0/1","0/1","1/1","0/1","1/1","0/1","0/1","1/1","1/1","1/1","0/1","1/1","0/1","1/1","0/1","0/1","0/1","1/1","0/1","0/1","0/1","1/1","0/1","1/1","0/1","0/1","1/1","0/0","0/0","1/1","0/1","1/1","1/1","0/1","0/1","0/1","0/0","1/1","1/1","0/1","0/1","0/1","0/1","1/1","0/1","1/1","0/1","0/0","0/1","0/1","0/1","1/1","0/0","1/1","1/1","1/1","0/1","0/0","1/1","1/1","0/0","0/1","0/1","0/1","0/1","0/1","1/1","1/1","1/1","1/1","1/1","1/1","0/0","0/1","1/1","1/1","0/1","0/1","0/1","1/1","1/1","0/0","0/1","0/1","0/0","0/0","0/0","0/1","1/1","0/1","0/1","0/0","0/0","0/0","1/1","1/1","0/0","0/0","0/0","0/0","0/0","1/1","1/1","1/1","1/1","1/1","0/1","0/1","0/1","1/1","0/1","1/1","1/1","0/1","0/1","1/1","1/1","1/1","1/1","1/1","1/1","1/1","1/1","1/1","1/1","1/1","1/1","1/1","1/1","1/1","1/1","1/1","1/1","1/1","1/1","1/1","1/1","1/1","1/1","1/1","0/1","0/1","0/1","0/1"
"chr4:1165660_GCAGGGGGGCGGAA/G_SPON2","0/0","0/0","0/0","0/0","0/0","0/0","0/0","0/0","0/0","0/0","0/0","0/0","0/0","0/0","0/0","0/0","0/0","0/0","0/0","0/0","0/0","0/0","0/0","0/0","0/0","0/0","0/0","0/0","0/0","0/0","0/0","0/0","0/0","0/0","0/0","0/0","0/0","0/0","0/0","0/0","0/0","0/0","0/0","0/0","0/0","0/0","0/0","0/0","0/0","0/0","0/0","0/0","0/0","0/0","0/0","0/0","0/0","0/0","0/0","0/0","0/0","0/0","0/0","0/1","0/1","0/0","0/0","0/0","0/0","0/0","0/0","0/0","0/0","0/0","0/0","0/0","0/0","0/0","0/0","0/0","0/0","0/0","0/0","0/0","0/0","0/0","0/0","0/0","0/0","0/0","0/0","0/0","0/0","0/0","0/0","0/0","0/0","0/0","0/0","0/0","0/0","0/0","0/0","0/0","0/0","0/0","0/0","0/0","0/0","0/0","0/0","0/0","0/0","0/0","0/0","0/0","0/0","0/0","0/0","0/0","0/0","0/0","0/0","0/0","0/0","0/0","0/0","0/0","0/0","0/0","0/0","0/0","0/0","0/0","0/0","0/0","0/0","0/0","0/0","0/0","0/0","0/0","0/0","0/0","0/0","0/0","0/0","0/0","0/0","0/0","0/0","0/0","0/0"
"chr4:1720278_CGCCAGGCCTCAGGG/C_TMEM129","0/0","0/0","0/0","0/0","0/0","0/0","0/0","0/0","0/0","0/0","0/0","0/0","0/0","0/0","0/0","0/0","0/0","0/0","0/0","0/0","0/0","0/0","0/1","0/0","0/0","0/0","0/0","0/0","0/0","0/0","0/0","0/0","0/0","0/0","0/0","0/0","0/0","0/0","0/0","0/0","0/0","0/0","0/0","0/0","0/0","0/0","0/0","0/0","0/0","0/0","0/0","0/0","0/0","0/0","0/0","0/0","0/0","0/0","0/0","0/0","0/0","0/0","0/0","0/0","0/0","0/0","0/0","0/0","0/0","0/0","0/0","0/0","0/0","0/0","0/0","0/0","0/0","0/0","0/0","0/0","0/0","0/0","0/0","0/0","0/0","0/0","0/0","0/0","0/0","0/0","0/0","0/0","0/0","0/0","0/0","0/0","0/0","0/0","0/0","0/0","0/0","0/0","0/0","0/0","0/0","0/0","0/0","0/0","0/0","0/0","0/0","0/0","0/0","0/0","0/0","0/0","0/0","0/0","0/0","0/0","0/0","0/0","0/0","0/0","0/0","0/0","0/0","0/0","0/0","0/0","0/0","0/0","0/0","0/0","0/0","0/0","0/0","0/0","0/0","0/0","0/0","0/0","0/0","0/0","0/0","0/0","0/0","0/0","0/0","0/0","0/0","0/0","0/0"
"chr4:1808971_TG/T_FGFR3","0/0","0/0","0/0","0/0","0/0","0/0","0/0","0/0","0/0","0/0","0/0","0/0","0/0","0/0","0/1","0/0","0/0","0/0","0/0","0/0","0/0","0/0","0/0","0/0","0/0","0/0","0/0","0/0","0/0","0/0","0/0","0/0","0/0","0/0","0/0","0/0","0/0","0/0","0/0","0/0","0/0","0/0","0/0","0/0","0/0","0/0","0/0","0/0","0/0","0/0","0/0","0/0","0/0","0/0","0/0","0/0","0/0","0/0","0/0","0/0","0/0","0/0","0/0","0/0","0/0","0/0","0/0","0/0","0/0","0/0","0/0","0/0","0/0","0/0","0/0","0/0","0/0","0/0","0/0","0/0","0/0","0/0","0/0","0/0","0/0","0/0","0/0","0/0","0/0","0/0","0/0","0/0","0/0","0/0","0/0","0/0","0/0","0/0","0/0","0/0","0/0","0/0","0/0","0/0","0/0","0/0","0/0","0/0","0/0","0/0","0/0","0/0","0/0","0/0","0/0","0/0","0/0","0/0","0/0","0/0","0/0","0/0","0/0","0/0","0/0","0/0","0/0","0/0","0/0","0/0","0/0","0/0","0/0","0/0","0/0","0/0","0/0","0/0","0/0","0/0","0/0","0/0","0/0","0/0","0/0","0/0","0/0","0/0","0/0","0/0","0/0","0/0","0/0"
"chr4:1932492_ACT/A_WHSC1","0/0","0/0","0/0","0/0","0/0","0/0","0/0","0/0","0/0","0/1","0/0","0/0","0/0","0/0","0/0","0/0","0/0","0/0","0/0","0/0","0/0","0/0","0/0","0/0","0/0","0/0","0/0","0/0","0/0","0/0","0/0","0/0","0/0","0/0","0/0","0/0","0/0","0/0","0/0","0/0","0/0","0/0","0/0","0/0","0/0","0/0","0/0","0/0","0/0","0/0","0/0","0/0","0/0","0/0","0/0","0/0","0/0","0/0","0/0","0/0","0/0","0/0","0/0","0/0","0/0","0/0","0/0","0/0","0/0","0/0","0/0","0/0","0/0","0/0","0/0","0/0","0/0","0/0","0/0","0/0","0/0","0/0","0/0","0/0","0/0","0/0","0/0","0/0","0/0","0/0","0/0","0/0","0/0","0/0","0/0","0/0","0/0","0/0","0/0","0/0","0/0","0/0","0/0","0/0","0/0","0/0","0/0","0/0","0/0","0/0","0/0","0/0","0/0","0/0","0/0","0/0","0/0","0/0","0/0","0/0","0/0","0/0","0/0","0/0","0/0","0/0","0/0","0/0","0/0","0/0","0/0","0/0","0/0","0/0","0/0","0/0","0/0","0/0","0/0","0/0","0/0","0/0","0/0","0/0","0/0","0/0","0/0","0/0","0/0","0/0","0/0","0/0","0/0"
"chr4:1980558_GC/G_WHSC1","0/0","0/0","0/0","0/0","0/0","0/0","0/0","0/0","0/0","0/0","0/0","0/0","0/0","0/0","0/0","0/0","0/0","0/0","0/0","0/0","0/0","0/0","0/0","0/0","0/0","0/0","0/0","0/0","0/0","0/0","0/0","0/0","0/0","0/0","0/0","0/0","0/1","0/0","0/0","0/0","0/0","0/0","0/0","0/0","0/0","0/0","0/0","0/0","0/0","0/0","0/0","0/0","0/0","0/0","0/0","0/0","0/0","0/0","0/0","0/0","0/0","0/0","0/0","0/0","0/0","0/0","0/0","0/0","0/0","0/0","0/0","0/0","0/0","0/0","0/0","0/0","0/0","0/0","0/0","0/0","0/0","0/0","0/0","0/0","0/0","0/0","0/0","0/0","0/0","0/0","0/0","0/0","0/0","0/0","0/0","0/0","0/0","0/0","0/0","0/0","0/0","0/0","0/0","0/0","0/0","0/0","0/0","0/0","0/0","0/0","0/0","0/0","0/0","0/0","0/0","0/0","0/0","0/0","0/0","0/0","0/0","0/0","0/0","0/0","0/0","0/0","0/0","0/0","0/0","0/0","0/0","0/0","0/0","0/0","0/0","0/0","0/0","0/0","0/0","0/0","0/0","0/0","0/0","0/0","0/0","0/0","0/0","0/0","0/0","0/0","0/0","0/0","0/0"
"chr4:2074702_TG/T_POLN","0/0","0/0","0/0","0/0","0/0","0/0","0/0","0/0","0/0","0/0","0/1","0/0","0/0","0/0","0/1","0/0","0/0","0/0","0/0","0/0","0/0","0/0","0/0","0/0","0/0","0/0","0/0","0/0","0/0","0/0","0/0","0/0","0/0","0/0","0/0","0/1","0/0","0/0","0/0","0/0","0/0","0/0","0/0","0/0","0/0","0/0","0/0","0/0","0/0","0/0","0/0","0/0","0/0","0/0","0/0","0/0","0/0","0/0","0/0","0/0","0/0","0/0","0/0","0/0","0/0","0/0","0/0","0/0","0/0","0/0","0/0","0/0","0/0","0/0","0/0","0/0","0/0","0/0","0/0","0/0","0/0","0/0","0/0","0/0","0/0","0/0","0/0","0/0","0/0","0/0","0/0","0/0","0/0","0/0","0/0","0/0","0/0","0/0","0/0","0/0","0/0","0/0","0/0","0/0","0/0","0/1","0/1","0/0","0/0","0/0","0/0","0/0","0/0","0/0","0/0","0/0","0/0","0/0","0/0","0/0","0/0","0/0","0/0","0/0","0/0","0/0","0/0","0/0","0/0","0/0","0/0","0/0","0/0","0/0","0/0","0/0","0/0","0/0","0/0","0/0","0/0","0/0","0/0","0/0","0/0","0/0","0/0","0/0","0/0","0/0","0/0","0/0","0/0"
"chr4:2945817_GGAGTTGCTATGTAAAGAATCCCAAGAAGAAAATTAA/G_NOP14","0/0","0/0","0/0","0/0","0/0","0/0","0/0","0/0","0/0","0/0","0/0","0/0","0/0","0/0","0/0","0/0","0/0","0/0","0/0","0/0","0/0","0/0","0/0","0/0","0/0","0/0","0/0","0/0","0/0","0/0","0/0","0/0","0/0","0/0","0/0","0/0","0/0","0/0","0/0","0/0","0/0","0/0","0/0","0/0","0/0","0/0","0/0","0/0","0/0","0/0","0/0","0/0","0/0","0/0","0/0","0/0","0/0","0/0","0/0","0/0","0/0","0/0","0/0","0/0","0/0","0/0","0/0","0/0","0/0","0/0","0/0","0/0","0/0","0/0","0/0","0/0","0/0","0/0","0/0","0/0","0/0","0/0","0/0","0/0","0/0","0/0","0/0","0/0","0/0","0/0","0/0","0/0","0/0","0/0","0/0","0/0","0/0","0/0","0/0","0/0","0/0","0/0","0/0","0/0","0/0","0/0","0/0","0/0","0/0","0/0","0/0","0/0","0/0","0/0","0/0","0/0","0/0","0/0","0/0","0/0","0/0","0/0","0/0","0/0","0/0","0/0","0/0","0/0","0/0","0/0","0/0","0/0","0/0","0/0","0/0","0/0","0/0","0/0","0/0","0/0","0/0","0/0","0/0","0/0","0/0","0/0","0/1","0/1","0/0","0/0","0/0","0/0","0/0"
"chr4:2955255_TGTC/T_NOP14","0/0","0/0","0/0","0/0","0/0","0/0","0/0","0/0","0/0","0/0","0/0","0/0","0/0","0/0","0/0","0/0","0/0","0/0","0/0","0/0","0/0","0/0","0/0","0/0","0/0","0/0","0/0","0/0","0/0","0/0","0/0","0/0","0/0","0/0","0/0","0/0","0/0","0/0","0/0","0/0","0/0","0/0","0/0","0/0","0/0","0/0","0/0","0/0","0/0","0/0","0/0","0/0","0/0","0/0","0/0","0/0","0/0","0/0","0/0","0/0","0/0","0/0","0/0","0/0","0/0","0/0","0/0","0/0","0/0","0/0","0/0","0/0","0/0","0/0","0/0","0/0","0/0","0/0","0/0","0/0","0/0","0/0","0/0","0/0","0/0","0/0","0/0","0/0","0/0","0/0","0/0","0/0","0/0","0/0","0/0","0/0","0/0","0/0","0/0","0/0","0/0","0/0","0/0","0/0","0/0","0/0","0/0","0/0","0/0","0/0","0/0","0/0","0/0","0/0","0/0","0/0","0/0","0/0","0/0","0/0","0/0","0/0","0/0","0/0","0/0","0/0","0/0","0/0","0/0","0/0","0/0","0/0","0/0","0/0","0/0","0/0","0/0","0/0","0/1","0/1","0/1","0/0","0/0","0/0","0/0","0/0","0/0","0/0","0/0","0/0","0/0","0/0","0/0"
"chr4:3015469_C/CA_GRK4","0/0","0/0","0/0","0/0","0/0","0/1","0/0","0/0","0/0","0/0","0/0","0/0","0/0","0/0","0/0","0/0","0/0","0/0","0/0","0/0","0/0","0/0","0/0","0/0","0/0","0/0","0/0","0/0","0/0","0/0","0/0","0/0","0/0","0/0","0/0","0/0","0/0","0/0","0/0","0/0","0/0","0/0","0/0","0/0","0/0","0/0","0/0","0/0","0/0","0/0","0/0","0/0","0/0","0/0","0/0","0/0","0/0","0/0","0/0","0/0","0/0","0/0","0/0","0/0","0/0","0/0","0/0","0/0","0/0","0/0","0/0","0/0","0/0","0/0","0/0","0/0","0/0","0/0","0/0","0/0","0/0","0/0","0/0","0/0","0/0","0/0","0/0","0/0","0/0","0/0","0/0","0/0","0/0","0/0","0/0","0/0","0/0","0/0","0/0","0/0","0/0","0/0","0/0","0/0","0/0","0/0","0/0","0/0","0/0","0/0","0/0","0/0","0/0","0/0","0/0","0/0","0/0","0/0","0/0","0/0","0/0","0/0","0/0","0/0","0/0","0/0","0/0","0/0","0/0","0/0","0/0","0/0","0/0","0/0","0/0","0/0","0/0","0/0","0/0","0/0","0/0","0/0","0/0","0/0","0/0","0/0","0/0","0/0","0/0","0/0","0/0","0/0","0/0"
"chr4:3076603_CCAGCAGCAG/CCAG_HTT","1/1","1/1","1/1","2/2","1/1","0/0","0/0","1/1","1/1","1/1","0/0","1/1","0/1","0/1","0/1","0/1","0/0","1/1","0/0","0/2","2/2","0/1","0/0","0/1","0/0","0/0","0/0","0/0","0/1","0/1","1/1","0/0","0/1","0/2","1/2","0/0","0/2","1/2","0/1","0/1","0/2","0/1","0/0","0/1","0/2","1/1","0/1","2/2","1/2","0/1","1/1","1/2","0/0","0/2","4/4","0/1","0/1","0/2","2/2","0/2","0/0","0/2","1/4","2/6","2/6","0/1","0/0","0/1","0/1","0/0","1/1","0/1","0/1","0/1","0/1","2/4","2/4","0/1","0/1","0/1","0/1","0/0","1/1","1/1","1/1","1/1","1/1","0/6","0/0","0/0","0/1","0/1","0/1","1/3","1/3","0/1","0/6","1/2","1/2","1/2","0/0","2/2","0/0","1/1","1/1","0/0","0/0","0/0","0/0","0/2","2/2","0/5","0/5","0/4","1/1","0/1","0/1","0/2","0/4","0/2","0/4","0/4","0/1","1/2","1/1","1/1","0/0","0/4","0/5","0/5","1/5","0/0","0/2","2/5","0/2","0/2","2/5","2/5","0/1","0/1","0/1","0/0","0/0","0/1","0/1","0/1","1/2","0/1","1/2","0/0","0/0","0/0","0/0"
"chr4:3076638_AGC/A_HTT","0/0","0/0","0/0","0/0","0/0","0/0","0/0","0/0","0/0","0/0","0/0","0/0","0/0","0/0","0/0","0/0","0/0","0/0","0/2","0/0","0/0","0/0","0/0","0/0","0/0","0/0","0/0","0/0","0/0","0/0","0/0","0/0","0/0","0/0","0/0","0/0","0/1","0/0","0/0","0/0","0/0","0/0","0/0","0/0","0/0","0/0","0/0","0/0","0/0","0/0","0/0","0/0","0/0","0/0","0/0","0/0","0/0","0/0","0/0","0/0","0/0","0/0","0/0","0/0","0/0","0/0","0/0","0/0","0/0","0/0","0/0","0/0","0/0","0/0","0/0","0/0","0/0","0/0","0/0","0/0","0/0","0/0","0/0","0/0","0/0","0/0","0/0","0/0","0/0","0/0","0/0","0/0","0/0","0/0","0/0","0/0","0/0","0/0","0/0","0/0","0/0","0/0","0/0","0/0","0/0","0/0","0/0","0/0","0/0","0/0","0/0","0/0","0/0","0/0","0/0","0/0","0/0","0/0","0/0","0/0","0/0","0/0","0/0","0/0","0/0","0/0","0/0","0/0","0/0","0/0","0/0","0/0","0/0","0/0","0/0","0/0","0/0","0/0","0/0","0/0","0/0","0/0","0/0","0/0","0/0","0/0","0/0","0/0","0/0","0/0","0/0","0/0","0/0"
"chr4:3076641_AGCAGCAGCAGCAG/AAGCAGCAGCAG_HTT","0/0","0/0","0/0","0/0","0/0","0/0","0/0","0/0","0/0","0/0","0/0","0/0","0/0","0/0","0/0","0/0","0/0","0/0","0/3","0/0","0/0","0/0","0/0","0/0","0/0","0/0","0/0","0/0","0/0","0/0","0/0","0/1","0/0","0/0","0/0","0/0","0/2","0/0","0/0","0/0","0/0","0/0","0/0","0/0","0/0","0/0","0/0","0/0","0/0","0/0","0/0","0/0","0/0","0/0","0/0","0/0","0/0","0/0","0/0","0/0","0/0","0/0","0/0","0/0","0/0","0/0","0/0","0/0","0/0","0/0","0/0","0/0","0/0","0/0","0/0","0/0","0/0","0/0","0/0","0/0","0/0","0/0","0/0","0/0","0/0","0/0","0/0","0/0","0/0","0/0","0/0","0/0","0/0","0/0","0/0","0/0","0/0","0/0","0/0","0/0","0/0","0/0","0/0","0/0","0/0","0/0","0/0","0/0","0/0","0/0","0/0","0/0","0/0","0/0","0/0","0/0","0/0","0/0","0/0","0/0","0/0","0/0","0/0","0/0","0/0","0/0","0/0","0/0","0/0","0/0","0/0","0/0","0/0","0/0","0/0","0/0","0/0","0/0","0/0","0/0","0/0","0/0","0/0","0/0","0/0","0/0","0/0","0/0","0/0","0/0","0/0","0/0","0/0"
"chr4:3076644_AGCAGCAGCAG/A_HTT","0/0","0/0","0/0","0/0","0/0","0/0","0/0","0/0","0/0","0/0","0/0","0/0","0/0","0/0","0/0","0/0","0/0","0/0","0/3","0/0","0/0","0/0","0/0","0/0","0/0","0/0","0/0","0/0","0/0","0/0","0/0","0/1","0/0","0/0","0/0","0/0","0/3","0/0","0/0","0/0","0/0","0/0","0/0","0/0","0/0","0/0","0/0","0/0","0/0","0/0","0/0","0/0","0/0","0/0","0/0","0/2","0/0","0/0","0/0","0/0","0/0","0/0","0/0","0/0","0/0","0/0","0/0","0/0","0/0","0/0","0/0","0/0","0/0","0/0","0/0","0/0","0/0","0/0","0/0","0/0","0/0","0/0","0/0","0/0","0/0","0/0","0/0","0/0","0/0","0/0","0/0","0/0","0/0","0/0","0/0","0/0","0/0","0/0","0/0","0/0","0/0","0/0","0/0","0/0","0/0","0/0","0/0","0/0","0/0","0/0","0/0","0/0","0/0","0/0","0/0","0/0","0/0","0/0","0/0","0/0","0/0","0/0","0/0","0/0","0/0","0/0","0/0","0/0","0/0","0/0","0/0","0/0","0/0","0/0","0/0","0/0","0/0","0/0","0/0","0/0","0/0","0/0","0/0","0/0","0/0","0/0","0/0","0/0","0/0","0/0","0/0","0/0","0/0"
"chr4:3076647_AGCAGCAG/A_HTT","0/0","0/0","0/0","0/0","0/0","0/0","0/0","0/0","0/0","0/0","0/0","0/0","0/0","0/0","0/0","0/0","0/0","0/0","0/2","0/0","0/0","0/0","0/0","0/0","0/0","0/0","0/0","0/0","0/0","0/0","0/0","0/0","0/0","0/0","0/0","0/0","0/2","0/0","0/0","0/0","0/0","0/0","0/0","0/0","0/0","0/0","0/0","0/0","0/0","0/0","0/0","0/0","0/0","0/0","0/0","0/1","0/0","0/0","0/0","0/0","0/0","0/0","0/0","0/0","0/0","0/0","0/0","0/0","0/0","0/0","0/0","0/0","0/0","0/0","0/0","0/0","0/0","0/0","0/0","0/0","0/0","0/0","0/0","0/0","0/0","0/0","0/0","0/0","0/0","0/0","0/0","0/0","0/0","0/0","0/0","0/0","0/0","0/0","0/0","0/0","0/0","0/0","0/0","0/0","0/0","0/0","0/0","0/0","0/0","0/0","0/0","0/0","0/0","0/0","0/0","0/0","0/0","0/0","0/0","0/0","0/0","0/0","0/0","0/0","0/0","0/0","0/0","0/0","0/0","0/0","0/0","0/0","0/0","0/0","0/0","0/0","0/0","0/0","0/0","0/0","0/0","0/0","0/0","0/0","0/0","0/0","0/0","0/0","0/0","0/0","0/0","0/0","0/0"
"chr4:3076650_AGCAG/AAG_HTT","0/0","0/0","0/0","0/0","0/0","0/0","0/0","0/0","0/0","0/0","0/0","0/0","0/0","0/0","0/0","0/0","0/0","0/0","0/2","0/0","0/0","0/0","0/0","0/0","0/0","0/0","0/1","0/0","0/0","0/0","0/0","0/2","0/0","0/0","0/0","0/0","0/2","0/0","0/0","0/0","0/0","0/0","0/0","0/0","0/0","0/0","0/0","0/0","0/0","0/0","0/0","0/0","0/0","0/0","0/0","0/2","0/0","0/0","0/0","0/0","0/0","0/0","0/0","0/0","0/0","0/0","0/0","0/0","0/0","0/0","0/0","0/0","0/0","0/0","0/0","0/0","0/0","0/0","0/0","0/0","0/0","0/0","0/0","0/0","0/0","0/0","0/0","0/0","0/0","0/0","0/0","0/0","0/0","0/0","0/0","0/0","0/0","0/0","0/0","0/0","0/0","0/0","0/0","0/0","0/0","0/0","0/0","0/0","0/0","0/0","0/0","0/0","0/0","0/0","0/0","0/1","0/1","0/0","0/0","0/0","0/0","0/0","0/1","0/0","0/0","0/0","0/0","0/0","0/0","0/0","0/0","0/0","0/0","0/0","0/0","0/0","0/0","0/0","0/0","0/0","0/0","0/0","0/0","0/0","0/0","0/0","0/0","0/0","0/0","0/0","0/0","0/0","0/0"
"chr4:3076653_AG/A_HTT","0/0","0/0","0/0","0/0","0/0","0/0","0/0","0/0","0/0","0/0","0/0","0/0","0/0","0/0","0/0","0/0","0/0","0/0","0/2","0/0","0/0","0/0","0/0","0/0","0/0","0/0","0/1","0/0","0/0","0/0","0/0","0/2","0/0","0/0","0/0","0/0","0/2","0/0","0/0","0/0","0/0","0/0","0/0","0/0","0/0","0/0","0/0","0/0","0/0","0/0","0/0","0/0","0/0","0/0","0/0","0/2","0/0","0/0","0/0","0/0","0/0","0/0","0/0","0/0","0/0","0/0","0/0","0/0","0/0","0/0","0/0","0/0","0/0","0/0","0/0","0/0","0/0","0/0","0/0","0/0","0/0","0/0","0/0","0/0","0/0","0/0","0/0","0/0","0/0","0/0","0/0","0/0","0/0","0/0","0/0","0/0","0/0","0/0","0/0","0/0","0/0","0/0","0/0","0/0","0/0","0/0","0/0","0/0","0/0","0/0","0/0","0/0","0/0","0/0","0/0","0/1","0/1","0/0","0/0","0/0","0/0","0/0","0/1","0/0","0/0","0/0","0/0","0/0","0/0","0/0","0/0","0/0","0/0","0/0","0/0","0/0","0/0","0/0","0/0","0/0","0/0","0/0","0/0","0/0","0/0","0/0","0/0","0/0","0/0","0/0","0/0","0/0","0/0"
"chr4:3076695_CTCCTCAGCTTCCTCA/C_HTT","0/0","0/1","0/0","0/0","0/0","0/0","0/0","0/0","0/0","0/0","0/0","0/0","0/0","0/0","0/0","0/0","0/0","0/0","0/0","0/0","0/0","0/0","0/0","0/0","0/0","0/0","0/0","0/0","0/0","0/0","0/0","0/0","0/0","0/0","0/0","0/0","0/0","0/0","0/0","0/0","0/0","0/0","0/0","0/0","0/0","0/0","0/0","0/0","0/0","0/0","0/0","0/0","0/0","0/0","0/0","0/0","0/0","0/0","0/0","0/0","0/0","0/0","0/0","0/0","0/0","0/0","0/0","0/0","0/0","0/0","0/0","0/0","0/0","0/0","0/0","0/0","0/0","0/0","0/0","0/0","0/0","0/0","0/0","0/0","0/0","0/0","0/0","0/0","0/0","0/0","0/0","0/0","0/0","0/0","0/0","0/0","0/0","0/0","0/0","0/0","0/0","0/0","0/0","0/0","0/0","0/0","0/0","0/0","0/0","0/0","0/0","0/0","0/0","0/0","0/0","0/0","0/0","0/0","0/0","0/0","0/0","0/0","0/0","0/0","0/0","0/0","0/0","0/0","0/0","0/0","0/0","0/0","0/0","0/0","0/0","0/0","0/0","0/0","0/0","0/0","0/0","0/0","0/0","0/0","0/0","0/0","0/0","0/0","0/0","0/0","0/0","0/0","0/0"
"chr4:3443797_CCTG/C_HGFAC","0/0","0/0","0/0","0/0","0/0","0/0","0/0","0/0","0/0","0/0","0/0","0/0","0/0","0/0","0/0","0/0","0/0","0/0","0/1","0/0","0/0","0/0","0/0","0/0","0/0","0/0","0/0","0/0","0/0","0/0","0/0","0/0","0/0","0/0","0/0","0/0","0/0","0/0","0/0","0/0","0/0","0/0","0/0","0/0","0/1","0/0","0/0","0/0","0/0","0/0","0/0","0/0","0/0","0/0","0/0","0/0","0/0","0/0","0/0","0/0","0/0","0/0","0/0","0/0","0/0","0/0","0/0","0/0","0/0","0/0","0/0","0/0","0/0","0/0","0/0","0/0","0/0","0/1","0/0","0/0","0/0","0/0","0/0","0/0","0/0","0/0","0/0","0/0","0/0","0/0","0/0","0/0","0/0","0/0","0/0","0/0","0/0","0/0","0/0","0/0","0/0","0/0","0/0","0/0","0/0","0/0","0/0","0/0","0/0","0/0","0/0","0/0","0/0","0/0","0/0","0/0","0/0","0/0","0/0","0/0","0/0","0/0","0/0","0/0","0/0","0/0","0/0","0/0","0/0","0/0","0/0","0/0","0/0","0/0","0/0","0/0","0/0","0/0","0/0","0/0","0/0","0/0","0/0","0/0","0/0","0/0","0/0","0/0","0/0","0/0","0/0","0/0","0/0"
"chr4:3445865_TC/T_HGFAC","0/0","0/0","0/0","0/0","0/0","0/0","0/0","0/0","0/0","0/0","0/0","0/0","0/0","0/0","0/0","0/0","0/0","0/1","0/0","0/0","0/0","0/0","0/0","0/0","0/0","0/0","0/0","0/0","0/0","0/0","0/0","0/0","0/0","0/0","0/0","0/0","0/0","0/0","0/0","0/0","0/0","0/0","0/0","0/0","0/0","0/0","0/0","0/0","0/0","0/0","0/0","0/0","0/0","0/0","0/0","0/0","0/0","0/0","0/0","0/0","0/0","0/0","0/0","0/0","0/0","0/0","0/0","0/0","0/0","0/0","0/0","0/0","0/0","0/0","0/0","0/0","0/0","0/0","0/0","0/0","0/0","0/0","0/0","0/0","0/0","0/0","0/0","0/0","0/0","0/0","0/0","0/0","0/0","0/0","0/0","0/0","0/0","0/0","0/0","0/0","0/0","0/0","0/0","0/0","0/0","0/0","0/0","0/0","0/0","0/0","0/0","0/0","0/0","0/0","0/0","0/0","0/0","0/0","0/0","0/0","0/0","0/0","0/0","0/0","0/0","0/0","0/0","0/0","0/0","0/0","0/0","0/0","0/0","0/0","0/0","0/0","0/0","0/0","0/0","0/0","0/0","0/0","0/0","0/0","0/0","0/0","0/0","0/0","0/0","0/0","0/0","0/0","0/0"
"chr4:3769295_AGGGGGCGGGGCC/A_ADRA2C","0/0","0/0","0/0","0/0","0/0","0/0","0/0","0/0","0/0","0/0","0/1","0/0","0/0","0/0","0/1","1/1","0/1","0/0","0/0","0/0","0/0","0/0","0/0","0/0","0/0","0/0","0/0","0/0","0/0","0/0","0/1","0/0","0/0","0/1","0/1","1/1","0/0","0/0","0/0","0/1","0/0","0/0","0/1","0/0","0/0","0/0","0/1","0/0","0/0","0/0","0/0","0/1","0/0","0/0","0/1","0/0","0/0","0/0","0/1","0/0","0/0","0/0","0/0","0/0","0/0","0/1","0/1","0/0","0/0","0/1","0/1","0/0","0/0","0/1","0/1","0/0","0/0","0/0","0/0","0/1","0/1","0/1","0/0","0/0","0/0","0/0","0/0","0/0","0/1","0/1","0/1","0/0","0/0","0/0","0/0","0/1","0/0","0/1","0/0","0/0","0/0","0/0","0/0","0/1","0/1","0/0","0/0","0/1","0/1","0/0","0/0","0/1","0/1","1/1","0/0","0/1","0/1","0/1","0/0","0/1","0/0","0/0","0/1","0/1","0/0","0/0","1/1","1/1","0/0","0/0","0/0","0/0","0/0","0/0","0/0","0/0","0/0","0/0","0/0","0/0","0/0","0/0","0/0","0/0","0/0","0/0","0/0","0/0","0/0","0/0","0/0","0/0","0/0"
"chr4:5713218_G/GCTCGGC_EVC","0/0","0/0","0/0","0/0","0/0","0/0","0/0","0/0","0/0","0/0","0/0","0/0","0/0","0/0","0/0","0/0","0/0","0/0","0/0","0/0","0/0","0/0","0/0","0/0","0/0","0/0","0/0","0/0","0/0","0/0","0/0","0/0","0/0","0/0","0/0","0/0",".","0/0","0/0","0/0","0/0","0/0",".","0/0","0/0","0/0","0/0","0/0","0/0","0/0","0/0","0/0","0/0","0/0","0/0","0/0",".","0/0","0/0","0/0","0/0","0/0","0/0","0/0","0/0","0/0","0/0","0/0","0/0","0/0",".","0/0","0/0","0/0","0/0","0/0","0/0","0/0","0/0","0/0","0/0","0/0","0/0","0/0","0/0","0/0","0/0","0/0","0/0","0/0","0/0","0/0","0/0","0/0","0/0","0/0","0/0","0/0","0/0","0/0","0/0","0/0","0/0","0/0","0/0","0/0","0/0","0/0","0/0","0/0","0/0","0/0","0/0","0/0","0/0","0/0","0/0","0/0","0/0","0/1","0/0","0/0","0/0","0/1","0/0","0/0","0/0",".","0/0","0/0","0/0","0/0","0/0","0/0","0/0","0/0","0/0","0/0","0/0","0/0","0/0","0/0","0/0","0/0","0/0","0/0","0/0","0/0","0/0","0/0","0/0","0/0","0/0"
"chr4:7044506_GCTC/G_CCDC96","0/0","0/0","0/0","0/0","0/0","0/0","0/0","0/0","0/0","0/0","0/0","0/0","0/0","0/0","0/0","0/0","0/0","0/0","0/0","0/0","0/0","0/0","0/0","0/0","0/0","0/0","0/0","0/0","0/1","0/1","0/0","0/0","0/0","0/0","0/0","0/0","0/0","0/0","0/0","0/0","0/0","0/0","0/0","0/0","0/0","0/0","0/0","0/0","0/0","0/0","0/0","0/0","0/0","0/0","0/0","0/0","0/0","0/0","0/1","0/0","0/0","0/0","0/0","0/0","0/0","0/0","0/0","0/0","0/0","0/0","0/0","0/0","0/0","0/0","0/0","0/0","0/0","0/0","0/0","0/0","0/0","0/0","0/0","0/0","0/0","0/0","0/0","0/0","0/0","0/0","0/0","0/0","0/0","0/0","0/0","0/0","0/0","0/0","0/0","0/0","0/0","0/0","0/0","0/0","0/0","0/0","0/0","0/0","0/0","0/0","0/0","0/0","0/0","0/0","0/0","0/0","0/1","0/0","0/0","0/0","0/0","0/0","0/0","0/0","0/0","0/0","0/0","0/0","0/0","0/0","0/0","0/0","0/0","0/0","0/0","0/0","0/0","0/1","0/0","0/0","0/0","0/0","0/0","0/0","0/0","0/0","0/0","0/0","0/0","0/0","0/0","0/0","0/0"
"chr4:7194481_CCTG/C_SORCS2","0/0","0/0","0/0","0/0","0/0","0/0","0/0","0/1","0/0","0/0","0/0","0/0","0/0","0/0",".","0/0",".","0/0","0/0","0/0","0/2","0/0","0/0","0/0","0/1","0/0","0/0","0/0","0/0","0/0","0/0","0/0","0/0","0/0","0/0","0/0","0/0","0/0","0/0","0/0","0/0","0/0","0/0","0/0","0/0","0/0","0/0","0/0","0/0","0/0","0/0","0/0","0/0","0/0","0/0","0/0","0/0","0/0","0/0","0/0","0/0","0/0","0/0","0/0","0/0","0/0","0/0","0/0","0/0","0/1","0/0","0/0","0/0","0/0","0/0","0/0","0/0","0/0","0/0","0/0",".","0/0","0/0","0/0","0/0","0/0",".","0/0","0/0","0/0","0/0","0/0","0/0","0/0","0/0","0/0","0/0","0/0","0/0","0/0","0/0","0/0","0/0","0/0","0/0","0/0",".","0/0","0/0","0/0","0/0","0/0","0/0","0/0","0/0","0/0","0/0","0/0","0/0","0/0","0/0","0/0","0/0","0/0","0/0","0/0","0/0","0/0","0/0","0/0","0/0",".","0/0","0/0","0/0","0/0","0/0","0/0","0/0","0/0","0/0","0/0","0/0","0/0","0/0","0/0","0/0","0/0","0/0","0/0","0/0","0/0","0/0"
"chr4:8398667_CATTGGATA/C_ACOX3","0/0","0/0","0/0","0/0","0/0","0/0","0/0","0/0","0/0","0/0","0/0","0/0","0/0","0/0","0/0","0/0","0/0","0/0","0/0","0/0","0/0","0/0","0/0","0/0","0/0","0/0","0/0","0/0","0/0","0/0","0/0","0/0","0/0","0/0","0/0","0/0","0/0","0/0","0/0","0/0","0/0","0/0","0/0","0/0","0/0","0/0","0/0","0/0","0/0","0/0","0/0","0/0","0/0","0/0","0/0","0/0","0/0","0/0","0/0","0/0","0/0","0/0","0/0","0/0","0/0","0/0","0/0","0/0","0/0","0/0","0/0","0/0","0/0","0/0","0/0","0/0","0/0","0/0","0/0","0/0","0/0","0/0","0/0","0/0","0/0","0/0","0/0","0/0","0/0","0/0","0/0","0/0","0/0","0/0","0/0","0/0","0/0","0/0","0/0","0/0","0/0","0/0","0/0","0/0","0/0","0/0","0/0","0/0","0/0","0/0","0/0","0/0","0/0","0/0","0/0","0/0","0/0","0/1","0/0","0/1","0/0","0/0","0/0","0/1","0/0","0/0","0/0","0/0","0/0","0/0","0/0","0/0","0/0","0/0","0/0","0/0","0/0","0/0","0/0","0/0","0/0","0/0","0/0","0/0","0/0","0/0","0/0","0/0","0/0","0/0","0/0","0/0","0/0"
"chr4:15004878_A/AGCCGCC_CPEB2","0/0","0/0","0/0","0/0","0/0","0/0","0/1","0/1","0/1","0/0","0/0","0/1","1/1","0/1","0/1","0/0","0/0","0/1","0/0","0/1","0/1","0/1","0/0","0/0","0/1","0/0","0/0","0/0","0/0","0/0","0/0","0/0","0/1","0/0","0/1","0/1","0/0","0/0","0/0","0/0","0/1","0/0","0/0","0/0","0/0","0/0","0/0","0/1","0/1","0/0","0/0","0/0","0/0","0/0","0/0","0/1","0/0","0/0","0/0","0/0","0/0","0/0","0/0","0/0","0/0","0/1","0/0","0/0","0/0","0/0","0/1","0/1","0/1","0/0","0/0","0/1","0/1","0/1","0/1","0/1","0/1","0/0","0/0","0/2","0/2","0/0","0/0","0/0","0/0","0/0","0/0","0/0","0/0","0/1","0/1","0/0","0/0","0/0","0/0","0/0","0/0","0/0","0/0","0/1","0/1","0/0","0/0","0/0","0/0","0/0","0/0","0/0","0/0","0/0","0/0","0/1","0/1","0/0","0/0","0/0","0/0","0/0","0/1","0/0","0/0","0/0","0/0","0/0","0/0","0/0","0/0","0/0","0/0","0/1","0/0","0/0","0/1","0/1","0/1","0/1","0/1","0/0","0/0","0/0","0/0","0/0","0/0","0/0","0/0","0/1","0/1","0/1","0/1"
"chr4:15004924_C/CCCG_CPEB2","0/0","0/0","0/0","0/0","0/0","0/0","0/1","0/1","0/1","0/0","0/0","0/1","1/1","0/1","0/1","0/0","0/0","0/1","0/0","0/1","0/1","0/1","0/0","0/0","0/1","0/0","0/0","0/0","0/0","0/0","0/0","0/0","0/1","0/0","0/1","0/1","0/0","0/0","0/0","0/0","0/1","0/0","0/0","0/0","0/0","0/0","0/0","0/1","0/1","0/0","0/0","0/0","0/0","0/0","0/0","0/1","0/0","0/0","0/0","0/0","0/0","0/0","0/0","0/0","0/0","0/1","0/0","0/0","0/0","0/0","0/1","0/1","0/1","0/0","0/0","0/1","0/1","0/1","0/1","0/1","0/1","0/0","0/0","0/0","0/0","0/0","0/0","0/0","0/0","0/0","0/0","0/0","0/0","0/1","1/1","0/0","0/0","0/0","0/0","0/0","0/0","0/0","0/0","0/1","0/1","0/0","0/0","0/0","0/0","0/0","0/0","0/0","0/0","0/0","0/0","0/1","0/1","0/0","0/0","0/0","0/0","0/0","0/1","0/0","0/0","0/0","0/0","0/0","0/0","0/0","0/0","0/0","0/0","0/1","0/0","0/0","0/1","0/1","0/1","0/1","0/1","0/0","0/0","0/0","0/0","0/0","0/0","0/0","0/0","0/1","0/1","0/1","0/1"
"chr4:15005738_A/AGCG_CPEB2","0/0","0/0","0/0","0/0","0/0","0/0","0/0","0/0","0/0","0/0","0/0","0/0","0/0","0/0","0/0","0/0","0/0","0/0","0/0","0/0","0/0","0/0","0/0","0/0","0/1","0/0","0/1","0/0","0/0","0/0","0/0","0/0","0/0","0/1","0/0","0/0","0/0","0/0","0/0","0/0","0/0","0/0","0/0","0/0","0/0","0/0","0/0","0/0","0/0","0/0","0/0","0/0","0/0","0/0","0/0","0/0","0/0","0/0","0/0","0/0","0/0","0/0","0/0","0/0","0/0","0/0","0/0","0/0","0/0","0/0","0/0","0/0","0/0","0/0","0/0","0/0","0/0","0/0","0/0","0/0","0/0","0/1","0/0","0/0","0/0","0/0","0/0","0/0","0/0","0/0","0/0","0/0","0/0","0/0","0/0","0/0","0/0","0/1","0/0","0/0","0/0","0/0","0/0","0/0","0/0","0/0","0/0","0/1","0/1","0/0","0/0","0/0","0/0","0/0","0/0","0/0","0/0","0/0","0/0","0/0","0/0","0/0","0/0","0/0","0/0","0/0","0/0","0/0","0/0","0/0","0/0","0/0","0/0","0/0","0/0","0/0","0/0","0/0","0/1","0/1","0/1","0/0","0/0","0/0","0/0","0/0","0/0","0/0","0/0","0/0","0/0","0/0","0/0"
"chr4:15995679_AT/A_PROM1","0/0","0/0","0/0","0/0","0/0","0/0","0/0","0/0","0/0","0/0","0/0","0/0","0/0","0/0","0/0","0/0","0/0","0/0","0/0","0/0","0/0","0/0","0/0","0/0","0/0","0/0","0/0","0/0","0/0","0/0","0/0","0/0","0/0","0/0","0/0","0/0","0/1","0/0","0/0","0/0","0/0","0/0","0/0","0/0","0/0","0/0","0/0","0/0","0/0","0/0","0/0","0/0","0/0","0/0","0/0","0/0","0/0","0/0","0/0","0/0","0/0","0/0","0/0","0/0","0/0","0/0","0/0","0/0","0/0","0/0","0/0","0/0","0/0","0/0","0/0","0/0","0/0","0/0","0/0","0/0","0/0","0/0","0/0","0/0","0/0","0/0","0/0","0/0","0/0","0/0","0/0","0/0","0/0","0/0","0/0","0/0","0/0","0/0","0/0","0/0","0/0","0/0","0/0","0/0","0/0","0/0","0/0","0/0","0/0","0/0","0/0","0/0","0/0","0/0","0/0","0/0","0/0","0/0","0/0","0/0","0/0","0/0","0/0","0/0","0/0","0/0","0/0","0/0","0/0","0/0","0/0","0/0","0/0","0/0","0/0","0/0","0/0","0/0","0/0","0/0","0/0","0/0","0/0","0/0","0/0","0/0","0/0","0/0","0/0","0/0","0/0","0/0","0/0"
"chr4:17841826_GAA/G_NCAPG","0/0","0/0","0/0","0/0","0/0","0/0","0/0","0/0","0/0","0/0","0/0","0/0","0/0","0/0","0/0","0/0","0/0","0/0","0/0","0/0","0/0","0/0","0/0","0/0","0/0","0/0","0/0","0/0","0/0","0/0","0/0","0/0","0/0","0/0","0/0","0/0","0/0","0/0","0/0","0/0","0/0","0/0","0/0","0/0","0/0","0/0","0/0","0/0","0/0","0/0","0/0","0/0","0/0","0/0","0/0","0/0","0/0","0/0","0/0","0/0","0/0","0/1","0/0","0/0","0/0","0/0","0/0","0/0","0/0","0/0","0/0","0/0","0/0","0/0","0/0","0/0","0/0","0/0","0/0","0/0","0/0","0/0","0/0","0/0","0/0","0/0","0/0","0/0","0/0","0/0","0/0","0/0","0/0","0/0","0/0","0/0","0/0","0/0","0/0","0/0","0/0","0/0","0/0","0/0","0/0","0/0","0/0","0/0","0/0","0/0","0/0","0/0","0/0","0/0","0/0","0/0","0/0","0/0","0/0","0/0","0/0","0/0","0/0","0/0","0/0","0/0","0/0","0/0","0/0","0/0","0/0","0/0","0/0","0/0","0/0","0/0","0/0","0/0","0/0","0/0","0/0","0/0","0/0","0/0","0/0","0/0","0/0","0/0","0/0","0/0","0/0","0/0","0/0"
"chr4:17842302_TAA/T_NCAPG","0/0","0/0","0/0","0/0","0/0","0/0","0/0","0/0","0/0","0/0","0/0","0/0","0/0","0/0","0/1","0/0","0/0","0/0","0/0","0/0","0/0","0/0","0/0","0/0","0/0","0/0","0/0","0/0","0/0","0/0","0/0","0/0","0/0","0/0","0/0","0/1","0/1","0/0","0/0","0/0","0/0","0/0","0/0","0/0","0/0","0/0","0/0","0/0","0/0","0/0","0/0","0/0","0/0","0/0","0/0","0/0","0/0","0/0","0/0","0/0","0/0","0/0","0/0","0/0","0/0","0/0","0/0","0/0","0/0","0/0","0/0","0/0","0/0","0/0","0/0","0/0","0/0","0/0","0/0","0/0","0/0","0/0","0/0","0/0","0/0","0/0","0/0","0/0","0/0","0/0","0/0","0/0","0/0","0/0","0/0","0/0","0/0","0/0","0/0","0/0","0/0","0/0","0/0","0/0","0/0","0/0","0/0","0/0","0/0","0/0","0/0","0/0","0/0","0/0","0/0","0/0","0/0","0/0","0/0","0/0","0/0","0/0","0/0","0/0","0/0","0/0","0/0","0/0","0/0","0/0","0/0","0/0","0/0","0/0","0/0","0/0","0/0","0/0",".","0/0","0/0","0/0","0/0","0/0","0/0","0/0","0/0","0/0","0/0","0/0","0/0","0/0","0/0"
"chr4:18023309_A/AGCGGCG_LCORL","0/0","0/0","0/0","0/0","0/0","0/0","0/0","0/0","0/0","0/0","0/0","0/0","0/0","0/0","0/0","0/0","0/0","0/0","0/0","0/0","0/0","0/0","0/0","0/0","0/0","0/0","0/0","0/0","0/0","0/0","0/0","0/0","0/0","0/0","0/0","0/0","0/0","0/0","0/0","0/0","0/1","0/0","0/0","0/0","0/0","0/0","0/0","0/0","0/0","0/0","0/0","0/0","0/0","0/0","0/0","0/0","0/0","0/0","0/0","0/0","0/0","0/0","0/0","0/0","0/0","0/0","0/0","0/0","0/0","0/0","0/0","0/0","0/0","0/0","0/0","0/0","0/0","0/0","0/0","0/0","0/0","0/0","0/0","0/0","0/0","0/0","0/0","0/0","0/0","0/0","0/0","0/0","0/0","0/0","0/0","0/0","0/0","0/0","0/0","0/0","0/0","0/0","0/0","0/0","0/0","0/0","0/0","0/0","0/0","0/0","0/0","0/0","0/0","0/0","0/0","0/0","0/0","0/0","0/0","0/0","0/0","0/0","0/0","0/0","0/0","0/0","0/0","0/0","0/0","0/0","0/0","0/0","0/0","0/0","0/0","0/0","0/0","0/0","0/0","0/0","0/0","0/0","0/0","0/0","0/0","0/0","0/0","0/0","0/0","0/0","0/0","0/0","0/0"
"chr4:25032261_CCAG/C_LGI2","0/0","0/0","0/0","0/0","0/0","0/0","0/0","0/0","0/0","0/0","0/0","0/0","0/0","0/0","0/0","0/0","0/0","0/0","0/0","0/0","0/0","0/0","0/0","0/0","0/0","0/0","0/0","0/0","0/0","0/0","0/0","0/0","0/0","0/0","0/0","0/0","0/0","0/0","0/0","0/0","0/0","0/0","0/0","0/0","0/0","0/0","0/0","0/0","0/0","0/0","0/0","0/0","0/0","0/0","0/0","0/0","0/0","0/0","0/0","0/0","0/0","0/0","0/0","0/1","0/0","0/0","0/0","0/1","0/0","0/0","0/0","0/1","0/0","0/0","0/0","0/0","0/0","0/0","0/0","0/0","0/0","0/0","0/0","0/0","0/0","0/0","0/0","0/0","0/0","0/0","0/0","0/0","0/0","0/0","0/0","0/0","0/0","0/0","0/0","0/1","0/0","0/0","0/0","0/0","0/0","0/0","0/0","0/0","0/0","0/0","0/0","0/0","0/0","0/0","0/0","0/0","0/0","0/0","0/0","0/0","0/0","0/0","0/0","0/0","0/0","0/0","0/0","0/0","0/0","0/0","0/0","0/0","0/0","0/0","0/0","0/0","0/0","0/0","0/0","0/0","0/0","0/0","0/0","0/0","0/0","0/0","0/0","0/0","0/0","0/0","0/0","0/0","0/0"
"chr4:25265392_TGAA/T_PI4K2B","0/0","0/0","0/0","0/0","0/0","0/0","0/0","0/0","0/0","0/0","0/0","0/0","0/0","0/0","0/0","0/0","0/0","0/0","0/0","0/0","0/0","0/0","0/0","0/0","0/0","0/0","0/0","0/0","0/0","0/0","0/0","0/0","0/0","0/0","0/0","0/0","0/0","0/0","0/0","0/0","0/0","0/0","0/0","0/0","0/0","0/0","0/0","0/0","0/0","0/0","0/0","0/0","0/0","0/0","0/0","0/0","0/0","0/0","0/1","0/1","0/0","0/0","0/0","0/0","0/0","0/0","0/1","0/0","0/0","0/1","0/0","0/0","0/0","0/0","0/0","0/0","0/0","0/0","0/0","0/0","0/0","0/0","0/0","0/0","0/0","0/0","0/0","0/0","0/0","0/0","0/0","0/0","0/0","0/1","0/1","0/0","0/0","0/0","0/0","0/0","0/0","0/0","0/0","0/1","0/1","0/0","0/0","0/0","0/0","0/0","0/0","0/0","0/0","0/0","0/0","0/0","0/0","0/0","0/0","0/0","0/0","0/0","0/0","0/0","0/0","0/0","0/0","0/0","0/0","0/0","0/0","0/0","0/0","0/0","0/0","0/0","0/0","0/0","0/0","0/0","0/0","0/0","0/0","0/0","0/0","0/0","0/1","0/1","0/1","0/0","0/0","0/0","0/0"
"chr4:25849257_CT/C_SEL1L3","0/0","0/0","0/0","0/0","0/0","0/0","0/0","0/0","0/0","0/1","0/0","0/0","0/0","0/0","0/0","0/0","0/0","0/0","0/0","0/0","0/0","0/0","0/0","0/0","0/0","0/0","0/0","0/0","0/0","0/0","0/0","0/0","0/0","0/0","0/0","0/0","0/0","0/0","0/0","0/0","0/0","0/0","0/0","0/0","0/0","0/0","0/0","0/0","0/0","0/0","0/0","0/0","0/0","0/0","0/0","0/0","0/0","0/0","0/0","0/0","0/0","0/0","0/0","0/0","0/0","0/0","0/0","0/0","0/0","0/0","0/0","0/0","0/0","0/0","0/0","0/0","0/0","0/0","0/0","0/0","0/0","0/0","0/0","0/0","0/0","0/0","0/0","0/0","0/0","0/0","0/0","0/0","0/0","0/0","0/0","0/0","0/0","0/0","0/0","0/0","0/0","0/0","0/0","0/0","0/0","0/0","0/0","0/0","0/0","0/0","0/0","0/0","0/0","0/0","0/0","0/0","0/0","0/0","0/0","0/0","0/0","0/0","0/0","0/0","0/0","0/0","0/0","0/0","0/0","0/0","0/0","0/0","0/0","0/0","0/0","0/0","0/0","0/0","0/0","0/0","0/0","0/0","0/0","0/0","0/0","0/0","0/0","0/0","0/0","0/0","0/0","0/0","0/0"
"chr4:26431574_TGGACAA/T_RBPJ","0/0","0/0","0/0","0/0","0/0","0/0","0/0","0/0","0/0","0/0","0/0","0/0","0/0","0/0","0/0","0/0","0/0","0/0","0/0","0/0","0/0","0/0","0/0","0/0","0/0","0/0","0/0","0/0","0/0","0/0","0/0","0/0","0/0","0/0","0/0","0/0","0/0","0/0","0/0","0/0","0/0","0/0","0/0","0/0","0/1","0/0","0/0","0/0","0/0","0/0","0/0","0/0","0/0","0/0","0/0","0/0","0/0","0/0","0/0","0/0","0/0","0/0","0/0","0/0","0/0","0/0","0/0","0/0","0/0","0/0","0/0","0/0","0/0","0/0","0/0","0/0","0/0","0/0","0/0","0/0","0/0","0/0","0/0","0/0","0/0","0/0","0/0","0/0","0/0","0/0","0/0","0/0","0/0","0/0","0/0","0/0","0/0","0/0","0/0","0/0","0/0","0/0","0/0","0/0","0/0","0/0","0/0","0/0","0/0","0/0","0/0","0/0","0/0","0/0","0/0","0/0","0/0","0/0","0/0","0/0","0/0","0/0","0/0","0/0","0/0","0/0","0/0","0/0","0/0","0/0","0/0","0/0","0/0","0/0","0/0","0/0","0/0","0/0","0/0","0/0","0/0","0/0","0/0","0/0","0/0","0/0","0/0","0/0","0/0","0/0","0/0","0/0","0/0"
"chr4:26431581_TCATTAGCACAGATAAGGCAG/T_RBPJ","0/0","0/0","0/0","0/0","0/0","0/0","0/0","0/0","0/0","0/0","0/0","0/0","0/0","0/0","0/0","0/0","0/0","0/0","0/0","0/0","0/0","0/0","0/0","0/0","0/0","0/0","0/0","0/0","0/0","0/0","0/0","0/0","0/0","0/0","0/0","0/0","0/0","0/0","0/0","0/0","0/0","0/0","0/0","0/0","0/1","0/0","0/0","0/0","0/0","0/0","0/0","0/0","0/0","0/0","0/0","0/0","0/0","0/0","0/0","0/0","0/0","0/0","0/0","0/0","0/0","0/0","0/0","0/0","0/0","0/0","0/0","0/0","0/0","0/0","0/0","0/0","0/0","0/0","0/0","0/0","0/0","0/0","0/0","0/0","0/0","0/0","0/0","0/0","0/0","0/0","0/0","0/0","0/0","0/0","0/0","0/0","0/0","0/0","0/0","0/0","0/0","0/0","0/0","0/0","0/0","0/0","0/0","0/0","0/0","0/0","0/0","0/0","0/0","0/0","0/0","0/0","0/0","0/0","0/0","0/0","0/0","0/0","0/0","0/0","0/0","0/0","0/0","0/0","0/0","0/0","0/0","0/0","0/0","0/0","0/0","0/0","0/0","0/0","0/0","0/0","0/0","0/0","0/0","0/0","0/0","0/0","0/0","0/0","0/0","0/0","0/0","0/0","0/0"
"chr4:39206803_GT/G_WDR19","0/0","0/0","0/0","0/0","0/0","0/0","0/0","0/0","0/0","0/0","0/0","0/0","0/0","0/0","0/0","0/0","0/0","0/0","0/0","0/0","0/0","0/0","0/0","0/0","0/0","0/0","0/0","0/0","0/0","0/0","0/0","0/1","0/0","0/0","0/0","0/0","0/0","0/0","0/0","0/0","0/0","0/0","0/0","0/0","0/0","0/0","0/0","0/0","0/0","0/0","0/0","0/0","0/0","0/0","0/0","0/0","0/0","0/0","0/0","0/0","0/0","0/0","0/0","0/0","0/0","0/0","0/0","0/0","0/0","0/0","0/0","0/0","0/0","0/0","0/0","0/0","0/0","0/0","0/0","0/0","0/0","0/0","0/0","0/0","0/0","0/0","0/0","0/0","0/0","0/0","0/0","0/0","0/0","0/0","0/0","0/0","0/0","0/0","0/0","0/0","0/0","0/0","0/0","0/0","0/0","0/0","0/0","0/0","0/0","0/0","0/0","0/0","0/0","0/0","0/0","0/0","0/0","0/0","0/0","0/0","0/0","0/0","0/0","0/0","0/0","0/0","0/0","0/0","0/0","0/0","0/0","0/0","0/0","0/0","0/0","0/0","0/0","0/0","0/0","0/0","0/0","0/0","0/0","0/0","0/0","0/0","0/0","0/0","0/0","0/0","0/0","0/0","0/0"
"chr4:44692866_ATGCTT/A_GUF1","0/0","0/0","0/0","0/0","0/0","0/0","0/0","0/0","0/0","0/0","0/0","0/0","0/0","0/0","0/0","0/0","0/0","0/0","0/0","0/0","0/0","0/0","0/0","0/0","0/0","0/0","0/0","0/0","0/0","0/1","0/0","0/0","0/0","0/0","0/0","0/0","0/0","0/0","0/0","0/0","0/0","0/0","0/0","0/0","0/0","0/0","0/0","0/0","0/0","0/0","0/0","0/0","0/0","0/0","0/0","0/0","0/0","0/0","0/0","0/0","0/0","0/0","0/0","0/0","0/0","0/0","0/0","0/0","0/0","0/0","0/0","0/0","0/0","0/0","0/0","0/0","0/0","0/0","0/0","0/0","0/0","0/0","0/0","0/0","0/0","0/0","0/0","0/0","0/0","0/0","0/0","0/0","0/0","0/0","0/0","0/0","0/0","0/0","0/0","0/0","0/0","0/0","0/0","0/0","0/0","0/0","0/0","0/0","0/0","0/0","0/0","0/0","0/0","0/0","0/0","0/0","0/0","0/0","0/0","0/0","0/0","0/0","0/0","0/0","0/0","0/0","0/0","0/0","0/0","0/0","0/0","0/0","0/0","0/0","0/0","0/0","0/0","0/0","0/0","0/0","0/0","0/0","0/0","0/0","0/0","0/0","0/0","0/0","0/0","0/0","0/0","0/0","0/0"
"chr4:47589037_C/CT_ATP10D","0/0","0/0","0/0","0/0","0/0","0/0","0/0","0/0","0/0","0/0","0/0","0/0","0/0","0/1","0/0","0/0","0/0","0/0","0/0","0/0","0/0","0/0","0/0","0/0","0/0","0/0","0/0","0/0","0/0","0/0","0/0","0/0","0/0","0/0","0/0","0/0","0/0","0/0","0/0","0/0","0/0","0/0","0/0","0/0","0/0","0/0","0/0","0/0","0/0","0/0","0/0","0/0","0/0","0/0","0/0","0/0","0/0","0/0","0/0","0/0","0/0","0/0","0/0","0/0","0/0","0/0","0/0","0/0","0/0","0/0","0/0","0/0","0/0","0/0","0/0","0/0","0/0","0/0","0/0","0/0","0/0","0/0","0/0","0/0","0/0","0/0","0/0","0/0","0/0","0/0","0/0","0/0","0/0","0/0","0/0","0/0","0/0","0/0","0/0","0/0","0/0","0/0","0/0","0/0","0/0","0/0","0/0","0/0","0/0","0/0","0/0","0/0","0/0","0/0","0/0","0/0","0/0","0/0","0/0","0/0","0/0","0/0","0/0","0/0","0/0","0/0","0/0","0/0","0/0","0/0","0/0","0/0","0/0","0/0","0/0","0/0","0/0","0/0","0/0","0/0","0/0","0/0","0/0","0/0","0/0","0/0","0/0","0/0","0/0","0/0","0/0","0/0","0/0"
"chr4:47839958_C/CT_CORIN","0/0","0/0","0/0","0/0","0/0","0/0","0/0","0/0","0/0","0/0","0/0","0/0","0/1","0/0","0/0","0/0","0/0","0/0","0/0","0/0","0/0","0/0","0/0","0/0","0/0","0/0","0/0","0/0","0/0","0/0","0/0","0/0","0/0","0/0","0/0","0/0","0/0","0/0","0/0","0/0","0/0","0/0","0/0","0/0","0/0","0/0","0/0","0/0","0/0","0/0","0/0","0/0","0/0","0/0","0/0","0/0","0/0","0/0","0/0","0/0","0/0","0/0","0/0","0/0","0/0","0/0","0/0","0/0","0/0","0/0","0/0","0/0","0/0","0/0","0/0","0/0","0/0","0/0","0/0","0/0","0/0","0/0","0/0","0/0","0/0","0/0","0/0","0/0","0/0","0/0","0/0","0/0","0/0","0/0","0/0","0/0","0/0","0/0","0/0","0/0","0/0","0/0","0/0","0/0","0/0","0/0","0/0","0/0","0/0","0/0","0/0","0/0","0/0","0/0","0/0","0/0","0/0","0/0","0/0","0/0","0/0","0/0","0/0","0/0","0/0","0/0","0/0","0/0","0/0","0/0","0/0","0/0","0/0","0/0","0/0","0/0","0/0","0/0","0/0","0/0","0/0","0/0","0/0","0/0","0/0","0/0","0/0","0/0","0/0","0/0","0/0","0/0","0/0"
"chr4:48344124_GGGA/G_SLAIN2","0/0","0/0","0/0","0/0","0/0","0/0","0/0","0/0","0/0","0/0","0/0","0/0","0/0","0/0","0/0","0/0","0/0","0/0","0/0","0/0","0/0","0/0","0/0","0/0","0/1","0/0","0/0","0/0","0/0","0/0","0/0","0/0","0/0","0/1","0/0","0/0","0/0","0/0","0/0","0/0","0/0","0/0","0/0","0/0","0/0","0/0","0/0","0/0","0/0","0/0","0/1","0/0","0/0","0/0","0/0","0/0","0/0","0/0","0/0","0/0","0/0","0/0","0/0","0/0","0/0","0/0","0/0","0/0","0/0","0/0","0/0","0/0","0/0","0/0","0/0","0/0","0/0","0/0","0/1","0/0","0/0","0/0","0/0","0/0","0/0","0/1","0/0","0/0","0/0","0/0","0/0","0/0","0/0","0/0","0/0","0/0","0/0","0/0","0/0","0/0","0/0","0/0","0/0","0/0","0/0","0/0","0/0","0/0","0/0","0/0","0/0","0/0","0/0","0/0","0/0","0/0","0/0","0/0","0/0","0/0","0/0","0/0","0/0","0/0","0/0","0/0","0/0","0/0","0/0","0/0","0/0","0/0","0/0","0/0","0/1","0/0","0/0","0/0","0/0","0/0","0/0","0/0","0/0","0/0","0/0","0/0","0/0","0/0","0/0","0/0","0/0","0/0","0/1"
"chr4:48422395_AC/A_SLAIN2","0/0","0/0","0/0","0/0","0/0","0/0","0/0","0/0","0/0","0/0","0/0","0/0","0/0","0/0","0/0","0/0","0/0","0/0","0/0","0/0","0/0","0/0","0/0","0/0","0/0","0/0","0/0","0/0","0/0","0/0","0/0","0/0","0/0","0/0","0/0","0/0","0/0","0/0","0/0","0/0","0/0","0/0","0/0","0/0","0/0","0/0","0/0","0/0","0/0","0/0","0/0","0/0","0/0","0/0","0/0","0/0","0/0","0/0","0/0","0/0","0/0","0/0","0/0","0/0","0/0","0/0","0/0","0/0","0/0","0/0","0/0","0/0","0/0","0/0","0/0","0/1","0/0","0/0","0/0","0/0","0/0","0/0","0/0","0/0","0/0","0/0","0/0","0/0","0/0","0/0","0/0","0/0","0/0","0/0","0/0","0/0","0/0","0/0","0/0","0/0","0/0","0/0","0/0","0/0","0/0","0/0","0/0","0/0","0/0","0/0","0/0","0/0","0/0","0/0","0/0","0/0","0/0","0/0","0/0","0/0","0/0","0/0","0/0","0/0","0/0","0/0","0/0","0/0","0/0","0/0","0/0","0/0","0/0","0/0","0/0","0/0","0/0","0/0","0/0","0/0","0/0","0/0","0/0","0/0","0/0","0/0","0/0","0/0","0/0","0/0","0/0","0/0","0/0"
"chr4:48993993_CTTG/C_CWH43","0/0","0/0","0/0","0/0","0/0","0/0","0/0","0/0","0/0","0/0","0/0","0/0","0/0","0/0","0/0","0/0","0/0","0/0","0/0","0/0","0/0","0/0","0/0","0/0","0/0","0/0","0/0","0/0","0/0","0/0","0/0","0/0","0/0","0/0","0/0","0/0","0/0","0/0","0/0","0/0","0/0","0/0","0/0","0/0","0/0","0/0","0/0","0/0","0/0","0/0","0/0","0/0","0/0","0/1","0/0","0/0","0/0","0/0","0/0","0/0","0/0","0/0","0/0","0/0","0/0","0/0","0/0","0/0","0/0","0/0","0/0","0/0","0/0","0/0","0/0","0/0","0/0","0/0","0/0","0/0","0/0","0/0","0/0","0/0","0/0","0/0","0/0","0/0","0/0","0/0","0/0","0/0","0/0","0/0","0/0","0/0","0/0","0/0","0/0","0/0","0/0","0/0","0/0","0/0","0/0","0/0","0/0","0/0","0/0","0/0","0/0","0/0","0/0","0/0","0/0","0/0","0/0","0/0","0/0","0/0","0/0","0/0","0/0","0/0","0/0","0/0","0/0","0/0","0/0","0/0","0/0","0/0","0/0","0/0","0/0","0/0","0/0","0/0","0/0","0/0","0/0","0/0","0/0","0/0","0/0","0/0","0/0","0/0","0/0","0/0","0/0","0/0","0/0"
"chr4:49034669_CA/C_CWH43","0/0","0/0","0/0","0/0","0/0","0/0","0/0","0/0","0/0","0/0","0/0","0/0","0/0","0/0","0/0","0/0","0/0","0/0","0/0","0/0","0/0","0/0","0/0","0/0","0/0","0/0","0/0","0/0","0/0","0/0","0/0","0/0","0/0","0/0","0/0","0/0","0/0","0/0","0/0","0/0","0/0","0/0","0/0","0/0","0/0","0/0","0/0","0/0","0/1","0/0","0/0","0/0","0/0","0/0","0/0","0/0","0/0","0/0","0/0","0/0","0/0","0/0","0/0","0/0","0/0","0/0","0/0","0/0","0/0","0/0","0/0","0/0","0/0","0/0","0/0","0/0","0/0","0/0","0/0","0/0","0/0","0/0","0/0","0/0","0/0","0/0","0/0","0/0","0/0","0/0","0/0","0/0","0/0","0/0","0/0","0/0","0/0","0/0","0/0","0/0","0/0","0/0","0/0","0/0","0/0","0/0","0/0","0/0","0/0","0/0","0/0","0/0","0/0","0/0","0/0","0/0","0/0","0/0","0/0","0/0","0/0","0/0","0/0","0/0","0/0","0/0","0/0","0/0","0/0","0/0","0/0","0/0","0/0","0/0","0/0","0/0","0/0","0/0","0/0","0/0","0/0","0/0","0/0","0/0","0/0","0/0","0/0","0/0","0/0","0/0","0/0","0/0","0/0"
"chr4:56304521_C/CTGGGA_CLOCK","0/0","0/0","0/0","0/0","0/0","0/0","0/0","0/0","0/0","0/0","0/0","0/0","0/0","0/0","0/0","0/0","0/0","0/0","0/0","0/0","0/0","0/0","0/0","0/0","0/0","0/0","0/0","0/0","0/0","0/0","0/0","0/0","0/0","0/0","0/0","0/0","0/0","0/0","0/0","0/0","0/0","0/0","0/0","0/0","0/0","0/0","0/0","0/0","0/0","0/0","0/0","0/0","0/0","0/0","0/0","0/0","0/0","0/0","0/0","0/0","0/0","0/0","0/0","0/0","0/0","0/0","0/0","0/0","0/0","0/0","0/0","0/0","0/0","0/0","0/0","0/0","0/0","0/0","0/0","0/0","0/0","0/0","0/0","0/0","0/0","0/0","0/0","0/0","0/0","0/0","0/0","0/0","0/0","0/0","0/0","0/0","0/0","0/0","0/0","0/0","0/0","0/0","0/0","0/0","0/0","0/0","0/0","0/0","0/0","0/0","0/0","0/0","0/0","0/0","0/0","0/0","0/0","0/0","0/0","0/0","0/0","0/0","0/0","0/0","0/0","0/0","0/0","0/0","0/0","0/0","0/0","0/0","0/0","0/0","0/0","0/1","0/0","0/0","0/0","0/0","0/0","0/0","0/0","0/0","0/0","0/0","0/0","0/0","0/0","0/0","0/0","0/0","0/0"
"chr4:56473618_CT/C_NMU","0/0","0/0","0/0","0/0","0/0","0/0","0/0","0/0","0/0","0/0","0/0","0/0","0/0","0/0","0/0","0/0","0/0","0/0","0/0","0/0","0/0","0/0","0/0","0/0","0/0","0/0","0/0","0/0","0/0","0/0","0/0","0/1","0/0","0/0","0/0","0/0","0/0","0/0","0/0","0/0","0/0","0/0","0/0","0/0","0/0","0/0","0/0","0/0","0/0","0/0","0/0","0/0","0/0","0/0","0/0","0/0","0/0","0/0","0/0","0/0","0/0","0/0","0/0","0/0","0/0","0/0","0/0","0/0","0/0","0/0","0/0","0/0","0/0","0/0","0/0","0/0","0/0","0/0","0/0","0/0","0/0","0/0","0/0","0/0","0/0","0/0","0/0","0/0","0/0","0/0","0/0","0/0","0/0","0/0","0/0","0/0","0/0","0/0","0/0","0/0","0/0","0/0","0/0","0/0","0/0","0/0","0/0","0/0","0/0","0/0","0/0","0/0","0/0","0/0","0/0","0/0","0/0","0/0","0/0","0/0","0/0","0/0","0/0","0/0","0/0","0/0","0/0","0/0","0/0","0/0","0/0","0/0","0/0","0/0","0/0","0/0","0/0","0/0","0/0","0/0","0/0","0/0","0/0","0/0","0/0","0/0","0/0","0/0","0/0","0/0","0/0","0/0","0/0"
"chr4:56502273_GAGC/G_NMU","0/0","0/0","0/0","0/0","0/0","0/0","0/0","0/0","0/0","0/0","0/0","0/0","0/0","0/0","0/0","0/0","0/0","0/0","0/0","0/0","0/0","0/0","0/0","0/0","0/0","0/0","0/0","0/0","0/0","0/0","0/0","0/0","0/0","0/0","0/0","0/0","0/0","0/0","0/0","0/0","0/0","0/0","0/0","0/0","0/0","0/0","0/0","0/0","0/0","0/0","0/0","0/0","0/0","0/0","0/0","0/0","0/0","0/0","0/1","0/0","0/2","0/0","0/0","0/0","0/0","0/0","0/1","0/0","0/0","0/0","0/0","0/0","0/0","0/0","0/0","0/0","0/0","0/0","0/0","0/0","0/0","0/0","0/0","0/0","0/0","0/0","0/0","0/0","0/0","0/0","0/0","0/0","0/0","0/0","0/0","0/0","0/0","0/0","0/0","0/0","0/1","0/0","0/0","0/0","0/0","0/0","0/1","0/0","0/0","0/0","0/0","0/0","0/0","0/0","0/0","0/0","0/0","0/0","0/0","0/0","0/0","0/0","0/0","0/0","0/1","0/0","0/0","0/0","0/0","0/0","0/0","0/0","0/0","0/1","0/0","0/0","0/1","0/0","0/0","0/0","0/0","0/0","0/0","0/0","0/0","0/0","0/0","0/0","0/0","0/0","0/0","0/0","0/0"
"chr4:57180576_C/CGGAGCGGAGGGAGCGGAG_KIAA1211","0/0","0/0","0/0","0/1","0/1","0/1","0/0","0/0","0/0","0/0","0/0","0/0","0/0","0/0","0/0","0/1","0/0","0/0","0/0","0/0","0/0","0/0","0/0","0/0","0/0","0/0","0/0","0/0","0/1","0/0","0/0","0/0","0/0","0/0","0/0","0/0","0/0","0/0","0/0","0/0","0/0","0/0","0/0","0/0","0/0","0/0","0/0","0/0","0/1","0/0","0/0","0/0","0/0","0/0","0/0","0/1","0/0","0/0","0/1","0/0","0/0","0/0","0/0","0/0","0/0","0/1","0/1","0/0","0/0","0/1","0/1","0/0","0/0","0/0","0/0","0/0","0/0","0/0","0/0","0/0","0/0","0/0","0/0","0/0","0/0","0/0","0/0","0/0","0/0","0/0","0/0","0/0","0/0","0/0","0/0","0/0","0/0","0/0","0/0","0/0","0/0","0/0","0/0","0/0","0/0","0/0","0/0","0/0","0/0","0/0","0/1","0/0","0/0","0/0","0/0","0/0","0/0","0/0","0/0","0/0","0/0","0/0","0/0","0/0","0/0","0/0","0/0","0/0","0/0","0/0","0/0","0/1","0/0","0/0","0/0","0/0","0/0","0/0","0/0","0/0","0/0","0/1","0/1","0/0","0/0","0/0","0/0","0/0","0/0","0/0","0/0","0/0","0/0"
"chr4:57220268_CAA/C_AASDH","0/0","0/0","0/0","0/0","0/0","0/0","0/0","0/0","0/0","0/0","0/0","0/0","0/0","0/0","0/0","0/0","0/0","0/0","0/0","0/0","0/0","0/0","0/0","0/0","0/0","0/0","0/0","0/0","0/0","0/0","0/0","0/0","0/0","0/0","0/0","0/0","0/1","0/0","0/0","0/0","0/0","0/0","0/0","0/0","0/0","0/0","0/0","0/0","0/0","0/0","0/0","0/0","0/0","0/0","0/0","0/0","0/0","0/0","0/0","0/0","0/0","0/0","0/0","0/0","0/0","0/0","0/0","0/0","0/0","0/0","0/0","0/0","0/0","0/0","0/0","0/0","0/0","0/0","0/0","0/0","0/0","0/0","0/0","0/0","0/0","0/0","0/0","0/0","0/0","0/0","0/0","0/0","0/0","0/0","0/0","0/0","0/0","0/0","0/0","0/0","0/0","0/0","0/0","0/0","0/0","0/0","0/0","0/0","0/0","0/0","0/0","0/0","0/0","0/0","0/0","0/0","0/0","0/0","0/0","0/0","0/0","0/0","0/0","0/0","0/0","0/0","0/0","0/0","0/0","0/0","0/0","0/0","0/0","0/0","0/0","0/0","0/0","0/0","0/0","0/0","0/0","0/0","0/0","0/0","0/0","0/0","0/0","0/0","0/0","0/0","0/0","0/0","0/0"
"chr4:62936295_C/CT_ADGRL3","0/0","0/0","0/0","0/0","0/0","0/0","0/0","0/0","0/0","0/0","0/0","0/0","0/0","0/0","0/0","0/0","0/0","0/0","0/0","0/0","0/0","0/0","0/0","0/0","0/0","0/1","0/0","0/0","0/0","0/0","0/0","0/0","0/0","0/0","0/0","0/0","0/0","0/0","0/0","0/0","0/0","0/0","0/0","0/0","0/0","0/0","0/0","0/0","0/0","0/0","0/0","0/0","0/0","0/0","0/0","0/0","0/0","0/0","0/0","0/0","0/0","0/0","0/0","0/0","0/0","0/0","0/0","0/0","0/0","0/0","0/0","0/0","0/0","0/0","0/0","0/0","0/0","0/0","0/0","0/0","0/0","0/0","0/0","0/0","0/0","0/0","0/0","0/0","0/0","0/0","0/0","0/0","0/0","0/0","0/0","0/0","0/0","0/0","0/0","0/0","0/0","0/0","0/0","0/0","0/0","0/0","0/0","0/0","0/0","0/0","0/0","0/0","0/0","0/0","0/0","0/0","0/0","0/0","0/0","0/0","0/0","0/0","0/0","0/0","0/0","0/0","0/0","0/0","0/0","0/0","0/0","0/0","0/0","0/0","0/0","0/0","0/0","0/0","0/0","0/0","0/0","0/0","0/0","0/0","0/0","0/0","0/0","0/0","0/0","0/0","0/0","0/0","0/0"
"chr4:71468345_CAGG/C_AMBN","0/0","0/0","0/0","0/0","0/0","0/0","0/0","0/0","0/0","0/0","0/1","0/0","0/1","0/0","0/0","0/0","0/0","0/1","0/0","0/1","0/0","0/0","0/0","0/0","0/0","0/0","0/0","0/0","0/0","0/1","0/0","0/0","0/0","0/1","0/0","0/0","0/0","0/0","0/0","0/0","0/0","0/0","0/1","0/0","0/0","0/0","0/0","0/1","0/0","0/0","0/0","0/0","0/0","0/0","0/0","0/1","0/1","0/0","0/0","0/0","0/1","0/0","0/0","0/1","0/1","0/1","0/0","0/0","0/0","0/0","0/1","0/0","0/0","0/0","0/0","0/1","0/1","0/0","0/0","0/1","0/1","0/0","0/0","0/0","0/0","0/0","0/0","0/1","0/0","0/0","0/1","0/0","0/0","0/0","0/0","0/1","0/1","0/0","0/0","0/0","0/0","0/0","0/0","0/0","0/0","0/1","0/1","0/0","0/0","0/0","0/0","0/0","0/0","0/0","0/1","0/0","0/0","0/0","0/0","0/0","0/0","0/0","0/0","0/0","0/1","0/1","0/0","0/0","0/1","0/1","0/1","0/0","0/0","0/0","0/0","0/0","0/0","0/0","0/0","0/0","0/0","0/0","0/0","0/1","0/1","0/1","0/0","0/0","0/0","0/0","0/0","0/0","0/0"
"chr4:72620695_CT/C_GC","0/1","0/1","0/1","0/0","0/0","0/0","0/0","0/0","0/0","0/0","0/0","0/0","0/0","0/0","0/0","0/0","0/0","0/0","0/0","0/0","0/0","0/0","0/0","0/0","0/0","0/0","0/0","0/0","0/0","0/0","0/0","0/0","0/0","0/0","0/0","0/0","0/0","0/0","0/0","0/0","0/0","0/0","0/0","0/0","0/0","0/0","0/0","0/0","0/0","0/0","0/0","0/0","0/0","0/0","0/0","0/0","0/0","0/0","0/0","0/0","0/0","0/0","0/0","0/0","0/0","0/0","0/0","0/0","0/0","0/0","0/0","0/0","0/0","0/0","0/0","0/0","0/0","0/0","0/0","0/0","0/0","0/0","0/0","0/0","0/0","0/0","0/0","0/0","0/0","0/0","0/0","0/0","0/0","0/0","0/0","0/0","0/0","0/0","0/0","0/0","0/0","0/0","0/0","0/0","0/0","0/0","0/0","0/0","0/0","0/0","0/0","0/0","0/0","0/0","0/0","0/0","0/0","0/0","0/0","0/0","0/0","0/0","0/0","0/0","0/0","0/0","0/0","0/0","0/0","0/0","0/0","0/0","0/0","0/0","0/0","0/0","0/0","0/0","0/0","0/0","0/0","0/0","0/0","0/0","0/0","0/0","0/0","0/0","0/0","0/0","0/0","0/0","0/0"
"chr4:72994531_CAT/C_NPFFR2","0/0","0/0","0/0","0/0","0/0","0/0","0/1","0/1","0/1","0/0","0/0","0/0","0/0","0/0","0/0","0/0","0/0","0/0","0/0","0/0","0/0","0/0","0/0","0/0","0/0","0/0","0/0","0/0","0/0","0/0","0/0","0/0","0/0","0/0","0/0","0/0","0/0","0/0","0/0","0/0","0/0","0/0","0/0","0/0","0/0","0/0","0/0","0/0","0/0","0/0","0/0","0/0","0/0","0/0","0/0","0/0","0/0","0/0","0/0","0/0","0/0","0/0","0/0","0/0","0/0","0/0","0/0","0/0","0/0","0/0","0/0","0/0","0/0","0/0","0/0","0/0","0/0","0/0","0/0","0/0","0/0","0/0","0/0","0/0","0/0","0/0","0/0","0/0","0/0","0/0","0/0","0/0","0/0","0/0","0/0","0/0","0/0","0/0","0/0","0/0","0/0","0/0","0/0","0/0","0/0","0/0","0/0","0/0","0/0","0/0","0/0","0/0","0/0","0/0","0/0","0/0","0/0","0/0","0/0","0/0","0/0","0/0","0/0","0/0","0/0","0/0","0/0","0/0","0/0","0/0","0/0","0/0","0/0","0/0","0/0","0/0","0/0","0/0","0/0","0/0","0/0","0/0","0/0","0/0","0/0","0/0","0/0","0/0","0/0","0/0","0/0","0/0","0/0"
"chr4:74453571_C/CT_RASSF6","0/0","0/0","0/0","0/0","0/0","0/0","0/0","0/0","0/0","0/0","0/0","0/0","0/0","0/0","0/0","0/0","0/0","0/0","0/0","0/0","0/0","0/0","0/0","0/0","0/0","0/0","0/0","0/0","0/0","0/0","0/0","0/0","0/0","0/0","0/0","0/1","0/0","0/0","0/0","0/0","0/0","0/0","0/0","0/0","0/0","0/0","0/0","0/0","0/1","0/0","0/0","0/0","0/1","0/0","0/0","0/0","0/0","0/0","0/0","0/0","0/0","0/0","0/0","0/0","0/0","0/0","0/0","0/0","0/0","0/0","0/0","0/0","0/0","0/0","0/0","0/0","0/0","0/0","0/0","0/0","0/0","0/0","0/0","0/0","0/0","0/0","0/0","0/0","0/0","0/0","0/0","0/0","0/0","0/0","0/0","0/0","0/0","0/0","0/0","0/0","0/0","0/0","0/0","0/0","0/0","0/0","0/0","0/0","0/0","0/0","0/0","0/0","0/0","0/0","0/0","0/0","0/0","0/0","0/0","0/0","0/0","0/0","0/0","0/0","0/0","0/0","0/0","0/0","0/0","0/0","0/0","0/0","0/0","0/0","0/0","0/0","0/0","0/0","0/0","0/0","0/0","0/0","0/0","0/0","0/0","0/0","0/0","0/0","0/0","0/0","0/0","0/0","0/0"
"chr4:76522336_CT/C_CDKL2","0/0","0/0","0/0","0/0","0/0","0/0","0/0","0/0","0/0","0/1","0/0","0/0","0/0","0/0","0/0","0/0","0/0","0/0","0/0","0/0","0/0","0/0","0/0","0/0","0/0","0/0","0/0","0/0","0/0","0/0","0/0","0/0","0/0","0/0","0/0","0/0","0/0","0/0","0/0","0/0","0/0","0/0","0/0","0/0","0/0","0/0","0/0","0/0","0/0","0/0","0/0","0/0","0/0","0/0","0/0","0/0","0/0","0/0","0/0","0/0","0/0","0/0","0/0","0/0","0/0","0/0","0/0","0/0","0/0","0/0","0/0","0/0","0/0","0/0","0/0","0/0","0/0","0/0","0/0","0/0","0/0","0/0","0/0","0/0","0/0","0/0","0/0","0/0","0/0","0/0","0/0","0/0","0/0","0/0","0/0","0/0","0/0","0/0","0/0","0/0","0/0","0/0","0/0","0/0","0/0","0/0","0/0","0/0","0/0","0/0","0/0","0/0","0/0","0/0","0/0","0/0","0/0","0/0","0/0","0/0","0/0","0/0","0/0","0/0","0/0","0/0","0/0","0/0","0/0","0/0","0/0","0/0","0/0","0/0","0/0","0/0","0/0","0/0","0/0","0/0","0/0","0/0","0/0","0/0","0/0","0/0","0/0","0/0","0/0","0/0","0/0","0/0","0/0"
"chr4:76797511_A/AG_PPEF2","0/0","0/0","0/0","0/0","0/0","0/0","0/0","0/0","0/0","0/0","0/0","0/0","0/0","0/0","0/0","0/0","0/0","0/0","0/0","0/0","0/0","0/0","0/0","0/0","0/0","0/0","0/0","0/0","0/0","0/0","0/1","0/0","0/0","0/0","0/0","0/0","0/0","0/0","0/0","0/0","0/0","0/0","0/0","0/0","0/0","0/0","0/0","0/0","0/0","0/0","0/0","0/0","0/0","0/0","0/0","0/0","0/0","0/0","0/0","0/0","0/0","0/0","0/0","0/0","0/0","0/0","0/0","0/0","0/0","0/0","0/0","0/0","0/0","0/0","0/0","0/0","0/0","0/0","0/0","0/0","0/0","0/0","0/0","0/0","0/0","0/0","0/0","0/0","0/0","0/0","0/0","0/0","0/0","0/0","0/0","0/0","0/0","0/0","0/0","0/0","0/0","0/0","0/0","0/0","0/0","0/0","0/0","0/0","0/0","0/0","0/0","0/0","0/0","0/0","0/0","0/0","0/0","0/0","0/0","0/0","0/0","0/0","0/0","0/0","0/0","0/0","0/0","0/0","0/0","0/0","0/0","0/0","0/0","0/0","0/0","0/0","0/0","0/0","0/0","0/0","0/0","0/0","0/0","0/0","0/0","0/0","0/0","0/0","0/0","0/0","0/0","0/0","0/0"
"chr4:77065318_C/CTGT_NUP54","0/0","0/0","0/0","0/0","0/0","0/0","0/1","0/1","0/1","0/0","0/1","0/1","0/1","0/1","0/0","0/1","0/1","0/0","0/1","0/1","0/0","0/1","0/1","0/1","0/1","0/0","0/0","0/0","0/1","0/1","0/1","0/0","0/1","0/0","0/1","0/1","0/0","1/1","1/1","0/1","0/0","0/0","0/0","0/0","0/1","0/1","0/0","0/0","0/0","0/1","0/1","0/0","0/1","0/1","0/1","0/0","1/1","0/1","0/0","0/1","0/0","1/1","0/0","0/0","0/0","0/0","0/1","0/1","0/1","0/1","0/0","0/0","0/0","0/0","0/0","0/0","0/0","0/1","0/1","0/1","0/1","0/0","0/1","0/0","0/0","0/1","0/1","0/0","0/0","0/0","0/1","0/1","0/1","0/0","0/0","0/1","0/0","0/0","0/0","0/0","0/1","0/1","0/1","0/0","0/0","0/0","0/0","0/0","0/0","0/1","0/0","0/1","0/1","0/0","0/1","0/0","0/0","0/1","0/1","0/1","0/1","0/1","0/0","0/1","0/1","0/1","0/0","0/0","0/0","0/0","0/0","0/0","0/0","0/0","0/0","0/0","0/0","0/0","0/1","0/1","0/1","0/0","0/0","0/1","0/1","0/1","0/0","0/0","0/0","0/0","0/0","0/0","0/0"
"chr4:77199274_ACCCCAAG/A_FAM47E_FAM47E-STBD1","0/0","0/0","0/0","0/0","0/1","0/0","0/0","0/0","0/0","0/0","0/0","0/0","0/0","0/0","0/0","0/0","0/0","0/0","0/0","0/0","0/0","0/0","0/0","0/0","0/0","0/0","0/0","0/0","0/0","0/0","0/0","0/0","0/0","0/0","0/0","0/0","0/0","0/0","0/0","0/0","0/0","0/0","0/0","0/0","0/0","0/0","0/0","0/0","0/0","0/0","0/0","0/0","0/0","0/0","0/0","0/0","0/0","0/0","0/0","0/0","0/0","0/0","0/0","0/0","0/0","0/0","0/0","0/0","0/0","0/0","0/0","0/0","0/0","0/0","0/0","0/0","0/0","0/0","0/0","0/0","0/0","0/0","0/0","0/0","0/0","0/0","0/0","0/0","0/0","0/0","0/0","0/0","0/0","0/0","0/0","0/0","0/0","0/0","0/0","0/0","0/0","0/0","0/0","0/0","0/0","0/0","0/0","0/0","0/0","0/0","0/0","0/0","0/0","0/0","0/0","0/0","0/0","0/0","0/0","0/0","0/0","0/0","0/0","0/0","0/0","0/0","0/0","0/0","0/0","0/0","0/0","0/0","0/0","0/0","0/0","0/0","0/0","0/0","0/0","0/0","0/0","0/0","0/0","0/0","0/0","0/0","0/0","0/0","0/0","0/0","0/0","0/0","0/0"
"chr4:77247112_ACTT/A_CCDC158","0/0","0/0","0/0","0/0","0/0","0/0","0/0","0/0","0/0","0/0","0/0","0/0","0/0","0/0","0/0","0/0","0/0","0/0","0/0","0/0","0/0","0/0","0/0","0/0","0/0","0/0","0/0","0/0","0/0","0/0","0/0","0/0","0/0","0/0","0/0","0/0","0/0","0/0","0/0","0/0","0/0","0/0","0/0","0/0","0/0","0/0","0/0","0/0","0/0","0/0","0/0","0/0","0/0","0/0","0/0","0/0","0/0","0/0","0/0","0/0","0/0","0/0","0/0","0/0","0/0","0/0","0/0","0/0","0/0","0/0","0/0","0/0","0/0","0/0","0/0","0/0","0/0","0/0","0/0","0/0","0/0","0/0","0/0","0/0","0/0","0/0","0/0","0/0","0/0","0/0","0/0","0/1","0/1","0/0","0/0","0/0","0/0","0/0","0/0","0/0","0/0","0/0","0/0","0/0","0/0","0/0","0/0","0/0","0/0","0/0","0/0","0/0","0/0","0/0","0/0","0/0","0/0","0/0","0/0","0/0","0/0","0/0","0/0","0/0","0/0","0/0","0/0","0/0","0/0","0/0","0/0","0/0","0/0","0/0","0/0","0/0","0/0","0/0","0/0","0/0","0/0","0/0","0/0","0/0","0/0","0/0","0/0","0/0","0/0","0/0","0/0","0/0","0/0"
"chr4:79697768_G/GCGGGGC_BMP2K","0/0","0/0","0/0","0/0","0/0","0/0","0/0","0/0","0/0","0/1","0/0","0/0","0/0","0/0","0/0","0/0","0/0","0/0","0/0","0/0","0/0","0/0","0/0","0/0","0/0","0/0","0/0","0/1","0/0","0/0","0/0","0/0","0/0","0/0","0/0","0/0","0/0","0/0","0/0","0/0","0/0","0/0","0/0","0/0","0/0","0/0","0/0","0/0","0/0","0/0","0/0","0/0","0/0","0/0","0/0","0/0","0/0","0/0","0/0","0/0","0/0","0/0","0/0","0/0","0/0","0/0","0/0","0/0","0/0","0/0","0/0","0/0","0/0","0/0","0/0","0/0","0/0","0/0","0/0","0/0","0/0","0/0","0/0","0/0","0/0","0/0","0/0","0/0","0/1","0/1","0/0","0/0","0/0","0/0","0/0","0/0","0/0","0/0","0/0","0/0","0/0","0/0","0/0","0/0","0/0","0/0","0/0","0/0","0/0","0/0","0/0","0/0","0/0","0/0","0/0","0/0","0/0","0/0","0/0","0/0","0/0","0/0","0/0","0/0","0/0","0/0","0/0","0/0","0/0","0/0","0/0","0/0","0/0","0/0","0/0","0/0","0/0","0/0","0/0","0/0","0/0","0/0","0/0","0/0","0/0","0/0","0/0","0/0","0/0","0/0","0/0","0/0","0/0"
"chr4:79792136_ACAGCAGCAG/ACAGCAG_BMP2K","0/0","0/0","0/0","0/0","0/0","0/0","0/0","0/0","0/0","0/0","0/0","0/0","0/0","0/0","0/0","0/0","0/0","0/0","0/0","0/0","0/0","0/0","0/0","0/1","0/0","0/0","0/0","0/0","0/0","0/0","0/2","0/0","0/0","0/0","0/0","0/0","0/0","0/0","0/2","0/0","0/0","0/0","0/0","0/0","0/0","0/0","0/0","0/0","0/0","0/0","0/0","0/0","0/0","0/0","0/2","0/0","0/0","0/0","0/2","0/0","0/0","0/0","0/0","0/0","0/0","0/0","0/0","0/0","0/0","0/0","0/0","0/0","0/0","0/0","0/0","0/0","0/0","0/0","0/0","0/0","0/0","0/0","0/0","0/1","0/0","0/0","0/0","0/0","0/2","0/2","0/0","0/0","0/0","0/0","0/0","0/0","0/0","0/2","0/0","0/0","0/0","0/0","0/0","0/0","0/0","0/0","0/0","0/0","0/0","0/0","0/0","0/0","0/0","0/0","0/0","0/0","0/0","0/0","0/0","0/0","0/0","0/0","0/0","0/0","0/0","0/0","0/0","0/0","0/0","0/0","0/0","0/0","0/0","0/0","0/0","0/0","0/0","0/0","0/0","0/0","0/0","0/0","0/0","0/0","0/0","0/0","0/0","0/0","0/0","0/0","0/0","0/0","0/0"
"chr4:79792163_GCAC/G_BMP2K","0/0","0/0","0/0","0/0","0/0","0/0","0/0","0/0","0/0","0/0","0/0","0/0","0/0","0/0","0/0","0/0","0/0","0/0","0/0","0/0","0/0","0/2","0/0","0/0","0/0","0/0","0/0","0/2","0/0","0/0","0/0","0/0","0/0","0/0","0/0","0/0","0/1","0/0","0/0","0/0","0/0","0/0","0/0","0/0","0/0","0/0","0/0","0/0","0/0","0/0","0/0","0/0","0/0","0/0","0/0","0/0","0/0","0/0","0/0","0/0","0/0","0/0","0/0","0/0","0/0","0/0","0/0","0/0","0/0","0/0","0/0","0/0","0/0","0/0","0/0","0/0","0/0","0/0","0/0","0/0","0/0","0/0","0/0","0/0","0/0","0/0","0/0","0/1","0/0","0/0","0/0","0/0","0/0","0/0","0/0","0/0","0/0","0/0","0/0","0/0","0/0","0/0","0/0","0/0","0/0","0/0","0/0","0/0","0/0","0/0","0/0","0/0","0/0","0/0","0/0","0/0","0/0","0/0","0/0","0/0","0/0","0/0","0/0","0/0","0/0","0/0","0/0","0/0","0/0","0/0","0/0","0/0","0/0","0/0","0/0","0/0","0/0","0/0","0/0","0/0","0/0","0/0","0/0","0/0","0/0","0/0","0/0","0/0","0/0","0/0","0/0","0/0","0/0"
"chr4:80905989_GC/G_ANTXR2","0/0","0/0","0/0","0/0","0/0","0/0","0/1","0/0","0/0","0/0","0/0","0/0","0/0","0/0","0/0","0/0","0/0","0/0","0/0","0/0","0/0","0/0","0/0","0/0","0/0","0/0","0/0","0/0","0/0","0/0","0/0","0/1","0/0","0/0","0/0","0/0","0/0","0/0","0/0","0/0","0/0","0/0","0/0","0/0","0/0","0/0","0/0","0/0","0/0","0/0","0/0","0/0","0/0","0/0","0/0","0/0","0/0","0/0","0/0","0/0","0/0","0/0","0/0","0/0","0/0","0/0","0/0","0/0","0/0","0/0","0/0","0/0","0/0","0/0","0/0","0/0","0/0","0/0","0/0","0/0","0/0","0/0","0/0","0/0","0/0","0/0","0/0","0/0","0/0","0/1","0/0","0/0","0/0","0/0","0/0","0/0","0/0","0/0","0/0","0/0","0/0","0/0","0/0","0/0","0/0","0/0","0/0","0/0","0/0","0/0","0/0","0/0","0/0","0/0","0/0","0/0","0/0","0/0","0/0","0/0","0/0","0/0","0/0","0/0","0/0","0/0","0/0","0/0","0/0","0/1","0/0","0/0","0/0","0/0","0/0","0/0","0/0","0/0","0/0","0/0","0/0","0/0","0/0","0/0","0/0","0/0","0/0","0/0","0/0","0/0","0/0","0/0","0/0"
"chr4:83348677_TCA/T_HNRNPDL","0/0","0/0","0/0","0/0","0/0","0/0","0/0","0/0","0/0","0/0","0/0","0/0","0/0","0/0","0/0","0/0","0/0","0/0","0/0","0/0","0/0","0/0","0/1","0/0","0/0","0/0","0/0","0/0","0/0","0/0","0/0","0/0","0/0","0/0","0/0","0/0","0/0","0/0","0/0","0/0","0/0","0/0","0/0","0/0","0/0","0/0","0/0","0/0","0/0","0/0","0/0","0/0","0/0","0/0","0/0","0/0","0/0","0/0","0/0","0/0","0/0","0/0","0/0","0/0","0/0","0/0","0/0","0/0","0/0","0/0","0/0","0/0","0/0","0/0","0/0","0/0","0/0","0/0","0/0","0/0","0/0","0/0","0/0","0/0","0/0","0/0","0/0","0/0","0/0","0/0","0/0","0/0","0/0","0/0","0/0","0/0","0/0","0/0","0/0","0/0","0/0","0/0","0/0","0/0","0/0","0/0","0/0","0/0","0/0","0/0","0/0","0/0","0/0","0/0","0/0","0/0","0/0","0/0","0/0","0/0","0/0","0/0","0/0","0/0","0/0","0/0","0/0","0/0","0/0","0/0","0/0","0/0","0/0","0/0","0/0","0/0","0/0","0/0","0/0","0/0","0/0","0/0","0/0","0/0","0/0","0/0","0/0","0/0","0/0","0/0","0/0","0/0","0/0"
"chr4:83350505_AG/A_HNRNPDL","0/0","0/0","0/0","0/0","0/0","0/0","0/0","0/0","0/0","0/0","0/0","0/0","0/0","0/0","0/0","0/0","0/0","0/0","0/0","0/0","0/0","0/0","0/0","0/0","0/0","0/0","0/0","0/0","0/0","0/0","0/0","0/1","0/0","0/0","0/0","0/0","0/0","0/0","0/0","0/0","0/0","0/0","0/0","0/0","0/0","0/0","0/0","0/0","0/0","0/0","0/0","0/0","0/0","0/0","0/0","0/0","0/0","0/0","0/0","0/0","0/0","0/0","0/0","0/0","0/0","0/0","0/0","0/0","0/0","0/0","0/0","0/0","0/0","0/0","0/0","0/0","0/0","0/0","0/0","0/0","0/0","0/0","0/0","0/0","0/0","0/0","0/0","0/0","0/0","0/0","0/0","0/0","0/0","0/0","0/0","0/0","0/0","0/0","0/0","0/0","0/0","0/0","0/0","0/0","0/0","0/0","0/0","0/0","0/0","0/0","0/0","0/0","0/0","0/0","0/0","0/0","0/0","0/0","0/0","0/0","0/0","0/0","0/0","0/0","0/0","0/0","0/0","0/0","0/0","0/0","0/0","0/0","0/0","0/0","0/0","0/0","0/0","0/0","0/0","0/0","0/0","0/0","0/0","0/0","0/0","0/0","0/0","0/0","0/0","0/0","0/0","0/0","0/0"
"chr4:83800059_GC/G_SEC31A","0/0","0/0","0/0","0/0","0/0","0/0","0/0","0/0","0/0","0/0","0/0","0/0","0/0","0/0","0/0","0/0","0/0","0/0","0/0","0/0","0/0","0/0","0/0","0/0","0/0","0/0","0/0","0/0","0/0","0/0","0/0","0/0","0/0","0/0","0/0","0/0","0/1","0/0","0/0","0/0","0/0","0/0","0/0","0/0","0/0","0/0","0/0","0/0","0/0","0/0","0/0","0/0","0/0","0/0","0/0","0/0","0/0","0/0","0/0","0/0","0/0","0/0","0/0","0/0","0/0","0/0","0/0","0/0","0/0","0/0","0/0","0/0","0/0","0/0","0/0","0/0","0/0","0/0","0/0","0/0","0/0","0/0","0/0","0/0","0/0","0/0","0/0","0/0","0/0","0/0","0/0","0/0","0/0","0/0","0/0","0/0","0/0","0/0","0/0","0/0","0/0","0/0","0/0","0/0","0/0","0/0","0/0","0/0","0/0","0/0","0/0","0/0","0/0","0/0","0/0","0/0","0/0","0/0","0/0","0/0","0/0","0/0","0/0","0/0","0/0","0/0","0/0","0/0","0/0","0/0","0/0","0/0","0/0","0/0","0/0","0/0","0/0","0/0","0/0","0/0","0/0","0/0","0/0","0/0","0/0","0/0","0/0","0/0","0/0","0/0","0/0","0/0","0/0"
"chr4:84384003_T/TGTA_FAM175A","0/0","0/0","0/0","0/0","0/0","0/0","0/0","0/0","0/0","0/0","0/0","0/0","0/0","0/0","0/0","0/0","0/0","0/0","0/0","0/0","0/0","0/1","0/0","0/0","0/0","0/0","0/0","0/0","0/0","0/0","0/0","0/0","0/0","0/0","0/0","0/0","0/0","0/0","0/0","0/0","0/0","0/0","0/0","0/0","0/0","0/0","0/0","0/0","0/0","0/0","0/0","0/0","0/0","0/0","0/0","0/0","0/0","0/0","0/0","0/0","0/0","0/0","0/0","0/0","0/0","0/0","0/0","0/0","0/0","0/0","0/0","0/0","0/0","0/0","0/0","0/0","0/0","0/0","0/0","0/0","0/0","0/0","0/0","0/0","0/0","0/0","0/0","0/0","0/0","0/0","0/0","0/0","0/0","0/0","0/0","0/0","0/0","0/0","0/0","0/0","0/0","0/0","0/0","0/0","0/0","0/0","0/0","0/0","0/0","0/0","0/0","0/0","0/0","0/0","0/0","0/0","0/0","0/0","0/0","0/0","0/0","0/0","0/0","0/0","0/0","0/0","0/0","0/0","0/0","0/0","0/0","0/0","0/0","0/0","0/0","0/0","0/0","0/0","0/0","0/0","0/0","0/0","0/0","0/0","0/0","0/0","0/0","0/0","0/0","0/0","0/0","0/0","0/0"
"chr4:85418863_GGGC/G_NKX6-1","0/0","0/0","0/0","0/0","0/0","0/0","0/0","0/0","0/0","0/0","0/1","0/0","0/0","0/0","0/0","0/0","0/0","0/0","0/0","0/0","0/0","0/0","0/0","0/0","0/0","0/0","0/0","0/0","0/0","0/0","0/0","0/0","0/0","0/0","0/0","0/0","0/0","0/0","0/0","0/0","0/0","0/0","0/0","0/0","0/0","0/0","0/0","0/0","0/0","0/0","0/0","0/0","0/0","0/0","0/0","0/0","0/0","0/0","0/0","0/0","0/0","0/0","0/0","0/0","0/0","0/0","0/0","0/0","0/0","0/0","0/0","0/0","0/0","0/0","0/0","0/0","0/0","0/0","0/0","0/0","0/0","0/0","0/0","0/0","0/0","0/0","0/0","0/0","0/0","0/0","0/0","0/0","0/0","0/0","0/0","0/0","0/0","0/0","0/0","0/0","0/0","0/0","0/0","0/0","0/0","0/0","0/0","0/0","0/0","0/0","0/0","0/0","0/0","0/0","0/0","0/0","0/0","0/0","0/0","0/0","0/0","0/0","0/0","0/0","0/0","0/0","0/0","0/0","0/0","0/0","0/0","0/0","0/0","0/0","0/0","0/0","0/0","0/0","0/0","0/0","0/0","0/1","0/0","0/0","0/0","0/0","0/0","0/0","0/0","0/0","0/0","0/0","0/0"
"chr4:88536297_ATAG/A_DSPP","0/0","0/0","0/0","0/0","0/0","0/0","0/0","0/0","0/0","0/0","0/0","0/0","0/0","0/0","0/0","0/0","0/0","0/0","0/0","0/0","0/0","0/0","0/0","0/0","0/0","0/0","0/0","0/0","0/0","0/0","0/0","0/0","0/0","0/0","0/0","0/0","0/0","0/0","0/0","0/0","0/0","0/0","0/0","0/0","0/0","0/0","0/0","0/0","0/0","0/0","0/0","0/0","0/0","0/0","0/0","0/0","0/0","0/0","0/0","0/0","0/0","0/0","0/0","0/0","0/0","0/0","0/0","0/0","0/0","0/0","0/0","0/0","0/0","0/0","0/0","0/0","0/0","0/0","0/0","0/0","0/0","0/0","0/0","0/0","0/0","0/0","0/0","0/0","0/0","0/0","0/0","0/0","0/0","0/1","0/1","0/0","0/0","0/0","0/0","0/0","0/0","0/0","0/0","0/0","0/0","0/0","0/0","0/0","0/0","0/0","0/0","0/0","0/0","0/0","0/0","0/0","0/0","0/0","0/0","0/0","0/0","0/0","0/0","0/0","0/0","0/0","0/0","0/0","0/0","0/0","0/0","0/0","0/0","0/0","0/0","0/0","0/0","0/0","0/0","0/0","0/0","0/0","0/0","0/0","0/0","0/0","0/0","0/0","0/0","0/0","0/0","0/0","0/0"
"chr4:88536316_TAGC/T_DSPP","0/0","0/0","0/0","0/0","0/0","0/0","0/0","0/0","0/0","0/0","0/1","0/0","0/0","0/0","0/0","0/0","0/0","0/0","0/0","0/0","0/0","0/0","0/1","1/1","0/0","0/0","0/0","0/1","0/0","0/0","0/0","0/0","0/0","0/0","0/0","0/0","0/0","0/0","0/1","0/0","0/0","0/0","0/0","0/0","0/0","0/1","0/0","0/0","0/0","0/0","0/0","0/0","0/0","0/0","0/0","0/0","0/0","0/0","0/0","0/0","0/1","0/1","0/0","0/0","0/0","0/0","0/0","0/0","0/0","0/0","0/0","0/0","0/0","0/1","0/1","0/0","0/0","0/0","0/0","0/0","0/0","0/1","0/0","0/0","0/0","0/0","0/0","0/0","0/0","0/0","0/0","0/0","0/0","0/0","0/0","0/0","0/0","0/0","0/0","0/0","0/0","0/1","0/0","0/0","0/0","0/0","0/0","0/0","0/0","0/1","0/0","0/0","0/0","0/1","0/1","0/1","0/1","0/0","0/0","0/0","0/0","0/0","0/1","0/0","0/1","0/1","0/1","0/1","0/0","0/0","0/0","0/0","0/0","0/0","0/0","0/0","0/0","0/0","0/0","0/0","0/0","0/0","0/0","0/0","0/0","0/0","0/0","0/0","0/0","0/1","0/1","0/1","0/1"
"chr4:88536457_T/TAGTAGTGAC_DSPP","0/1","0/1","0/1","1/1","0/0","0/0","0/1","0/1","0/1","1/1","1/1","0/0","0/0","0/1","0/1","1/1","0/0","0/1","1/1","1/1","1/1","1/1","1/1","1/1","0/0","1/1","0/1","1/1","0/1","1/1","0/0","1/1","1/1","1/1","0/1","1/1","0/1","0/1","1/1","1/1","1/1","0/1","1/1","0/1","0/1","0/1","0/1","1/1","0/0","1/1","0/1","1/1","1/1","0/1","0/1","0/1","0/1","0/0","1/1","0/1","1/1","1/1","0/1","0/1","0/1","1/1","1/1","0/1","0/1","1/1","1/1","0/1","0/1","1/1","1/1","0/1","0/1","1/1","1/1","1/1","1/1","1/1","0/1","1/1","1/1","0/1","0/1","0/1","1/1","1/1","0/1","1/1","1/1","1/1","1/1","0/1","0/1","1/1","1/1","1/1","1/1","0/1","1/1","0/1","0/1","0/0","0/0","0/1","0/1","0/1","1/1","1/1","1/1","0/1","1/1","1/1","1/1","0/1","0/1","0/1","0/1","0/1","1/1","0/1","1/1","1/1","0/1","0/1","0/0","0/0","0/0","0/1","0/1","0/1","0/1","0/1","0/1","0/1","1/1","1/1","1/1","0/1","0/1","0/0","0/0","0/0","0/0","0/0","0/0","0/1","0/1","0/1","0/1"
"chr4:88536868_TAGTGACAGCAGCAATAGC/T_DSPP","1/1","1/1","1/1","1/1","0/1","0/0","1/1","0/1","1/1","0/1","0/1","0/1","1/1","0/1","0/1","1/1","1/1","1/1","0/1","1/1","1/1","1/1","0/1","0/0","0/1","1/1","0/1","0/1","0/1",".","0/1","0/1","0/0","0/1","0/1","1/1","0/0","1/1","0/1","1/1","1/1","1/1","0/1","0/1","0/1","0/1","1/1","0/1","0/1","1/1","0/1","1/1","1/1","0/1","0/1","1/1","1/1","0/1","1/1","0/1","0/1","0/1","0/1","1/1","1/1","1/1","0/1","1/1","1/1","0/1","1/1","0/1","0/1","0/1","0/1","0/1","0/1","1/1","1/1","0/0","0/1","0/0","0/1","1/1","1/1","1/1","1/1","0/1","1/1","1/1","0/1","0/1","0/0","0/1","0/1","0/1","0/1","1/1","0/1","0/1","0/1","0/0","0/0","0/1","0/1","0/1","0/1","0/0","0/0","0/0","1/1","1/1","1/1","0/0","0/1","0/0","0/0","1/1","1/1","1/1","1/1","1/1","0/0","1/1","0/1","0/1","0/0","0/0","1/1","1/1","1/1","0/1","0/1","0/1","0/1","0/1","0/1","0/1","0/1","0/1","0/1","0/1","0/1","0/0","0/0","0/0","1/1","1/1","1/1","0/0","0/0","0/0","0/0"
"chr4:89326116_AAAG/A_HERC6","0/0","0/0","0/0","0/0","0/0","0/0","0/0","0/0","0/0","0/0","0/0","0/0","0/0","0/0","0/0","0/0","0/0","0/0","0/0","0/0","0/0","0/0","0/0","0/0","0/0","0/0","0/0","0/0","0/0","0/0","0/0","0/0","0/0","0/0","0/0","0/0","0/0","0/0","0/0","0/0","0/0","0/0","0/0","0/0","0/0","0/0","0/0","0/0","0/0","0/0","0/0","0/0","0/1","0/0","0/0","0/0","0/0","0/0","0/0","0/0","0/0","0/0","0/0","0/0","0/0","0/0","0/0","0/0","0/0","0/0","0/0","0/0","0/0","0/0","0/0","0/0","0/0","0/0","0/0","0/0","0/0","0/0","0/0","0/0","0/0","0/0","0/0","0/0","0/0","0/0","0/0","0/0","0/0","0/0","0/0","0/0","0/0","0/0","0/0","0/0","0/0","0/0","0/0","0/0","0/0","0/0","0/0","0/0","0/0","0/0","0/0","0/0","0/0","0/0","0/0","0/0","0/0","0/0","0/0","0/0","0/0","0/0","0/0","0/0","0/0","0/0","0/0","0/0","0/0","0/0","0/0","0/0","0/0","0/0","0/0","0/0","0/0","0/0","0/0","0/0","0/0","0/0","0/0","0/0","0/0","0/0","0/0","0/0","0/0","0/0","0/0","0/0","0/0"
"chr4:89356978_TA/T_HERC6","0/0","0/0","0/0","0/0","0/0","0/0","0/0","0/0","0/0","0/0","0/0","0/0","0/0","0/0","0/0","0/0","0/0","0/0","0/0","0/0","0/0","0/0","0/0","0/0","0/0","0/0","0/0","0/0","0/0","0/0","0/0","0/1","0/0","0/0","0/0","0/0","0/0","0/0","0/0","0/0","0/0","0/0","0/0","0/0","0/0","0/0","0/0","0/0","0/0","0/0","0/0","0/0","0/0","0/0","0/0","0/0","0/0","0/0","0/0","0/0","0/0","0/0","0/0","0/0","0/0","0/0","0/0","0/0","0/0","0/0","0/0","0/0","0/0","0/0","0/0","0/0","0/0","0/0","0/0","0/0","0/0","0/0","0/0","0/0","0/0","0/0","0/0","0/0","0/0","0/0","0/0","0/0","0/0","0/0","0/0","0/0","0/0","0/0","0/0","0/0","0/0","0/0","0/0","0/0","0/0","0/0","0/0","0/0","0/0","0/0","0/0","0/0","0/0","0/0","0/0","0/0","0/0","0/0","0/0","0/0","0/0","0/0","0/0","0/0","0/0","0/0","0/0","0/0","0/0","0/0","0/0","0/0","0/0","0/0","0/0","0/0","0/0","0/0","0/0","0/0","0/0","0/0","0/0","0/0","0/0","0/0","0/0","0/0","0/0","0/0","0/0","0/0","0/0"
"chr4:89381265_GA/G_HERC5","0/0","0/0","0/0","0/0","0/0","0/0","0/0","0/0","0/0","0/0","0/0","0/0","0/0","0/0","0/0","0/0","0/0","0/0","0/0","0/0","0/0","0/0","0/0","0/0","0/0","0/0","0/0","0/0","0/0","0/0","0/0","0/0","0/0","0/0","0/0","0/0","0/1","0/0","0/0","0/0","0/0","0/0","0/0","0/0","0/0","0/0","0/0","0/0","0/0","0/0","0/0","0/0","0/0","0/0","0/0","0/0","0/0","0/0","0/0","0/0","0/0","0/0","0/0","0/0","0/0","0/0","0/0","0/0","0/0","0/0","0/0","0/0","0/0","0/0","0/0","0/0","0/0","0/0","0/0","0/0","0/0","0/0","0/0","0/0","0/0","0/0","0/0","0/0","0/0","0/0","0/0","0/0","0/0","0/0","0/0","0/0","0/0","0/0","0/0","0/0","0/0","0/0","0/0","0/0","0/0","0/0","0/0","0/0","0/0","0/0","0/0","0/0","0/0","0/0","0/0","0/0","0/0","0/0","0/0","0/0","0/0","0/0","0/0","0/0","0/0","0/0","0/0","0/0","0/0","0/0","0/0","0/0","0/0","0/0","0/0","0/0","0/0","0/0","0/0","0/0","0/0","0/0","0/0","0/0","0/0","0/0","0/0","0/0","0/1","0/1","0/0","0/0","0/0"
"chr4:100485340_TC/T_MTTP","0/0","0/0","0/0","0/0","0/0","0/0","0/0","0/0","0/0","0/0","0/0","0/0","0/0","0/0","0/0","0/0","0/0","0/0","0/0","0/0","0/0","0/0","0/0","0/0","0/0","0/0","0/0","0/0","0/0","0/0","0/0","0/0","0/0","0/0","0/0","0/0","0/0","0/0","0/0","0/0","0/0","0/0","0/0","0/0","0/0","0/0","0/0","0/0","0/0","0/0","0/0","0/0","0/0","0/0","0/0","0/0","0/0","0/0","0/0","0/1","0/0","0/0","0/0","0/0","0/0","0/0","0/0","0/0","0/0","0/0","0/0","0/0","0/0","0/0","0/0","0/0","0/0","0/0","0/0","0/0","0/0","0/0","0/0","0/0","0/0","0/0","0/0","0/0","0/0","0/0","0/0","0/0","0/0","0/0","0/0","0/0","0/0","0/0","0/0","0/0","0/0","0/0","0/0","0/0","0/0","0/0","0/0","0/0","0/0","0/0","0/0","0/0","0/0","0/0","0/0","0/0","0/0","0/0","0/0","0/0","0/0","0/0","0/0","0/0","0/0","0/0","0/0","0/0","0/0","0/0","0/0","0/0","0/0","0/0","0/0","0/0","0/0","0/0","0/0","0/0","0/0","0/0","0/0","0/0","0/0","0/0","0/0","0/0","0/0","0/0","0/0","0/0","0/0"
"chr4:101401161_TAAC/T_EMCN","0/1","0/1","0/1","0/1","0/0","0/0","0/1","0/1","0/1","0/0","1/1","0/1","1/1","1/1","0/1","1/1","1/1","0/1","1/1","1/1","0/1","0/1","1/1","0/1","0/1","1/1","0/1","0/1","0/1","0/1","0/1","1/1","0/1","1/1","0/0","1/1","0/1","0/1","0/1","1/1","0/1","0/1","1/1","0/1","0/1","0/0","1/1","0/0","1/1","1/1","0/1","0/0","0/1","1/1","1/1","1/1","0/1","0/0","0/1","0/1","0/0","1/1","1/1","0/1","0/1","0/1","0/1","0/1","0/1","0/1","0/1","0/1","0/1","0/1","0/1","0/0","0/0","1/1","1/1","0/1","0/1","1/1","0/1","1/1","1/1","0/1","0/1","1/1","1/1","1/1","0/1","0/1","0/1","0/1","0/0","0/1","1/1","1/1","0/1","0/1","0/1","0/1","0/1","0/1","0/1","0/1","0/1","1/1","1/1","0/1","0/1","1/1","1/1","1/1","1/1","1/1","1/1","0/1","1/1","0/1","1/1","1/1","1/1","0/1","1/1","1/1","1/1","1/1","1/1","1/1","1/1","1/1","0/1","1/1","0/1","0/1","1/1","1/1","1/1","1/1","1/1","1/1","1/1","0/1","0/1","0/1","0/1","0/1","0/1","0/1","0/1","0/1","0/1"
"chr4:105412585_T/TCCG_CXXC4","0/0","0/0","0/0","0/0","0/0","0/0","0/0","0/0","0/0","0/0","0/0","0/0","0/0","0/0","0/0","0/0","0/0","0/0","0/0","0/0","0/0","0/0","0/0","0/0","0/0","0/0","0/0","0/0","0/0","0/0","0/0","0/0","0/0","0/0","0/0","0/0","0/0","0/0","0/0","0/0","0/0","0/0","0/0","0/0","0/0","0/0","0/0","0/0","0/0","0/0","0/0","0/0","0/0","0/0","0/0","0/0","0/0","0/0","0/0","0/0","0/0","0/0","0/0","0/0","0/0","0/0","0/0","0/0","0/0","0/0","0/0","0/0","0/0","0/0","0/0","0/0","0/0","0/0","0/0","0/0","0/0","0/0","0/0","0/0","0/0","0/0","0/0","0/0","0/0","0/0","0/0","0/0","0/0","0/0","0/0","0/0","0/0","0/0","0/0","0/0","0/0","0/1","0/0","0/0","0/0","0/0","0/0","0/0","0/0",".","0/0","0/0","0/0","0/0","0/0","0/0","0/0",".","0/0","0/0","0/0","0/0","0/0","0/0","0/0","0/0","0/0","0/0","0/0","0/0","0/0","0/0","0/0","0/0",".","0/0","0/0","0/0","0/0","0/0","0/0","0/0","0/0","0/0","0/0","0/0","0/0","0/0","0/0","0/0","0/0","0/0","0/0"
"chr4:106157878_GT/G_TET2","0/0","0/0","0/0","0/0","0/0","0/0","0/0","0/0","0/0","0/0","0/0","0/0","0/0","0/0","0/0","0/0","0/0","0/0","0/0","0/0","0/0","0/0","0/0","0/0","0/0","0/0","0/0","0/0","0/0","0/0","0/0","0/0","0/0","0/0","0/0","0/0","0/1","0/0","0/0","0/0","0/0","0/0","0/0","0/0","0/0","0/0","0/0","0/0","0/0","0/0","0/0","0/0","0/0","0/0","0/0","0/0","0/0","0/0","0/0","0/0","0/0","0/0","0/0","0/0","0/0","0/0","0/0","0/0","0/0","0/0","0/0","0/0","0/0","0/0","0/0","0/0","0/0","0/0","0/0","0/0","0/0","0/0","0/0","0/0","0/0","0/0","0/0","0/0","0/0","0/0","0/0","0/0","0/0","0/0","0/0","0/0","0/0","0/0","0/0","0/0","0/0","0/0","0/0","0/0","0/0","0/0","0/0","0/0","0/0","0/0","0/0","0/0","0/0","0/0","0/0","0/0","0/0","0/0","0/0","0/0","0/0","0/0","0/0","0/0","0/0","0/0","0/0","0/0","0/0","0/0","0/0","0/0","0/0","0/0","0/0","0/0","0/0","0/0","0/0","0/0","0/0","0/0","0/0","0/0","0/0","0/0","0/0","0/0","0/0","0/0","0/0","0/0","0/0"
"chr4:110370570_TAGAGACGGGA/T_SEC24B","0/0","0/0",".","0/0","0/0","0/0",".","0/0","0/0",".","0/0",".","0/0","0/0","0/0",".","0/0","0/0",".","0/0","0/0","0/0","0/0","0/0","0/0","0/1","0/0","0/0","0/0","0/0","0/0","0/0","0/0","0/0","0/0","0/0","0/0","0/0","0/0","0/0","0/0",".","0/0","0/0","0/0","0/0",".","0/0","0/0","0/0","0/0","0/1","0/0","0/0","0/0","0/0","0/0","0/0","0/0","0/0","0/0","0/0",".",".","0/0",".","0/0","0/0","0/0","0/0","0/0","0/0","0/0","0/0","0/0",".","0/0",".","0/0","0/0","0/0",".","0/0","0/0","0/0","0/0","0/0",".","0/0","0/0","0/0",".",".","0/0","0/0","0/0","0/0",".","0/0",".","0/0","0/0","0/1","0/0","0/0","0/0","0/0","0/0","0/0",".","0/0","0/0","0/0","0/0","0/0","0/0","0/0","0/0","0/0","0/0","0/0","0/0","0/0","0/0","0/0","0/0","0/0","0/0","0/0","0/0","0/0","0/0","0/0","0/0","0/0","0/0","0/0","0/0",".","0/0","0/0","0/0","0/0","0/0","0/0","0/0","0/0","0/0","0/0","0/0",".","0/0","0/0"
"chr4:110932389_G/GC_EGF","0/0","0/0","0/0","0/0","0/1","0/1","0/0","0/0","0/0","0/0","1/1","0/1","0/0","0/1","0/0","1/1","0/0","0/1","0/0","0/0","0/0","0/1","0/0","0/1","0/1","0/1","0/0","0/1","1/1","0/0","0/1","1/1","1/1","0/0","0/1","0/1","0/0","1/1","0/1","0/1","0/1","0/0","0/0","0/1","0/1","0/0","0/0","1/1","0/0","0/1","0/1","0/0","0/0","0/1","0/0","1/1","0/0","0/1","0/0","0/1","0/1","0/1","0/0","0/0","0/0","1/1","0/1","0/1","0/1","0/1","1/1","0/1","0/1","0/0","0/0","0/1","0/1","0/1","0/1","0/1","0/1","0/1","0/1","0/0","0/0","0/0","0/0","0/1","0/1","0/1","0/1","0/0","0/0","0/1","0/1","0/1","0/1","0/1","0/1","0/1","0/1","0/0","0/1","0/0","0/0","0/1","0/1","0/0","0/0","0/0","0/0","0/0","0/0","0/0","0/0","0/1","0/1","0/0","0/0","0/0","0/0","0/0","0/1","0/0","0/0","0/0","0/0","0/0","0/1","0/1","0/1","0/0","0/0","0/0","0/0","0/0","0/0","0/0","0/0","0/0","0/0","0/0","0/0","0/0","0/0","0/0","0/0","0/0","0/0","0/0","0/0","0/0","0/0"
"chr4:113107844_TAAAGGA/T_C4orf32","0/0","0/0","0/0","0/0","0/0","0/0","0/0","0/0","0/0","0/0","0/0","0/1","0/0","0/0","0/0","0/0","0/0","0/0","0/1","0/0","0/0","0/0","0/0","0/0","0/0","0/0","0/0","0/0","0/0","0/0","0/0","0/0","0/0","0/0","0/0","0/0","0/0","0/0","0/0","0/0","0/0","0/0","0/0","0/0","0/1","0/0","0/0","0/0","0/0","0/0","0/0","0/0","0/0","0/0","0/0","0/0","0/0","0/0","0/0","0/0","0/0","0/0","0/0","0/0","0/0","0/0","0/0","0/0","0/0","0/0","0/0","0/0","0/0","0/0","0/0","0/0","0/0","0/0","0/1","0/0","0/0","0/1","0/0","0/0","0/0","0/0","0/0","0/0","0/0","0/0","0/0","0/0","0/0","0/0","0/0","0/0","0/0","0/1","0/0","0/0","0/0","0/0","0/0","0/0","0/0","0/0","0/0","0/0","0/0","0/0","0/0","0/0","0/0","0/0","0/0","0/0","0/0","0/0","0/0","0/0","0/0","0/0","0/0","0/0","0/0","0/0","0/0","0/0","0/0","0/0","0/0","0/0","0/0","0/0","0/0","0/0","0/0","0/0","0/0","0/0","0/0","0/0","0/0","0/0","0/1","0/0","0/0","0/0","0/0","0/0","0/0","0/0","0/0"
"chr4:113353522_GTTC/G_ALPK1","0/0","0/0","0/0","0/0","0/0","0/0","0/0","0/0","0/0","0/0","0/0","0/0","0/0","0/0","0/1","0/0","0/0","0/0","0/0","0/0","0/0","0/0","0/0","0/1","0/0","0/0","0/0","0/0","0/0","0/0","0/0","0/0","0/0","0/0","0/0","0/1","0/0","0/0","0/0","0/1","0/0","0/0","0/0","0/0","0/0","0/0","0/0","0/0","0/0","0/0","0/1","0/0","0/0","0/0","0/0","0/0","0/0","0/0","0/0","0/0","0/0","0/0","0/0","0/0","0/0","0/0","0/0","0/0","0/0","0/0","0/0","0/0","0/0","0/0","0/0","0/0","0/0","0/0","0/0","0/1","0/1","0/0","0/1","0/0","0/0","0/0","0/0","0/0","0/0","0/0","0/0","0/0","0/0","0/1","0/1","0/0","0/0","0/0","0/0","0/0","0/1","0/1","0/1","0/0","0/0","0/1","0/1","0/0","0/0","0/1","0/0","0/0","0/0","0/0","0/0","0/0","0/0","0/1","0/0","0/1","0/0","0/0","0/0","0/1","0/0","0/0","0/0","0/0","0/0","0/0","0/0","0/0","0/0","0/0","0/0","0/0","0/0","0/0","0/0","0/0","0/0","0/0","0/0","0/0","0/0","0/0","0/0","0/0","0/0","0/0","0/0","0/0","0/0"
"chr4:113360939_CAG/C_ALPK1","0/0","0/0","0/0","0/0","0/0","0/0","0/0","0/0","0/0","0/0","0/0","0/0","0/0","0/0","0/0","0/0","0/0","0/0","0/0","0/0","0/0","0/0","0/0","0/0","0/0","0/0","0/0","0/0","0/0","0/0","0/0","0/0","0/0","0/0","0/0","0/0","0/0","0/0","0/0","0/0","0/0","0/0","0/0","0/0","0/0","0/0","0/0","0/0","0/0","0/0","0/0","0/0","0/0","0/0","0/0","0/0","0/0","0/0","0/0","0/0","0/0","0/0","0/0","0/0","0/0","0/0","0/0","0/0","0/0","0/0","0/0","0/0","0/0","0/0","0/0","0/0","0/0","0/0","0/0","0/0","0/0","0/0","0/0","0/0","0/0","0/0","0/0","0/0","0/0","0/0","0/0","0/0","0/0","0/0","0/0","0/0","0/0","0/0","0/0","0/0","0/0","0/0","0/0","0/0","0/0","0/0","0/0","0/0","0/0","0/0","0/0","0/0","0/0","0/0","0/0","0/0","0/0","0/0","0/0","0/0","0/0","0/0","0/0","0/0","0/0","0/0","0/0","0/0","0/0","0/0","0/0","0/0","0/0","0/0","0/0","0/0","0/0","0/0","0/0","0/0","0/0","0/0","0/0","0/0","0/0","0/0","0/1","0/1","0/1","0/0","0/0","0/0","0/0"
"chr4:113568897_GCT/G_LARP7","0/0","0/0","0/0","0/0","0/0","0/0","0/0","0/0","0/0","0/0","0/0","0/0","0/0","0/0","0/0","0/0","0/0","0/0","0/0","0/0","0/0","0/0","0/0","0/0","0/0","0/0","0/0","0/0","0/0","0/0","0/0","0/0","0/0","0/0","0/0","0/0","0/0","0/0","0/0","0/0","0/0","0/0","0/0","0/0","0/0","0/0","0/0","0/1","0/0","0/0","0/0","0/0","0/0","0/0","0/0","0/0","0/0","0/0","0/0","0/0","0/0","0/0","0/0","0/0","0/0","0/0","0/0","0/0","0/0","0/0","0/0","0/0","0/0","0/0","0/0","0/0","0/0","0/0","0/0","0/0","0/0","0/0","0/0","0/0","0/0","0/0","0/0","0/0","0/0","0/0","0/0","0/0","0/0","0/0","0/0","0/0","0/0","0/0","0/0","0/0","0/0","0/0","0/0","0/0","0/0","0/0","0/0","0/0","0/0","0/0","0/0","0/0","0/0","0/0","0/0","0/0","0/0","0/0","0/0","0/0","0/0","0/0","0/0","0/0","0/0","0/0","0/0","0/0","0/0","0/0","0/0","0/0","0/0","0/0","0/0","0/0","0/0","0/0","0/0","0/0","0/0","0/0","0/0","0/0","0/0","0/0","0/0","0/0","0/0","0/0","0/0","0/0","0/0"
"chr4:113578482_GA/G_LARP7","0/0","0/0","0/0","0/0","0/0","0/0","0/0","0/0","0/0","0/0","0/0","0/0","0/0","0/0","0/0","0/0","0/0","0/0","0/0","0/0","0/0","0/0","0/0","0/0","0/0","0/0","0/0","0/0","0/0","0/0","0/0","0/1","0/0","0/0","0/0","0/0","0/1","0/0","0/0","0/0","0/0","0/0","0/0","0/0","0/0","0/1","0/0","0/0","0/0","0/0","0/0","0/0","0/0","0/0","0/0","0/0","0/0","0/0","0/0","0/0","0/0","0/0","0/0","0/0","0/0","0/0","0/0","0/0","0/2","0/0","0/0","0/0","0/0","0/0","0/2","0/0","0/2","0/0","0/0","0/0","0/0","0/1","0/0","0/0","0/0","0/0","0/0","0/0","0/0","0/0","0/0","0/0","0/0","0/0","0/0","0/0","0/0","0/0","0/0","0/0","0/0","0/2","0/0","0/0","0/0","0/0","0/0","0/0","0/0","0/0","0/0","0/0","0/0","0/0","0/0","0/0","0/0","0/0","0/0","0/0","0/0","0/0","0/0","0/0","0/0","0/0","0/0","0/0","0/0","0/0","0/0","0/0","0/0","0/0","0/0","0/0","0/0","0/0","0/0","0/0","0/0","0/0","0/2","0/0","0/0","0/0","0/2","0/0","0/0","0/0","0/0","0/2","0/0"
"chr4:114095642_AG/A_ANK2","0/0","0/0","0/0","0/0","0/0","0/0","0/0","0/0","0/0","0/0","0/0","0/0","0/0","0/0","0/0","0/0","0/0","0/0","0/0","0/0","0/0","0/0","0/0","0/0","0/0","0/0","0/0","0/0","0/0","0/0","0/0","0/0","0/0","0/0","0/0","0/0","0/1","0/0","0/0","0/0","0/0","0/0","0/0","0/0","0/0","0/0","0/0","0/0","0/0","0/0","0/0","0/0","0/0","0/0","0/0","0/0","0/0","0/0","0/0","0/0","0/0","0/0","0/0","0/0","0/0","0/0","0/0","0/0","0/0","0/0","0/0","0/0","0/0","0/0","0/0","0/0","0/0","0/0","0/0","0/0","0/0","0/0","0/0","0/0","0/0","0/0","0/0","0/0","0/0","0/0","0/0","0/0","0/0","0/0","0/0","0/0","0/0","0/0","0/0","0/0","0/0","0/0","0/0","0/0","0/0","0/0","0/0","0/0","0/0","0/0","0/0","0/0","0/0","0/0","0/0","0/0","0/0","0/0","0/0","0/0","0/0","0/0","0/0","0/0","0/0","0/0","0/0","0/0","0/0","0/0","0/0","0/0","0/0","0/0","0/0","0/0","0/0","0/0","0/0","0/0","0/0","0/0","0/0","0/0","0/0","0/0","0/0","0/0","0/0","0/0","0/0","0/0","0/0"
"chr4:114280134_AG/A_ANK2","0/0","0/0","0/0","0/0","0/0","0/0","0/0","0/0","0/0","0/0","0/0","0/0","0/0","0/0","0/0","0/0","0/0","0/0","0/0","0/0","0/0","0/0","0/0","0/0","0/0","0/0","0/0","0/0","0/0","0/0","0/0","0/0","0/0","0/0","0/0","0/0","0/1","0/0","0/0","0/0","0/0","0/0","0/0","0/0","0/0","0/0","0/0","0/0","0/0","0/0","0/0","0/0","0/0","0/0","0/0","0/0","0/0","0/0","0/0","0/0","0/0","0/0","0/0","0/0","0/0","0/0","0/0","0/0","0/0","0/0","0/0","0/0","0/0","0/0","0/0","0/0","0/0","0/0","0/0","0/0","0/0","0/0","0/0","0/0","0/0","0/0","0/0","0/0","0/0","0/0","0/0","0/0","0/0","0/0","0/0","0/0","0/0","0/0","0/0","0/0","0/0","0/0","0/0","0/0","0/0","0/0","0/0","0/0","0/0","0/0","0/0","0/0","0/0","0/0","0/0","0/0","0/0","0/0","0/0","0/0","0/0","0/0","0/0","0/0","0/0","0/0","0/0","0/0","0/0","0/0","0/0","0/0","0/0","0/0","0/0","0/0","0/0","0/0","0/0","0/0","0/0","0/0","0/0","0/0","0/0","0/0","0/0","0/0","0/0","0/0","0/0","0/0","0/0"
"chr4:114823493_CT/CTT_ARSJ","0/0","0/0","0/0","0/0","0/0","0/0","0/0","0/0","0/0","0/0","0/0","0/0","0/0","0/0","0/0","0/0","0/0","0/0","0/0","0/0","0/0","0/0","0/0","0/0","0/1","0/0","0/0","0/0","0/0","0/0","0/0","0/0","0/0","0/0","0/0","0/0","0/2","0/0","0/0","0/0","0/0","0/0","0/0","0/0","0/0","0/0","0/0","0/0","0/0","0/0","0/0","0/0","0/0","0/0","0/0","0/0","0/0","0/0","0/0","0/0","0/0","0/0","0/0","0/0","0/0","0/0","0/0","0/0","0/0","0/0","0/0","0/0","0/0","0/0","0/0","0/0","0/0","0/0","0/0","0/0","0/0","0/0","0/0","0/0","0/0","0/0","0/0","0/0","0/0","0/0","0/0","0/0","0/0","0/0","0/0","0/0","0/0","0/0","0/0","0/0","0/0","0/0","0/0","0/0","0/0","0/0","0/0","0/0","0/0","0/0","0/0","0/0","0/0","0/0","0/0","0/0","0/0","0/0","0/0","0/0","0/0","0/0","0/0","0/0","0/0","0/0","0/0","0/0","0/0","0/0","0/0","0/0","0/0","0/0","0/0","0/0","0/0","0/0","0/0","0/0","0/0","0/0","0/0","0/0","0/0","0/0","0/0","0/0","0/0","0/0","0/0","0/0","0/0"
"chr4:119947961_AAAG/A_SYNPO2","0/1","0/1","0/1","1/1","1/1","1/1","1/1","1/1","1/1","0/0","1/1","0/0","0/1","0/1","1/1","0/0","1/1","1/1","0/1","0/1","0/0","0/0","1/1","1/1","0/0","1/1","0/1","1/1","0/1","1/1","0/0","0/1","1/1","0/1","0/1","0/1","1/1","1/1","0/0","0/1","0/1","0/1","0/0","0/1","0/0","0/0","0/1","1/1","0/0","0/0","0/1","0/0","1/1","0/1","0/0","0/1","0/0","0/1","0/1","0/1","1/1","0/1","1/1","0/1","0/1","1/1","0/1","1/1","1/1","0/1","1/1","0/1","0/1","0/0","0/0","0/0","0/0","0/1","0/1","0/1","0/1","1/1","0/1","0/1","0/1","1/1","1/1","0/0","1/1","1/1","0/1","1/1","1/1","1/1","1/1","0/1","0/0","1/1","0/1","0/1","0/1","0/0","0/1","1/1","1/1","1/1","1/1","1/1","1/1","0/0","1/1","1/1","1/1","0/1","0/0","0/1","0/1","0/1","0/1","0/1","0/1","0/1","0/1","0/1","0/0","0/0","0/1","0/1","0/1","0/1","0/1","0/1","1/1","0/1","1/1","1/1","0/1","0/1","0/1","0/1","0/1","0/1","0/1","0/1","0/1","0/1","0/1","0/1","0/1","1/1","1/1","1/1","1/1"
"chr4:122250739_A/AT_QRFPR","0/0","0/0","0/0","0/0","0/0","0/0","0/0","0/0","0/0","0/0","0/0","0/0","0/0","0/0","0/0","0/0","0/0","0/0","0/0","0/0","0/0","0/0","0/0","0/0","0/0","0/0","0/0","0/0","0/0","0/0","0/0","0/0","0/0","0/0","0/0","0/0","0/1","0/0","0/0","0/0","0/0","0/0","0/0","0/0","0/0","0/0","0/0","0/0","0/0","0/0","0/0","0/0","0/0","0/0","0/0","0/0","0/0","0/0","0/0","0/0","0/0","0/0","0/0","0/0","0/0","0/0","0/0","0/0","0/0","0/0","0/0","0/0","0/0","0/0","0/0","0/0","0/0","0/0","0/0","0/0","0/0","0/0","0/0","0/0","0/0","0/0","0/0","0/0","0/0","0/0","0/0","0/0","0/0","0/0","0/0","0/0","0/0","0/0","0/0","0/0","0/0","0/0","0/0","0/0","0/0","0/0","0/0","0/0","0/0","0/0","0/0","0/0","0/0","0/0","0/0","0/0","0/0","0/0","0/0","0/0","0/0","0/0","0/0","0/0","0/0","0/0","0/0","0/0","0/0","0/0","0/0","0/0","0/0","0/0","0/0","0/0","0/0","0/0","0/0","0/0","0/0","0/0","0/0","0/0","0/0","0/0","0/0","0/0","0/0","0/0","0/0","0/0","0/0"
"chr4:128732652_TTAAAGTTCGTGTTAACA/T_HSPA4L","0/0","0/0","0/0","0/0","0/0","0/0","0/0","0/0","0/0","0/0","0/0","0/0","0/0","0/0","0/0","0/0","0/0","0/0","0/0","0/0","0/0","0/0","0/0","0/0","0/0","0/0","0/0","0/0","0/0","0/0","0/0","0/0","0/0","0/0","0/0","0/0","0/0","0/0","0/0","0/0","0/0","0/0","0/0","0/0","0/0","0/0","0/0","0/0","0/0","0/0","0/0","0/0","0/0","0/0","0/0","0/0","0/0","0/0","0/0","0/0","0/0","0/0","0/0","0/0","0/0","0/0","0/0","0/0","0/0","0/0","0/0","0/0","0/0","0/0","0/0","0/0","0/0","0/0","0/0","0/0","0/0","0/0","0/0","0/0","0/0","0/0","0/0","0/0","0/0","0/0","0/0","0/0","0/0","0/0","0/0","0/0","0/0","0/0","0/0","0/0","0/0","0/0","0/0","0/0","0/0","0/0","0/0","0/0","0/0","0/0","0/0","0/0","0/0","0/0","0/0","0/0","0/0","0/0","0/0","0/1","0/0","0/0","0/0","0/0","0/0","0/0","0/0","0/0","0/0","0/0","0/0","0/0","0/0","0/0","0/0","0/0","0/0","0/0","0/0","0/0","0/0","0/0","0/0","0/0","0/0","0/0","0/0","0/0","0/0","0/0","0/0","0/0","0/0"
"chr4:128807871_ACAAT/A_PLK4","0/0","0/0","0/0","0/0","0/0","0/0","0/0","0/0","0/0","0/0","0/0","0/0","0/0","0/0","0/0","0/0","0/0","0/0","0/0","0/0","0/0","0/0","0/0","0/0","0/0","0/0","0/0","0/0","0/0","0/0","0/0","0/0","0/0","0/0","0/0","0/0","0/0","0/0","0/0","0/0","0/0","0/0","0/0","0/0","0/0","0/0","0/0","0/0","0/0","0/0","0/0","0/0","0/0","0/0","0/0","0/0","0/0","0/0","0/0","0/0","0/0","0/0","0/0","0/0","0/0","0/0","0/1","0/0","0/0","0/1","0/0","0/0","0/0","0/0","0/0","0/0","0/0","0/0","0/0","0/0","0/0","0/0","0/0","0/0","0/0","0/0","0/0","0/0","0/0","0/0","0/0","0/0","0/0","0/0","0/0","0/0","0/0","0/0","0/0","0/0","0/0","0/0","0/0","0/0","0/0","0/0","0/0","0/0","0/0","0/0","0/0","0/0","0/0","0/0","0/0","0/0","0/0","0/0","0/0","0/0","0/0","0/0","0/0","0/0","0/0","0/0","0/0","0/0","0/0","0/0","0/0","0/0","0/0","0/0","0/0","0/0","0/0","0/0","0/0","0/0","0/0","0/0","0/0","0/0","0/0","0/0","0/0","0/0","0/0","0/0","0/0","0/0","0/0"
"chr4:140651584_TCTGCTG/TCTG_MAML3","1/1","1/1","1/1","1/1","1/1","1/1","1/1","1/1","1/1","1/1","1/1","1/1","1/1","1/1","1/1","1/1","1/1","1/1","1/1","1/1","1/1","1/1","1/3","1/1","1/1","1/1","1/1","1/1","1/1","1/1","1/1","1/1","1/1","1/1","1/1","1/1","1/1","1/1","1/1","1/1","1/1","1/1","1/1","1/1","1/1","1/1","1/1","1/1","1/1","1/1","1/1","1/1","1/1","1/1","1/1","1/1","1/1","1/1","1/1","1/1","1/1","1/1","1/1","1/1","1/1","1/1","1/1","1/1","1/1","1/1","1/1","1/1","1/1","1/1","1/1","1/1","1/1","1/1","1/1","1/1","1/1","1/1","1/1","1/1","1/1","1/1","1/1","1/1","1/1","1/1","1/1","1/1","1/1","1/1","1/1","1/1","1/1","1/1","1/1","1/1","1/1","1/1","1/1","1/1","1/2","1/1","1/1","1/1","1/1","1/1","1/1","1/1","1/1","1/1","1/1","1/1","1/1","1/1","1/1","1/1","1/1","1/1","1/1","1/1","1/1","1/1","1/2","1/1","1/1","1/1","1/1","1/1","1/1","1/1","1/1","1/1","1/1","1/1","1/1","1/1","1/1","1/1","1/1","1/2","1/1","1/1","1/1","1/1","1/1","1/1","1/1","1/1","1/1"
"chr4:140811063_TTGCTGCTGC/TTGCTGC_MAML3","0/0","0/0","0/0","0/0","0/0","0/0","1/1","0/1","0/1",".","0/1","1/1","1/1","0/1","0/1",".",".",".","0/0",".",".","0/1","0/0",".","0/1",".","0/1",".","1/1","1/1","0/1",".","0/1","0/1",".","0/1","0/1",".",".",".","0/1",".","0/1","0/1",".","0/1",".","0/1",".","0/1",".",".",".","0/1",".","0/1","0/1","0/1","1/1",".","0/1","0/1","0/1",".",".",".","0/1",".",".","0/1",".",".",".",".",".","0/1","0/1",".",".",".",".",".",".",".",".",".",".",".",".",".",".","1/2","1/1","1/1","1/2",".",".","0/1",".",".",".",".",".","0/1","0/1",".",".",".",".",".",".","0/1","0/1","0/1","0/3","0/1","0/1",".","0/1",".","0/1","0/1","0/1",".","0/3","0/3","0/1","0/1",".",".",".","1/2",".",".",".",".",".",".",".",".",".","1/1","1/2","0/1","0/1","0/1",".",".",".",".",".",".","."
"chr4:140811083_GC/G_MAML3","1/1","1/1","0/0","1/1","1/1","1/1","0/0","0/1","0/0","1/1","0/1","0/0","0/0","0/1","0/1","1/1","1/1","1/1","0/1","1/1","0/1","0/0","0/1","1/1","0/0","1/1","0/1","1/1","0/0","0/0","0/1","1/1","0/1","0/1","1/1","0/1","0/1","1/1","1/1","1/1","0/1","1/1","0/1","0/1","1/1","0/1","1/1","0/1","1/1","0/1","1/1","1/1","1/1","0/1","1/1","0/1","0/1","0/1","0/0","1/1","0/1","0/1","0/1","1/1","1/1","1/1","0/1","1/1","1/1","0/1","1/1","1/1","1/1","1/1","1/1","0/1","0/1","1/1","1/1","1/1","1/1","1/1","1/1","1/1","1/1","1/1","1/1","1/1","1/1","1/1","1/1","0/0","0/0","0/0","0/0","1/1","1/1","0/1","1/1","1/1","1/1","1/1","1/1","0/1","0/1","1/1","1/1","1/1","1/1","1/1","1/1","0/1","0/1","0/1","0/1","0/1","0/1","1/1","0/1","1/1","0/1","0/1","0/1","1/1","0/1","0/1","0/1","0/1","1/1","1/1","1/1","0/0","1/1","1/1","1/1","1/1","1/1","1/1","1/1","1/1","1/1","0/0","0/0","0/1","0/1","0/1","1/1","1/1","1/1","1/1","1/1","1/1","1/1"
"chr4:140811085_TGCTGCTGCTGC/T_MAML3","1/1","1/1","0/0","1/1","1/1","1/1","0/0","0/1","0/0","1/1","0/1","0/0","0/0","0/1","0/1","1/1","1/1","1/1","0/1","1/1","0/1","0/0","0/1","1/1","0/0","1/1","0/1","1/1","0/0","0/0","0/1","1/1","0/1","0/1","1/1","0/1","0/1","1/1","1/1","1/1","0/1","1/1","0/1","0/1","1/1","0/1","1/1","0/1","1/1","0/1","1/1","1/1","1/1","0/1","1/1","0/1","0/1","0/1","0/0","1/1","0/1","0/1","0/1","1/1","1/1","1/1","0/1","1/1","1/1","0/1","1/1","1/1","1/1","1/1","1/1","0/1","0/1","1/1","1/1","1/1","1/1","1/1","1/1","1/1","1/1","1/1","1/1","1/1","1/1","1/1","1/1","0/0","0/0","0/0","0/0","1/1","1/1","0/1","1/1","1/1","1/1","1/1","1/1","0/1","0/1","1/1","1/1","1/1","1/1","1/1","1/1","0/1","0/1","0/1","0/1","0/1","0/1","1/1","0/1","1/1","0/1","0/1","0/1","1/1","0/1","0/1","0/1","0/1","1/1","1/1","1/1","0/0","1/1","1/1","1/1","1/1","1/1","1/1","1/1","1/1","1/1","0/0","0/0","0/1","0/1","0/1","1/1","1/1","1/1","1/1","1/1","1/1","1/1"
"chr4:144621404_T/TGCAGCA_FREM3","0/0","0/0","0/0","0/0","0/0","0/0","0/0","0/0","0/0","0/0","0/0","0/0","0/0","0/0","0/0","0/1","0/0","0/0","0/0","0/0","0/0","0/0","0/0","0/0","0/0","0/1","0/0","0/0","0/0","0/0","0/0","0/0","0/0","0/0","0/0","0/0","0/0","0/0","0/0","0/0","0/0","0/0","0/0","0/0","0/0","0/0","0/0","0/0","0/0","0/0","0/0","0/0","0/0","0/1","0/0","0/1","0/0","0/0","0/0","0/0","0/0","0/0","0/1","0/0","0/0","0/1","0/0","0/0","0/0","0/0","0/1","0/0","0/0","0/0","0/0","0/0","0/0","0/0","0/0","0/0","0/0","0/0","0/0","0/0","0/0","0/0","0/0","0/0","0/1","0/1","0/0","0/0","0/0","0/0","0/0","0/0","0/0","0/1","0/0","0/0","0/1","0/0","0/1","0/0","0/0","0/0","0/0","0/0","0/0","0/0","0/0","0/0","0/0","0/0","0/0","0/0","0/0","0/0","0/0","0/0","0/0","0/0","0/0","0/0","0/0","0/0","0/0","0/0","0/1","0/1","0/1","0/0","0/0","0/0","0/0","0/0","0/0","0/0","0/0","0/0","0/0","0/0","0/0","0/0","0/0","0/0","0/0","0/0","0/0","0/0","0/0","0/0","0/0"
"chr4:147560457_TGGCGGCGGC/TGGCGGCGGCGGC_POU4F2","0/1","0/1","0/1","0/1","0/1","0/1","0/1","1/1","0/1","1/1","0/1","0/1","0/1","1/2","0/1","1/1","0/1","1/1","0/1","0/1","1/1","0/1","0/1","0/1","1/4","1/1","0/1","0/1","1/1","1/1","0/1","0/1","0/4","1/1","0/1","0/1","0/1","1/1","1/1","0/1","1/1","0/1","0/1","1/1","0/1","0/1","1/1","0/1","1/1","1/1","1/1","0/1","0/3","0/0","1/1","1/4","0/1","0/0","1/2","0/1","0/1","1/1","1/1","1/1","1/1","1/1","0/1","1/4","1/4","0/1","1/1","0/0","0/0","1/1","1/1","1/1","1/1","0/4","0/4","1/1","1/1","1/1","1/1","0/1","0/1","1/5","1/5","0/1","0/1","0/1","1/1","0/1","0/1","0/1","0/1","1/1","0/1","0/1","0/1","0/1","0/1","1/1","0/1","0/1","0/1","1/1","1/1","1/1","1/1","1/1","1/1","0/0","0/0","1/1","0/1","0/4","0/4","0/0","0/0","0/1","0/0","0/0","0/4","0/1","0/1","0/1","1/1","0/1","0/4","0/4","0/4","0/1","0/0","0/6","0/0","0/0","0/6","0/6","2/4","2/4","2/4","1/1","1/1","1/1","1/1","1/1","1/1","1/1","1/1","1/1","0/1","1/1","0/1"
"chr4:147561258_TCAC/T_POU4F2","0/0","0/0","0/0","0/0","0/0","0/0","0/0","0/0","0/0","0/0","0/0","0/0","0/0","0/0","0/0","0/0","0/0","0/0","0/0","0/0","0/1","0/0","0/0","0/0","0/0","0/0","0/0","0/0","0/0","0/0","0/0","0/0","0/0","0/0","0/0","0/0","0/0","0/0","0/0","0/0","0/0","0/0","0/0","0/0","0/0","0/0","0/0","0/0","0/0","0/0","0/0","0/0","0/0","0/0","0/0","0/0","0/0","0/0","0/0","0/0","0/0","0/0","0/0","0/0","0/0","0/0","0/0","0/0","0/0","0/0","0/0","0/0","0/0","0/0","0/0","0/0","0/0","0/0","0/0","0/0","0/0","0/0","0/0","0/0","0/0","0/0","0/0","0/0","0/0","0/0","0/0","0/0","0/0","0/0","0/0","0/0","0/0","0/0","0/0","0/0","0/0","0/0","0/0","0/0","0/0","0/0","0/0","0/0","0/0","0/0","0/0","0/0","0/0","0/0","0/0","0/0","0/0","0/0","0/0","0/0","0/0","0/0","0/0","0/0","0/0","0/0","0/0","0/0","0/0","0/0","0/0","0/0","0/0","0/0","0/0","0/0","0/0","0/0","0/0","0/0","0/0","0/0","0/0","0/0","0/0","0/0","0/0","0/0","0/0","0/0","0/0","0/0","0/0"
"chr4:152201018_G/GCAGGT_PRSS48","0/0","0/0","0/0","0/1","0/1","0/1","0/1","0/1","0/1","0/0","0/0","0/0","0/1","1/1","0/1","0/1","0/0","0/0","0/1","0/0","0/1","1/1","0/0","0/1","0/0","0/0","0/0","0/0","0/0","0/0","0/1","0/0","0/0","0/0","0/0","0/0","0/0","0/0","0/0","0/0","0/0","0/1","0/1","0/0","0/1","0/0","0/0","0/0","0/0","0/0","0/0","0/1","0/0","0/0","0/0","0/1","1/1","0/0","0/0","1/1","0/1","0/0","0/0","0/1","0/1","0/0","0/0","0/0","0/0","0/0","0/0","0/0","0/0","0/0","0/0","0/0","0/0","0/0","0/0","0/0","0/0","0/0","0/0","0/0","0/0","0/0","0/0","0/1","0/1","0/1","0/0","0/0","0/0","0/0","0/0","0/0","0/1","0/0","1/1","1/1","0/1","0/0","0/1","0/0","0/0","0/1","0/1","0/1","0/1","0/0","0/1","0/1","0/1","0/1","0/1","0/0","0/0","0/1","0/1","0/1","0/1","0/1","0/0","0/1","0/1","0/1","0/1","0/1","0/0","0/0","0/0","0/0","0/1","0/0","0/1","0/1","0/0","0/0","0/1","0/1","0/1","0/0","0/0","0/0","0/0","0/0","0/0","0/0","0/0","1/1","1/1","1/1","1/1"
"chr4:152571010_G/GC_FAM160A1","0/0","0/0","0/0","0/0","0/0","0/0","0/0","0/0","0/0","0/0","0/0","0/0","0/0","0/0","0/0","0/0","0/0","0/0","0/0","0/0","0/0","0/0","0/0","0/0","0/0","0/0","0/0","0/0","0/0","0/0","0/0","0/1","0/0","0/0","0/0","0/0","0/0","0/0","0/0","0/0","0/0","0/0","0/0","0/0","0/0","0/0","0/0","0/0","0/0","0/0","0/0","0/0","0/0","0/0","0/0","0/0","0/0","0/0","0/0","0/0","0/0","0/0","0/0","0/0","0/0","0/0","0/0","0/0","0/0","0/0","0/0","0/0","0/0","0/0","0/0","0/0","0/0","0/0","0/0","0/0","0/0","0/0","0/0","0/0","0/0","0/0","0/0","0/0","0/0","0/0","0/0","0/0","0/0","0/0","0/0","0/0","0/0","0/0","0/0","0/0","0/0","0/0","0/0","0/0","0/0","0/0","0/0","0/0","0/0","0/0","0/0","0/0","0/0","0/0","0/0","0/0","0/0","0/0","0/0","0/0","0/0","0/0","0/0","0/0","0/0","0/0","0/0","0/0","0/0","0/0","0/0","0/0","0/0","0/0","0/0","0/0","0/0","0/0","0/0","0/0","0/0","0/0","0/0","0/0","0/0","0/0","0/0","0/0","0/0","0/0","0/0","0/0","0/0"
"chr4:153251985_CT/C_FBXW7","0/0","0/0","0/0","0/0","0/0","0/0","0/0","0/0","0/0","0/0","0/0","0/0","0/0","0/0","0/0","0/0","0/0","0/0","0/0","0/0","0/0","0/0","0/0","0/0","0/0","0/0","0/0","0/0","0/0","0/0","0/0","0/0","0/0","0/0","0/0","0/0","0/0","0/0","0/0","0/0","0/0","0/0","0/0","0/0","0/0","0/0","0/0","0/0","0/0","0/0","0/0","0/0","0/0","0/0","0/0","0/0","0/0","0/0","0/0","0/0","0/0","0/1","0/0","0/0","0/0","0/0","0/0","0/0","0/0","0/0","0/0","0/0","0/0","0/0","0/0","0/0","0/0","0/0","0/0","0/0","0/0","0/0","0/0","0/0","0/0","0/0","0/0","0/0","0/0","0/0","0/0","0/0","0/0","0/0","0/0","0/0","0/0","0/0","0/0","0/0","0/0","0/0","0/0","0/0","0/0","0/0","0/0","0/0","0/0","0/0","0/0","0/0","0/0","0/0","0/0","0/0","0/0","0/0","0/0","0/0","0/0","0/0","0/0","0/0","0/0","0/0","0/0","0/0","0/0","0/0","0/0","0/0","0/0","0/0","0/0","0/0","0/0","0/0","0/0","0/0","0/0","0/0","0/0","0/0","0/0","0/0","0/0","0/0","0/0","0/0","0/0","0/0","0/0"
"chr4:154624238_CCAA/C_TLR2","0/0","0/0","0/0","0/0","0/0","0/0","0/0","0/0","0/0","0/0","0/0","0/0","0/0","0/0","0/0","0/0","0/0","0/0","0/0","0/0","0/0","0/0","0/0","0/1","0/0","0/0","0/0","0/0","0/0","0/0","0/0","0/0","0/0","0/0","0/0","0/0","0/0","0/0","0/0","0/0","0/0","0/0","0/0","0/0","0/0","0/0","0/0","0/0","0/0","0/0","0/0","0/0","0/0","0/0","0/0","0/0","0/0","0/0","0/0","0/0","0/0","0/0","0/0","0/0","0/0","0/0","0/0","0/0","0/0","0/0","0/0","0/0","0/0","0/0","0/0","0/0","0/0","0/0","0/0","0/0","0/0","0/0","0/0","0/0","0/0","0/0","0/0","0/0","0/0","0/0","0/0","0/0","0/0","0/0","0/0","0/0","0/0","0/0","0/0","0/0","0/0","0/0","0/0","0/0","0/0","0/0","0/0","0/0","0/0","0/0","0/0","0/0","0/0","0/0","0/0","0/0","0/0","0/0","0/0","0/0","0/0","0/0","0/0","0/0","0/0","0/0","0/0","0/0","0/0","0/0","0/0","0/0","0/0","0/0","0/0","0/0","0/0","0/0","0/0","0/0","0/0","0/0","0/0","0/0","0/0","0/0","0/0","0/0","0/0","0/0","0/0","0/0","0/0"
"chr4:155157143_G/GA_DCHS2","0/0","0/0","0/0","0/0","0/0","0/0","0/0","0/0","0/0","0/0","0/0","0/0","0/0","0/0","0/0","0/0","0/0","0/0","0/0","0/0","0/0","0/0","0/0","0/0","0/0","0/0","0/0","0/0","0/0","0/0","0/0","0/0","0/0","0/0","0/0","0/0","0/0","0/0","0/0","0/0","0/0","0/0","0/0","0/0","0/0","0/1","0/0","0/0","0/0","0/0","0/0","0/0","0/0","0/0","0/0","0/0","0/0","0/0","0/0","0/0","0/0","0/0","0/0","0/0","0/0","0/0","0/0","0/0","0/0","0/0","0/0","0/0","0/0","0/0","0/0","0/0","0/0","0/0","0/0","0/0","0/0","0/0","0/0","0/0","0/0","0/0","0/0","0/0","0/0","0/0","0/0","0/0","0/0","0/0","0/0","0/0","0/0","0/0","0/0","0/0","0/0","0/0","0/0","0/0","0/0","0/0","0/0","0/0","0/0","0/0","0/0","0/0","0/0","0/0","0/0","0/0","0/0","0/0","0/0","0/0","0/0","0/0","0/0","0/0","0/0","0/0","0/0","0/0","0/0","0/0","0/0","0/0","0/0","0/0","0/0","0/0","0/0","0/0","0/0","0/0","0/0","0/0","0/0","0/0","0/0","0/0","0/0","0/0","0/0","0/0","0/0","0/0","0/0"
"chr4:155243535_G/GC_DCHS2","0/0","0/0","0/0","0/0","0/0","0/0","0/0","0/0","0/0","0/0","0/0","0/0","0/0","0/0","0/0","0/0","0/0","0/0","0/0","0/0","0/0","0/0","0/0","0/0","0/0","0/0","0/0","0/0","0/0","0/0","0/0","0/0","0/0","0/0","0/0","0/0","0/0","0/0","0/0","0/0","0/0","0/0","0/0","0/0","0/0","0/0","0/0","0/0","0/0","0/0","0/0","0/0","0/1","0/0","0/0","0/0","0/0","0/0","0/0","0/0","0/0","0/0","0/0","0/0","0/0","0/0","0/0","0/0","0/0","0/0","0/0","0/0","0/0","0/0","0/0","0/1","0/1","0/0","0/0","0/0","0/0","0/0","0/0","0/0","0/0","0/0","0/0","0/0","0/0","0/0","0/0","0/0","0/0","0/1","0/1","0/0","0/0","0/0","0/0","0/0","0/0","0/0","0/0","0/0","0/0","0/0","0/0","0/0","0/0","0/0","0/0","0/0","0/0","0/0","0/0","0/0","0/0","0/0","0/0","0/0","0/0","0/0","0/0","0/0","0/0","0/0","0/0","0/0","0/0","0/0","0/0","0/0","0/0","0/0","0/0","0/0","0/0","0/0","0/0","0/0","0/0","0/0","0/0","0/0","0/0","0/0","0/0","0/0","0/0","0/0","0/0","0/0","0/0"
"chr4:155244401_TTTTGTTTG/TTTTG_DCHS2","1/1","1/1","1/1","1/1","1/1","1/1","1/1","1/1","1/1","1/1","1/1","0/1","0/1","0/0","1/1","1/1","1/1","1/1","1/1","1/1","1/1","1/1","1/1","1/1","1/1","1/1","0/1","1/1","0/1","1/1","1/1","0/1","1/1","1/1","1/1","1/1","1/1","1/1","1/1","1/1","0/1","1/1","1/1","0/1","1/1","1/1","1/1","0/1","1/1","1/1","0/1","0/1","0/1","1/1","1/1","1/1","0/0","0/1","1/1","1/1","0/1","0/0","1/1","0/0","0/0","1/1","1/1","1/1","1/1","1/1","1/1","1/1","1/1","1/1","1/1","0/1","1/1","1/1","1/1","1/1","1/1","0/1","0/1","1/1","1/1","1/1","1/1","1/1","1/1","1/2","1/1","1/1","1/1","0/1","1/1","1/1","1/1","1/1","1/1","1/1","1/1","1/1","1/1","1/1","1/1","1/1","1/1","0/1","0/1","1/1","1/1","1/1","1/1","0/1","1/2","1/1","1/1","0/1","1/1","0/1","1/1","1/1","1/1","0/1","1/1","1/2","0/0","1/1","1/1","1/1","1/1","1/1","1/1","0/1","1/1","1/1","0/1","0/1","0/1","0/1","0/1","1/1","1/1","0/1","0/0","0/1","1/1","1/1","1/2","1/1","1/1","1/1","1/1"
"chr4:159638247_CAT/C_PPID","0/0","0/0","0/0","0/0","0/0","0/0","0/0","0/0","0/0","0/0","0/0","0/0","0/0","0/0","0/0","0/0","0/0","0/0","0/0","0/0","0/0","0/0","0/0","0/0","0/0","0/0","0/0","0/0","0/0","0/0","0/0","0/0","0/0","0/0","0/0","0/0","0/0","0/0","0/0","0/0","0/0","0/0","0/0","0/0","0/0","0/0","0/0","0/0","0/0","0/0","0/0","0/0","0/0","0/0","0/0","0/0","0/0","0/0","0/0","0/0","0/0","0/0","0/0","0/0","0/0","0/0","0/0","0/0","0/0","0/0","0/0","0/0","0/0","0/0","0/0","0/0","0/0","0/0","0/0","0/0","0/0","0/0","0/0","0/0","0/0","0/0","0/0","0/0","0/0","0/0","0/0","0/0","0/0","0/0","0/0","0/0","0/0","0/0","0/1","0/1","0/0","0/0","0/0","0/0","0/0","0/0","0/0","0/0","0/0","0/0","0/0","0/0","0/0","0/0","0/0","0/0","0/0","0/0","0/0","0/0","0/0","0/0","0/0","0/0","0/0","0/0","0/0","0/0","0/0","0/0","0/0","0/0","0/0","0/0","0/0","0/0","0/0","0/0","0/0","0/0","0/0","0/0","0/0","0/0","0/0","0/0","0/0","0/0","0/0","0/0","0/0","0/0","0/0"
"chr4:165118285_T/TTCC_ANP32C","0/0","0/0","0/0","0/0","0/0","0/0","0/0","0/0","0/0","0/0","0/0","0/0","0/0","0/0","0/0","0/0","0/0","0/0","0/0","0/0","0/0","0/0","0/0","0/0","0/0","0/0","0/0","0/0","0/0","0/0","0/0","0/0","0/0","0/0","0/0","0/0","0/0","0/0","0/0","0/0","0/0","0/0","0/0","0/0","0/0","0/0","0/0","0/0","0/0","0/0","0/1","0/0","0/0","0/0","0/0","0/0","0/0","0/0","0/0","0/0","0/0","0/0","0/0","0/0","0/0","0/0","0/0","0/0","0/0","0/0","0/0","0/0","0/0","0/0","0/0","0/0","0/0","0/0","0/0","0/0","0/0","0/0","0/1","0/0","0/0","0/0","0/0","0/0","0/0","0/0","0/0","0/0","0/0","0/0","0/0","0/0","0/0","0/0","0/0","0/0","0/0","0/0","0/0","0/0","0/0","0/0","0/0","0/0","0/0","0/0","0/0","0/0","0/0","0/0","0/0","0/0","0/0","0/0","0/0","0/0","0/0","0/0","0/0","0/0","0/0","0/0","0/0","0/0","0/0","0/0","0/0","0/0","0/0","0/0","0/0","0/0","0/0","0/0","0/0","0/0","0/0","0/0","0/0","0/0","0/0","0/0","0/0","0/0","0/0","0/0","0/0","0/0","0/0"
"chr4:169229301_CA/C_DDX60","0/0","0/0","0/0","0/0","0/0","0/0","0/0","0/0","0/0","0/0","0/0","0/0","0/0","0/0","0/0","0/0","0/0","0/0","0/0","0/0","0/0","0/0","0/0","0/0","0/0","0/0","0/0","0/0","0/0","0/0","0/0","0/0","0/0","0/0","0/0","0/0","0/1","0/0","0/0","0/0","0/0","0/0","0/0","0/0","0/0","0/0","0/0","0/0","0/0","0/0","0/0","0/0","0/0","0/0","0/0","0/0","0/0","0/0","0/0","0/0","0/0","0/0","0/0","0/0","0/0","0/0","0/0","0/0","0/0","0/0","0/0","0/0","0/0","0/0","0/0","0/0","0/0","0/0","0/0","0/0","0/0","0/0","0/0","0/0","0/0","0/0","0/0","0/0","0/0","0/0","0/0","0/0","0/0","0/0","0/0","0/0","0/0","0/0","0/0","0/0","0/0","0/0","0/0","0/0","0/0","0/0","0/0","0/0","0/0","0/0","0/0","0/0","0/0","0/0","0/0","0/0","0/0","0/0","0/0","0/0","0/0","0/0","0/0","0/0","0/0","0/0","0/0","0/0","0/0","0/0","0/0","0/0","0/0","0/0","0/0","0/0","0/0","0/0","0/0","0/0","0/0","0/0","0/0","0/0","0/0","0/0","0/0","0/0","0/0","0/0","0/0","0/0","0/0"
"chr4:169296530_ATTC/A_DDX60L","0/0","0/0","0/0","0/0","0/0","0/0","0/0","0/0","0/0","0/0","0/0","0/0","0/0","0/0","0/0","0/0","0/0","0/0","0/0","0/0","0/0","0/0","0/0","0/0","0/0","0/0","0/0","0/0","0/0","0/0","0/0","0/0","0/0","0/0","0/0","0/0","0/0","0/0","0/0","0/0","0/0","0/0","0/0","0/0","0/0","0/0","0/0","0/0","0/0","0/0","0/0","0/0","0/0","0/0","0/0","0/0","0/0","0/0","0/0","0/1","0/0","0/0","0/0","0/0","0/0","0/0","0/0","0/0","0/0","0/0","0/0","0/0","0/0","0/0","0/0","0/0","0/0","0/0","0/0","0/0","0/0","0/0","0/0","0/0","0/0","0/0","0/0","0/0","0/0","0/0","0/0","0/0","0/0","0/0","0/0","0/0","0/0","0/0","0/0","0/0","0/0","0/0","0/0","0/0","0/0","0/0","0/0","0/0","0/0","0/0","0/0","0/0","0/0","0/0","0/0","0/0","0/0","0/0","0/0","0/0","0/0","0/0","0/0","0/0","0/0","0/0","0/0","0/0","0/0","0/0","0/0","0/0","0/0","0/0","0/0","0/0","0/0","0/0","0/0","0/0","0/0","0/0","0/0","0/0","0/0","0/0","0/0","0/0","0/0","0/0","0/0","0/0","0/0"
"chr4:169799303_G/GC_PALLD","0/0","0/0","0/0","0/0","0/0","0/0","0/0","0/0","0/0","0/0","0/0","0/0","0/0","0/0","0/0","0/0","0/0","0/0","0/0","0/0","0/0","0/0","0/0","0/0","0/0","0/0","0/0","0/0","0/0","0/0","0/0","0/0","0/0","0/0","0/0","0/0","0/0","0/0","0/0","0/0","0/0","0/0","0/0","0/0","0/0","0/0","0/0","0/0","0/0","0/0","0/0","0/0","0/0","0/0","0/0","0/0","0/0","0/0","0/0","0/0","0/0","0/0","0/0","0/0","0/0","0/0","0/0","0/0","0/0","0/0","0/0","0/0","0/0","0/0","0/0","0/0","0/0","0/0","0/0","0/0","0/0","0/0","0/0","0/0","0/0","0/0","0/0","0/0","0/0","0/0","0/0","0/0","0/0","0/0","0/0","0/0","0/0","0/0","0/0","0/0","0/0","0/0","0/0","0/0","0/0","0/0","0/0","0/0","0/0","0/0","0/0","0/0","0/0","0/0","0/0","0/0","0/0","0/0","0/0","0/0","0/0","0/0","0/1","0/0","0/0","0/0","0/0","0/0","0/0","0/0","0/0","0/0","0/0","0/0","0/0","0/0","0/0","0/0","0/0","0/0","0/0","0/0","0/0","0/0","0/0","0/0","0/0","0/0","0/0","0/0","0/0","0/0","0/0"
"chr4:170051277_TCA/T_SH3RF1","0/0","0/0","0/0","0/0","0/0","0/0","0/0","0/0","0/0","0/0","0/0","0/0","0/0","0/0","0/0","0/0","0/0","0/0","0/0","0/0","0/1","0/0","0/0","0/0","0/0","0/0","0/0","0/0","0/0","0/0","0/0","0/0","0/0","0/0","0/0","0/0","0/0","0/0","0/0","0/0","0/0","0/0","0/0","0/0","0/0","0/0","0/0","0/0","0/0","0/0","0/0","0/0","0/0","0/0","0/0","0/0","0/0","0/0","0/0","0/0","0/0","0/0","0/0","0/0","0/0","0/0","0/0","0/0","0/0","0/0","0/0","0/0","0/0","0/0","0/0","0/0","0/0","0/0","0/0","0/0","0/0","0/0","0/0","0/0","0/0","0/0","0/0","0/0","0/0","0/0","0/0","0/0","0/0","0/0","0/0","0/0","0/0","0/0","0/0","0/0","0/0","0/0","0/0","0/0","0/0","0/0","0/0","0/0","0/0","0/0","0/0","0/0","0/0","0/0","0/0","0/0","0/0","0/0","0/0","0/0","0/0","0/0","0/0","0/0","0/0","0/0","0/0","0/0","0/0","0/0","0/0","0/0","0/0","0/0","0/0","0/0","0/0","0/0","0/0","0/0","0/0","0/0","0/0","0/0","0/0","0/0","0/0","0/0","0/0","0/0","0/0","0/0","0/0"
"chr4:170613459_TA/T_CLCN3","0/0","0/0","0/0","0/0","0/0","0/0","0/0","0/0","0/0","0/0","0/0","0/0","0/0","0/0","0/0","0/0","0/0","0/0","0/0","0/0","0/0","0/0","0/0","0/0","0/0","0/0","0/0","0/0","0/0","0/0","0/0","0/0","0/0","0/0","0/0","0/0","0/0","0/0","0/0","0/0","0/0","0/0","0/0","0/0","0/0","0/0","0/0","0/0","0/0","0/0","0/0","0/0","0/0","0/0","0/0","0/0","0/0","0/0","0/0","0/0","0/0","0/0","0/0","0/0","0/0","0/0","0/0","0/0","0/0","0/0","0/0","0/0","0/0","0/0","0/0","0/0","0/0","0/0","0/0","0/0","0/0","0/0","0/0","0/0","0/0","0/0","0/0","0/0","0/0","0/0","0/0","0/0","0/0","0/0","0/0","0/0","0/0","0/0","0/0","0/0","0/0","0/0","0/0","0/0","0/0","0/0","0/0","0/0","0/0","0/0","0/0","0/0","0/0","0/0","0/0","0/0","0/0","0/0","0/0","0/0","0/0","0/0","0/0","0/0","0/0","0/1","0/0","0/0","0/0","0/0","0/0","0/0","0/0","0/0","0/0","0/0","0/0","0/0","0/0","0/0","0/0","0/0","0/0","0/0","0/0","0/0","0/0","0/0","0/0","0/0","0/0","0/0","0/0"
"chr4:177605081_CTCA/C_VEGFC","1/1","1/1","1/1","1/1","1/1","1/1","1/1","1/1","1/1","1/1","1/1","1/1","1/1","1/1","1/1","1/1","1/1","1/1","1/1","1/1","1/1","1/1","1/1","1/1","1/1","1/1","1/1","1/1","1/1","1/1","1/1","1/1","1/1","1/1","1/1","1/1","1/1","1/1","1/1","1/1","1/1","1/1","1/1","1/1","1/1","1/1","1/1","1/1","1/1","1/1","1/1","1/1","1/1","1/1","1/1","1/1","1/1","1/1","1/1","1/1","1/1","1/1","1/1","1/1","1/1","1/1","1/1","1/1","1/1","1/1","1/1","1/1","1/1","1/1","1/1","1/1","1/1","1/1","1/1","1/1","1/1","1/1","1/1","1/1","1/1","1/1","1/1","1/1","1/1","1/1","1/1","1/1","1/1","1/1","1/1","1/1","1/1","1/1","1/1","1/1","1/1","1/1","1/1","1/1","1/1","1/1","1/1","1/1","1/1","1/1","1/1","1/1","1/1","1/1","1/1","1/1","1/1","1/1","1/1","1/1","1/1","1/1","1/1","1/1","1/1","1/1","1/1","1/1","1/1","1/1","1/1","1/1","1/1","1/1","1/1","1/1","1/1","1/1","1/1","1/1","1/1","1/1","1/1","1/1","1/1","1/1","1/1","1/1","1/1","1/1","1/1","1/1","1/1"
"chr4:184367558_TCTG/T_CDKN2AIP","0/1","0/1","0/1","0/0","0/1","0/1","0/1","0/1","0/1","0/0","0/1","0/1","0/0","0/0","0/1","0/0","0/0","0/0","0/0","0/0","0/1","1/1","0/1","0/0","0/1","0/1","0/1","0/1","0/0","0/0","0/0","0/0","0/0","0/1","0/1","0/0","0/0","0/0","0/0","1/1","0/0","0/0","0/1","0/1","0/1","0/1","0/0","0/0","0/1","0/0","0/0","0/0","1/1","0/0","0/0","0/0","0/1","0/1","0/1","0/1","0/1","1/1","0/1","0/0","0/0","0/0","0/0","0/1","0/1","0/0","0/0","0/0","0/0","0/1","0/1","0/0","0/0","0/0","0/0","0/0","0/0","0/0","0/0","0/1","0/1","0/0","0/0","0/1","0/0","0/0","0/1","0/1","0/1","0/0","0/0","0/1","0/1","0/1","0/1","0/1","0/0","0/1","0/0","0/1","0/1","0/0","0/0","0/0","0/0","0/1","0/0","0/0","0/0","0/0","0/1","0/0","0/0","0/0","0/0","0/0","0/0","0/0","0/0","0/0","0/1","0/1","0/0","0/0","0/0","0/0","0/0","0/0","1/1","0/1","1/1","1/1","0/1","0/1","0/0","0/0","0/0","0/0","0/0","0/0","0/0","0/0","1/1","1/1","1/1","0/0","0/0","0/0","0/0"
"chr4:185583038_T/TG_PRIMPOL","0/0","0/0","0/0","0/0","0/0","0/0","0/0","0/0","0/0","0/0","0/0","0/0","0/0","0/0","0/0","0/0","0/0","0/0","0/0","0/0","0/0","0/0","0/0","0/0","0/0","0/0","0/0","0/0","0/0","0/0","0/0","0/1","0/0","0/0","0/0","0/0","0/0","0/0","0/0","0/0","0/0","0/0","0/0","0/1","0/0","0/0","0/0","0/0","0/0","0/0","0/0","0/0","0/0","0/0","0/0","0/0","0/0","0/0","0/0","0/0","0/0","0/0","0/0","0/0","0/0","0/0","0/0","0/0","0/0","0/0","0/0","0/0","0/0","0/0","0/0","0/1","0/1","0/0","0/0","0/0","0/0","0/0","0/0","0/0","0/0","0/0","0/0","0/0","0/0","0/0","0/0","0/0","0/0","0/0","0/0","0/0","0/0","0/0","0/0","0/0","0/0","0/0","0/0","0/0","0/0","0/0","0/0","0/0","0/0","0/0","0/0","0/0","0/0","0/0","0/0","0/0","0/0","0/1","0/0","0/1","0/0","0/0","0/0","0/1","0/0","0/0","0/0","0/0","0/0","0/0","0/0","0/0","0/0","0/0","0/0","0/0","0/0","0/0","0/0","0/0","0/0","0/0","0/0","0/0","0/0","0/0","0/0","0/0","0/0","0/0","0/0","0/0","0/0"
"chr4:186272694_GA/G_SNX25","0/0","0/0","0/0","0/0","0/0","0/0","0/0","0/0","0/0","0/0","0/0","0/0","0/0","0/0","0/0","0/0","0/0","0/0","0/0","0/0","0/0","0/0","0/0","0/0","0/0","0/0","0/0","0/0","0/0","0/0","0/0","0/0","0/0","0/0","0/0","0/0","0/1","0/0","0/0","0/0","0/0","0/0","0/0","0/0","0/0","0/0","0/0","0/0","0/0","0/0","0/0","0/0","0/0","0/0","0/0","0/0","0/0","0/0","0/0","0/0","0/0","0/0","0/0","0/0","0/0","0/0","0/0","0/0","0/0","0/0","0/0","0/0","0/0","0/0","0/0","0/0","0/0","0/0","0/0","0/0","0/0","0/0","0/0","0/0","0/0","0/0","0/0","0/0","0/0","0/0","0/0","0/0","0/0","0/0","0/0","0/0","0/0","0/0","0/0","0/0","0/0","0/0","0/0","0/0","0/0","0/0","0/0","0/0","0/0","0/0","0/0","0/0","0/0","0/0","0/0","0/0","0/0","0/0","0/0","0/0","0/0","0/0","0/0","0/0","0/0","0/0","0/0","0/0","0/0","0/0","0/0","0/0","0/0","0/0","0/0","0/0","0/0","0/0","0/0","0/0","0/0","0/0","0/0","0/0","0/0","0/0","0/0","0/0","0/0","0/0","0/0","0/0","0/0"
"chr4:186544878_C/CG_SORBS2","0/0","0/0","0/0","0/0","0/0","0/0","0/0","0/0","0/0","0/0","0/0","0/0","0/0","0/0","0/0","0/0","0/0","0/0","0/0","0/0","0/0","0/0","0/0","0/0","0/0","0/0","0/0","0/0","0/0","0/0","0/0","0/0","0/0","0/0","0/0","0/0","0/0","0/0","0/0","0/0","0/0","0/0","0/0","0/0","0/0","0/0","0/0","0/0","0/0","0/0","0/0","0/0","0/0","0/0","0/0","0/0","0/0","0/0","0/0","0/0","0/0","0/0","0/0","0/0","0/0","0/0","0/0","0/0","0/0","0/0","0/0","0/0","0/0","0/0","0/0","0/0","0/0","0/0","0/0","0/0","0/0","0/0","0/0","0/0","0/0","0/0","0/0","0/0","0/0","0/0","0/0","0/0","0/0","0/0","0/0","0/0","0/0","0/0","0/0","0/0","0/0","0/0","0/0","0/0","0/0","0/0","0/0","0/0","0/0","0/0","0/0","0/0","0/0","0/0","0/0","0/0","0/0","0/0","0/0","0/0","0/0","0/0","0/0","0/0","0/0","0/1","0/0","0/0","0/0","0/0","0/0","0/0","0/0","0/0","0/0","0/0","0/0","0/0","0/0","0/0","0/0","0/0","0/0","0/0","0/0","0/0","0/0","0/0","0/0","0/0","0/0","0/0","0/0"
"chr4:187122302_ATCATACAGGTCATC/A_CYP4V2","0/0","0/0","0/0","0/0","0/0","0/0","0/0","0/0","0/0","0/0","0/0","0/0","0/0","0/0","0/0","0/0","0/0","0/0","0/0","0/0","0/0","0/0","0/0","0/0","0/0","0/0","0/0","0/0","0/0","0/0","0/0","0/0","0/0","0/0","0/0","0/0","0/0","0/0","0/0","0/0","0/0","0/0","0/0","0/0","0/1","0/0","0/0","0/0","0/0","0/0","0/0","0/0","0/0","0/0","0/0","0/0","0/0","0/0","0/0","0/0","0/0","0/0","0/0","0/0","0/0","0/0","0/0","0/0","0/0","0/0","0/0","0/0","0/0","0/0","0/0","0/0","0/0","0/0","0/0","0/0","0/0","0/0","0/0","0/0","0/0","0/0","0/0","0/0","0/0","0/0","0/0","0/0","0/0","0/0","0/0","0/0","0/0","0/0","0/0","0/0","0/0","0/0","0/0","0/0","0/0","0/0","0/0","0/0","0/0","0/0","0/0","0/0","0/0","0/0","0/0","0/0","0/0","0/0","0/0","0/0","0/0","0/0","0/0","0/0","0/0","0/0","0/0","0/0","0/0","0/0","0/0","0/0","0/0","0/0","0/0","0/0","0/0","0/0","0/0","0/0","0/0","0/0","0/0","0/0","0/0","0/0","0/0","0/0","0/0","0/0","0/0","0/0","0/0"
"chr4:187122318_CT/TT_CYP4V2","0/0","0/0","0/0","0/0","0/0","0/0","0/0","0/0","0/0","0/0","0/0","0/0","0/0","0/0","0/1","0/0","0/0","0/0","0/0","0/0","0/0","0/0","0/0","0/0","0/0","0/0","0/0","0/0","0/0","0/0","0/0","0/0","0/0","0/0","0/0","0/0","0/0","0/0","0/0","0/0","0/0","0/0","0/0","0/0","0/2","0/0","0/0","0/0","0/0","0/0","0/0","0/0","0/0","0/0","0/0","0/0","0/0","0/0","0/0","0/0","0/0","0/0","0/0","0/0","0/0","0/0","0/0","0/0","0/0","0/0","0/0","0/0","0/0","0/0","0/0","0/0","0/0","0/0","0/0","0/0","0/0","0/0","0/0","0/0","0/0","0/0","0/0","0/0","0/0","0/0","0/0","0/0","0/0","0/0","0/0","0/0","0/0","0/0","0/0","0/0","0/0","0/0","0/0","0/0","0/0","0/0","0/0","0/0","0/0","0/0","0/0","0/0","0/0","0/0","0/0","0/0","0/0","0/0","0/0","0/0","0/0","0/0","0/0","0/0","0/0","0/0","0/0","0/0","0/0","0/0","0/0","0/0","0/0","0/0","0/0","0/0","0/0","0/0","0/0","0/0","0/0","0/0","0/0","0/0","0/0","0/0","0/0","0/0","0/0","0/0","0/0","0/0","0/0"
"chr4:187518893_C/CA_FAT1","0/0","0/0","0/0","0/0","0/0","0/0","0/0","0/0","0/0","0/0","0/0","0/0","0/0","0/0","0/0","0/0","0/0","0/0","0/0","0/0","0/0","0/0","0/0","0/0","0/0","0/0","0/0","0/0","0/0","0/0","0/0","0/0","0/0","0/0","0/0","0/0","0/0","0/0","0/0","0/0","0/0","0/0","0/0","0/0","0/0","0/0","0/0","0/0","0/0","0/0","0/0","0/0","0/0","0/0","0/0","0/0","0/0","0/0","0/0","0/0","0/0","0/0","0/0","0/0","0/0","0/0","0/0","0/0","0/0","0/0","0/0","0/0","0/0","0/0","0/0","0/0","0/0","0/0","0/0","0/0","0/0","0/0","0/0","0/0","0/0","0/0","0/0","0/0","0/0","0/0","0/0","0/0","0/0","0/0","0/0","0/0","0/0","0/0","0/0","0/0","0/0","0/0","0/0","0/0","0/0","0/1","0/0","0/0","0/0","0/0","0/0","0/0","0/0","0/0","0/0","0/0","0/0","0/0","0/0","0/0","0/0","0/0","0/0","0/0","0/0","0/0","0/0","0/0","0/0","0/0","0/0","0/0","0/0","0/0","0/0","0/0","0/0","0/0","0/0","0/0","0/0","0/0","0/0","0/0","0/0","0/0","0/0","0/0","0/0","0/0","0/0","0/0","0/0"
"chr4:187584630_TG/T_FAT1","0/0","0/0","0/0","0/0","0/0","0/0","0/0","0/0","0/0","0/0","0/0","0/0","0/0","0/0","0/0","0/0","0/0","0/0","0/0","0/0","0/0","0/0","0/0","0/0","0/0","0/0","0/0","0/0","0/0","0/0","0/0","0/0","0/0","0/0","0/0","0/0","0/0","0/0","0/0","0/0","0/0","0/0","0/0","0/0","0/0","0/0","0/0","0/0","0/0","0/0","0/0","0/0","0/0","0/0","0/0","0/0","0/0","0/0","0/0","0/0","0/0","0/0","0/0","0/0","0/0","0/0","0/0","0/0","0/0","0/0","0/0","0/0","0/0","0/0","0/0","0/0","0/0","0/0","0/0","0/0","0/0","0/0","0/0","0/0","0/0","0/0","0/0","0/0","0/0","0/0","0/0","0/0","0/0","0/0","0/0","0/0","0/0","0/0","0/0","0/0","0/0","0/0","0/0","0/0","0/0","0/0","0/0","0/0","0/0","0/0","0/0","0/0","0/0","0/0","0/0","0/0","0/0","0/0","0/0","0/0","0/0","0/0","0/0","0/0","0/0","0/1","0/0","0/0","0/0","0/0","0/0","0/0","0/0","0/0","0/0","0/0","0/0","0/0","0/0","0/0","0/0","0/0","0/0","0/0","0/0","0/0","0/0","0/0","0/0","0/0","0/0","0/0","0/0"
"chr4:187630162_C/CA_FAT1","0/0","0/0","0/0","0/0","0/0","0/0","0/0","0/0","0/0","0/0","0/0","0/0","0/0","0/0","0/0","0/0","0/0","0/0","0/0","0/0","0/0","0/0","0/0","0/0","0/0","0/0","0/0","0/0","0/0","0/0","0/0","0/0","0/0","0/0","0/0","0/0","0/0","0/0","0/0","0/0","0/0","0/1","0/0","0/0","0/0","0/0","0/0","0/0","0/0","0/0","0/0","0/0","0/0","0/0","0/0","0/0","0/0","0/0","0/0","0/0","0/0","0/0","0/0","0/0","0/0","0/0","0/0","0/0","0/0","0/0","0/0","0/0","0/0","0/0","0/0","0/0","0/0","0/0","0/0","0/0","0/0","0/1","0/0","0/0","0/0","0/0","0/0","0/0","0/0","0/0","0/0","0/0","0/0","0/0","0/0","0/0","0/0","0/0","0/0","0/0","0/0","0/0","0/0","0/0","0/0","0/0","0/0","0/0","0/0","0/0","0/0","0/0","0/0","0/0","0/0","0/0","0/0","0/0","0/0","0/0","0/0","0/0","0/0","0/0","0/0","0/0","0/0","0/0","0/0","0/0","0/0","0/0","0/0","0/0","0/0","0/0","0/0","0/0","0/0","0/0","0/0","0/0","0/0","0/0","0/0","0/0","0/0","0/0","0/0","0/0","0/0","0/0","0/0"
"chr4:189012770_AG/A_TRIML2","0/0","0/0","0/0","0/0","0/0","0/0","0/0","0/0","0/0","0/0","0/0","0/0","0/0","0/0","0/0","0/0","0/0","0/0","0/0","0/0","0/0","0/0","0/0","0/0","0/0","0/0","0/0","0/0","0/0","0/0","0/0","0/0","0/0","0/0","0/0","0/0","0/1","0/0","0/0","0/0","0/0","0/0","0/0","0/0","0/0","0/0","0/0","0/0","0/0","0/0","0/0","0/0","0/0","0/0","0/0","0/0","0/0","0/0","0/0","0/0","0/0","0/0","0/0","0/0","0/0","0/0","0/0","0/0","0/0","0/0","0/0","0/0","0/0","0/0","0/0","0/0","0/0","0/0","0/0","0/0","0/0","0/0","0/0","0/0","0/0","0/0","0/0","0/0","0/0","0/0","0/0","0/0","0/0","0/0","0/0","0/0","0/0","0/0","0/0","0/0","0/0","0/0","0/0","0/0","0/0","0/0","0/0","0/0","0/0","0/0","0/0","0/0","0/0","0/0","0/0","0/0","0/0","0/0","0/0","0/0","0/0","0/0","0/0","0/0","0/0","0/0","0/0","0/0","0/0","0/0","0/0","0/0","0/0","0/0","0/0","0/0","0/0","0/0","0/0","0/0","0/0","0/0","0/0","0/0","0/0","0/0","0/0","0/0","0/0","0/0","0/0","0/0","0/0"
"chr5:271857_CCCGGCCCTGGGG/C_PDCD6","0/0","0/0","0/0","0/0","0/0","0/0","0/0","0/0","0/0","0/0","0/0","0/0","0/0","0/0","0/0","0/0","0/1","0/0","0/1","0/0","0/0","0/0","0/0","0/0","0/1","0/0","0/0","0/0","0/0","0/0","0/1","0/0","0/1","0/0","0/0","0/0","0/0","0/0","0/0","0/0","0/0","0/1","0/0","0/0","0/0","0/0","0/0","0/0","0/0","0/0","0/0","0/0","0/0","0/0","0/0","0/1","0/0","0/0","0/0","0/0","0/0","0/0","0/0","0/0","0/0","0/0","0/0","0/0","0/0","0/0","0/0","0/0","0/0","0/0","0/0","0/0","0/0","0/0","0/0","0/0","0/0","0/0","0/0","0/0","0/0","0/0","0/0","0/0","0/0","0/0","0/0","0/0","0/0","0/0","0/0","0/0","0/0","0/0","0/1","0/1","0/0","0/0","0/0","0/1","0/1","0/1","0/1","0/0","0/0","0/0","0/0","0/0","0/0","0/0","0/0","0/0","0/0","0/0","0/0","0/0","0/0","0/0","0/0","0/0","0/0","0/0","0/0","0/0","0/0","0/0","0/0","0/0","0/0","0/0","0/0","0/0","0/0","0/0","0/0","0/0","0/0","0/0","0/0","0/0","0/0","0/0","0/0","0/0","0/0","0/0","0/0","0/0","0/0"
"chr5:620190_C/CG_CEP72","0/0","0/0","0/0","0/0","0/0","0/0","0/0","0/0","0/0","0/0","0/0","0/0","0/0","0/0","0/0","0/0","0/0","0/0","0/0","0/0","0/0","0/0","0/0","0/0","0/0","0/0","0/0","0/0","0/0","0/0","0/0","0/0","0/0","0/0","0/0","0/0","0/0","0/0","0/0","0/0","0/0","0/0","0/0","0/0","0/0","0/0","0/0","0/0","0/0","0/0","0/0","0/0","0/0","0/0","0/0","0/0","0/0","0/0","0/0","0/0","0/0","0/0","0/0","0/0","0/0","0/0","0/0","0/0","0/0","0/0","0/0","0/0","0/0","0/0","0/0","0/0","0/0","0/0","0/0","0/0","0/0","0/0","0/0","0/0","0/0","0/0","0/0","0/0","0/0","0/0","0/0","0/0","0/0","0/0","0/0","0/0","0/0","0/0","0/0","0/0","0/0","0/0","0/0","0/0","0/0","0/0","0/0","0/0","0/0","0/0","0/0","0/0","0/0","0/0","0/0","0/0","0/0","0/0","0/0","0/0","0/0","0/0","0/0","0/0","0/0","0/0","0/0","0/0","0/0","0/0","0/0","0/0","0/0","0/0","0/0","0/0","0/0","0/0","0/0","0/0","0/0","0/0","0/0","0/1","0/1","0/1","0/0","0/0","0/0","0/0","0/0","0/0","0/0"
"chr5:620191_A/AAT_CEP72","0/0","0/0","0/0","0/0","0/0","0/0","0/0","0/0","0/0","0/0","0/0","0/0","0/0","0/0","0/0","0/0","0/0","0/0","0/0","0/0","0/0","0/0","0/0","0/0","0/0","0/0","0/0","0/0","0/0","0/0","0/0","0/0","0/0","0/0","0/0","0/0","0/0","0/0","0/0","0/0","0/0","0/0","0/0","0/0","0/0","0/0","0/0","0/0","0/0","0/0","0/0","0/0","0/0","0/0","0/0","0/0","0/0","0/0","0/0","0/0","0/0","0/0","0/0","0/0","0/0","0/0","0/0","0/0","0/0","0/0","0/0","0/0","0/0","0/0","0/0","0/0","0/0","0/0","0/0","0/0","0/0","0/0","0/0","0/0","0/0","0/0","0/0","0/0","0/0","0/0","0/0","0/0","0/0","0/0","0/0","0/0","0/0","0/0","0/0","0/0","0/0","0/0","0/0","0/0","0/0","0/0","0/0","0/0","0/0","0/0","0/0","0/0","0/0","0/0","0/0","0/0","0/0","0/0","0/0","0/0","0/0","0/0","0/0","0/0","0/0","0/0","0/0","0/0","0/0","0/0","0/0","0/0","0/0","0/0","0/0","0/0","0/0","0/0","0/0","0/0","0/0","0/0","0/0","0/1","0/1","0/1","0/0","0/0","0/0","0/0","0/0","0/0","0/0"
"chr5:894954_CA/C_TRIP13","0/0","0/0","0/0","0/0","0/0","0/0","0/0","0/0","0/0","0/0","0/0","0/0","0/0","0/0","0/0","0/0","0/0","0/0","0/0","0/0","0/0","0/0","0/0","0/0","0/0","0/0","0/0","0/0","0/0","0/0","0/0","0/0","0/0","0/0","0/0","0/0","0/0","0/0","0/0","0/0","0/0","0/0","0/0","0/0","0/0","0/0","0/1","0/0","0/0","0/0","0/0","0/0","0/0","0/0","0/0","0/0","0/0","0/0","0/0","0/0","0/0","0/0","0/0","0/0","0/0","0/0","0/0","0/0","0/0","0/0","0/0","0/0","0/0","0/0","0/0","0/0","0/0","0/0","0/0","0/0","0/0","0/0","0/0","0/0","0/0","0/0","0/0","0/0","0/0","0/0","0/0","0/0","0/0","0/0","0/0","0/0","0/0","0/0","0/0","0/0","0/0","0/0","0/0","0/0","0/0","0/0","0/0","0/0","0/0","0/0","0/0","0/0","0/0","0/0","0/0","0/0","0/0","0/0","0/0","0/0","0/0","0/0","0/0","0/0","0/0","0/0","0/0","0/0","0/0","0/0","0/0","0/0","0/0","0/0","0/0","0/0","0/0","0/0","0/0","0/0","0/0","0/0","0/0","0/0","0/0","0/0","0/0","0/0","0/0","0/0","0/0","0/0","0/0"
"chr5:1038446_GCACCACCAC/GCAC_NKD2","0/0","0/0","0/0","0/0","0/0","0/0","0/0","0/0","0/0","0/0","0/0","0/0","0/0","0/0","0/2","0/0","0/0","0/0","0/0","0/0","0/0","0/0","0/0","0/0","0/0","0/0","0/0","0/0","0/0","0/0","0/0","0/0","0/0","0/0","0/0","0/0","0/0","0/0","0/0","0/0","0/0","0/0","0/0","0/2","0/0","0/0","0/0","0/0","0/0","0/0","0/0","0/0","0/0","0/0","0/0","0/0","0/0","0/0","0/0","0/0","0/0","0/0","0/0","0/0","0/0","0/2","0/0","0/0","0/0","0/0","0/0","0/0","0/0","0/0","0/0","0/0","0/0","0/0","0/0","0/0","0/0","0/3","0/0","0/0","0/0","0/3","0/3","0/0","0/0","0/0","0/0","0/0","0/0","0/0","0/0","0/0","0/0","0/0","0/0","0/0","0/0","0/0","0/0","0/1","0/1","0/0","0/0","0/0","0/0","0/0","0/0","0/0","0/0","0/0","0/0","0/0","0/0","0/0","0/0","0/0","0/0","0/0","0/0","0/0","0/0","0/0","0/0","0/0","0/0","0/0","0/0","0/0","0/0","0/0","0/0","0/0","0/0","0/0","0/0","0/0","0/0","0/0","0/0","0/0","0/0","0/0","0/0","0/0","0/0","0/2","0/0","0/0","0/0"
"chr5:7757683_TGGCCGTGTTCAACATGGTAAGTCCCAGAGCAC/T_ADCY2","0/0","0/0","0/0","0/0","0/0","0/0","0/0","0/0","0/0","0/0","0/0","0/0","0/0","0/0","0/0","0/0","0/0","0/0","0/0","0/0","0/0","0/0","0/0","0/0","0/0","0/0","0/0","0/0","0/0","0/0","0/0","0/0","0/0","0/0","0/0","0/0","0/0","0/0","0/0","0/0","0/0","0/0","0/0","0/0","0/0","0/0","0/0","0/0","0/0","0/0","0/0","0/0","0/0","0/0","0/0","0/0","0/0","0/0","0/0","0/0","0/0","0/0","0/0","0/0","0/0","0/0","0/0","0/0","0/0","0/1","0/0","0/0","0/0","0/0","0/0","0/0","0/0","0/0","0/0","0/0","0/0","0/0","0/0","0/0","0/0","0/0","0/0","0/0","0/0","0/0","0/0","0/0","0/0","0/0","0/0","0/0","0/0","0/0","0/0","0/0","0/0","0/0","0/0","0/0","0/0","0/0","0/0","0/0","0/0","0/0","0/0","0/0","0/0","0/0","0/0","0/0","0/0","0/0","0/0","0/0","0/0","0/0","0/0","0/0","0/0","0/0","0/0","0/0","0/0","0/0","0/0","0/0","0/0","0/0","0/0","0/0","0/0","0/0","0/0","0/0","0/0","0/0","0/0","0/0","0/0","0/0","0/0","0/0","0/0","0/0","0/0","0/0","0/0"
"chr5:7866878_AAATGAGTGAAT/A_FASTKD3","0/0","0/0","0/0","0/0","0/0","0/0","0/0","0/0","0/0","0/0","0/0","0/0","0/0","0/0","0/0","0/0","0/0","0/0","0/0","0/0","0/0","0/0","0/0","0/0","0/0","0/0","0/0","0/0","0/0","0/0","0/0","0/0","0/0","0/0","0/0","0/0","0/0","0/0","0/0","0/0","0/0","0/0","0/0","0/0","0/0","0/0","0/0","0/0","0/0","0/0","0/0","0/0","0/0","0/0","0/0","0/0","0/0","0/0","0/0","0/0","0/0","0/0","0/0","0/0","0/0","0/0","0/0","0/0","0/0","0/0","0/0","0/0","0/0","0/0","0/0","0/0","0/0","0/0","0/0","0/0","0/0","0/0","0/0","0/0","0/0","0/0","0/0","0/0","0/0","0/0","0/0","0/0","0/0","0/0","0/0","0/0","0/0","0/0","0/0","0/0","0/0","0/0","0/0","0/0","0/0","0/0","0/0","0/0","0/0","0/0","0/0","0/0","0/0","0/0","0/0","0/1","0/1","0/0","0/0","0/0","0/0","0/0","0/1","0/0","0/0","0/0","0/0","0/0","0/0","0/0","0/0","0/0","0/0","0/0","0/0","0/0","0/0","0/0","0/0","0/0","0/0","0/0","0/0","0/0","0/0","0/0","0/0","0/0","0/0","0/0","0/0","0/0","0/0"
"chr5:10680837_GT/G_DAP","0/0","0/0","0/0","0/0","0/0","0/0","0/0","0/0","0/0","0/0","0/0","0/0","0/0","0/0","0/0","0/0","0/0","0/0","0/0","0/0","0/0","0/0","0/0","0/0","0/0","0/0","0/0","0/0","0/0","0/0","0/0","0/0","0/0","0/0","0/0","0/0","0/1","0/0","0/0","0/0","0/0","0/0","0/0","0/0","0/0","0/0","0/0","0/0","0/0","0/0","0/0","0/0","0/0","0/0","0/0","0/0","0/0","0/0","0/0","0/0","0/0","0/0","0/0","0/0","0/0","0/0","0/0","0/0","0/0","0/0","0/0","0/0","0/0","0/0","0/0","0/0","0/0","0/0","0/0","0/0","0/0","0/0","0/0","0/0","0/0","0/0","0/0","0/0","0/0","0/0","0/0","0/0","0/0","0/0","0/0","0/0","0/0","0/0","0/0","0/0","0/0","0/0","0/0","0/0","0/0","0/0","0/0","0/0","0/0","0/0","0/0","0/0","0/0","0/0","0/0","0/0","0/0","0/0","0/0","0/0","0/0","0/0","0/0","0/0","0/0","0/0","0/0","0/0","0/0","0/0","0/0","0/0","0/0","0/0","0/0","0/0","0/0","0/0","0/0","0/0","0/0","0/0","0/0","0/0","0/0","0/0","0/0","0/0","0/0","0/0","0/0","0/0","0/0"
"chr5:10680913_C/CA_DAP","0/0","0/0","0/0","0/0","0/0","0/0","0/0","0/0","0/0","0/0","0/0","0/0","0/0","0/0","0/1","0/0","0/0","0/0","0/0","0/0","0/0","0/0","0/0","0/0","0/0","0/0","0/0","0/0","0/0","0/0","0/0","0/0","0/0","0/0","0/0","0/0","0/0","0/0","0/0","0/0","0/0","0/0","0/0","0/0","0/0","0/0","0/0","0/0","0/0","0/0","0/0","0/0","0/0","0/0","0/0","0/0","0/0","0/0","0/0","0/0","0/0","0/0","0/0","0/0","0/0","0/0","0/0","0/0","0/0","0/0","0/0","0/0","0/0","0/0","0/0","0/0","0/0","0/0","0/0","0/0","0/0","0/0","0/0","0/0","0/0","0/0","0/0","0/0","0/0","0/0","0/0","0/0","0/0","0/0","0/0","0/0","0/0","0/0","0/0","0/0","0/0","0/0","0/0","0/0","0/0","0/0","0/0","0/0","0/0","0/0","0/0","0/0","0/0","0/0","0/0","0/0","0/0","0/0","0/0","0/0","0/0","0/0","0/0","0/0","0/0","0/0","0/0","0/0","0/0","0/0","0/0","0/0","0/0","0/0","0/0","0/0","0/0","0/0","0/0","0/0","0/0","0/0","0/0","0/0","0/0","0/0","0/0","0/0","0/0","0/0","0/0","0/0","0/0"
"chr5:11385201_CGCG/C_CTNND2","0/0","0/0","0/0","0/0","0/0","0/0","0/0","0/0","0/0","0/0","0/0","0/0","0/0","0/0","0/0","0/0","0/0","0/0","0/1","0/0","0/0","0/0","0/0","0/0","0/0","0/0","0/0","0/0","0/0","0/1","0/0","0/0","0/0","0/0","0/0","0/0","0/0","0/0","0/0","0/0","0/0","0/0","0/0","0/0","0/0","0/0","0/0","0/0","0/0","0/0","0/0","0/1","0/0","0/0","0/0","0/0","0/0","0/0","0/0","0/0","0/0","0/0","0/0","0/0","0/0","0/0","0/0","0/0","0/0","0/0","0/0","0/0","0/0","0/0","0/0","0/0","0/0","0/0","0/0","0/0","0/0",".","0/0","0/0","0/0","0/0","0/0","0/0","0/0","0/0","0/0","0/0","0/0","0/0","0/0","0/0","0/0","0/0","0/0","0/0","0/0","0/0","0/0","0/0","0/0","0/0","0/0","0/0","0/0","0/0","0/0","0/0","0/0","0/0","0/0","0/0","0/0","0/0","0/0","0/0","0/0","0/0","0/0","0/0","0/0","0/0","0/0","0/0","0/0","0/0","0/0","0/0","0/0","0/0","0/0","0/0","0/0","0/0","0/0","0/0","0/0","0/0","0/0","0/0","0/0","0/0","0/0","0/0","0/0","0/0","0/0","0/0","0/0"
"chr5:11385274_CGCG/C_CTNND2","0/0","0/0","0/0","0/0","0/0","0/0","0/0","0/0","0/0","0/0","0/0","0/0","0/0","0/0","0/0","0/0","0/0","0/0","0/0","0/0","0/0","0/0","0/0","0/0","0/0","0/0","0/0","0/0","0/0","0/0","0/0","0/0","0/0","0/0","0/0","0/0","0/0","0/0","0/0","0/0","0/0","0/0","0/0","0/0","0/0","0/0","0/0","0/0","0/0","0/0","0/0","0/0","0/0","0/0","0/0","0/1","0/0","0/0","0/0","0/0","0/0","0/0","0/0","0/0","0/0","0/0","0/0","0/0","0/0","0/0","0/0","0/0","0/0","0/0","0/0","0/0","0/0","0/0","0/0","0/0","0/0","0/0","0/0","0/0","0/0","0/0","0/0","0/0","0/0","0/0","0/0","0/0","0/0","0/0","0/0","0/0","0/0","0/0","0/0","0/0","0/0","0/0","0/0","0/0","0/0","0/0","0/0","0/0","0/0","0/0","0/0","0/0","0/0","0/0","0/0","0/0","0/0","0/0","0/0","0/0","0/0","0/0","0/0","0/0","0/0","0/0","0/1","0/0","0/0","0/1","0/0","0/0","0/0","0/0","0/0","0/0","0/0","0/0","0/0","0/0","0/0","0/0","0/0","0/0","0/0","0/0","0/0","0/0","0/0","0/0","0/0","0/0","0/0"
"chr5:14487613_G/GGGC_TRIO","0/0","0/0","0/0","0/0","0/0","0/0","0/0","0/0","0/0","0/0","0/0","0/0","0/0","0/0","0/0","0/0","0/0","0/0","0/0","0/0","0/0","0/0","0/0","0/0","0/0","0/0","0/0","0/1","0/0","0/0","0/0","0/0","0/0","0/0","0/0","0/0","0/0","0/0","0/0","0/0","0/0","0/0","0/0","0/0","0/0","0/0","0/0","0/0","0/0","0/0","0/0","0/0","0/0","0/0","0/0","0/0","0/0","0/0","0/0","0/0","0/0","0/0","0/1","0/0","0/0","0/0","0/2","0/0","0/0","0/2","0/0","0/0","0/0","0/0","0/0","0/0","0/0","0/0","0/0","0/0","0/0","0/0","0/0","0/0","0/0","0/0","0/0","0/0","0/0","0/0","0/0","0/0","0/0","0/0","0/0","0/0","0/0","0/1","0/0","0/0","0/0","0/0","0/0","0/0","0/0","0/0","0/0","0/0","0/0","0/0","0/0","0/0","0/0","0/0","0/0","0/0","0/0","0/0","0/0","0/0","0/0","0/0","0/0","0/0","0/0","0/0","0/0","0/0","0/0","0/0","0/0","0/0","0/0","0/0","0/0","0/0","0/0","0/0","0/0","0/0","0/0","0/0","0/0","0/0","0/0","0/0","0/0","0/0","0/0","0/0","0/0","0/0","0/0"
"chr5:34813722_C/CA_RAI14","0/0","0/0","0/0","0/0","0/0","0/0","0/0","0/0","0/0","0/0","0/0","0/0","0/0","0/0","0/0","0/0","0/0","0/0","0/0","0/0","0/0","0/0","0/0","0/0","0/0","0/0","0/0","0/0","0/0","0/0","0/0","0/0","0/0","0/0","0/0","0/0","0/0","0/0","0/0","0/0","0/0","0/0","0/0","0/0","0/0","0/0","0/0","0/0","0/0","0/0","0/0","0/0","0/0","0/0","0/0","0/0","0/0","0/0","0/0","0/0","0/0","0/0","0/0","0/0","0/0","0/0","0/0","0/0","0/0","0/0","0/0","0/0","0/0","0/0","0/0","0/0","0/0","0/0","0/0","0/0","0/0","0/0","0/0","0/0","0/0","0/0","0/0","0/0","0/0","0/0","0/0","0/0","0/0","0/0","0/0","0/0","0/0","0/0","0/0","0/0","0/0","0/0","0/0","0/0","0/0","0/0","0/0","0/0","0/0","0/0","0/0","0/0","0/0","0/0","0/0","0/0","0/0","0/0","0/0","0/0","0/0","0/0","0/0","0/0","0/0","0/1","0/0","0/0","0/0","0/0","0/0","0/0","0/0","0/0","0/0","0/0","0/0","0/0","0/0","0/0","0/0","0/0","0/0","0/0","0/0","0/0","0/0","0/0","0/0","0/0","0/0","0/0","0/0"
"chr5:35874636_GA/G_IL7R","0/0","0/0","0/0","0/0","0/0","0/0","0/0","0/0","0/0","0/1","0/0","0/0","0/0","0/0","0/0","0/0","0/0","0/0","0/0","0/0","0/0","0/0","0/0","0/0","0/0","0/0","0/0","0/0","0/0","0/0","0/0","0/0","0/0","0/0","0/0","0/0","0/0","0/0","0/0","0/0","0/0","0/0","0/0","0/0","0/0","0/0","0/0","0/0","0/0","0/0","0/0","0/0","0/0","0/0","0/0","0/0","0/0","0/0","0/0","0/0","0/0","0/0","0/0","0/0","0/0","0/0","0/0","0/0","0/0","0/0","0/0","0/0","0/0","0/0","0/0","0/0","0/0","0/0","0/0","0/0","0/0","0/0","0/0","0/0","0/0","0/0","0/0","0/0","0/0","0/0","0/0","0/0","0/0","0/0","0/0","0/0","0/0","0/0","0/0","0/0","0/0","0/0","0/0","0/0","0/0","0/0","0/0","0/0","0/0","0/0","0/0","0/0","0/0","0/0","0/0","0/0","0/0","0/0","0/0","0/0","0/0","0/0","0/0","0/0","0/0","0/0","0/0","0/0","0/0","0/0","0/0","0/0","0/0","0/0","0/0","0/0","0/0","0/0","0/0","0/0","0/0","0/0","0/0","0/0","0/0","0/0","0/0","0/0","0/0","0/0","0/0","0/0","0/0"
"chr5:37182874_AT/A_C5orf42","0/0","0/0","0/0","0/0","0/0","0/0","0/0","0/0","0/0","0/0","0/0","0/0","0/0","0/0","0/0","0/0","0/0","0/0","0/0","0/0","0/0","0/0","0/0","0/0","0/0","0/0","0/0","0/0","0/0","0/0","0/0","0/1","0/0","0/0","0/0","0/0","0/0","0/0","0/0","0/0","0/0","0/0","0/0","0/0","0/0","0/0","0/0","0/0","0/0","0/0","0/0","0/0","0/0","0/0","0/0","0/0","0/0","0/0","0/0","0/0","0/0","0/0","0/0","0/0","0/0","0/0","0/0","0/0","0/0","0/0","0/0","0/0","0/0","0/0","0/0","0/0","0/0","0/0","0/0","0/0","0/0","0/0","0/0","0/0","0/0","0/0","0/0","0/0","0/0","0/0","0/0","0/0","0/0","0/0","0/0","0/0","0/0","0/0","0/0","0/0","0/0","0/0","0/0","0/0","0/0","0/0","0/0","0/0","0/0","0/0","0/0","0/0","0/0","0/0","0/0","0/0","0/0","0/0","0/0","0/0","0/0","0/0","0/0","0/0","0/0","0/0","0/0","0/0","0/0","0/0","0/0","0/0","0/0","0/0","0/0","0/0","0/0","0/0","0/0","0/0","0/0","0/0","0/0","0/0","0/0","0/0","0/0","0/0","0/0","0/0","0/0","0/0","0/0"
"chr5:40972528_C/CTGA_C7","0/0","0/0","0/0","0/0","0/0","0/0","0/0","0/0","0/0","0/0","0/0","0/0","0/0","0/0","0/0","0/0","0/0","0/0","0/0","0/0","0/0","0/0","0/0","0/0","0/0","0/0","0/0","0/0","0/0","0/0","0/0","0/0","0/0","0/0","0/0","0/0","0/0","0/0","0/0","0/0","0/0","0/0","0/0","0/0","0/0","0/0","0/0","0/0","0/0","0/0","0/0","0/0","0/0","0/0","0/0","0/0","0/0","0/0","0/0","0/0","0/0","0/0","0/0","0/0","0/0","0/1","0/0","0/0","0/0","0/0","0/1","0/0","0/0","0/0","0/0","0/0","0/0","0/0","0/0","0/0","0/0","0/0","0/0","0/0","0/0","0/0","0/0","0/0","0/0","0/0","0/0","0/0","0/0","0/0","0/0","0/0","0/0","0/0","0/0","0/0","0/0","0/0","0/0","0/0","0/0","0/0","0/0","0/0","0/0","0/0","0/0","0/0","0/0","0/0","0/0","0/0","0/0","0/0","0/0","0/0","0/0","0/0","0/0","0/0","0/0","0/0","0/0","0/0","0/0","0/0","0/0","0/0","0/0","0/0","0/0","0/0","0/0","0/0","0/0","0/0","0/0","0/0","0/0","0/0","0/0","0/0","0/0","0/0","0/0","0/0","0/0","0/0","0/0"
"chr5:52201705_CATCAAAATTCTCCAGACGCTCAGTGGAG/C_ITGA1","0/0","0/0","0/0","0/0","0/0","0/0","0/0","0/0","0/0","0/0","0/0","0/0","0/0","0/0","0/0","0/0","0/0","0/0","0/0","0/0","0/0","0/0","0/0","0/0","0/0","0/0","0/0","0/0","0/0","0/0","0/0","0/0","0/1","0/0","0/0","0/0","0/0","0/0","0/0","0/0","0/0","0/0","0/0","0/0","0/0","0/0","0/0","0/0","0/0","0/0","0/0","0/0","0/0","0/0","0/0","0/0","0/0","0/0","0/0","0/0","0/0","0/0","0/0","0/0","0/0","0/0","0/0","0/0","0/0","0/0","0/0","0/0","0/0","0/0","0/0","0/0","0/0","0/0","0/0","0/0","0/0","0/0","0/0","0/0","0/0","0/0","0/0","0/0","0/0","0/0","0/0","0/0","0/0","0/0","0/0","0/0","0/0","0/0","0/0","0/0","0/0","0/0","0/0","0/0","0/0","0/0","0/0","0/0","0/0","0/0","0/0","0/0","0/0","0/0","0/0","0/0","0/0","0/0","0/0","0/0","0/0","0/0","0/0","0/0","0/0","0/0","0/0","0/0","0/0","0/0","0/0","0/0","0/0","0/0","0/0","0/0","0/0","0/0","0/0","0/0","0/0","0/0","0/0","0/0","0/0","0/0","0/0","0/0","0/0","0/0","0/0","0/0","0/0"
"chr5:52954445_GA/G_NDUFS4","0/0","0/0","0/0","0/0","0/0","0/0","0/0","0/0","0/0","0/0","0/0","0/0","0/0","0/0","0/0","0/0","0/0","0/0","0/0","0/0","0/0","0/0","0/0","0/0","0/0","0/0","0/0","0/0","0/0","0/0","0/0","0/0","0/0","0/0","0/0","0/0","0/1","0/0","0/0","0/0","0/0","0/0","0/0","0/0","0/0","0/0","0/0","0/0","0/0","0/0","0/0","0/0","0/0","0/0","0/0","0/0","0/0","0/0","0/0","0/0","0/0","0/0","0/0","0/0","0/0","0/0","0/0","0/0","0/0","0/0","0/0","0/0","0/0","0/0","0/0","0/0","0/0","0/0","0/0","0/0","0/0","0/0","0/0","0/0","0/0","0/0","0/0","0/0","0/0","0/0","0/0","0/0","0/0","0/0","0/0","0/0","0/0","0/0","0/0","0/0","0/0","0/0","0/0","0/0","0/0","0/0","0/0","0/0","0/0","0/0","0/0","0/0","0/0","0/0","0/0","0/0","0/0","0/0","0/0","0/0","0/0","0/0","0/0","0/0","0/0","0/0","0/0","0/0","0/0","0/0","0/0","0/0","0/0","0/0","0/0","0/0","0/0","0/0","0/0","0/0","0/0","0/0","0/0","0/0","0/0","0/0","0/0","0/0","0/0","0/0","0/0","0/0","0/0"
"chr5:56177848_TCAACAA/T_MAP3K1","0/2","0/2","0/2","0/2","0/2","0/2","2/2","2/2","2/2","0/2","0/0","0/2","0/2","0/2","0/2","2/2","2/2","0/2","2/2","0/0","0/2","0/0","2/2","2/2","0/0","0/2","2/2","2/2","2/2","2/2","0/2","0/2","0/0","2/2","0/0","2/2","0/2","0/2","0/0","0/0","2/2","2/2","0/2","0/2","2/2","0/2","0/2","0/0","0/0","2/2","0/0","0/0","0/2","2/2","0/0","2/2","2/2","2/2","0/0","0/0","0/2","2/2","0/2","0/2","0/2","0/2","0/2","2/2","2/2","0/2","0/2","0/2","0/2","0/2","0/2","0/2","0/2","0/2","0/2","2/2","2/2","0/0","0/0","2/2","2/2","0/2","0/2","2/2","1/2","1/2","0/2","0/2","0/2","2/2","2/2","0/2","2/2","0/2","2/2","2/2","0/2","0/2","0/2","2/2","2/2","0/2","0/2","0/2","0/2","0/2","0/2","2/2","2/2","2/2","0/2","0/2","0/2","0/0","0/2","0/0","0/2","0/2","0/2","0/0","0/2","0/2","2/2","2/2","2/2","2/2","2/2","0/2","0/0","0/0","0/0","0/0","0/0","0/0","2/2","0/2","2/2","0/2","0/2","2/2","2/2","2/2","2/2","2/2","2/2","2/2","2/2","2/2","2/2"
"chr5:56189360_TGCTAGTGCAACTACTGCTCCATC/T_MAP3K1","0/0","0/0","0/0","0/0","0/0","0/0","0/0","0/0","0/0","0/0","0/0","0/0","0/0","0/0","0/0","0/0","0/0","0/0","0/0","0/0","0/0","0/0","0/0","0/0","0/0","0/0","0/0","0/1","0/0","0/0","0/0","0/0","0/0","0/0","0/0","0/0","0/0","0/0","0/0","0/0","0/0","0/0","0/0","0/0","0/0","0/0","0/0","0/0","0/0","0/0","0/0","0/0","0/0","0/0","0/0","0/0","0/0","0/0","0/0","0/0","0/0","0/0","0/0","0/0","0/0","0/0","0/0","0/0","0/0","0/0","0/0","0/0","0/0","0/0","0/0","0/0","0/0","0/0","0/0","0/0","0/0","0/0","0/0","0/0","0/0","0/0","0/0","0/0","0/0","0/0","0/0","0/0","0/0","0/0","0/0","0/0","0/0","0/0","0/0","0/0","0/0","0/0","0/0","0/0","0/0","0/0","0/0","0/0","0/0","0/0","0/0","0/0","0/0","0/0","0/0","0/0","0/0","0/0","0/0","0/0","0/0","0/0","0/0","0/0","0/0","0/0","0/0","0/0","0/0","0/0","0/0","0/0","0/0","0/0","0/0","0/0","0/0","0/0","0/0","0/0","0/0","0/0","0/0","0/0","0/0","0/0","0/0","0/0","0/0","0/0","0/0","0/0","0/0"
"chr5:60628181_A/AGCG_ZSWIM6","0/0","0/0","0/0","0/0","0/0","0/0","0/0","0/0","0/0","0/0","0/0","0/0","0/0","0/0","0/0","0/0","0/0","0/0","0/0","0/0","0/0","0/0","0/0","0/0","0/0","0/0","0/0","0/0","0/0","0/0","0/0","0/0","0/0","0/0","0/0","0/0","0/0","0/0","0/0","0/0","0/0","0/0","0/0","0/0","0/0","0/0","0/0","0/0","0/0","0/0","0/0","0/0","0/0","0/0","0/0","0/0","0/0","0/0","0/0","0/0","0/0","0/0","0/0","0/0","0/0","0/0","0/0","0/0","0/0","0/0","0/0","0/0","0/0","0/0","0/0","0/0","0/0","0/0","0/0","0/0","0/0","0/0","0/1","0/0","0/0","0/0","0/0","0/0","0/0","0/0","0/0","0/0","0/0","0/0","0/0","0/0","0/0","0/0","0/0","0/0","0/0","0/0","0/0","0/0","0/0","0/0","0/0","0/0","0/0","0/0","0/0","0/0","0/0","0/0","0/0","0/0","0/0","0/0","0/0","0/0","0/0","0/0","0/0","0/0","0/0","0/0","0/0","0/0","0/0","0/0","0/0","0/0","0/0","0/0","0/0","0/0","0/0","0/0","0/0","0/0","0/0","0/0","0/0","0/0","0/0","0/0","0/0","0/0","0/0","0/0","0/0","0/0","0/0"
"chr5:60628540_GGGC/G_ZSWIM6","0/0","0/0","0/0","0/0","0/0","0/0","0/0","0/0","0/0","0/0","0/0","0/0","0/0","0/0","0/0","0/0","0/0","0/0","0/0","0/0","0/0","0/0","0/0","0/0","0/0","0/0","0/0","0/0","0/0","0/0","0/0","0/0","0/0","0/0","0/0","0/0","0/0","0/0","0/0","0/0","0/0","0/0","0/0","0/0","0/0","0/0","0/0","0/0","0/0","0/0","0/0","0/0","0/0","0/0","0/0","0/0","0/0","0/0","0/0","0/0","0/0","0/0","0/0","0/0","0/0","0/0","0/0","0/0","0/0","0/0","0/0","0/1","0/0","0/0","0/0","0/0","0/0","0/0","0/0","0/0","0/0","0/0","0/0","0/0","0/0","0/0","0/0","0/0","0/0","0/0","0/0","0/0","0/0","0/0","0/0","0/0","0/0","0/0","0/0","0/0","0/0","0/0","0/0","0/0","0/0","0/0","0/0","0/0","0/0","0/0","0/0","0/0","0/0","0/0","0/0","0/0","0/0","0/0","0/0","0/0","0/0","0/0","0/0","0/0","0/0","0/0","0/0","0/0","0/0","0/0","0/0","0/0","0/0","0/0","0/0","0/0","0/0","0/0","0/0","0/0","0/0","0/0","0/0","0/0","0/0","0/0","0/0","0/0","0/0","0/0","0/0","0/0","0/0"
"chr5:60628615_CGCT/C_ZSWIM6","0/0","0/0","0/0","0/0","0/0",".","0/0","0/0",".","0/0","0/0","0/0","0/0","0/0","0/0","0/0","0/0","0/1","1/1","0/0","0/0","0/0","0/0","0/0","0/0","0/0","0/0","0/0","0/0","0/0","0/0","0/0","0/0","0/0","0/0","0/0","0/0","0/0","0/0",".","0/0","0/0","0/0","0/0","0/0","0/0","0/0","0/0","0/0","0/1","0/0","0/0",".","0/0","0/0","0/0","0/0","0/0","0/0","0/0","0/0","0/0","0/0",".","0/0","0/0","0/0","0/0","0/0","0/0","0/0","0/0","0/0","0/0","0/0","0/0","0/0","0/0","0/0","0/0","0/0","0/0","0/0","0/0","0/0","0/0","0/0","0/0","0/1","0/0","0/0","0/0","0/0","0/0","0/0","0/0","0/0",".","0/0","0/0","0/0","0/0","0/0","0/0","0/0","0/0","0/0","0/0","0/0","0/0","0/0","0/0","0/0","0/0","0/0","0/0","0/0",".","0/0","0/0","0/0","0/0","0/0","0/0","0/0","0/0",".","0/0","0/0",".","0/0","0/0","0/1","0/0",".",".","0/0","0/0","0/0","0/0",".",".","0/0","0/0","0/0","0/0","0/0","0/0","0/0","0/0","0/0",".","0/0"
"chr5:64070606_GT/G_CWC27","0/0","0/0","0/0","0/0","0/0","0/0","0/0","0/0","0/0","0/0","0/0","0/0","0/0","0/0","0/0","0/0","0/0","0/0","0/0","0/0","0/0","0/0","0/0","0/0","0/0","0/0","0/0","0/0","0/0","0/0","0/0","0/0","0/0",".","0/0","0/0","0/0","0/0","0/0","0/0","0/0","0/0","0/0","0/0",".","0/0","0/0","0/0","0/0","0/0","0/0","0/0","0/0","0/0","0/0","0/0",".","0/0","0/0","0/0","0/0","0/0","0/0","0/0","0/0","0/0","0/0","0/0","0/0","0/0","0/0","0/0","0/0","0/0","0/0","0/0","0/0","0/0","0/0","0/0","0/0","0/0","0/0","0/0","0/0","0/0","0/0","0/0","0/0","0/0","0/0","0/0","0/0","0/0","0/0","0/0","0/0",".","0/0","0/0","0/0","0/0","0/0","0/0","0/0","0/1","0/1","0/0",".","0/0","0/0","0/0","0/0","0/0","0/0","0/0","0/0","0/0","0/0","0/0","0/0","0/0","0/0","0/0","0/0","0/0","0/0","0/0","0/0","0/0","0/0","0/0","0/0","0/0","0/0","0/0","0/0","0/0","0/0","0/0","0/0","0/0","0/0","0/0","0/0","0/0","0/0","0/0","0/0","0/0","0/0","0/0","0/0"
"chr5:64084775_TAGAAA/T_CWC27","0/0","0/0","0/0","0/0","0/0","0/0","0/0","0/0","0/0","0/0","0/0","0/0","0/0","0/0","0/0","0/0","0/0","0/0","0/0","0/0","0/0","0/0","0/0","0/0","0/0","0/0","0/0","0/0","0/0","0/0","0/0","0/0","0/0","0/1","0/0","0/0","0/0","0/0","0/0","0/0","0/0","0/0","0/0","0/0","0/0","0/0","0/0","0/0",".","0/0","0/0","0/0","0/0","0/0","0/0","0/0","0/0","0/0","0/0","0/0","0/0","0/0","0/0","0/0","0/0","0/0","0/0","0/0","0/0","0/0","0/0","0/0","0/0","0/0","0/0","0/0","0/0","0/0","0/0","0/0","0/0","0/0","0/0","0/0","0/0","0/0","0/0","0/0","0/0","0/0","0/0","0/0","0/0","0/0","0/0","0/0","0/0","0/0","0/0","0/0","0/0","0/0","0/0","0/0","0/0","0/0","0/0","0/0","0/0","0/0","0/0","0/0","0/0","0/0","0/0","0/0","0/1","0/0","0/0","0/0","0/0","0/0","0/0","0/0","0/0","0/0","0/0","0/0","0/0","0/0","0/0","0/0","0/0","0/0","0/0","0/0","0/0","0/0","0/0","0/0","0/0","0/0","0/0","0/0","0/0","0/0","0/0","0/0","0/0","0/0","0/0","0/0","0/0"
"chr5:65892764_C/CGCT_MAST4","0/0","0/0","0/0","0/0","0/1","0/0","0/0","0/0","0/0","0/0","0/0","0/0","0/0","0/0","0/1","0/1","0/0","0/0","0/0","0/0","0/0","0/0","0/0","0/0","0/0","0/0","0/0","0/0","0/0","0/0","0/0","0/0","0/0","0/0","0/0","0/0","0/0","0/0","0/0","0/1","0/1","0/0","0/0","0/0","0/0","0/0","0/0","0/0","0/1","0/0","0/0","0/1","0/0","0/0","0/0","0/0","0/0","0/0","0/0","0/0","0/1","0/0","0/0","0/0","0/0","0/0","0/0","0/0","0/0","0/0","0/0","0/0","0/0","0/0","0/0","0/0","0/0","0/0","0/0","0/0","0/0","0/0","0/0","0/0","0/0","0/0","0/0","0/0","0/0","0/0","0/0","0/0","0/0","0/0","0/0","0/0","0/0","0/0","0/0","0/0","0/0","0/0","0/0","0/0","0/0","0/0","0/0","0/0","0/0","0/0","0/0","0/0","0/0","0/1","0/0","0/0","0/0","0/0","0/1","0/0","0/1","0/1","0/0","0/0","0/0","0/0","0/1","0/1","0/1","0/1","0/1","0/0","0/0","0/0","0/0","0/0","0/0","0/0","0/0","0/0","0/0","0/0","0/0","0/0","0/0","0/0","0/0","0/0","0/0","0/0","0/0","0/0","0/0"
"chr5:65892767_T/TGCC_MAST4","0/0","0/0","0/0","0/0","0/0","0/0","0/0","0/0","0/0","0/0","0/0","0/0","0/0","0/0","0/0","0/0","0/0","0/0","0/0","0/0","0/0","0/0","0/0","0/0","0/0","0/0","0/0","0/0","0/0","0/0","0/0","0/0","0/0","0/0","0/0","0/0","0/0","0/0","0/0","0/0","0/0","0/0","0/0","0/0","0/0","0/0","0/0","0/0","0/0","0/0","0/0","0/0","0/0","0/0","0/0","0/0","0/0","0/0","0/0","0/0","0/0","0/0","0/0","0/0","0/0","0/0","0/0","0/0","0/0","0/0","0/0","0/0","0/0","0/0","0/0","0/0","0/0","0/0","0/0","0/0","0/0","0/0","0/0","0/0","0/0","0/0","0/0","0/1","0/0","0/0","0/0","0/0","0/0","0/0","0/0","0/0","0/1","0/0","0/0","0/0","0/0","0/0","0/0","0/0","0/0","0/0","0/0","0/0","0/0","0/0","0/0","0/0","0/0","0/0","0/0","0/0","0/0","0/0","0/0","0/0","0/0","0/0","0/0","0/0","0/0","0/0","0/0","0/0","0/0","0/0","0/0","0/0","0/0","0/0","0/0","0/0","0/0","0/0","0/0","0/0","0/0","0/0","0/0","0/0","0/0","0/0","0/0","0/0","0/0","0/0","0/0","0/0","0/0"
"chr5:70855821_AGGG/A_BDP1","0/0","0/0","0/0","0/0","0/0","0/0","0/0","0/0","0/0","0/0","0/0","0/0","0/0","0/0","0/0","0/0","0/0","0/0","0/0","0/0","0/0","0/0","0/0","0/0","0/0","0/0","0/0","0/0","0/0","0/0","0/0","0/0","0/0","0/0","0/0","0/0","0/0","0/0","0/0","0/0","0/0","0/0","0/0","0/0","0/0","0/0","0/0","0/0","0/0","0/0","0/0","0/0","0/0","0/0","0/0","0/0","0/0","0/0","0/0","0/0","0/0","0/0","0/1","0/1","0/1","0/0","0/0","0/0","0/0","0/0","0/0","0/0","0/0","0/0","0/0","0/0","0/0","0/0","0/0","0/0","0/0","0/0","0/0","0/0","0/0","0/0","0/0","0/0","0/0","0/0","0/0","0/0","0/0","0/0","0/0","0/0","0/0","0/0","0/0","0/0","0/0","0/0","0/0","0/0","0/0","0/0","0/0","0/0","0/0","0/0","0/0","0/0","0/0","0/0","0/0","0/0","0/0","0/0","0/0","0/0","0/0","0/0","0/0","0/0","0/0","0/0","0/0","0/0","0/0","0/0","0/0","0/0","0/0","0/0","0/0","0/0","0/0","0/0","0/0","0/0","0/0","0/0","0/0","0/0","0/0","0/0","0/0","0/0","0/0","0/0","0/0","0/0","0/0"
"chr5:70855825_A/AATAT_BDP1","0/0","0/0","0/0","0/0","0/0","0/0","0/0","0/0","0/0","0/0","0/0","0/0","0/0","0/0","0/0","0/0","0/0","0/0","0/0","0/0","0/0","0/0","0/0","0/0","0/0","0/0","0/0","0/0","0/0","0/0","0/0","0/0","0/0","0/0","0/0","0/0","0/0","0/0","0/0","0/0","0/0","0/0","0/0","0/0","0/0","0/0","0/0","0/0","0/0","0/0","0/0","0/0","0/0","0/0","0/0","0/0","0/0","0/0","0/0","0/0","0/0","0/0","0/1","0/1","0/1","0/0","0/0","0/0","0/0","0/0","0/0","0/0","0/0","0/0","0/0","0/0","0/0","0/0","0/0","0/0","0/0","0/0","0/0","0/0","0/0","0/0","0/0","0/0","0/0","0/0","0/0","0/0","0/0","0/0","0/0","0/0","0/0","0/0","0/0","0/0","0/0","0/0","0/0","0/0","0/0","0/0","0/0","0/0","0/0","0/0","0/0","0/0","0/0","0/0","0/0","0/0","0/0","0/0","0/0","0/0","0/0","0/0","0/0","0/0","0/0","0/0","0/0","0/0","0/0","0/0","0/0","0/0","0/0","0/0","0/0","0/0","0/0","0/0","0/0","0/0","0/0","0/0","0/0","0/0","0/0","0/0","0/0","0/0","0/0","0/0","0/0","0/0","0/0"
"chr5:70855826_C/CAT_BDP1","0/0","0/0","0/0","0/0","0/0","0/0","0/0","0/0","0/0","0/0","0/0","0/0","0/0","0/0","0/0","0/0","0/0","0/0","0/0","0/0","0/0","0/0","0/0","0/0","0/0","0/0","0/0","0/0","0/0","0/0","0/0","0/0","0/0","0/0","0/0","0/0","0/0","0/0","0/0","0/0","0/0","0/0","0/0","0/0","0/0","0/0","0/0","0/0","0/0","0/0","0/0","0/0","0/0","0/0","0/0","0/0","0/0","0/0","0/0","0/0","0/0","0/0","0/1","0/1","0/1","0/0","0/0","0/0","0/0","0/0","0/0","0/0","0/0","0/0","0/0","0/0","0/0","0/0","0/0","0/0","0/0","0/0","0/0","0/0","0/0","0/0","0/0","0/0","0/0","0/0","0/0","0/0","0/0","0/0","0/0","0/0","0/0","0/0","0/0","0/0","0/0","0/0","0/0","0/0","0/0","0/0","0/0","0/0","0/0","0/0","0/0","0/0","0/0","0/0","0/0","0/0","0/0","0/0","0/0","0/0","0/0","0/0","0/0","0/0","0/0","0/0","0/0","0/0","0/0","0/0","0/0","0/0","0/0","0/0","0/0","0/0","0/0","0/0","0/0","0/0","0/0","0/0","0/0","0/0","0/0","0/0","0/0","0/0","0/0","0/0","0/0","0/0","0/0"
"chr5:72743047_G/GGCGGCGGCGGCA_FOXD1","0/0","0/0","0/0","0/0","0/0","0/0","0/0","0/0","0/0","0/0","0/0","0/0","0/0","0/0","0/0","0/0","0/0","0/0","0/0","0/0","0/0","0/0","0/0","0/0","0/0","0/0","0/0","0/0","0/0","0/0","0/0","0/0","0/0","0/0","0/0","0/0","0/0","0/1","0/0","0/0","0/0","0/0","0/0","0/0","0/0","0/0","0/0","0/0","0/0","0/0","0/0","0/0","0/0","0/0","0/0","0/0","0/0","0/0","0/0","0/0","0/0","0/0","0/0","0/0","0/0","0/0","0/0","0/0","0/0","0/0","0/0","0/0","0/0","0/0","0/0","0/0","0/0","0/0","0/0",".","0/0","0/0","0/0","0/0","0/0","0/0","0/0","0/0","0/0","0/0","0/0","0/0","0/0","0/0","0/0","0/0","0/0","0/0","0/0","0/0","0/0","0/0","0/0","0/0","0/0","0/0","0/0","0/0","0/0","0/0","0/0","0/0","0/0","0/0","0/0","0/0","0/0","0/0","0/0","0/0","0/0","0/0","0/0","0/0","0/0","0/0","0/0","0/0","0/0","0/0","0/0","0/0","0/0","0/0","0/0","0/0","0/0","0/0","0/0","0/0","0/0","0/0","0/0","0/0","0/0","0/0","0/0","0/0","0/0","0/0","0/0","0/0","0/0"
"chr5:72743299_G/GGC_FOXD1","0/1","1/1","1/1","1/1","1/1","1/1","1/1","1/1","1/1","1/1","1/1","1/1","1/1","1/1","1/1","1/1","1/1","1/1","1/1","1/1","1/1","1/1","1/1","1/1","1/1","1/1","1/1","1/1","1/1","1/1","1/1","1/1",".","1/1","1/1","1/1","1/1","1/1","1/1","1/1","1/1","1/1","1/1","1/1","1/1","1/1",".","1/1","1/1","1/1","1/1","1/1","1/1","1/1","1/1","1/1","1/1","1/1","1/1","1/1","1/1","1/1","1/1","1/1","1/1","1/1","0/1","1/1","1/1","1/1","1/1","1/1","1/1","1/1","1/1","1/1","1/1","1/1","1/1","1/1","1/1","1/1","1/1","1/1","1/1","1/1","1/1","1/1","1/1","1/1","1/1","1/1","1/1","1/1","1/1","1/1","1/1","1/1","1/1","1/1","1/1","1/1","1/1","1/1","1/1","1/1","1/1","1/1","1/1","1/1","1/1","1/1","1/1","1/1","1/1","1/1","1/1","1/1","1/1","1/1","1/1","1/1","1/1","1/1",".","1/1","1/1","1/1","1/1","1/1","1/1","1/1","1/1","1/1","1/1","1/1","1/1","1/1","1/1","1/1","1/1","1/1","1/1","1/1","1/1","1/1","1/1","1/1","1/1","1/1","1/1","1/1","1/1"
"chr5:72743862_G/GCGC_FOXD1","0/0","0/0","0/0","0/0","0/0","0/0","0/0","0/0","0/0","0/0","0/0","0/0","0/0","0/0","0/0","0/0","0/0","0/0","0/0","0/0","0/0","0/0","0/0","0/0","0/0","0/0","0/0","0/0","0/0","0/0","0/0","0/0","0/0","0/0","0/0","0/0","0/0","0/0","0/0","0/0","0/0","0/0","0/0","0/0","0/0","0/0","0/0","0/0","0/0","0/0","0/0","0/1","0/0","0/0","0/0","0/0","0/0","0/0","0/0","0/0","0/0","0/0","0/0","0/0","0/0","0/0","0/0","0/0","0/0","0/0","0/0","0/0","0/0","0/0","0/0","0/0","0/0","0/0","0/0","0/0","0/0","0/0","0/0","0/0","0/0","0/0","0/0","0/0","0/0","0/0","0/0","0/0","0/0","0/0","0/0","0/0","0/0","0/0","0/0","0/0","0/0","0/0","0/0","0/0","0/0","0/0","0/0","0/0","0/0","0/0","0/0","0/0","0/0","0/0","0/0","0/0","0/0","0/0","0/0","0/0","0/0","0/0","0/0","0/0","0/0","0/0","0/0","0/0","0/0","0/0","0/0","0/0","0/0","0/0","0/0","0/0","0/0","0/0","0/0","0/0","0/0","0/0","0/0","0/0","0/0","0/0","0/0","0/0","0/0","0/0","0/0","0/0","0/0"
"chr5:74021846_TACTCAA/T_GFM2","0/0","0/0","0/0","0/0","0/0","0/0","0/0","0/0","0/0","0/1","0/0","0/0","0/0","0/1","0/0","0/0","0/0","0/1","0/0","0/0","0/1","0/0","0/0","0/1","0/0","0/1","0/0","0/0","0/0","0/1","0/0","1/1","0/0","0/0","0/1","0/1","0/0","0/1","0/0","0/1","0/1","0/0","0/0","0/0","0/0","0/0","0/0","1/1","0/0","0/0","0/0","0/0","0/0","0/0","0/0","0/0","0/1","0/0","0/1","0/1","0/0","0/0","0/1","0/0","0/0","0/0","1/1","0/1","0/1","1/1","0/0","0/1","0/1","0/0","0/0","0/0","0/0","0/1","0/1","0/0","0/0","0/0","0/0","0/1","0/1","0/1","0/1","0/0","0/0","0/0","0/0","0/0","0/0","0/0","0/0","0/0","0/0","0/0","0/1","0/1","0/0","0/1","0/0","0/0","0/0","0/0","0/0","0/0","0/0","0/1","0/0","0/0","0/0","0/0","0/0","0/1","0/1","0/0","0/0","0/0","0/0","0/0","0/1","0/0","0/0","0/0","0/0","0/0","0/1","0/1","0/1","0/1","0/0","0/0","0/0","0/0","0/0","0/0","0/1","0/1","0/1","0/1","0/1","0/1","0/1","0/1","0/0","0/0","0/0","0/1","0/1","0/1","0/1"
"chr5:74491715_TTCA/T_ANKRD31","0/1","0/1","0/1","0/0","1/1","1/1","1/1","1/1","1/1","0/1","1/1","1/1","1/1","0/1","0/1","1/1","0/1","0/1","0/1","0/1","0/0","0/0","1/1","0/1","0/0","0/0","0/0","0/1","1/1","0/1","0/0","0/0","0/0","0/1","1/1","0/0","0/1","0/1","0/1","0/0","1/1","1/1","0/1","0/1","0/0","0/0","0/0","0/1","0/1","0/1","0/1","1/1","0/1","0/1","0/0","0/1","0/1","0/0","0/1","1/1","0/1","0/1","0/1","0/0","0/0","1/1","0/0","0/0","0/0","0/0","1/1","1/1","1/1","1/1","1/1","0/1","0/1","0/0","0/0","0/0","0/0","0/1","0/1","1/1","1/1","0/0","0/0","0/0","0/1","0/1","0/1","0/1","0/1","1/1","1/1","0/1","0/0","0/1","0/1","0/1","0/1","0/0","0/1","0/0","0/0","1/1","1/1","0/0","0/0","0/0","0/0","0/0","0/0","0/0","0/1","1/1","1/1","0/1","0/1","0/1","0/1","0/1","1/1","0/1","0/1","0/1","0/0","0/0","0/0","0/0","0/0","0/1","0/1","0/1","0/1","0/1","0/1","0/1","0/0","0/0","0/0","0/1","0/1","0/1","0/1","0/1","0/0","0/0","0/0","0/1","0/1","0/1","0/1"
"chr5:75989222_G/GA_IQGAP2","0/0","0/0","0/0","0/0","0/0","0/0","0/0","0/0","0/0","0/0","0/0","0/0","0/0","0/0","0/0","0/0","0/0","0/0","0/0","0/0","0/0","0/0","0/0","0/0","0/0","0/0","0/0","0/0","0/0","0/0","0/0","0/0","0/0","0/0","0/0","0/0","0/0","0/0","0/0","0/0","0/0","0/0","0/0","0/0","0/0","0/0","0/0","0/0","0/0","0/0","0/0","0/0","0/0","0/0","0/0","0/0","0/0","0/0","0/0","0/0","0/0","0/0","0/0","0/0","0/0","0/0","0/0","0/0","0/0","0/0","0/0","0/0","0/0","0/0","0/0","0/0","0/0","0/0","0/0","0/0","0/0","0/0","0/0","0/0","0/0","0/0","0/0","0/0","0/0","0/0","0/0","0/0","0/0","0/0","0/0","0/0","0/0","0/0","0/0","0/0","0/0","0/0","0/0","0/0","0/0","0/0","0/0","0/0","0/0","0/0","0/0","0/0","0/0","0/0","0/0","0/0","0/0","0/1","0/0","0/1","0/0","0/0","0/0","0/1","0/0","0/0","0/0","0/0","0/0","0/0","0/0","0/0","0/0","0/0","0/0","0/0","0/0","0/0","0/0","0/0","0/0","0/0","0/0","0/0","0/0","0/0","0/0","0/0","0/0","0/0","0/0","0/0","0/0"
"chr5:76173624_CT/C_S100Z","0/0","0/0","0/0","0/0","0/0","0/0","0/0","0/0","0/0","0/0","0/0","0/0","0/0","0/0","0/0","0/0","0/0","0/0","0/0","0/0","0/0","0/0","0/0","0/0","0/0","0/0","0/0","0/0","0/0","0/0","0/0","0/0","0/0","0/0","0/0","0/0","0/0","0/0","0/0","0/0","0/0","0/0","0/0","0/0","0/0","0/0","0/0","0/0","0/0","0/0","0/0","0/0","0/0","0/0","0/0","0/0","0/0","0/0","0/0","0/0","0/0","0/0","0/0","0/0","0/0","0/0","0/0","0/0","0/0","0/0","0/0","0/0","0/0","0/0","0/0","0/0","0/0","0/0","0/0","0/1","0/1","0/0","0/0","0/0","0/0","0/0","0/0","0/0","0/0","0/0","0/0","0/0","0/0","0/0","0/0","0/0","0/0","0/0","0/0","0/0","0/0","0/0","0/0","0/0","0/0","0/0","0/0","0/0","0/0","0/0","0/0","0/0","0/0","0/0","0/0","0/0","0/0","0/0","0/0","0/0","0/0","0/0","0/0","0/0","0/0","0/0","0/0","0/0","0/0","0/0","0/0","0/0","0/0","0/0","0/0","0/0","0/0","0/0","0/0","0/0","0/0","0/0","0/0","0/0","0/0","0/0","0/0","0/0","0/0","0/0","0/0","0/0","0/0"
"chr5:76989050_GA/G_TBCA","0/0","0/0","0/0","0/0","0/0","0/0","0/0","0/0","0/0","0/0","0/0","0/0","0/0","0/0","0/0","0/0","0/0","0/0","0/0","0/0","0/0","0/0","0/0","0/0","0/0","0/0","0/0","0/0","0/0","0/0","0/0","0/0","0/0","0/0","0/0","0/0","0/0","0/0","0/0","0/0","0/0","0/0","0/0","0/0","0/0","0/0","0/0","0/0","0/0","0/0","0/0","0/0","0/0","0/0","0/0","0/0","0/0","0/0","0/0","0/0","0/0","0/0","0/0","0/0","0/0","0/0","0/0","0/0","0/0","0/0","0/0","0/0","0/0","0/0","0/0","0/0","0/0","0/0","0/0","0/0","0/0","0/0","0/0","0/0","0/0","0/0","0/0","0/0","0/0","0/0","0/0","0/0","0/0","0/0","0/0","0/0","0/0","0/0","0/0","0/0","0/0","0/0","0/0","0/0","0/0","0/0","0/0","0/0","0/0","0/0","0/0","0/0","0/0","0/0","0/0","0/0","0/0","0/0","0/0","0/0","0/0","0/0","0/0","0/0","0/0","0/1","0/0","0/0","0/0","0/0","0/0","0/0","0/0","0/0","0/0","0/0","0/0","0/0","0/0","0/0","0/0","0/0","0/0","0/0","0/0","0/0","0/0","0/0","0/0","0/0","0/0","0/0","0/0"
"chr5:77745853_C/CA_SCAMP1","1/1","1/1","1/1","1/1","1/1","1/1","1/1","1/1","1/1","1/1","1/1","1/1","1/1","1/1","1/1","1/1","1/1","1/1","1/1","1/1","1/1","1/1","1/1","1/1","1/1","1/1","1/1","1/1","1/1","1/1","1/1","1/1","1/1","1/1","1/1","1/1","1/1","1/1","1/1","1/1","1/1","1/1","1/1","1/1","1/1","1/1","1/1","1/1","1/1","1/1","1/1","1/1","1/1","1/1","1/1","1/1","1/1","1/1","1/1","1/1","1/1","1/1","1/1","1/1","1/1","1/1","1/1","1/1","1/1","1/1","1/1","1/1","1/1","1/1","1/1","1/1","1/1","1/1","1/1","1/1","1/1","1/1","1/1","1/1","1/1","1/1","1/1","1/1","1/1","1/1","1/1","1/1","1/1","1/1","1/1","1/1","1/1","1/1","1/1","1/1","1/1","1/1","1/1","1/1","1/1","1/1","1/1","1/1","1/1","1/1","1/1","1/1","1/1","1/1","1/1","1/1","1/1","1/1","1/1","1/1","1/1","1/1","1/1","1/1","1/1","1/1","1/1","1/1","1/1","1/1","1/1","1/1","1/1","1/1","1/1","1/1","1/1","1/1","1/1","1/1","1/1","1/1","1/1","1/1","1/1","1/1","1/1","1/1","1/1","1/1","1/1","1/1","1/1"
"chr5:79030049_CA/C_CMYA5","0/0","0/0","0/0","0/0","0/0","0/0","0/0","0/0","0/0","0/0","0/0","0/0","0/0","0/0","0/0","0/0","0/0","0/0","0/0","0/0","0/0","0/0","0/0","0/0","0/0","0/0","0/0","0/0","0/0","0/0","0/0","0/1","0/0","0/0","0/0","0/0","0/0","0/0","0/0","0/0","0/0","0/0","0/0","0/0","0/0","0/0","0/0","0/0","0/0","0/0","0/0","0/0","0/0","0/0","0/0","0/0","0/0","0/0","0/0","0/0","0/0","0/0","0/0","0/0","0/0","0/0","0/0","0/0","0/0","0/0","0/0","0/0","0/0","0/0","0/0","0/0","0/0","0/0","0/0","0/0","0/0","0/0","0/0","0/0","0/0","0/0","0/0","0/0","0/0","0/0","0/0","0/0","0/0","0/0","0/0","0/0","0/0","0/0","0/0","0/0","0/0","0/0","0/0","0/0","0/0","0/0","0/0","0/0","0/0","0/0","0/0","0/0","0/0","0/0","0/0","0/0","0/0","0/0","0/0","0/0","0/0","0/0","0/0","0/0","0/0","0/0","0/0","0/0","0/0","0/0","0/0","0/0","0/0","0/0","0/0","0/0","0/0","0/0","0/0","0/0","0/0","0/0","0/0","0/0","0/0","0/0","0/0","0/0","0/0","0/0","0/0","0/0","0/0"
"chr5:79331439_A/AC_THBS4","0/0","0/0","0/0","0/0","0/0","0/0","0/0","0/0","0/0","0/0","0/0","0/0","0/0","0/0","0/0","0/0","0/0","0/0","0/0","0/0","0/0","0/0","0/0","0/0","0/0","0/0","0/0","0/0","0/0","0/0","0/0","0/0","0/0","0/0","0/0","0/0","0/0","0/0","0/0","0/0","0/0","0/0","0/0",".","0/0","0/0","0/0","0/0","0/0","0/0","0/0","0/0","0/0","0/0","0/0","0/0","0/0","0/0","0/0","0/0","0/0","0/0","0/0","0/0","0/0","0/0","0/0","0/0","0/0","0/0","0/0","0/0","0/0","0/0","0/0","0/0","0/0","0/0","0/0","0/0","0/0","0/0","0/0","0/0",".","0/0","0/0","0/0","0/0","0/0","0/0","0/0","0/0","0/0","0/0","0/0","0/0","0/0","0/0","0/0","0/0","0/0","0/0","0/0","0/0","0/0","0/0","0/0","0/0","0/0","0/0","0/0","0/0","0/0","0/0","0/0","0/0","0/0","0/0","0/0","0/0","0/0","0/0","0/1","0/0","0/0","0/0","0/0","0/0","0/0","0/0","0/0","0/0","0/0","0/0","0/0","0/0","0/0","0/0","0/0","0/0","0/0","0/0","0/0","0/0","0/0","0/0","0/0","0/0","0/0","0/0","0/0","0/0"
"chr5:79950699_TGCAGCGGCTGCAGCGGCC/T_MSH3","0/0","0/0","0/0","0/0","0/0","0/0","0/0","0/0","0/0","0/0","0/0","0/0","0/0","0/0","0/0","0/0","0/0","0/0","0/0","0/0","0/0","0/0","0/1","0/0","0/0","0/0","0/0","0/0","0/1","0/0","0/0","0/0","0/0","0/1","0/0","0/0","0/0","0/0","0/0","0/0","0/0","0/0","0/1","0/0","0/0","0/1","0/0","0/0","0/0","0/0","0/0","0/0","0/0","0/0","0/0","0/1","0/0","0/0","0/0","0/0","0/0","0/0","0/1","0/0","0/0","0/0","0/0","0/0","0/0","0/0","0/0","0/0","0/0","0/0","0/0","0/0","0/0","0/0","0/0","0/0","0/0","0/1","0/0","0/0","0/0","0/0","0/0","0/0","0/0","0/0","0/0","0/0","0/0","0/0","0/0","0/0","0/0","0/0","0/0","0/0","0/0","0/0","0/0","0/0","0/0","0/0","0/0","0/0","0/0","0/0","0/0","0/0","0/0","0/0","0/0","0/0","0/0","0/0","0/0","0/0","0/0","0/0","0/0","0/0","0/0","0/0","0/0","0/0","0/0","0/0","0/0","0/0","0/0","0/0","0/0","0/0","0/0","0/0","0/1","0/1","0/1","0/0","0/0","0/0","0/0","0/0","0/0","0/0","0/0","0/0","0/0","0/0","0/0"
"chr5:82406980_GTC/G_XRCC4","0/0","0/0","0/0","0/0","0/0","0/0","0/0","0/0","0/0","0/0","0/0","0/0","0/0","0/0","0/0","0/0","0/0","0/0","0/0","0/0","0/0","0/0","0/0","0/0","0/0","0/0","0/0","0/0","0/0","0/0","0/0","0/0","0/0","0/0","0/0","0/0","0/0","0/0","0/0","0/0","0/0","0/0","0/0","0/0","0/1","0/0","0/0","0/0","0/0","0/0","0/0","0/0","0/0","0/0","0/0","0/0","0/0","0/0","0/0","0/0","0/0","0/0","0/0","0/0","0/0","0/0","0/0","0/0","0/0","0/0","0/0","0/0","0/0","0/0","0/0","0/0","0/0","0/0","0/0","0/0","0/0","0/0","0/0","0/0","0/0","0/0","0/0","0/0","0/0","0/0","0/0","0/0","0/0","0/0","0/0","0/0","0/0","0/0","0/0","0/0","0/0","0/0","0/0","0/0","0/0","0/0","0/0","0/0","0/0","0/0","0/0","0/0","0/0","0/0","0/0","0/0","0/0","0/0","0/0","0/0","0/0","0/0","0/0","0/0","0/0","0/0","0/0","0/0","0/0","0/0","0/0","0/0","0/0","0/0","0/0","0/0","0/0","0/0","0/0","0/0","0/0","0/0","0/0","0/0","0/0","0/0","0/0","0/0","0/0","0/0","0/0","0/0","0/0"
"chr5:87485872_A/AAGGACATC_TMEM161B","0/0","0/0",".",".","0/0",".",".",".","0/0",".",".",".",".",".",".",".",".",".",".",".",".",".",".",".",".",".",".",".",".",".",".",".",".",".",".",".",".",".",".",".",".",".","0/0","0/0",".","0/0",".",".",".",".",".",".",".",".",".",".",".",".",".",".",".",".",".",".",".",".",".",".",".",".","0/0",".",".",".",".",".",".",".",".",".",".",".",".",".",".",".",".",".","0/0",".",".",".",".",".",".",".",".",".","0/0",".","0/0","0/0",".",".",".",".",".",".",".",".",".",".",".",".",".","0/1",".",".",".",".",".",".",".",".",".",".",".",".",".",".",".",".","0/0",".",".",".","0/0",".",".","0/0",".",".","0/0",".",".",".",".",".",".",".",".",".","."
"chr5:94756090_CGAG/C_FAM81B","0/0","0/0","0/0","0/0","0/0","0/0","0/0","0/0","0/0","0/0","0/0","0/0","0/1","0/0","0/0","0/0","0/0","0/0","0/0","0/0","0/0","0/0","0/0","0/0","0/0","0/0","0/0","0/0","0/0","0/0","0/0","0/0","0/0","0/0","0/0","0/0","0/0","0/0","0/0","0/0","0/0","0/0","0/0","0/0","0/0","0/0","0/0","0/0","0/0","0/0","0/0","0/0","0/0","0/0","0/0","0/0","0/0","0/0","0/0","0/0","0/0","0/0","0/0","0/0","0/0","0/0","0/0","0/0","0/0","0/0","0/0","0/0","0/0","0/0","0/0","0/0","0/0","0/0","0/0","0/0","0/0","0/0","0/0","0/0","0/0","0/0","0/0","0/0","0/0","0/0","0/0","0/0","0/0","0/0","0/0","0/0","0/0","0/0","0/0","0/0","0/0","0/0","0/0","0/0","0/0","0/0","0/0","0/0","0/0","0/0","0/0","0/0","0/0","0/0","0/0","0/0","0/0","0/0","0/0","0/0","0/0","0/0","0/0","0/0","0/0","0/0","0/0","0/0","0/0","0/0","0/0","0/0","0/0","0/0","0/0","0/0","0/0","0/0","0/0","0/0","0/0","0/0","0/0","0/0","0/0","0/0","0/0","0/0","0/0","0/0","0/0","0/0","0/0"
"chr5:94756095_A/ATT_FAM81B","0/0","0/0","0/0","0/0","0/0","0/0","0/0","0/0","0/0","0/0","0/0","0/0","0/1","0/0","0/0","0/0","0/0","0/0","0/0","0/0","0/0","0/0","0/0","0/0","0/0","0/0","0/0","0/0","0/0","0/0","0/0","0/0","0/0","0/0","0/0","0/0","0/0","0/0","0/0","0/0","0/0","0/0","0/0","0/0","0/0","0/0","0/0","0/0","0/0","0/0","0/0","0/0","0/0","0/0","0/0","0/0","0/0","0/0","0/0","0/0","0/0","0/0","0/0","0/0","0/0","0/0","0/0","0/0","0/0","0/0","0/0","0/0","0/0","0/0","0/0","0/0","0/0","0/0","0/0","0/0","0/0","0/0","0/0","0/0","0/0","0/0","0/0","0/0","0/0","0/0","0/0","0/0","0/0","0/0","0/0","0/0","0/0","0/0","0/0","0/0","0/0","0/0","0/0","0/0","0/0","0/0","0/0","0/0","0/0","0/0","0/0","0/0","0/0","0/0","0/0","0/0","0/0","0/0","0/0","0/0","0/0","0/0","0/0","0/0","0/0","0/0","0/0","0/0","0/0","0/0","0/0","0/0","0/0","0/0","0/0","0/0","0/0","0/0","0/0","0/0","0/0","0/0","0/0","0/0","0/0","0/0","0/0","0/0","0/0","0/0","0/0","0/0","0/0"
"chr5:98109866_AGCT/A_RGMB","0/0","0/0","0/0","0/0","0/0","0/0","0/0","0/0","0/0","0/0","0/0","0/0","0/0","0/0","0/0","0/0","0/0","0/0","0/0","0/0","0/0","0/0","0/0","0/0","0/0","0/0","0/0","0/0","0/0","0/0","0/0","0/0","0/0","0/0","0/0","0/0","0/0","0/0","0/0","0/0","0/0","0/0","0/0","0/0","0/0","0/0","0/0","0/0","0/0","0/0","0/0","0/0","0/1","0/0","0/0","0/0","0/0","0/0","0/0","0/0","0/0","0/0","0/0","0/0","0/0","0/0","0/0","0/0","0/0","0/0","0/0","0/0","0/0","0/0","0/0","0/0","0/0","0/0","0/0","0/0","0/0","0/0","0/0","0/0","0/0","0/0","0/0","0/0","0/0","0/0","0/0","0/0","0/0","0/0","0/0","0/0","0/1","0/0","0/0","0/0","0/0","0/1","0/0","0/0","0/0","0/0","0/0","0/0","0/0","0/0","0/0","0/0","0/1","0/0","0/0","0/0","0/0","0/0","0/0","0/0","0/0","0/0","0/0","0/0","0/0","0/0","0/0","0/0","0/0","0/0","0/0","0/0","0/0","0/0","0/0","0/0","0/0","0/0","0/0","0/0","0/0","0/0","0/0","0/0","0/0","0/0","0/0","0/0","0/0","0/1","0/0","0/0","0/0"
"chr5:98192164_AAGG/A_CHD1","0/0","0/0","0/0","0/0","0/0","0/0","0/0","0/0","0/0","0/0","0/0","0/0","0/0","0/0","0/0","0/0","0/0","0/0","0/0","0/0","0/0","0/0","0/0","0/0","0/0","0/0","0/1","0/0","0/0","0/0","0/0","0/0","0/0","0/0","0/0","0/0","0/0","0/0","0/0","0/0","0/0","0/0","0/0","0/0","0/0","0/1","0/1","0/0","0/0","0/0","0/0","0/0","0/0","0/1","0/0","0/0","0/0","0/0","0/0","0/0","0/0","0/0","0/0","0/0","0/0","0/0","0/0","0/0","0/0","0/0","0/0","0/1","0/1","0/0","0/0","0/0","0/0","0/0","0/0","0/0","0/0","0/0","0/0","0/0","0/0","0/0","0/0","0/0","0/0","0/0","0/0","0/0","0/0","0/0","0/0","0/0","0/0","0/0","0/0","0/0","0/0","0/0","0/0","0/0","0/0","0/0","0/0","0/0","0/0","0/0","0/0","0/0","0/0","0/1","0/0","0/1","0/1","0/0","0/0","0/0","0/0","0/0","0/1","0/0","0/0","0/0","0/1","0/1","0/0","0/0","0/0","0/0","0/0","0/0","0/0","0/0","0/0","0/0","0/0","0/0","0/0","0/0","0/0","0/0","0/0","0/0","0/0","0/0","0/0","0/0","0/0","0/0","0/0"
"chr5:102512570_C/CA_PPIP5K2","1/1","1/1","1/1","1/1","1/1","1/1","1/1","1/1","1/1","1/1","1/1","1/1","1/1","1/1","1/1","1/1","1/1","1/1","1/1","1/1","1/1","1/1","1/1","1/1","1/1","1/1","1/1","1/1","1/1","1/1","1/1","1/1","1/1","1/1","1/1","1/1","1/1","1/1","1/1","1/1","1/1","1/1","1/1","1/1","1/1","1/1","1/1","1/1","1/1","1/1","1/1","1/1","1/1","1/1","1/1","1/1","1/1","1/1","1/1","1/1","1/1","1/1","1/1","1/1","1/1","1/1","1/1","1/1","1/1","1/1","1/1","1/1","1/1","1/1","1/1","1/1","1/1","1/1","1/1","1/1","1/1","1/1","1/1","1/1","1/1","1/1","1/1","1/1","1/1","1/1","1/1","1/1","1/1","1/1","1/1","1/1","1/1","1/1","1/1","1/1","1/1","1/1","1/1","1/1","1/1","1/1","1/1","1/1","1/1","1/1","1/1","1/1","1/1","1/1","1/1","1/1","1/1","1/1","1/1","1/1","1/1","1/1","1/1","1/1","1/1","1/1","1/1","1/1","1/1","1/1","1/1","1/1","1/1","1/1","1/1","1/1","1/1","1/1","1/1","1/1","1/1","1/1","1/1","1/1","1/1","1/1","1/1","1/1","1/1","1/1","1/1","1/1","1/1"
"chr5:107716712_A/ACCGCCGCCGCCGCCGCCGCCGCAGCCC_FBXL17","0/0","0/0","0/0","0/0","0/0","0/0","0/0","0/0","0/0","0/0","0/0","0/0","0/0","0/0","0/0","0/0","0/0","0/0","0/0","0/0","0/0","0/0","0/0","0/0","0/0","0/0","0/0","0/0","0/0","0/0","0/0","0/0","0/0","0/0","0/0","0/0","0/0","0/0","0/0","0/0","0/0","0/0","0/0","0/0","0/0","0/0","0/0","0/0","0/0","0/0","0/0","0/0","0/0","0/0","0/0","0/0","0/0","0/0","0/0","0/0","0/0","0/0","0/0","0/0","0/0","0/0","0/0","0/0","0/0","0/0","0/0","0/0","0/0","0/0","0/0","0/0","0/0","0/0","0/0","0/0","0/0","0/0","0/0","0/0","0/0","0/0","0/0","0/0","0/0","0/0","0/0","0/0","0/0","0/0","0/0","0/0","0/0","0/0","0/0","0/0","0/0","0/0","0/0","0/0","0/0","0/0","0/0","0/0","0/0","0/0","0/0","0/0","0/0","0/0","0/0","0/0","0/0","0/0","0/0","0/0","0/0","0/0","0/0","0/0","0/0","0/0","0/0","0/0","0/0","0/0","0/0","0/0","0/0","0/0","0/0","0/0","0/0","0/0","0/0","0/0","0/0","0/1","0/0","0/0","0/0","0/0","0/0","0/0","0/0","0/0","0/0","0/0","0/0"
"chr5:107717003_AGCGGCGGCG/A_FBXL17","0/0","0/0","0/0","0/0","0/0","0/0","0/0","0/0","0/0","0/0","0/0","0/0","0/0","0/0","0/0","0/0","0/0","0/0","0/0","0/0","0/0","0/0","0/0","0/0","0/0","0/0","0/0","0/0","0/0","0/0","0/0","0/0","0/0","0/0","0/0","0/0","0/0","0/0","0/0","0/0","0/0","0/0","0/1","0/0","0/0","0/0","0/0","0/0","0/0","0/0","0/0","0/0","0/0","0/0","0/0","0/0","0/0","0/0","0/0","0/0","0/0","0/0","0/0","0/0","0/0","0/0","0/0","0/0","0/0","0/0","0/0","0/0","0/0","0/0","0/0","0/0","0/0","0/0","0/0","0/0","0/0","0/0","0/0","0/0","0/0","0/0","0/0","0/0","0/0","0/0","0/0","0/0","0/0","0/0","0/0","0/0","0/0","0/0","0/0","0/0","0/0","0/0","0/0","0/0","0/0","0/0","0/0","0/0","0/0","0/0","0/0","0/0","0/0","0/0","0/0","0/0","0/0","0/0","0/0","0/0","0/0","0/0","0/0","0/0","0/0","0/0","0/0","0/0","0/0","0/0","0/0","0/0","0/0","0/0","0/0","0/0","0/0","0/0","0/0","0/0","0/0","0/2","0/0","0/0","0/0","0/0","0/0","0/0","0/0","0/2","0/0","0/0","0/0"
"chr5:109103354_TA/T_MAN2A1","0/0","0/0","0/0","0/0","0/0","0/0","0/0","0/0","0/0","0/0","0/0","0/0","0/0","0/0","0/0","0/0","0/0","0/0","0/0","0/0","0/0","0/0","0/0","0/0","0/0","0/0","0/0","0/0","0/0","0/0","0/0","0/0","0/0","0/0","0/0","0/0","0/1","0/0","0/0","0/0","0/0","0/0","0/0","0/0","0/0","0/0","0/0","0/0","0/0","0/0","0/0","0/0","0/0","0/0","0/0","0/0","0/0","0/0","0/0","0/0","0/0","0/0","0/0","0/0","0/0","0/0","0/0","0/0","0/0","0/0","0/0","0/0","0/0","0/0","0/0","0/0","0/0","0/0","0/0","0/0","0/0","0/0","0/0","0/0","0/0","0/0","0/0","0/0","0/0","0/0","0/0","0/0","0/0","0/0","0/0","0/0","0/0","0/0","0/0","0/0","0/0","0/0","0/0","0/0","0/0","0/0","0/0","0/0","0/0","0/0","0/0","0/0","0/0","0/0","0/0","0/0","0/0","0/0","0/0","0/0","0/0","0/0","0/0","0/0","0/0","0/0","0/0","0/0","0/0","0/0","0/0","0/0","0/0","0/0","0/0","0/0","0/0","0/0","0/0","0/0","0/0","0/0","0/0","0/0","0/0","0/0","0/0","0/0","0/0","0/0","0/0","0/0","0/0"
"chr5:109190935_TCTC/T_MAN2A1","0/1","0/1","0/1","0/1","1/1","1/1","0/1","0/1","0/1","1/1","1/1","0/1","1/1","1/1","1/1","0/1","1/1","1/1","0/1","1/1","0/1","0/1","1/1","0/1","1/1","1/1","1/1","0/1","0/1","0/1","0/1","1/1","0/1","1/1","0/1","0/1","1/1","0/1","0/0","0/0","0/1","1/1","0/1","0/1","0/0","0/1","1/1","1/1","0/1","1/1","0/1","0/1","0/1","0/1","1/1","0/1","0/1","1/1","0/1","1/1","1/1","0/0","0/1","1/1","1/1","1/1","0/0","1/1","1/1","0/0","1/1","1/1","1/1","1/1","1/1","1/1","1/1","0/0","0/0","0/1","0/1","0/1","0/1","1/1","1/1","1/1","1/1","1/1","1/1","1/1","0/1","0/0","0/0","0/0","0/0","0/1","1/1","0/1","1/1","1/1","1/1","1/1","1/1","1/1","1/1","1/1","1/1","0/1","0/1","1/1","0/1","1/1","1/1","0/1","0/1","0/0","0/0","0/1","0/1","0/1","0/1","0/1","0/0","0/1","0/1","0/1","0/1","0/1","0/1","0/1","0/1","0/1","1/1","1/1","1/1","1/1","1/1","1/1","1/1","1/1","1/1","0/1","0/1","0/1","0/1","0/1","0/1","0/1","0/1","0/0","0/0","0/0","0/0"
"chr5:110436285_TAGA/T_WDR36","0/0","0/0","0/0","0/0","0/0","0/0","0/0","0/0","0/0","0/0","0/1","0/0","0/0","0/0","0/0","0/0","0/0","0/0","0/0","0/0","0/0","0/0","0/0","0/0","0/0","0/0","0/0","0/0","0/0","0/0","0/0","0/0","0/0","0/0","0/0","0/0","0/0","0/0","0/0","0/0","0/0","0/0","0/0","0/0","0/0","0/0","0/0","0/0","0/0","0/0","0/0","0/0","0/0","0/0","0/0","0/0","0/0","0/0","0/0","0/0","0/0","0/0","0/0","0/0","0/0","0/0","0/0","0/0","0/0","0/0","0/0","0/0","0/0","0/0","0/0","0/0","0/0","0/0","0/0","0/0","0/0","0/0","0/0","0/0","0/0","0/0","0/0","0/0","0/0","0/0","0/0","0/0","0/0","0/0","0/0","0/0","0/0","0/0","0/0","0/0","0/0","0/0","0/0","0/0","0/0","0/0","0/0","0/0","0/0","0/0","0/0","0/0","0/0","0/0","0/0","0/0","0/0","0/0","0/0","0/0","0/0","0/0","0/0","0/0","0/0","0/0","0/0","0/0","0/0","0/0","0/0","0/0","0/0","0/0","0/0","0/0","0/0","0/0","0/0","0/0","0/0","0/0","0/0","0/0","0/0","0/0","0/0","0/0","0/0","0/0","0/0","0/0","0/0"
"chr5:112173689_GT/G_APC","0/0","0/0","0/0","0/0","0/0","0/0","0/0","0/0","0/0","0/0","0/0","0/0","0/0","0/0","0/0","0/0","0/0","0/0","0/0","0/0","0/0","0/0","0/0","0/0","0/0","0/0","0/0","0/0","0/0","0/0","0/0","0/0","0/0","0/0","0/0","0/0","0/1","0/0","0/0","0/0","0/0","0/0","0/0","0/0","0/0","0/0","0/0","0/0","0/0","0/0","0/0","0/0","0/0","0/0","0/0","0/0","0/0","0/0","0/0","0/0","0/0","0/0","0/0","0/0","0/0","0/0","0/0","0/0","0/0","0/0","0/0","0/0","0/0","0/0","0/0","0/0","0/0","0/0","0/0","0/0","0/0","0/0","0/0","0/0","0/0","0/0","0/0","0/0","0/0","0/0","0/0","0/0","0/0","0/0","0/0","0/0","0/0","0/0","0/0","0/0","0/0","0/0","0/0","0/0","0/0","0/0","0/0","0/0","0/0","0/0","0/0","0/0","0/0","0/0","0/0","0/0","0/0","0/0","0/0","0/0","0/0","0/0","0/0","0/0","0/0","0/0","0/0","0/0","0/0","0/0","0/0","0/0","0/0","0/0","0/0","0/0","0/0","0/0","0/0","0/0","0/0","0/0","0/0","0/0","0/0","0/0","0/0","0/0","0/0","0/0","0/0","0/0","0/0"
"chr5:112824048_TGCC/TGCCGCC_MCC","0/1","0/1","0/1","1/1","0/1","0/1","1/1","1/1","1/1","0/0","0/1","0/1","0/1","1/1","0/1","1/1","0/1","0/1","1/1","0/1","1/1","0/1","0/2","1/1","0/1","0/1","0/4","0/0","0/1","1/1","1/1","0/1","1/1","1/1","1/1","0/0","0/1","0/1","1/1","1/1","1/1","1/1","0/1","0/1","1/1","0/0","0/1","0/1","1/3","1/1","0/1","1/1","1/1","1/1","1/1","1/1","1/1","1/1","0/1","0/0","0/2","1/1","0/0","1/1","1/1","0/1","0/1","0/1","0/1","0/1","0/1","1/2","1/2","0/0","0/0","0/0","0/0","0/1","0/1","0/1","1/1","0/1","0/1","1/1","1/1","0/0","0/0","1/1","0/1","0/1","1/3","0/1","0/1","0/1","0/1","1/3","1/1","0/1","0/1","0/1","1/1","0/1","1/1","0/1","0/1","0/1","0/1","0/1","0/1","0/1","1/1","0/0","0/0","1/1","0/0","0/1","0/1","1/1","1/1","1/1","1/1","1/1","0/1","1/1","0/0","0/0","1/1","1/1","1/5","1/5","1/5","0/1","0/0","0/1","0/0","0/0","0/1","0/1","1/3","1/3","1/3","0/1","0/1","1/1","1/1","1/1","0/0","0/0","0/0","0/0","0/0","0/0","0/0"
"chr5:113698631_T/TGCC_KCNN2","1/1","1/1","1/1","1/1","1/1","1/1","0/1","0/1","0/1","1/1","1/1","1/1","1/1","1/1","1/1","1/1","0/1","1/1","1/1","1/1","1/1","0/1","1/1","0/1","1/1","1/1","0/1","1/1","1/1","1/1","1/1","1/1","0/1","1/1","1/1","1/1","1/1","1/1","1/1","0/1","0/1","1/1","1/1","0/1","1/1","1/1","1/1","1/1","1/1","1/1","0/1","1/1","0/1","1/1","1/1","0/1","1/1","1/1","1/1","0/1","1/1","0/1","1/1","1/1","1/1","1/1","1/1","0/1","0/1","1/1","1/1","1/1","1/1","1/1","1/1","1/1","1/1","0/1","0/1","1/1","1/1","1/1","0/1","0/1","1/1","1/1","1/1","1/1","1/1","1/1","1/1","1/1","1/1","1/1","1/1","1/1","1/1","1/1","1/1","1/1","0/1","1/1","0/1","0/0","0/0","1/1","1/1","1/1","1/1","1/1","1/1","1/1","1/1","1/1","1/1","1/1","1/1","1/1","0/1","1/1","0/1","0/1","1/1","1/1","1/1","0/1","1/1","1/1","1/1","1/1","1/1","1/1","1/1","1/1","1/1","1/1","1/1","0/1","1/1","1/1","1/1","1/1","1/1","1/1","1/1","1/1","1/1","1/1","1/1","1/1","1/1","1/1","1/1"
"chr5:118529595_AATG/A_DMXL1","0/0","0/0","0/0","0/0","0/0","0/0","0/0","0/0","0/0","0/0","0/0","0/0","0/0","0/0","0/0","0/0","0/0","0/0","0/0","0/0","0/0","0/1","0/0","0/0","0/0","0/0","0/0","0/0","0/0","0/0","0/0","0/0","0/0","0/0","0/0","0/0","0/0","0/0","0/0","0/0","0/0","0/0","0/0","0/0","0/0","0/0","0/0","0/0","0/0","0/0","0/0","0/0","0/0","0/0","0/0","0/0","0/0","0/0","0/0","0/0","0/0","0/0","0/0","0/0","0/0","0/0","0/0","0/0","0/0","0/0","0/0","0/0","0/0","0/0","0/0","0/0","0/0","0/0","0/0","0/0","0/0","0/0","0/0","0/0","0/0","0/0","0/0","0/0","0/0","0/0","0/0","0/0","0/0","0/0","0/0","0/0","0/0","0/0","0/0","0/0","0/0","0/0","0/0","0/0","0/0","0/0","0/0","0/0","0/0","0/0","0/0","0/0","0/0","0/0","0/0","0/0","0/0","0/0","0/0","0/0","0/0","0/0","0/0","0/0","0/0","0/0","0/0","0/0","0/0","0/0","0/0","0/0","0/0","0/0","0/0","0/0","0/0","0/0","0/0","0/0","0/0","0/0","0/0","0/0","0/0","0/0","0/0","0/0","0/0","0/0","0/0","0/0","0/0"
"chr5:121488635_AT/A_ZNF474","0/0","0/0","0/0","0/0","0/0","0/0","1/1","1/1","1/1","0/0","1/1","0/0","0/0","0/0","0/1","0/0","0/0","0/0","0/0","0/0","1/1","0/1","0/0","0/1","0/0","0/1","0/1","0/0","0/0","0/1","0/0","0/1","0/0","0/0","0/0","0/0","0/0","0/1","0/1","0/0","0/0","0/0","0/0","0/0","0/0","0/0","0/0","0/0","0/0","0/0","0/1","0/0","0/0","0/0","0/0","0/1","0/0","0/0","0/0","0/0","0/0","0/0","0/0","0/0","0/0","0/0","0/1","0/0","0/0","0/1","0/0","0/0","0/0","0/0","0/0","0/1","0/1","0/0","0/0","0/1","0/1","0/0","0/1","0/0","0/0","0/0","0/0","0/0","1/1","1/1","0/0","0/1","0/1","0/1","0/1","0/0","0/0","0/0","0/0","0/0","0/0","0/1","0/0","0/1","0/1","0/1","0/1","0/0","0/0","0/1","0/0","0/0","0/0","0/1","0/0","0/0","0/0","0/0","1/1","0/0","1/1","1/1","0/0","0/0","0/0","0/0","0/1","0/1","0/1","0/1","0/1","0/1","0/0","0/0","0/0","0/0","0/0","0/0","0/0","0/0","0/0","0/1","0/1","0/1","0/1","0/1","0/0","0/0","0/0","1/1","1/1","1/1","1/1"
"chr5:122425971_A/ACCTCCGCCT_PRDM6","0/0","0/0","0/0","0/0","0/0","0/0","0/0","0/0","0/0","0/0","0/0","0/0","0/0","0/0","0/0","0/1","0/0","0/0","0/0","0/0","0/0","0/0","0/0","0/0","0/0","0/0","0/0","0/0","0/0","0/0","0/0","0/0","0/0","0/1","0/0","0/0","0/0","0/0","0/0","0/0","0/0","0/0","0/0","0/0","0/0","0/0","0/0","0/0","0/0","0/0","0/0","0/0","0/0","0/0","0/0","0/0","0/0","0/0","0/0","0/0","0/0","0/0","0/0","0/0","0/0","0/0","0/0","0/0","0/0","0/0","0/0","0/0","0/0","0/0","0/0","0/0","0/0","0/0","0/0","0/0","0/0","1/1","0/0","0/0","0/0","0/0","0/0","0/0","0/0","0/0","0/0","0/0","0/0","0/0","0/0","0/0","0/0","0/0","0/0","0/0","0/0","0/0","0/0","0/0","0/0","0/0","0/0","0/0","0/0","0/0","0/0","0/0","0/0","0/0","0/0","0/0","0/0","0/0","0/0","0/0","0/0","0/0","0/0","0/0","0/0","0/0","0/0","0/0","0/0","0/0","0/0","0/0","0/0","0/0","0/0","0/0","0/0","0/0","0/0","0/0","0/0","0/0","0/0","0/0","0/0","0/0","0/0","0/0","0/0","1/1","1/1","1/1","1/1"
"chr5:124036715_G/GT_ZNF608","0/0","0/0","0/0","0/0","0/0","0/0","0/0","0/0","0/0","0/0","0/1","0/0","0/0","0/0","0/0","0/0","0/0","0/0","0/0","0/0","0/0","0/0","0/0","0/0","0/0","0/0","0/0","0/0","0/0","0/0","0/0","0/0","0/0","0/0","0/0","0/0","0/0","0/0","0/0","0/0","0/0","0/0","0/0","0/0","0/0","0/0","0/0","0/0","0/0","0/0","0/0","0/0","0/0","0/0","0/0","0/0","0/0","0/0","0/0","0/0","0/0","0/0","0/0","0/0","0/0","0/0","0/0","0/0","0/0","0/0","0/0","0/0","0/0","0/0","0/0","0/0","0/0","0/0","0/0","0/0","0/0","0/0","0/0","0/0","0/0","0/0","0/0","0/0","0/0","0/0","0/0","0/0","0/0","0/0","0/0","0/0","0/0","0/0","0/0","0/0","0/0","0/0","0/0","0/0","0/0","0/0","0/0","0/0","0/0","0/0","0/0","0/0","0/0","0/0","0/0","0/0","0/0","0/0","0/0","0/0","0/0","0/0","0/0","0/0","0/0","0/0","0/0","0/0","0/0","0/0","0/0","0/0","0/0","0/0","0/0","0/0","0/0","0/0","0/0","0/0","0/0","0/0","0/0","0/0","0/0","0/0","0/0","0/0","0/0","0/0","0/0","0/0","0/0"
"chr5:125939711_C/CA_PHAX","0/0","0/0","0/0","0/0","0/0","0/0","0/0","0/0","0/0","0/0","0/0","0/0","0/0","0/0","0/0","0/0","0/0","0/0","0/0","0/0","0/0","0/0","0/0","0/0","0/0","0/0","0/0","0/0","0/0","0/0","0/0","0/0","0/0","0/0","0/0","0/0","0/1","0/0","0/0","0/0","0/0","0/0","0/0","0/0","0/0","0/0","0/0","0/0","0/0","0/0","0/0","0/0","0/0","0/0","0/0","0/0","0/0","0/0","0/0","0/0","0/0","0/0","0/0","0/0","0/0","0/0","0/0","0/0","0/0","0/0","0/0","0/0","0/0","0/0","0/0","0/0","0/0","0/0","0/0","0/0","0/0","0/0","0/0","0/0","0/0","0/0","0/0","0/0","0/0","0/0","0/0","0/0","0/0","0/0","0/0","0/0","0/0","0/0","0/0","0/0","0/0","0/0","0/0","0/0","0/0","0/0","0/0","0/0","0/0","0/0","0/0","0/0","0/0","0/0","0/0","0/0","0/0","0/0","0/0","0/0","0/0","0/0","0/0","0/0","0/0","0/0","0/0","0/0","0/0","0/0","0/0","0/0","0/0","0/0","0/0","0/0","0/0","0/0","0/0","0/0","0/0","0/0","0/0","0/0","0/0","0/0","0/0","0/0","0/0","0/0","0/0","0/0","0/0"
"chr5:127419931_TGCGGCGGCGGCGGCGGCGGCGGCA/TGCGGCGGCGGCGGCGGCGGCGGCGGCGGCGGCA_SLC12A2","0/0","0/0","0/0","0/0","0/0","0/0","0/0","0/0","0/0","0/0","0/0","0/0","0/0","0/0","0/0","0/0","0/0","0/1","0/0","0/0","0/0","0/0","0/0","0/0","0/0","0/0","0/0","0/0","0/0","0/0","0/0","0/0","0/0","0/0","0/2","0/0","0/0","0/0","0/0","0/0","0/0","0/0","0/0","0/0","0/0","0/0","0/0","0/0","0/0","0/0","0/0","0/0","0/0","0/0","0/0","0/0","0/0","0/0","0/0","0/0","0/0","0/0","0/0","0/0","0/0","0/0","0/0","0/0","0/0","0/0","0/0","0/0","0/0","0/0","0/0","0/0","0/0","0/0","0/0","0/0","0/0","0/0","0/0","0/0","0/0","0/0","0/0","0/0","0/0","0/0","0/3","0/0","0/0","0/0","0/0","0/3","0/0","0/0","0/0","0/0","0/0","0/0","0/0","0/0","0/0","0/0","0/0","0/0","0/0","0/0","0/0","0/0","0/0","0/0","0/0","0/0","0/0","0/0","0/0","0/0","0/0","0/0","0/0","0/0","0/0","0/0","0/0","0/0","0/0","0/0","0/0","0/0","0/0","0/0","0/0","0/0","0/0","0/0","0/0","0/0","0/0","0/0","0/0","0/0","0/0","0/0","0/0","0/0","0/0","0/0","0/0","0/0","0/0"
"chr5:127507356_TAGTGA/T_SLC12A2","0/0","0/0","0/0","0/0","0/0","0/0","0/0","0/0","0/0","0/0","0/0","0/0","0/0","0/0","0/0","0/0","0/0","0/0","0/0","0/0","0/0","0/0","0/0","0/0","0/0","0/0","0/0","0/0","0/0","0/0","0/0","0/0","0/0","0/0","0/0","0/0","0/0","0/0","0/0","0/0","0/0","0/0","0/0","0/0","0/0","0/0","0/0","0/0","0/0","0/0","0/0","0/0","0/0","0/0","0/0","0/0","0/0","0/0","0/0","0/0","0/0","0/0","0/0","0/0","0/0","0/0","0/0","0/0","0/0","0/0","0/0","0/0","0/0","0/0","0/0","0/1","0/0","0/0","0/0","0/0","0/0","0/0","0/0","0/0","0/0","0/0","0/0","0/0","0/0","0/0","0/0","0/0","0/0","0/0","0/0","0/0","0/0","0/0","0/0","0/0","0/0","0/0","0/0","0/0","0/0","0/0","0/0","0/0","0/0","0/0","0/0","0/0","0/0","0/0","0/0","0/0","0/0","0/0","0/0","0/0","0/0","0/0","0/0","0/0","0/0","0/0","0/0","0/0","0/0","0/0","0/0","0/0","0/0","0/0","0/0","0/0","0/0","0/0","0/0","0/0","0/0","0/0","0/0","0/0","0/0","0/0","0/0","0/0","0/0","0/0","0/0","0/0","0/0"
"chr5:127610310_AC/A_FBN2","0/0","0/0","0/0","0/0","0/0","0/0","0/0","0/0","0/0","0/0","0/0","0/0","0/0","0/0","0/0","0/0","0/0","0/0","0/0","0/0","0/0","0/0","0/0","0/0","0/0","0/0","0/0","0/0","0/0","0/0","0/0","0/1","0/0","0/0","0/0","0/0","0/0","0/0","0/0","0/0","0/0","0/0","0/0","0/0","0/0","0/0","0/0","0/0","0/0","0/0","0/0","0/0","0/0","0/0","0/0","0/0","0/0","0/0","0/0","0/0","0/0","0/0","0/0","0/0","0/0","0/0","0/0","0/0","0/0","0/0","0/0","0/0","0/0","0/0","0/0","0/0","0/0","0/0","0/0","0/0","0/0","0/0","0/0","0/0","0/0","0/0","0/0","0/0","0/0","0/0","0/0","0/0","0/0","0/0","0/0","0/0","0/0","0/0","0/0","0/0","0/0","0/0","0/0","0/0","0/0","0/0","0/0","0/0","0/0","0/0","0/0","0/0","0/0","0/0","0/0","0/0","0/0","0/0","0/0","0/0","0/0","0/0","0/0","0/0","0/0","0/0","0/0","0/0","0/0","0/0","0/0","0/0","0/0","0/0","0/0","0/0","0/0","0/0","0/0","0/0","0/0","0/0","0/0","0/0","0/0","0/0","0/0","0/0","0/0","0/0","0/0","0/0","0/0"
"chr5:128797315_T/TCCCGGC_ADAMTS19","0/1","0/1","0/1","1/1","0/0","0/0","1/1","1/1","1/1","0/0","0/0","1/1","0/0","0/1","0/0","0/0","0/1","0/1","0/1","1/1","0/1","0/1","0/1","0/1","0/0","0/1","0/0","0/0","1/1","0/0","0/0","0/1","0/1","1/1","1/1","1/1","1/1","0/0","0/1","0/1","0/1","0/0","0/1","0/1","0/1","0/0","0/0","0/0","0/1","0/0","1/1","1/1","0/0","0/1","1/1","0/0","0/0","0/0","1/1","1/1","0/0","1/1","0/0","0/0","0/0","0/0","0/0","0/1","0/1","0/0","0/0","0/1","0/1","0/1","0/1","0/1","0/1","0/1","0/1","1/1","1/1","1/1","1/1","0/1","0/1","0/1","0/1","0/0","0/1","0/1","0/1","0/1","0/1","0/0","0/0","0/1","0/0","0/0","0/1","0/1","0/1","0/0","0/1","0/1","0/1","0/1","0/1","0/0","0/0","0/0","1/1","0/1","0/1","0/0","1/1","1/1","1/1","0/1","0/0","0/1","0/0","0/0","1/1","0/1","1/1","1/1","0/0","0/0","1/1","1/1","1/1","0/1","0/1","0/0","0/1","0/1","0/0","0/0","0/1","0/1","0/1","0/1","0/1","0/1","0/1","0/1","0/1","0/1","0/1","1/1","1/1","1/1","1/1"
"chr5:132149322_G/GGCCGCCGCC_SOWAHA","0/0","0/0","0/0","0/1","0/1","0/1","0/0","0/0","0/0","0/0","0/0","0/0","0/0","0/1","0/0","0/0","0/0","0/0","0/1","0/0","0/0","0/1","0/0","0/0","0/1","0/0","0/0","0/1","0/0","0/0","0/0","0/0","0/1","0/0","0/0","0/0","0/0","0/0","0/0","0/0","0/0","0/0","0/0","0/0","0/1","0/0","0/1","0/0","0/0","0/0","0/0","0/0","0/0","0/1","0/0","0/0","0/1","0/0","0/0","0/0","0/0","0/0","0/1","0/1","0/1","0/0","0/0","0/1","0/1","0/0","0/0","0/0","0/0","0/1","0/1","0/0","0/0","0/0","0/0","0/0","0/0","0/0","0/0","0/0","0/0","0/0","0/0","0/1","0/0","0/0","0/0","0/0","0/0","0/0","0/0","0/0","0/1","0/0","0/0","0/0","0/0","0/0","0/0","0/0","0/0","1/1","1/1",".","0/0","0/0","0/1","0/0","0/0","0/0","0/0","0/0","0/0","0/0","0/0","0/0","0/0","0/0","0/0","0/0","0/0","0/0","0/0","0/0","0/1","0/1","0/1","0/1","1/1","0/0","1/1","1/1","0/0","0/0","0/0","0/0","0/0","0/1","0/1","0/0","0/0","0/0","0/1","0/1","0/1","0/0","0/0","0/0","0/0"
"chr5:133655087_AT/A_CDKL3","0/0","0/0","0/0","0/0","0/0","0/0","0/0","0/0","0/0","0/0","0/0","0/0","0/0","0/0","0/0","0/0","0/0","0/0","0/0","0/0","0/0","0/0","0/0","0/0","0/0","0/0","0/0","0/0","0/0","0/0","0/0","0/0","0/0","0/0","0/0","0/0","0/0","0/0","0/0","0/0","0/0","0/0","0/0","0/0","0/0","0/0","0/0","0/0","0/0","0/0","0/0","0/0","0/0","0/0","0/0","0/0","0/0","0/0","0/0","0/0","0/0","0/0","0/0","0/1","0/1","0/0","0/0","0/0","0/0","0/0","0/0","0/0","0/0","0/0","0/0","0/0","0/0","0/0","0/0","0/0","0/0","0/0","0/0","0/0","0/0","0/0","0/0","0/0","0/0","0/0","0/0","0/0","0/0","0/0","0/0","0/0","0/0","0/0","0/0","0/0","0/0","0/0","0/0","0/0","0/0","0/0","0/0","0/0","0/0","0/0","0/0","0/0","0/0","0/0","0/0","0/0","0/0","0/0","0/0","0/0","0/0","0/0","0/0","0/0","0/0","0/0","0/0","0/0","0/0","0/0","0/0","0/0","0/0","0/0","0/0","0/0","0/0","0/0","0/0","0/0","0/0","0/0","0/0","0/0","0/0","0/0","0/0","0/0","0/0","0/0","0/0","0/0","0/0"
"chr5:133861425_TG/T_JADE2","0/0","0/0","0/0","0/0","0/0","0/0","0/0","0/0","0/0","0/0","0/0","0/0","0/0","0/0","0/0","0/0","0/0","0/0","0/0","0/0","0/0","0/0","0/0","0/0","0/0","0/0","0/0","0/0","0/0","0/0","0/0","0/0","0/0","0/0","0/0","0/0","0/1","0/0","0/0","0/0","0/0","0/0","0/0","0/0","0/0","0/0","0/0","0/0","0/0","0/0","0/0","0/0","0/0","0/0","0/0","0/0","0/0","0/0","0/0","0/0","0/0","0/0","0/0","0/0","0/0","0/0","0/0","0/0","0/0","0/0","0/0","0/0","0/0","0/0","0/0","0/0","0/0","0/0","0/0","0/0","0/0","0/0","0/0","0/0","0/0","0/0","0/0","0/0","0/0","0/0","0/0","0/0","0/0","0/0","0/0","0/0","0/0","0/0","0/0","0/0","0/0","0/0","0/0","0/0","0/0","0/0","0/0","0/0","0/0","0/0","0/0","0/0","0/0","0/0","0/0","0/0","0/0","0/0","0/0","0/0","0/0","0/0","0/0","0/0","0/0","0/0","0/0","0/0","0/0","0/0","0/0","0/0","0/0","0/0","0/0","0/0","0/0","0/0","0/0","0/0","0/0","0/0","0/0","0/0","0/0","0/0","0/0","0/0","0/0","0/0","0/0","0/0","0/0"
"chr5:134086454_AAAG/A_CAMLG","0/0","0/0","0/0","0/0","0/0","0/0","0/0","0/0","0/0","0/0","0/0","0/0","0/0","0/0","0/0","0/0","0/0","0/0","0/0","0/0","0/0","0/0","0/0","0/0","0/0","0/0","0/0","0/0","0/0","0/0","0/0","0/0","0/0","0/0","0/0","0/0","0/0","0/0","0/0","0/0","0/0","0/0","0/0","0/0","0/0","0/0","0/0","0/0","0/0","0/0","0/0","0/0","0/0","0/0","0/0","0/0","0/0","0/0","0/0","0/0","0/0","0/0","0/0","0/0","0/0","0/0","0/0","0/0","0/0","0/0","0/0","0/0","0/0","0/0","0/0","0/0","0/0","0/0","0/0","0/0","0/0","0/0","0/0","0/0","0/0","0/0","0/0","0/0","0/0","0/0","0/0","0/0","0/0","0/0","0/0","0/0","0/0","0/0","0/0","0/0","0/0","0/0","0/0","0/0","0/0","0/0","0/0","0/0","0/0","0/0","0/0","0/0","0/0","0/0","0/0","0/0","0/0","0/0","0/0","0/0","0/0","0/0","0/0","0/0","0/0","0/0","0/0","0/0","0/0","0/0","0/0","0/0","0/0","0/0","0/0","0/0","0/0","0/0","0/0","0/0","0/0","0/0","0/0","0/1","0/1","0/1","0/0","0/0","0/0","0/0","0/0","0/0","0/0"
"chr5:135276201_AGTT/A_FBXL21","0/1","0/1","0/1","0/1","0/1","0/1","0/1","0/1","0/1","0/0","1/1","0/1","1/1","0/1","1/1","1/1","0/1","1/1","1/1","1/1","1/1","1/1","1/1","0/1","1/1","0/0","1/1","1/1","1/1","0/1","1/1","1/1","1/1","1/1","0/1","1/1","1/1","1/1","0/1","0/0","1/1","1/1","1/1","1/1","1/1","1/1","1/1","0/1","1/1","1/1","0/1","0/1","0/1","0/1","1/1","1/1","0/1","1/1","1/1","0/1","1/1","1/1","0/1","1/1","1/1","1/1","0/1","1/1","1/1","0/1","1/1","0/1","0/1","0/1","0/1","1/1","1/1","1/1","1/1","0/0","0/0","1/1","0/1","1/1","1/1","1/1","1/1","0/1","1/1","1/1","0/1","1/1","1/1","0/1","0/1","0/1","0/1","1/1","1/1","1/1","0/1","0/1","0/1","1/1","1/1","0/0","0/0","1/1","1/1","0/1","0/1","1/1","1/1","1/1","1/1","0/1","0/1","1/1","1/1","1/1","1/1","1/1","0/1","1/1","1/1","1/1","1/1","1/1","0/1","0/1","0/1","0/1","0/1","0/1","0/1","0/1","0/1","0/1","1/1","1/1","1/1","0/1","0/1","1/1","1/1","1/1","0/1","0/1","0/1","1/1","1/1","1/1","1/1"
"chr5:135513085_T/TC_SMAD5","1/1","1/1","1/1","1/1","1/1","1/1","1/1","1/1","1/1","1/1","1/1","1/1","1/1","1/1","1/1","1/1","1/1","1/1","1/1","1/1","1/1","1/1","1/1","1/1","1/1","1/1","1/1","1/1","1/1","1/1","1/1","1/1","1/1","1/1","1/1","1/1","1/1","1/1","1/1","1/1","1/1","1/1","1/1","1/1","1/1","1/1","1/1","1/1","1/1","1/1","1/1","1/1","1/1","1/1","1/1","1/1","1/1","1/1","1/1","1/1","1/1","1/1","1/1","1/1","1/1","1/1","1/1","1/1","1/1","1/1","1/1","1/1","1/1","1/1","1/1","1/1","1/1","1/1","1/1","1/1","1/1","1/1","1/1","1/1","1/1","1/1","1/1","1/1","1/1","1/1","1/1","1/1","1/1","1/1","1/1","1/1","1/1","1/1","1/1","1/1","1/1","1/1","1/1","1/1","1/1","1/1","1/1","1/1","1/1","1/1","1/1","1/1","1/1","1/1","1/1","1/1","1/1","1/1","1/1","1/1","1/1","1/1","1/1","1/1","1/1","1/1","1/1","1/1","1/1","1/1","1/1","1/1","1/1","1/1","1/1","1/1","1/1","1/1","1/1","1/1","1/1","1/1","1/1","1/1","1/1","1/1","1/1","1/1","1/1","1/1","1/1","1/1","1/1"
"chr5:137088928_ACCG/A_HNRNPA0","0/0","0/0","0/0","0/0","0/0","0/0","0/0","0/0","0/0","0/0","0/0","0/0","0/0","0/0","0/0","0/0","0/0","0/0","0/0","0/0","0/0","0/0","0/0","0/0","0/0","0/0","0/0","0/0","0/0","0/0","0/0","0/0","0/0","0/0","0/0","0/0","0/0","0/0","0/0","0/0","0/0","0/0","0/0","0/0","0/0","0/0","0/0","0/0","0/0","0/0","0/0","0/0","0/0","0/0","0/0","0/0","0/0","0/0","0/0","0/0","0/0","0/0","0/0","0/0","0/0","0/0","0/0","0/0","0/0","0/0","0/0","0/0","0/0","0/0","0/0","0/0","0/0","0/0","0/0","0/0","0/0","0/0","0/0","0/0","0/0","0/0","0/0","0/0","0/0","0/0","0/0","0/0","0/0","0/0","0/0","0/0","0/0","0/0","0/0","0/0","0/0","0/0","0/0","0/0","0/0","0/0","0/0","0/1","0/0","0/0","0/0","0/0","0/0","0/0","0/0","0/0","0/0","0/0","0/0","0/0","0/0","0/0","0/0","0/0","0/0","0/0","0/0","0/0","0/0","0/0","0/0","0/0","0/0","0/0","0/0","0/0","0/0","0/0","0/0","0/0","0/0","0/0","0/0","0/0","0/0","0/0","0/0","0/0","0/0","0/0","0/0","0/1","0/0"
"chr5:137089036_A/ACCG_HNRNPA0","0/0","0/0","0/0","0/0","0/0","0/0","0/0","0/0","0/0","0/0","0/0","0/0","0/0","0/0","0/0","0/0","0/1","0/0","0/0","0/0","0/0","0/0","0/0","0/0","0/0","0/0","0/0","0/0","0/0","0/0","0/0","0/0","0/0","0/0","0/0","0/0","0/0","0/0","0/0","0/0","0/0","0/0","0/0","0/0","0/0","0/0","0/0","0/0","0/0","0/0","0/0","0/0","0/0","0/0","0/0","0/0","0/0","0/0","0/0","0/0","0/0","0/0","0/0","0/0","0/0","0/0","0/0","0/0","0/0","0/0","0/0","0/0","0/0","0/0","0/0","0/0","0/0","0/0","0/0","0/0","0/0","0/0","0/0","0/0","0/0","0/0","0/0","0/0","0/0","0/0","0/0","0/0","0/0","0/0","0/0","0/0","0/0","0/0","0/0","0/0","0/0","0/0","0/0","0/0","0/0","0/0","0/0","0/0","0/0","0/0","0/0","0/0","0/0","0/0","0/0","0/0","0/0","0/0","0/0","0/0","0/0","0/0","0/0","0/0","0/0","0/0","0/0","0/0","0/0","0/0","0/0","0/0","0/0","0/0","0/0","0/0","0/0","0/0","0/0","0/0","0/0","0/0","0/0","0/0","0/0","0/0","0/0","0/0","0/0","0/0","0/0","0/0","0/0"
"chr5:137206358_T/TCCAAAACACTTCATCCAGTC_MYOT","0/0","0/0","0/0","0/0","0/1","0/1","0/0","0/0","0/0","0/0","0/0","0/0","0/0","0/0","0/0","0/0","0/0","0/0","0/0","0/0","0/0","0/0","0/0","0/0","0/0","0/0","0/0","0/0","0/0","0/0","0/0","0/0","0/0","0/0","0/0","0/0","0/0","0/0","0/0","0/0","0/0","0/0","0/0","0/0","0/0","0/0","0/0","0/0","0/0","0/0","0/0","0/0","0/0","0/0","0/0","0/0","0/0","0/0","0/0","0/0","0/0","0/0","0/0","0/0","0/0","0/0","0/0","0/0","0/0","0/0","0/0","0/0","0/0","0/0","0/0","0/0","0/0","0/0","0/0","0/0","0/0","0/0","0/0","0/0","0/0","0/0","0/0","0/0","0/0","0/0","0/0","0/0","0/0","0/0","0/0","0/0","0/0","0/0","0/0","0/0","0/0","0/0","0/0","0/0","0/0","0/0","0/0","0/0","0/0","0/0","0/0","0/0","0/0","0/0","0/0","0/0","0/0","0/0","0/0","0/0","0/0","0/0","0/0","0/0","0/0","0/0","0/0","0/0","0/0","0/0","0/0","0/0","0/0","0/0","0/0","0/0","0/0","0/0","0/0","0/0","0/0","0/0","0/0","0/0","0/0","0/0","0/0","0/0","0/0","0/0","0/0","0/0","0/0"
"chr5:137284736_CCTT/C_FAM13B","0/0","0/0","0/0","0/0","0/0","0/0","0/0","0/0","0/0","0/0","0/0","0/0","0/0","0/0","0/0","0/0","0/0","0/0","0/0","0/0","0/0","0/0","0/0","0/0","0/0","0/0","0/0","0/0","0/0","0/0","0/0","0/0","0/0","0/0","0/1","0/0","0/0","0/0","0/0","0/0","0/0","0/0","0/0","0/0","0/0","0/0","0/0","0/0","0/0","0/0","0/0","0/0","0/0","0/0","0/0","0/0","0/0","0/0","0/0","0/0","0/0","0/0","0/0","0/0","0/0","0/0","0/0","0/0","0/0","0/0","0/0","0/0","0/0","0/0","0/0","0/0","0/0","0/0","0/0","0/0","0/0","0/0","0/0","0/0","0/0","0/0","0/0","0/0","0/0","0/0","0/0","0/0","0/0","0/0","0/0","0/0","0/0","0/0","0/0","0/0","0/0","0/0","0/0","0/0","0/0","0/0","0/0","0/0","0/0","0/0","0/0","0/0","0/0","0/0","0/0","0/0","0/0","0/0","0/0","0/0","0/0","0/0","0/0","0/0","0/0","0/0","0/0","0/0","0/0","0/0","0/0","0/0","0/0","0/0","0/0","0/0","0/0","0/0","0/0","0/0","0/0","0/0","0/0","0/0","0/0","0/0","0/0","0/0","0/0","0/0","0/0","0/0","0/0"
"chr5:137622189_C/CGG_CDC25C","0/0","0/0","0/0","0/0","0/0","0/0","0/0","0/0","0/0","0/0","0/0","0/0","0/0","0/0","0/0","0/0","0/0","0/0","0/0","0/0","0/0","0/0","0/0","0/0","0/0","0/0","0/0","0/0","0/0","0/0","0/0","0/0","0/0","0/0","0/0","0/0","0/0","0/0","0/0","0/0","0/0","0/0","0/0","0/0","0/0","0/0","0/0","0/0","0/0","0/0","0/0","0/0","0/0","0/0","0/0","0/0","0/0","0/1","0/0","0/0","0/0","0/0","0/0","0/0","0/0","0/0","0/0","0/0","0/0","0/0","0/0","0/0","0/0","0/0","0/0","0/0","0/0","0/0","0/0","0/0","0/0","0/0","0/0","0/0","0/0","0/0","0/0","0/0","0/0","0/0","0/0","0/0","0/0","0/0","0/0","0/0","0/0","0/0","0/0","0/0","0/0","0/0","0/0","0/0","0/0","0/0","0/0","0/0","0/0","0/0","0/0","0/0","0/0","0/0","0/0","0/0","0/0","0/0","0/0","0/0","0/0","0/0","0/0","0/0","0/0","0/0","0/0","0/0","0/0","0/0","0/0","0/0","0/0","0/0","0/0","0/0","0/0","0/0","0/0","0/0","0/0","0/0","0/0","0/0","0/0","0/0","0/0","0/0","0/0","0/0","0/0","0/0","0/0"
"chr5:138456762_ACCTCCAGGAC/A_SIL1","0/0","0/0","0/0","0/0","0/0","0/0","0/0","0/0","0/0","0/0","0/0","0/0","0/0","0/0","0/0","0/0","0/0","0/0","0/0","0/0","0/0","0/0","0/0","0/0","0/0","0/0","0/0","0/0","0/0","0/0","0/0","0/0","0/0","0/0","0/0","0/0","0/0","0/0","0/0","0/0","0/0","0/0","0/0","0/0","0/0","0/0","0/0","0/0","0/0","0/0","0/0","0/0","0/0","0/0","0/0","0/0","0/0","0/0","0/0","0/0","0/0","0/0","0/0","0/0","0/0","0/0","0/0","0/0","0/0","0/0","0/0","0/0","0/0","0/0","0/0","0/0","0/0","0/0","0/0","0/0","0/0","0/0","0/0","0/0","0/0","0/0","0/0","0/0","0/0","0/0","0/0","0/0","0/0","0/0","0/0","0/0","0/0","0/0","0/0","0/0","0/0","0/0","0/0","0/0","0/0","0/1","0/0","0/0","0/0","0/0","0/0","0/0","0/0","0/0","0/0","0/0","0/0","0/0","0/0","0/0","0/0","0/0","0/0","0/0","0/0","0/0","0/0","0/0","0/0","0/0","0/0","0/0","0/0","0/0","0/0","0/0","0/0","0/0","0/0","0/0","0/0","0/0","0/0","0/0","0/0","0/0","0/0","0/0","0/0","0/0","0/0","0/0","0/0"
"chr5:138725509_CCAG/C_MZB1","0/0","0/0","0/0","0/0","0/0","0/0","0/0","0/0","0/0","0/0","0/0","0/0","0/0","0/0","0/0","0/0","0/0","0/0","0/0","0/0","0/0","0/0","0/0","0/0","0/0","0/0","0/0","0/0","0/0","0/0","0/0","0/0","0/0","0/0","0/0","0/0","0/0","0/0","0/0","0/0","0/0","0/0","0/0","0/0","0/0","0/0","0/0","0/0","0/0","0/0","0/0","0/0","0/0","0/0","0/0","0/0","0/0","0/0","0/0","0/0","0/0","0/0","0/0","0/0","0/0","0/0","0/0","0/0","0/0","0/0","0/0","0/0","0/0","0/0","0/0","0/0","0/0","0/0","0/0","0/0","0/0","0/0","0/0","0/0","0/0","0/0","0/0","0/0","0/0","0/0","0/0","0/0","0/0","0/0","0/0","0/0","0/0","0/0","0/0","0/0","0/0","0/0","0/0","0/1","0/0","0/0","0/0","0/0","0/0","0/0","0/0","0/0","0/0","0/0","0/0","0/0","0/0","0/0","0/0","0/0","0/0","0/0","0/0","0/0","0/0","0/0","0/0","0/0","0/0","0/0","0/0","0/0","0/0","0/0","0/0","0/0","0/0","0/0","0/0","0/0","0/1","0/0","0/0","0/0","0/0","0/0","0/0","0/0","0/0","0/0","0/0","0/0","0/0"
"chr5:139228054_GCCGGGCCCGGGC/G_NRG2","0/0","0/0","0/0","0/0","0/0","0/0","0/0","0/0","0/0","0/0","0/0","0/0","0/0","0/0","0/0","0/0","0/0","0/0","0/0","0/0","0/0","0/0","0/0","0/0","0/0","0/0","0/0","0/0","0/0","0/0","0/0","0/0","0/0","0/0","0/0","0/0","0/0","0/0","0/0","0/0","0/0","0/0","0/0","0/0","0/0","0/0","0/0","0/0","0/0","0/0","0/0","0/1","0/0","0/0","0/0","0/0","0/0","0/0","0/0","0/0","0/0","0/0","0/0","0/0","0/0","0/0","0/0","0/0","0/0","0/0","0/0","0/0","0/0","0/0","0/0","0/0","0/0","0/0","0/0","0/0","0/0","0/0","0/0","0/0","0/0","0/0","0/0","0/0","0/0","0/0","0/0","0/0","0/0","0/0","0/0","0/0","0/0","0/0","0/0","0/0","0/0","0/0","0/0","0/0","0/0","0/0","0/0","0/0","0/0","0/0","0/0","0/0","0/0","0/0","0/0","0/0","0/0","0/0","0/0","0/0","0/0","0/0","0/0","0/0","0/0","0/0","0/0","0/0","0/0","0/0","0/0","0/1","0/0","0/0","0/0","0/0","0/0","0/0","0/0","0/0","0/0","0/1","0/1","0/0","0/0","0/0","0/0","0/0","0/0","0/0","0/0","0/0","0/0"
"chr5:139228072_CCCGGGT/C_NRG2","0/0","0/0","0/0","0/0","0/0","0/0","0/0","0/0","0/0","0/0","0/0","0/0","0/0","0/0","0/0","0/1","0/0","0/0","0/0","0/0","0/0","0/0","0/0","0/0","0/1","0/0","0/0","0/0","0/0","0/1","0/0","0/1","0/0","0/0","0/0","0/0","0/0","0/0","0/0","0/0","0/0","0/0","0/0","0/0","0/0","0/1","0/0","0/0","0/0","0/0","0/0","0/0","0/0","0/0","0/0","0/0","0/0","0/1","0/0","0/0","0/0","0/1","0/0","0/0","0/0","0/0","0/0","0/0","0/0","0/0","0/0","0/0","0/0","0/0","0/0","0/0","0/0","0/0","0/0","0/0","0/0","0/0","0/0","0/1","0/1","0/0","0/0","0/0","0/0","0/0","0/0","0/0","0/0","0/0","0/0","0/0","0/0","0/0","0/0","0/0","0/1","0/0","0/1","0/0","0/0","0/1","0/1","0/0","0/0","0/0","0/0","0/0","0/0","0/0","0/0","0/0","0/0","0/1","0/1","0/1","0/1","0/1","0/0","0/1","0/0","0/0","0/0","0/0","0/0","0/0","0/0","0/0","0/0","0/0","0/0","0/0","0/0","0/0","0/0","0/0","0/0","0/0","0/0","0/0","0/0","0/0","0/0","0/0","0/0","0/0","0/0","0/0","0/0"
"chr5:139422564_CGCT/C_NRG2","0/0","0/0","0/0","0/0","0/0","0/0","0/0","0/0","0/0","0/0","0/0","0/0","0/0","0/0","0/0","0/0","0/0","0/0","0/0","0/0","0/0","0/0","0/0","0/0","0/0","0/0","0/0","0/0","0/0","0/0","0/0","0/0","0/0","0/0","0/0","0/0","0/0","0/0","0/0","0/0","0/0","0/0","0/0","0/0","0/0","0/0","0/0","0/0","0/0","0/0","0/0","0/0","0/0","0/0","0/0","0/0","0/0","0/0","0/0","0/0","0/0","0/0","0/0","0/0","0/0","0/0","0/0","0/0","0/0","0/0","0/0","0/0","0/0","0/0","0/0","0/0","0/0","0/0","0/0","0/0","0/0","0/1","0/0","0/0","0/0","0/0","0/0","0/0","0/0","0/0","0/0","0/0","0/0","0/0","0/0","0/0","0/0","0/0","0/0","0/0","0/0","0/0","0/0","0/0","0/0","0/0","0/0","0/0","0/0","0/0","0/0","0/0","0/0","0/0","0/0","0/0","0/0","0/0","0/0","0/0","0/0","0/0","0/0","0/0","0/0","0/0","0/0","0/0","0/0","0/0","0/0","0/0","0/0","0/0","0/0","0/0","0/0","0/0","0/0","0/0","0/0","0/0","0/0","0/0","0/0","0/0","0/0","0/0","0/0","0/0","0/0","0/0","0/0"
"chr5:139908317_C/CTACT_ANKHD1_ANKHD1-EIF4EBP3","0/0","0/0","0/0","0/0","0/0","0/0","0/0","0/0","0/0","0/0","0/0","0/0","0/0","0/1","0/0","0/0","0/0","0/0","0/0","0/0","0/0","0/0","0/0","0/0","0/0","0/0","0/0","0/0","0/0","0/0","0/0","0/0","0/0","0/0","0/0","0/0","0/0","0/0","0/0","0/0","0/0","0/0","0/0","0/0","0/0","0/0","0/0","0/0","0/0","0/0","0/0","0/0","0/0","0/0","0/0","0/0","0/0","0/0","0/0","0/0","0/0","0/0","0/0","0/0","0/0","0/0","0/0","0/0","0/0","0/0","0/0","0/0","0/0","0/0","0/0","0/0","0/0","0/0","0/0","0/0","0/0","0/0","0/0","0/0","0/0","0/0","0/0","0/0","0/0","0/0","0/0","0/0","0/0","0/0","0/0","0/0","0/0","0/0","0/0","0/0","0/0","0/0","0/0","0/0","0/0","0/0","0/0","0/0","0/0","0/0","0/0","0/0","0/0","0/0","0/0","0/0","0/0","0/0","0/0","0/0","0/0","0/0","0/0","0/0","0/0","0/0","0/0","0/0","0/0","0/0","0/0","0/0","0/0","0/0","0/0","0/0","0/0","0/0","0/0","0/0","0/0","0/0","0/0","0/0","0/0","0/0","0/0","0/0","0/0","0/0","0/0","0/0","0/0"
"chr5:139931628_A/AGT_SRA1","0/1","0/1","0/1","0/1","0/0","0/0","1/1","1/1","1/1","0/1","1/1","0/0","0/1","0/0","1/1","0/1","1/1","1/1","0/1","0/0","0/1","1/1","0/1","0/1","0/0","0/1","0/1","0/1","0/1","1/1","1/1","0/1","0/0","1/1","0/0","0/1","0/0","0/1","1/1","0/0","0/0","1/1","0/1","1/1","0/1","0/1","1/1","0/1","0/1","1/1","0/1","1/1","0/1","1/1","0/1","0/0","0/1","0/1","1/1","0/1","0/1","1/1","0/1","1/1","1/1","0/1","0/0","1/1","1/1","0/0","0/1","0/1","0/1","1/1","1/1","0/1","0/1","0/0","0/0","0/0","0/0","1/1","0/1","0/1","0/1","0/0","0/0","0/1","1/1","1/1","0/0","0/0","0/0","1/1","1/1","0/0","0/1","0/0","0/1","0/1","0/1","1/1","0/1","0/1","0/1","1/1","1/1","0/1","0/1","1/1","0/1","0/1","0/1","0/1","0/1","0/1","0/1","1/1","0/1","1/1","0/1","0/1","0/1","1/1","0/1","0/1","0/1","0/1","0/0","0/0","0/0","0/1","0/1","0/1","0/1","0/1","0/1","0/1","0/1","0/1","0/1","0/1","0/1","0/1","0/1","0/1","0/1","0/1","0/1","0/0","0/0","0/0","0/0"
"chr5:139931629_C/CG_SRA1","0/1","0/1","0/1","0/1","0/0","0/0","1/1","1/1","1/1","0/1","1/1","0/0","0/1","0/0","1/1","0/1","1/1","1/1","0/1","0/0","0/1","1/1","0/1","0/1","0/0","0/1","0/1","0/1","0/1","1/1","1/1","0/1","0/0","1/1","0/0","0/1","0/0","0/1","1/1","0/0","0/0","1/1","0/1","1/1","0/1","0/1","1/1","0/1","0/1","1/1","0/1","1/1","0/1","1/1","0/1","0/0","0/1","0/1","1/1","0/1","0/1","1/1","0/1","1/1","1/1","0/1","0/0","1/1","1/1","0/0","0/1","0/1","0/1","1/1","1/1","0/1","0/1","0/0","0/0","0/0","0/0","1/1","0/1","0/1","0/1","0/0","0/0","0/1","1/1","1/1","0/0","0/0","0/0","1/1","1/1","0/0","0/1","0/0","0/1","0/1","0/1","1/1","0/1","0/1","0/1","1/1","1/1","0/1","0/1","1/1","0/1","0/1","0/1","0/1","0/1","0/1","0/1","1/1","0/1","1/1","0/1","0/1","0/1","1/1","0/1","0/1","0/1","0/1","0/0","0/0","0/0","0/1","0/1","0/1","0/1","0/1","0/1","0/1","0/1","0/1","0/1","0/1","0/1","0/1","0/1","0/1","0/1","0/1","0/1","0/0","0/0","0/0","0/0"
"chr5:140251084_GT/G_PCDHA11","0/0","0/0","0/0","0/0","0/0","0/0","0/0","0/0","0/0","0/0","0/0","0/0","0/0","0/0","0/0","0/0","0/0","0/0","0/0","0/0","0/0","0/0","0/0","0/0","0/0","0/0","0/0","0/0","0/0","0/0","0/0","0/0","0/0","0/0","0/0","0/0","0/0","0/0","0/0","0/0","0/0","0/0","0/0","0/0","0/0","0/0","0/0","0/0","0/0","0/0","0/0","0/0","0/0","0/0","0/0","0/0","0/0","0/0","0/0","0/0","0/0","0/0","0/0","0/0","0/0","0/0","0/0","0/0","0/0","0/0","0/0","0/0","0/0","0/0","0/0","0/0","0/0","0/0","0/0","0/0","0/0","0/0","0/0","0/0","0/0","0/0","0/0","0/0","0/0","0/0","0/0","0/0","0/0","0/0","0/0","0/0","0/0","0/0","0/1","0/1","0/0","0/0","0/0","0/0","0/0","0/0","0/0","0/0","0/0","0/0","0/0","0/0","0/0","0/0","0/0","0/0","0/0","0/0","0/0","0/0","0/0","0/0","0/0","0/0","0/0","0/0","0/0","0/0","0/0","0/0","0/0","0/0","0/0","0/0","0/0","0/0","0/0","0/0","0/0","0/0","0/0","0/0","0/0","0/0","0/0","0/0","0/0","0/0","0/0","0/0","0/0","0/0","0/0"
"chr5:140568034_C/CA_PCDHB9","1/1","1/1","1/1","1/1","1/1","1/1","1/1","1/1","1/1","1/1","1/1","1/1","1/1","1/1","1/1","1/1","1/1","1/1","1/1","1/1","1/1","1/1","1/1","1/1","1/1","1/1","1/1","1/1","1/1","1/1","1/1","1/1","1/1","1/1","1/1","1/1","1/1","1/1","1/1","1/1","1/1","1/1","1/1","1/1","1/1","1/1","1/1","1/1","1/1","1/1","1/1","1/1","1/1","1/1","1/1","1/1","1/1","1/1","1/1","1/1","1/1","1/1","1/1","1/1","1/1","1/1","1/1","1/1","1/1","1/1","1/1","1/1","1/1","1/1","1/1","1/1","1/1","1/1","1/1","1/1","1/1","1/1","1/1","1/1","1/1","1/1","1/1","1/1","1/1","1/1","1/1","1/1","1/1","1/1","1/1","1/1","1/1","1/1","1/1","1/1","1/1","1/1","1/1","1/1","1/1","1/1","1/1","1/1","1/1","1/1","1/1","1/1","1/1","1/1","1/1","1/1","1/1","1/1","1/1","1/1","1/1","1/1","1/1","1/1","1/1","1/1","1/1","1/1","1/1","1/1","1/1","1/1","1/1","1/1","1/1","1/1","1/1","1/1","1/1","1/1","1/1","1/1","1/1","1/1","1/1","1/1","1/1","1/1","1/1","1/1","1/1","1/1","1/1"
"chr5:140625330_CG/C_PCDHB15","0/0","0/0","0/0","0/0","0/0","0/0","0/0","0/0","0/0","0/0","0/0","0/0","0/0","0/0","0/0","0/0","0/0","0/0","0/0","0/0","0/0","0/0","0/0","0/0","0/0","0/0","0/0","0/0","0/0","0/0","0/0","0/0","0/0","0/0","0/0","0/0","0/1","0/0","0/0","0/0","0/0","0/0","0/0","0/0","0/0","0/0","0/0","0/0","0/0","0/0","0/0","0/0","0/0","0/0","0/0","0/0","0/0","0/0","0/0","0/0","0/0","0/0","0/0","0/0","0/0","0/0","0/0","0/0","0/0","0/0","0/0","0/0","0/0","0/0","0/0","0/0","0/0","0/0","0/0","0/0","0/0","0/0","0/0","0/0","0/0","0/0","0/0","0/0","0/0","0/0","0/0","0/0","0/0","0/0","0/0","0/0","0/0","0/0","0/0","0/0","0/0","0/0","0/0","0/0","0/0","0/0","0/0","0/0","0/0","0/0","0/0","0/0","0/0","0/0","0/0","0/0","0/0","0/0","0/0","0/0","0/0","0/0","0/0","0/0","0/0","0/0","0/0","0/0","0/0","0/0","0/0","0/0","0/0","0/0","0/0","0/0","0/0","0/0","0/0","0/0","0/0","0/0","0/0","0/0","0/0","0/0","0/0","0/0","0/0","0/0","0/0","0/0","0/0"
"chr5:140683387_CCG/C_SLC25A2","0/0","0/0","0/0","0/0","0/0","0/0","0/0","0/0","0/0","0/0","0/0","0/0","0/0","0/0","0/0","0/0","0/0","0/0","0/0","0/0","0/0","0/0","0/0","0/0","0/0","0/0","0/0","0/0","0/0","0/0","0/0","0/0","0/0","0/0","0/0","0/0","0/0","0/0","0/0","0/0","0/0","0/0","0/0","0/0","0/0","0/0","0/0","0/0","0/0","0/0","0/0","0/0","0/0","0/0","0/0","0/0","0/0","0/0","0/0","0/0","0/0","0/0","0/0","0/0","0/0","0/0","0/0","0/1","0/1","0/0","0/0","0/0","0/0","0/0","0/0","0/0","0/0","0/0","0/0","0/0","0/0","0/0","0/0","0/0","0/0","0/0","0/0","0/0","0/0","0/0","0/0","0/0","0/0","0/0","0/0","0/0","0/0","0/0","0/0","0/0","0/0","0/0","0/0","0/0","0/0","0/0","0/0","0/0","0/0","0/0","0/0","0/0","0/0","0/0","0/0","0/0","0/0","0/0","0/0","0/0","0/0","0/0","0/0","0/0","0/0","0/0","0/0","0/0","0/0","0/0","0/0","0/0","0/0","0/0","0/0","0/0","0/0","0/0","0/0","0/0","0/0","0/0","0/0","0/0","0/0","0/0","0/0","0/0","0/0","0/0","0/0","0/0","0/0"
"chr5:140755048_CA/C_PCDHGA6","0/0","0/0","0/0","0/0","0/0","0/0","0/0","0/0","0/0","0/0","0/0","0/0","0/0","0/0","0/0","0/0","0/0","0/0","0/0","0/0","0/0","0/0","0/0","0/0","0/0","0/0","0/0","0/0","0/0","0/0","0/1","0/0","0/0","0/0","0/0","0/0","0/0","0/0","0/0","0/0","0/0","0/0","0/0","0/0","0/0","0/0","0/0","0/0","0/0","0/0","0/0","0/0","0/0","0/0","0/0","0/0","0/0","0/0","0/0","0/0","0/0","0/0","0/0","0/0","0/0","0/0","0/0","0/0","0/0","0/0","0/0","0/1","0/1","0/0","0/0","0/0","0/0","0/0","0/0","0/0","0/0","0/0","0/0","0/0","0/0","0/0","0/0","0/0","0/0","0/0","0/0","0/0","0/0","0/0","0/0","0/0","0/0","0/0","0/1","0/1","0/0","0/0","0/0","0/0","0/0","0/0","0/0","0/0","0/0","0/0","0/0","0/0","0/0","0/0","0/0","0/0","0/0","0/0","0/0","0/0","0/0","0/0","0/0","0/0","0/0","0/0","0/0","0/0","0/1","0/1","0/1","0/0","0/0","0/0","0/0","0/0","0/0","0/0","0/0","0/0","0/0","0/0","0/0","0/0","0/0","0/0","0/0","0/0","0/0","0/0","0/0","0/0","0/0"
"chr5:140772898_GC/G_PCDHGA8","0/0","0/0","0/0","0/0","0/0","0/0","0/0","0/0","0/0","0/0","0/0","0/1","0/0","0/0","0/0","0/0","0/0","0/0","0/0","0/0","0/1","0/0","0/0","0/0","0/0","0/0","0/0","0/1","0/0","0/0","0/0","0/0","0/1","0/0","0/0","0/0","0/1","0/0","0/0","0/0","0/0","0/0","0/0","0/0","0/0","0/1","0/0","0/0","0/0","0/0","0/0","0/0","0/0","0/0","0/1","0/1","0/0","0/0","0/0","0/0","0/0","0/0","0/0","0/0","0/0","0/0","0/0","0/0","0/0","0/0","0/0","0/0","0/0","0/1","0/1","0/0","0/0","0/1","0/1","0/0","0/0","1/1","0/0","0/0","0/0","0/1","0/1","0/0","0/0","0/0","0/0","0/1","0/1","0/0","0/0","0/0","0/0","0/0","0/0","0/0","0/1","0/0","0/1","0/0","0/0","0/0","0/0","0/0","0/0","0/0","0/0","0/1","0/1","0/0","0/0","0/0","0/0","0/0","0/0","0/0","0/0","0/0","0/0","0/0","0/0","0/0","0/0","0/0","0/0","0/0","0/0","0/0","0/1","0/0","0/1","0/1","0/0","0/0","0/0","0/0","0/0","0/0","0/0","0/0","0/0","0/0","0/0","0/0","0/0","0/0","0/0","0/0","0/0"
"chr5:140795208_TA/T_PCDHGA10","0/0","0/0","0/2","0/0","0/0","0/0","0/0","0/0","0/1","0/1","0/0","0/1","0/0","0/0","0/0","0/0","0/0","0/0","0/0","0/2","0/0","0/2","0/0","0/0","0/2","0/2","0/0","0/0","0/0","0/0","0/0","0/1","0/1","0/1","0/0","0/0","0/1","0/0","0/0","0/2","0/0","0/0","0/0","0/0","0/2","0/0","0/0","0/0","0/0","0/2","0/0","0/0","0/0","0/2","0/0","0/0","0/0","0/0","0/0","0/0","0/1","0/0","0/0","0/0","0/0","0/0","0/0","0/2","0/1","0/0","0/0","0/0","0/0","0/0","0/0","0/0","0/0","0/0","0/0","0/0","0/0","0/0","0/0","0/0","0/0","0/0","0/0","0/0","0/0","0/0","0/1","0/0","0/0","0/0","0/0","0/0","0/0","0/0","0/0","0/2","0/0","0/0","0/0","0/0","0/0","0/0","0/1","0/0","0/0","0/1","0/2","0/2","0/0","0/0","0/0","0/0","0/0","0/0","0/0","0/0","0/0","0/0","0/0","0/0","0/0","0/0","0/2","0/0","0/0","0/0","0/0","0/0","0/0","0/0","0/0","0/1","0/0","0/0","0/0","0/0","0/0","0/0","0/0","0/2","0/2","0/2","0/0","0/0","0/0","0/0","0/0","0/0","0/0"
"chr5:140800829_GGCT/G_PCDHGA11","0/0","0/0","0/0","0/0","0/0","0/0","0/0","0/0","0/0","0/0","0/0","0/0","0/0","0/0","0/0","0/0","0/0","0/0","0/0","0/0","0/0","0/0","0/0","0/0","0/0","0/0","0/0","0/0","0/0","0/0","0/0","0/0","0/0","0/0","0/0","0/0","0/0","0/0","0/0","0/1","0/0","0/0","0/0","0/0","0/0","0/0","0/0","0/0","0/0","0/0","0/0","0/0","0/0","0/0","0/0","0/0","0/0","0/0","0/0","0/0","0/0","0/0","0/0","0/0","0/0","0/0","0/0","0/0","0/0","0/0","0/0","0/0","0/0","0/0","0/0","0/0","0/0","0/0","0/0","0/0","0/0","0/0","0/0","0/0","0/0","0/0","0/0","0/0","0/0","0/0","0/0","0/0","0/0","0/0","0/0","0/0","0/0","0/0","0/0","0/0","0/0","0/0","0/0","0/0","0/0","0/0","0/0","0/0","0/0","0/0","0/0","0/0","0/0","0/0","0/0","0/0","0/0","0/0","0/0","0/0","0/0","0/0","0/0","0/0","0/0","0/0","0/0","0/0","0/0","0/0","0/0","0/0","0/0","0/0","0/0","0/0","0/0","0/0","0/0","0/0","0/0","0/0","0/0","0/0","0/0","0/0","0/0","0/0","0/0","0/0","0/0","0/0","0/0"
"chr5:140801903_TA/T_PCDHGA11","0/0","0/0","0/0","0/0","0/0","0/0","0/0","0/0","0/0","0/0","0/0","0/0","0/0","0/0","0/0","0/0","0/0","0/0","0/0","0/0","0/0","0/0","0/0","0/0","0/0","0/0","0/0","0/0","0/0","0/0","0/0","0/0","0/0","0/0","0/0","0/0","0/0","0/0","0/0","0/0","0/0","0/0","0/0","0/0","0/0","0/0","0/0","0/0","0/0","0/0","0/0","0/0","0/0","0/0","0/0","0/0","0/0","0/0","0/0","0/0","0/0","0/0","0/0","0/0","0/0","0/0","0/0","0/0","0/0","0/0","0/0","0/0","0/0","0/0","0/0","0/1","0/1","0/0","0/0","0/0","0/0","0/0","0/0","0/0","0/0","0/0","0/0","0/0","0/0","0/0","0/0","0/0","0/0","0/0","0/0","0/0","0/0","0/0","0/0","0/0","0/0","0/0","0/0","0/0","0/0","0/0","0/0","0/0","0/0","0/0","0/0","0/0","0/0","0/0","0/0","0/0","0/0","0/0","0/0","0/0","0/0","0/0","0/0","0/0","0/0","0/0","0/0","0/0","0/0","0/0","0/0","0/0","0/0","0/0","0/0","0/0","0/0","0/0","0/0","0/0","0/0","0/0","0/0","0/0","0/0","0/0","0/0","0/0","0/0","0/0","0/0","0/0","0/0"
"chr5:140812775_CT/CTT_PCDHGA12","0/1","0/0","0/2","0/0","0/0","0/0","0/0","0/0","0/0","0/2","0/0","0/0","0/2","0/0","0/0","0/0","0/0","0/0","0/2","0/0","0/2","0/0","0/0","0/2","0/1","0/2","0/0","0/1","0/2","0/2","0/0","0/0","0/0","0/0","0/0","0/0","0/2","0/0","0/2","0/0","0/0","0/0","0/0","0/0","0/0","0/0","0/0","0/0","0/0","0/0","0/0","0/0","0/0","0/0","0/0","0/0","0/0","0/2","0/0","0/0","0/0","0/0","0/0","0/0","0/0","0/0","0/0","0/2","0/2","0/2","0/0","0/0","0/2","0/0","0/2","0/0","0/0","0/0","0/2","0/0","0/0","0/0","0/0","0/0","0/0","0/0","0/0","0/2","0/2","0/0","0/0","0/0","0/0","0/0","0/0","0/0","0/0","0/0","0/2","0/0","0/2","0/0","0/0","0/2","0/1","0/0","0/0","0/0","0/0","0/0","0/0","0/0","0/2","0/0","0/0","0/2","0/0","0/0","0/0","0/0","0/0","0/2","0/0","0/0","0/0","0/0","0/0","0/0","0/0","0/0","0/2","0/0","0/0","0/0","0/1","0/0","0/0","0/0","0/0","0/0","0/0","0/0","0/0","0/0","0/0","0/0","0/0","0/0","0/0","0/0","0/0","0/0","0/0"
"chr5:140870706_C/CT_PCDHGC5","0/0","0/0","0/0","0/0","0/0","0/0","0/0","0/0","0/0","0/0","0/0","0/0","0/0","0/0","0/0","0/0","0/0","0/0","0/0","0/0","0/0","0/0","0/0","0/0","0/0","0/0","0/0","0/0","0/0","0/0","0/0","0/0","0/0","0/0","0/0","0/0","0/0","0/0","0/0","0/0","0/0","0/0","0/0","0/0","0/0","0/0","0/0","0/0","0/0","0/0","0/0","0/0","0/0","0/0","0/0","0/0","0/0","0/0","0/0","0/0","0/0","0/0","0/0","0/0","0/0","0/0","0/0","0/0","0/0","0/0","0/0","0/0","0/0","0/0","0/0","0/0","0/0","0/0","0/0","0/0","0/0","0/0","0/0","0/0","0/0","0/0","0/0","0/0","0/0","0/0","0/0","0/0","0/0","0/0","0/0","0/0","0/0","0/0","0/0","0/0","0/0","0/0","0/0","0/0","0/0","0/0","0/0","0/0","0/0","0/0","0/0","0/0","0/0","0/0","0/0","0/0","0/0","0/0","0/0","0/0","0/0","0/0","0/0","0/0","0/0","0/0","0/0","0/0","0/0","0/0","0/0","0/0","0/0","0/0","0/0","0/0","0/0","0/0","0/0","0/0","0/0","0/0","0/0","0/1","0/1","0/1","0/0","0/0","0/0","0/0","0/0","0/0","0/0"
"chr5:140953563_TGGAGGA/TGGA_DIAPH1","0/0","0/0","0/0","0/0","0/0","0/0","0/0","0/0","0/0","0/0","0/0","0/0","0/0","0/0","0/0","0/0","0/0","0/0","0/2","0/0","0/0","0/0","0/0","0/0","2/3","0/3","0/0","0/0","0/3","0/0","0/3","0/0","0/0","0/3","0/0","0/4","0/0","0/0","0/2","0/2","0/0","0/0","0/0","0/0","0/0","0/0","0/0","0/2","0/0","0/0","0/0","0/0","0/0","0/0","0/0","0/0","0/0","0/0","0/0","0/0","0/0","0/0","0/0","0/3","0/3","0/0","0/0","0/0","0/0","0/0","0/0","0/4","0/4","0/0","0/1","0/0","0/0","0/0","0/0","0/2","0/2","0/0","0/0","0/0","0/0","0/0","0/0","0/0","0/0","0/0","0/0","0/0","0/0","0/0","0/0","0/0","0/0","0/0","0/0","0/0","0/2","0/0","0/2","0/0","0/0","0/0","0/0","0/0","0/0","0/0","0/0","0/0","0/0","0/0","0/0","0/0","0/0","0/0","0/0","0/0","0/0","0/0","0/0","0/0","0/0","0/0","0/0","0/0","0/0","0/0","0/0","0/0","0/1","3/3","0/0","0/0","3/3","3/3","0/0","0/0","0/0","0/0","0/0","0/3","0/3","0/3","0/0","0/0","0/0","0/0","0/0","0/0","0/0"
"chr5:141019856_TCAC/T_RELL2","0/0","0/0","0/0","0/0","0/0","0/0","0/0","0/0","0/0","0/0","0/0","0/0","0/0","0/0","0/0","0/0","0/0","0/0","0/0","0/0","0/0","0/0","0/0","0/0","0/0","0/0","0/0","0/0","0/0","0/0","0/0","0/0","0/0","0/0","0/0","0/0","0/0","0/0","0/0","0/0","0/0","0/0","0/0","0/0","0/0","0/0","0/0","0/0","0/0","0/0","0/0","0/0","0/0","0/0","0/0","0/0","0/0","0/0","0/0","0/0","0/0","0/0","0/1","0/0","0/0","0/0","0/0","0/0","0/0","0/0","0/0","0/0","0/0","0/0","0/0","0/0","0/0","0/0","0/0","0/0","0/0","0/0","0/0","0/0","0/0","0/0","0/0","0/0","0/0","0/0","0/0","0/0","0/0","0/0","0/0","0/0","0/0","0/0","0/0","0/0","0/0","0/0","0/0","0/0","0/0","0/0","0/0","0/0","0/0","0/0","0/0","0/0","0/0","0/0","0/0","0/0","0/0","0/0","0/0","0/0","0/0","0/0","0/0","0/0","0/0","0/0","0/0","0/0","0/0","0/0","0/0","0/0","0/0","0/0","0/0","0/0","0/0","0/0","0/0","0/0","0/0","0/0","0/0","0/0","0/0","0/0","0/0","0/0","0/0","0/0","0/0","0/0","0/0"
"chr5:141324955_C/CCTGCTG_PCDH12","2/2","1/2","1/2","2/2","0/0","0/0","2/2","2/2","2/2","0/2","1/2","0/0","0/2","2/2","0/2","2/2","2/2","0/2","0/2","2/2","0/2","2/2","2/2","0/2","0/2","0/2","2/2","0/2","2/2","0/2","0/2","2/2","2/2","0/2","2/2","2/2","2/2","2/2","2/2","2/2","2/2","0/2","2/2","2/2","2/2","0/2","0/2","2/2","2/2","2/2","2/2","2/2","2/2","2/2","2/2","2/2","2/2","2/2","2/2","0/2","2/2","2/2","2/2","2/2","2/2","2/2","2/2","2/2","2/2","2/2","2/2","1/2","2/2","2/2","2/2","0/2","0/2","0/2","0/2","0/2","0/2","0/2","2/2","2/2","2/2","0/2","0/2","2/2","2/2","2/2","1/2","0/2","0/2","2/2","2/2","2/2","2/2","2/2","2/2","2/2","2/2","0/2","2/2","2/2","2/2","2/2","2/2","0/3","0/3","0/2","1/2","2/2","2/2","2/2","2/2","0/2","0/2","2/2","0/2","2/2","0/2","0/2","0/2","2/2","2/2","2/2","2/2","1/2","2/2","2/2","2/2","2/2","2/2","2/2","1/2","2/2","2/2","1/2","0/2","0/2","0/2","2/2","2/2","2/2","2/2","2/2","2/2","2/2","2/2","1/2","2/2","2/2","2/2"
"chr5:143853530_CA/C_KCTD16","0/0","0/0","0/0","0/0","0/0","0/0","0/0","0/0","0/0","0/1","0/0","0/0","0/0","0/0","0/0","0/0","0/0","0/0","0/0","0/0","0/0","0/0","0/0","0/0","0/0","0/0","0/0","0/0","0/0","0/0","0/0","0/0","0/0","0/0","0/0","0/0","0/0","0/0","0/0","0/0","0/0","0/0","0/0","0/0","0/0","0/0","0/0","0/0","0/0","0/0","0/0","0/0","0/0","0/0","0/0","0/0","0/0","0/0","0/0","0/0","0/0","0/0","0/0","0/0","0/0","0/0","0/0","0/0","0/0","0/0","0/0","0/0","0/0","0/0","0/0","0/0","0/0","0/0","0/0","0/0","0/0","0/0","0/0","0/0","0/0","0/0","0/0","0/0","0/0","0/0","0/0","0/0","0/0","0/0","0/0","0/0","0/0","0/0","0/0","0/0","0/0","0/0","0/0","0/0","0/0","0/0","0/0","0/0","0/0","0/0","0/0","0/0","0/0","0/0","0/0","0/0","0/0","0/0","0/0","0/0","0/0","0/0","0/0","0/0","0/0","0/0","0/0","0/0","0/0","0/0","0/0","0/0","0/0","0/0","0/0","0/0","0/0","0/0","0/0","0/0","0/0","0/0","0/0","0/0","0/0","0/0","0/0","0/0","0/1","0/0","0/0","0/0","0/0"
"chr5:145647209_TAGATA/T_RBM27","0/0","0/0","0/0","0/0","0/0","0/0","0/0","0/0","0/0","0/0","0/0","0/0","0/0","0/1","0/0","0/0","0/0","0/0","0/0","0/0","0/0","0/0","0/0","0/0","0/0","0/0","0/0","0/0","0/0","0/0","0/0","0/0","0/0","0/0","0/0","0/0","0/0","0/0","0/0","0/0","0/0","0/0","0/0","0/0","0/0","0/0","0/0","0/0","0/0","0/0","0/0","0/0","0/0","0/0","0/0","0/0","0/0","0/0","0/0","0/0","0/0","0/0","0/0","0/0","0/0","0/0","0/0","0/0","0/0","0/0","0/0","0/0","0/0","0/1","0/0","0/0","0/0","0/0","0/0","0/0","0/0","0/0","0/1","0/0","0/1","0/0","0/0","0/0","0/0","0/0","0/0","0/0","0/0","0/0","0/0","0/0","0/0","0/0","0/0","0/0","0/1","0/0","0/0","0/0","0/0","0/0","0/0","0/0","0/0","0/0","0/1","0/0","0/0","0/0","0/0","0/0","0/0","0/0","0/0","0/0","0/0","0/0","0/0","0/0","0/0","0/0","0/0","0/0","0/0","0/0","0/0","0/1","0/0","0/0","0/0","0/0","0/0","0/0","0/0","0/0","0/1","0/1","0/0","0/0","0/0","0/0","0/0","0/0","0/0","0/0","0/0","0/0","0/0"
"chr5:146258290_A/AGCTGCTGCTGCTGCTGCTGCTGCT_PPP2R2B","0/1","0/1","0/2","0/0","0/3","2/3","0/4","0/4","0/0","0/2","0/2","1/3","3/3","0/0","2/3","2/3","4/5","3/5","1/2","2/2","3/3","3/4","0/0","3/6","6/6","0/0","4/6","3/3","1/1","0/1","0/3","2/3","1/6","3/4","2/3","4/4","0/0","0/0","0/0","0/3","0/3","0/4","3/3","2/6","0/4","3/3","0/3","0/0","4/4","0/5","0/1","3/4","2/4","0/3","0/4","0/4","0/5","0/2","0/0","3/4","0/5","0/0","2/3","0/3","0/3","1/4","1/4","3/4","3/4","1/4","1/4","0/0","0/0","0/6","0/6","0/0","0/0","3/5","3/5","4/5","4/5","0/0","0/1","0/0","0/0","3/4","3/4","3/4","0/3","0/3","3/3","0/1","0/1","3/3","3/3","3/6","3/4","0/4","0/6","0/6","2/2","3/3","2/4","2/4","2/4","0/3","0/3","2/2","2/2","3/3","0/0","3/6","3/6","0/3","1/2","0/6","6/6","0/6","0/3","0/6","0/3","0/3","6/6","0/6","1/1","1/2","0/3","0/3","0/4","0/4","0/4","2/3","4/5","3/3","4/5","4/5","3/3","3/3","1/3","1/3","1/3","2/3","2/3","2/6","2/6","2/6","3/5","3/5","3/5","4/5","4/4","4/4","4/4"
"chr5:147806939_G/GA_FBXO38","0/0","0/0","0/0","0/0","0/0","0/0","0/0","0/0","0/0","0/0","0/0","0/0","0/0","0/0","0/0","0/0","0/0","0/0","0/0","0/0","0/0","0/0","0/0","0/0","0/0","0/0","0/0","0/0","0/0","0/0","0/0","0/0","0/0","0/0","0/0","0/0","0/1","0/0","0/0","0/0","0/0","0/0","0/0","0/0","0/0","0/0","0/0","0/0","0/0","0/0","0/0","0/0","0/0","0/0","0/0","0/0","0/0","0/0","0/0","0/0","0/0","0/0","0/0","0/0","0/0","0/0","0/0","0/0","0/0","0/0","0/0","0/0","0/0","0/0","0/0","0/0","0/0","0/0","0/0","0/0","0/0","0/0","0/0","0/0","0/0","0/0","0/0","0/0","0/0","0/0","0/0","0/0","0/0","0/0","0/0","0/0","0/0","0/0","0/0","0/0","0/0","0/0","0/0","0/0","0/0","0/0","0/0","0/0","0/0","0/0","0/0","0/0","0/0","0/0","0/0","0/0","0/0","0/0","0/0","0/0","0/0","0/0","0/0","0/0","0/0","0/0","0/0","0/0","0/0","0/0","0/0","0/0","0/0","0/0","0/0","0/0","0/0","0/0","0/0","0/0","0/0","0/0","0/0","0/0","0/0","0/0","0/0","0/0","0/0","0/0","0/0","0/0","0/0"
"chr5:147861098_CT/C_HTR4","0/0","0/0","0/0","0/0","0/0","0/0","0/0","0/0","0/0","0/0","0/0","0/0","0/0","0/0","0/0","0/0","0/0","0/0","0/0","0/0","0/0","0/0","0/0","0/0","0/0","0/0","0/0","0/0","0/0","0/0","0/0","0/0","0/0","0/0","0/0","0/0","0/1","0/0","0/0","0/0","0/0","0/0","0/0","0/0","0/0","0/0","0/0","0/0","0/0","0/0","0/0","0/0","0/0","0/0","0/0","0/0","0/0","0/0","0/0","0/0","0/0","0/0","0/0","0/0","0/0","0/0","0/0","0/0","0/0","0/0","0/0","0/0","0/0","0/0","0/0","0/0","0/0","0/0","0/0","0/0","0/0","0/0","0/0","0/0","0/0","0/0","0/0","0/0","0/0","0/0","0/0","0/0","0/0","0/0","0/0","0/0","0/0","0/0","0/0","0/0","0/0","0/0","0/0","0/0","0/0","0/0","0/0","0/0","0/0","0/0","0/0","0/0","0/0","0/0","0/0","0/0","0/0","0/0","0/0","0/0","0/0","0/0","0/0","0/0","0/0","0/0","0/0","0/0","0/0","0/0","0/0","0/0","0/0","0/0","0/0","0/0","0/0","0/0","0/0","0/0","0/0","0/0","0/1","0/0","0/0","0/0","0/0","0/0","0/0","0/0","0/0","0/0","0/0"
"chr5:148624482_G/GAC_ABLIM3","0/0","0/0","0/0","0/0","0/0","0/0","0/0","0/0","0/0","0/0","0/0","0/0","0/0","0/0","0/0","0/0","0/0","0/0","0/0","0/0","0/0","0/0","0/0","0/0","0/0","0/0","0/0","0/0","0/0","0/0","0/0","0/0","0/0","0/0","0/0","0/0","0/0","0/0","0/0","0/0","0/0","0/0","0/0","0/0","0/0","0/0","0/0","0/0","0/0","0/0","0/0","0/0","0/0","0/0","0/0","0/0","0/0","0/0","0/0","0/0","0/0","0/0","0/0","0/0","0/0","0/0","0/0","0/0","0/0","0/0","0/1","0/0","0/0","0/0","0/0","0/0","0/0","0/0","0/0","0/0","0/0","0/0","0/0","0/0","0/0","0/0","0/0","0/0","0/0","0/0","0/0","0/0","0/0","0/0","0/0","0/0","0/0","0/0","0/0","0/0","0/0","0/0","0/0","0/0","0/0","0/0","0/0","0/0","0/0","0/0","0/0","0/0","0/0","0/0","0/0","0/0","0/0","0/0","0/0","0/0","0/0","0/0","0/0","0/0","0/0","0/0","0/0","0/0","0/0","0/0","0/0","0/0","0/0","0/0","0/0","0/0","0/0","0/0","0/0","0/0","0/0","0/0","0/0","0/0","0/0","0/0","0/0","0/0","0/0","0/0","0/0","0/0","0/0"
"chr5:149374879_CT/C_TIGD6","1/1","1/1","1/1","0/1","1/1","1/1","1/1","1/1","1/1","0/1","1/1","1/1","0/1","1/1","0/1","1/1","0/1","1/1","0/1","1/1","0/1","0/0","0/1","0/1","1/1","1/1","0/0","1/1","1/1","1/1","1/1","1/1","0/1","0/0","0/1","0/0","0/1","0/1","0/0","0/1","0/0","0/1","1/1","1/1","0/1","0/1","0/1","1/1","0/0","1/1","1/1","1/1","1/1","1/1","1/1","1/1","1/1","0/0","0/1","1/1","1/1","1/1","0/1","1/1","1/1","0/0","0/1","1/1","1/1","0/1","0/0","0/1","0/1","1/1","1/1","0/1","0/1","1/1","1/1","0/0","0/0","0/0","1/1","1/1","1/1","1/1","1/1","0/0","0/1","0/1","1/1","1/1","1/1","1/1","1/1","1/1","0/0","0/0","0/1","0/1","1/1","0/1","1/1","0/1","0/1","0/1","0/1","0/1","0/1","0/1","0/1","1/1","1/1","0/1","0/1","0/1","0/1","0/1","0/1","0/1","0/1","0/1","0/1","0/1","0/1","0/1","0/1","0/1","1/1","1/1","1/1","1/1","0/1","0/1","0/1","0/1","0/1","0/1","1/1","0/1","1/1","1/1","1/1","0/1","0/1","0/1","1/1","1/1","1/1","0/0","0/0","0/0","0/0"
"chr5:149431514_ACGGTGTCCGCCAGCGGCCCATTGCCTTCGACAATGCCACTCACT/A_HMGXB3","0/0","0/0","0/0","0/0","0/0","0/0","0/0","0/0","0/0","0/0","0/0","0/0","0/0","0/0","0/0","0/0","0/0","0/0","0/0","0/0","0/0","0/0","0/0","0/0","0/0","0/0","0/0","0/0","0/0","0/0","0/0","0/0","0/0","0/0","0/0","0/0","0/0","0/0","0/1","0/0","0/0","0/0","0/0","0/0","0/0","0/0","0/0","0/0","0/0","0/0","0/0","0/0","0/0","0/0","0/0","0/0","0/0","0/0","0/0","0/0","0/0","0/0","0/0","0/0","0/0","0/0","0/0","0/0","0/0","0/0","0/0","0/0","0/0","0/0","0/0","0/0","0/0","0/0","0/0","0/0","0/0","0/0","0/0","0/0","0/0","0/0","0/0","0/0","0/0","0/0","0/0","0/0","0/0","0/0","0/0","0/0","0/0","0/0","0/0","0/0","0/0","0/0","0/0","0/0","0/0","0/0","0/0","0/0","0/0","0/0","0/0","0/0","0/0","0/0","0/0","0/0","0/0","0/0","0/0","0/0","0/0","0/0","0/0","0/0","0/0","0/0","0/0","0/0","0/0","0/0","0/0","0/0","0/0","0/0","0/0","0/0","0/0","0/0","0/0","0/0","0/0","0/0","0/0","0/0","0/0","0/0","0/0","0/0","0/0","0/0","0/0","0/0","0/0"
"chr5:150282710_TTCA/T_ZNF300","0/0","0/0","0/0","0/0","0/0","0/0","0/1","0/1","0/1","0/0","0/0","0/0","0/1","0/0","0/0","0/0","0/0","0/0","0/0","0/0","0/0","0/0","0/0","0/0","0/0","0/0","0/1","0/0","0/0","0/0","0/0","0/0","0/0","0/0","0/0","0/0","0/0","0/0","0/0","0/0","0/0","0/0","0/0","0/1","0/0","0/0","0/0","0/0","0/0","0/0","0/0","0/0","0/0","0/0","0/0","0/0","0/0","0/0","0/0","0/1","0/0","0/0","0/0","0/0","0/0","0/0","0/0","0/0","0/0","0/0","0/0","0/0","0/0","0/0","0/0","0/0","0/0","0/0","0/0","0/0","0/0","0/0","0/0","0/0","0/0","0/0","0/0","0/0","0/0","0/0","0/0","0/0","0/0","0/0","0/0","0/0","0/0","0/0","0/0","0/0","0/1","0/0","0/1","0/0","0/0","0/0","0/0","0/0","0/0","0/0","0/0","0/0","0/0","0/0","0/1","0/0","0/0","0/1","0/0","0/1","0/0","0/0","0/0","0/1","0/1","0/1","0/0","0/0","0/0","0/0","0/0","0/0","0/0","0/0","0/0","0/0","0/0","0/0","0/0","0/0","0/0","0/0","0/0","0/0","0/0","0/0","0/0","0/0","0/0","1/1","1/1","1/1","1/1"
"chr5:152871788_T/TC_GRIA1","0/0","0/0","0/0","0/0","0/0","0/0","0/0","0/0","0/0","0/0","0/0","0/0","0/0","0/1","0/0","0/0","0/0","0/0","0/0","0/0","0/0","0/0","0/0","0/1","0/0","0/0","0/0","0/0","0/0","0/0","0/0","0/0","0/0","0/0","0/0","0/0","0/0","0/0","0/0","0/0","0/0","0/0","0/0","0/0","0/0","0/0","0/0","0/0","0/0","0/0","0/0","0/0","0/0","0/0","0/0","0/0","0/0","0/0","0/0","0/0","0/0","0/0","0/0","0/0","0/0","0/0","0/0","0/0","0/0","0/0","0/0","0/0","0/0","0/0","0/0","0/0","0/0","0/0","0/0","0/0","0/0","0/0","0/0","0/0","0/0","0/0","0/0","0/0","0/0","0/0","0/0","0/0","0/0","0/0","0/0","0/0","0/0","0/1","0/0","0/0","0/0","0/0","0/0","0/0","0/0","0/0","0/0","0/0","0/0","0/0","0/0","0/0","0/0","0/0","0/0","0/0","0/0","0/0","0/0","0/0","0/0","0/0","0/0","0/0","0/0","0/0","0/0","0/0","0/0","0/0","0/0","0/0","0/1","0/0","0/1","0/1","0/0","0/0","0/0","0/0","0/0","0/0","0/0","0/0","0/0","0/0","0/0","0/0","0/0","0/0","0/0","0/0","0/0"
"chr5:154300912_TG/T_GEMIN5","0/0","0/0","0/0","0/0","0/0","0/0","0/0","0/0","0/0","0/0","0/0","0/0","0/0","0/0","0/0","0/0","0/0","0/0","0/0","0/0","0/0","0/0","0/0","0/0","0/0","0/0","0/0","0/0","0/0","0/0","0/0","0/0","0/0","0/0","0/0","0/0","0/1","0/0","0/0","0/0","0/0","0/0","0/0","0/0","0/0","0/0","0/0","0/0","0/0","0/0","0/0","0/0","0/0","0/0","0/0","0/0","0/0","0/0","0/0","0/0","0/0","0/0","0/0","0/0","0/0","0/0","0/0","0/0","0/0","0/0","0/0","0/0","0/0","0/0","0/0","0/0","0/0","0/0","0/0","0/0","0/0","0/0","0/0","0/0","0/0","0/0","0/0","0/0","0/0","0/0","0/0","0/0","0/0","0/0","0/0","0/0","0/0","0/0","0/0","0/0","0/0","0/0","0/0","0/0","0/0","0/0","0/0","0/0","0/0","0/0","0/0","0/0","0/0","0/0","0/0","0/0","0/0","0/0","0/0","0/0","0/0","0/0","0/0","0/0","0/0","0/0","0/0","0/0","0/0","0/0","0/0","0/0","0/0","0/0","0/0","0/0","0/0","0/0","0/0","0/0","0/0","0/0","0/0","0/0","0/0","0/0","0/0","0/0","0/0","0/0","0/0","0/0","0/0"
"chr5:156378744_CTTG/C_TIMD4","0/0","0/0","0/0","0/0","0/0","0/0","0/0","0/0","0/0","0/0","0/0","0/0","0/0","0/0","0/0","0/0","0/0","0/0","0/0","0/0","0/0","0/0","0/0","0/0","0/0","0/0","0/0","0/0","0/0","0/0","0/1","0/0","0/0","0/0","0/0","0/0","0/0","0/0","0/0","0/0","0/0","0/0","0/0","0/0","0/0","0/0","0/0","0/0","0/0","0/0","0/0","0/0","0/0","0/0","0/0","0/0","0/0","0/0","0/0","0/0","0/0","0/0","0/0","0/0","0/0","0/0","0/0","0/0","0/0","0/0","0/0","0/0","0/0","0/0","0/0","0/0","0/0","0/0","0/0","0/0","0/0","0/0","0/0","0/0","0/0","0/0","0/0","0/0","0/0","0/0","0/0","0/0","0/0","0/0","0/0","0/0","0/0","0/0","0/0","0/0","0/0","0/0","0/0","0/0","0/0","0/0","0/0","0/0","0/0","0/0","0/0","0/0","0/0","0/0","0/0","0/0","0/0","0/0","0/0","0/0","0/0","0/0","0/0","0/0","0/0","0/0","0/0","0/0","0/0","0/0","0/0","0/0","0/0","0/0","0/0","0/0","0/0","0/0","0/0","0/0","0/0","0/0","0/0","0/0","0/0","0/0","0/0","0/0","0/0","0/0","0/0","0/0","0/0"
"chr5:156479443_CTTG/C_HAVCR1","0/1","0/1","0/1","0/1","0/0","0/0","0/0","0/0","0/0","0/0","0/0","0/1","0/0","0/0","0/1","0/0","0/0","0/0","0/1","0/0","0/0","0/0","0/0","0/0","0/0","0/1","0/1","0/0","0/0","0/0","0/1","0/0","0/0","0/0","0/0","0/1","0/0","0/0","0/0","0/1","0/0","0/0","0/0","0/1","0/0","0/0","0/0","0/1","0/0","0/0","0/1","0/0","1/1","0/0","0/1","0/0","0/0","0/0","0/0","0/1","0/1","0/0","0/0","0/0","0/0","0/1","0/0","0/0","0/0","0/0","0/1","0/0","0/0","0/0","0/0","0/0","0/0","0/1","0/1","1/1","1/1","0/0","0/1","0/0","0/0","0/1","0/1","0/0","0/0","0/0","0/0","0/0","0/0","0/0","0/0","0/0","0/0","0/0","0/0","0/0","0/0","0/0","0/0","0/0","0/0","0/1","0/1","0/0","0/0","0/0","0/1","1/1","1/1","0/0","0/1","0/0","0/0","0/1","0/1","0/1","0/1","0/1","0/0","0/1","0/1","0/1","0/0","0/0","0/1","0/1","0/1","0/0","0/0","0/0","0/0","0/0","0/0","0/0","0/0","0/0","0/0","0/0","0/0","0/0","0/0","0/0","0/0","0/0","0/0","0/0","0/0","0/0","0/0"
"chr5:156479557_GTTGGAACAGTCGTCA/G_HAVCR1","0/1","0/1","0/1","0/1","1/1","1/1","1/1","1/1","1/1","1/1","1/1","0/1","1/1","1/1","0/1","1/1","1/1","1/1","0/1","0/1","0/1","1/1","1/1","1/1","1/1","0/1","0/1","1/1","1/1","1/1","0/1","1/1","0/1","1/1","1/1","0/1","1/1","1/1","1/1","0/1","0/1","1/1","1/1","0/1","1/1","1/1","1/1","0/1","0/1","1/1","0/1","1/1","0/0","0/1","0/1","1/1","1/1","1/1","0/0","0/1","0/1","1/1","0/1","1/1","1/1","0/1","1/1","1/1","1/1","1/1","0/1","1/1","1/1","1/1","1/1","1/1","1/1","0/1","0/1","0/0","0/0","1/1","0/1","1/1","1/1","0/1","0/1","1/1","1/1","1/1","1/1","0/0","0/0","1/1","1/1","1/1","1/1","1/1","1/1","1/1","1/1","1/1","1/1","1/1","1/1","0/1","0/1","1/1","1/1","1/1","0/1","0/0","0/0","1/1","0/1","1/1","1/1","0/1","0/1","0/1","0/1","0/1","1/1","0/1","0/1","0/1","1/1","1/1","0/1","0/1","0/1","1/1","1/1","1/1","1/1","1/1","1/1","1/1","1/1","1/1","1/1","1/1","1/1","1/1","1/1","1/1","1/1","1/1","1/1","1/1","1/1","1/1","1/1"
"chr5:156479568_C/CGTT_HAVCR1","0/1","0/1","0/1","0/1","2/2","2/2","2/2","2/2","2/2","2/2","2/2","0/1","2/2","2/2","0/1","2/2","2/2","2/2","0/1","0/1","0/1","2/2","2/2","2/2","2/2","0/1","0/1","2/2","2/2","2/2","0/1","2/2","0/1","2/2","2/2","0/1","2/2","2/2","2/2","0/1","0/1","2/2","2/2","0/1","2/2","2/2","2/2","0/1","0/1","2/2","0/1","2/2","1/1","0/1","0/1","2/2","2/2","2/2","0/0","0/1","0/1","2/2","0/1","2/2","2/2","0/1","2/2","2/2","2/2","2/2","0/1","2/2","2/2","2/2","2/2","2/2","2/2","0/1","0/1","1/1","1/1","2/2","0/1","2/2","2/2","0/1","0/1","2/2","2/2","2/2","2/2","0/0","0/0","2/2","2/2","2/2","2/2","2/2","2/2","2/2","2/2","2/2","2/2","2/2","2/2","0/1","0/1","2/2","2/2","2/2","0/1","1/1","1/1","2/2","0/1","2/2","2/2","0/1","0/1","0/1","0/1","0/1","2/2","0/1","0/1","0/1","2/2","2/2","0/1","0/1","0/1","2/2","2/2","2/2","2/2","2/2","2/2","2/2","2/2","2/2","2/2","2/2","2/2","2/2","2/2","2/2","2/2","2/2","2/2","2/2","2/2","2/2","2/2"
"chr5:156479583_CGTT/C_HAVCR1","0/0","0/0","0/0","0/0","0/0","0/0","0/0","0/0","0/0","0/0","0/0","0/0","0/0","0/0","0/0","0/0","0/0","0/0","0/0","0/0","0/0","0/0","0/0","0/0","0/0","0/0","0/0","0/0","0/0","0/0","0/0","0/0","0/0","0/0","0/0","0/0","0/0","0/0","0/0","0/0","0/0","0/0","0/0","0/0","0/0","0/0","0/0","0/0","0/0","0/0","0/0","0/0","0/0","0/0","0/0","0/0","0/0","0/0","0/1","0/0","0/0","0/0","0/0","0/0","0/0","0/0","0/0","0/0","0/0","0/0","0/0","0/0","0/0","0/0","0/0","0/0","0/0","0/0","0/0","0/0","0/0","0/0","0/0","0/0","0/0","0/0","0/0","0/0","0/0","0/0","0/0","0/0","0/0","0/0","0/0","0/0","0/0","0/0","0/0","0/0","0/0","0/0","0/0","0/0","0/0","0/0","0/0","0/0","0/0","0/0","0/0","0/0","0/0","0/0","0/0","0/0","0/0","0/0","0/0","0/0","0/0","0/0","0/0","0/0","0/0","0/0","0/0","0/0","0/0","0/0","0/0","0/0","0/0","0/0","0/0","0/0","0/0","0/0","0/0","0/0","0/0","0/0","0/0","0/0","0/0","0/0","0/0","0/0","0/0","0/0","0/0","0/0","0/0"
"chr5:156589851_GT/G_FAM71B","0/0","0/0","0/0","0/0","0/0","0/0","0/0","0/0","0/0","0/0","0/0","0/0","0/0","0/0","0/0","0/0","0/0","0/0","0/0","0/0","0/0","0/0","0/0","0/0","0/0","0/0","0/0","0/0","0/0","0/0","0/0","0/0","0/0","0/0","0/0","0/0","0/0","0/0","0/0","0/0","0/0","0/0","0/0","0/0","0/0","0/0","0/0","0/0","0/0","0/0","0/0","0/0","0/0","0/0","0/0","0/0","0/0","0/0","0/0","0/0","0/0","0/0","0/0","0/0","0/0","0/0","0/0","0/0","0/0","0/0","0/0","0/0","0/0","0/0","0/0","0/0","0/0","0/0","0/0","0/0","0/0","0/0","0/0","0/0","0/0","0/0","0/0","0/0","0/1","0/0","0/0","0/0","0/0","0/0","0/0","0/0","0/0","0/0","0/0","0/0","0/0","0/0","0/0","0/0","0/0","0/0","0/0","0/0","0/0","0/0","0/0","0/0","0/0","0/0","0/0","0/0","0/0","0/0","0/0","0/0","0/0","0/0","0/0","0/0","0/0","0/0","0/0","0/0","0/0","0/0","0/0","0/0","0/0","0/0","0/0","0/0","0/0","0/0","0/0","0/0","0/0","0/0","0/0","0/0","0/0","0/0","0/0","0/0","0/0","0/0","0/0","0/0","0/0"
"chr5:156721863_T/TC_CYFIP2","1/1","1/1","1/1","1/1","1/1","1/1","1/1","1/1","1/1","1/1","1/1","1/1","1/1","1/1","1/1","1/1","1/1","1/1","1/1","1/1","1/1","1/1","1/1","1/1","1/1","1/1","1/1","1/1","1/1","1/1","1/1","1/1","1/1","1/1","1/1","1/1","1/1","1/1","1/1","1/1","1/1","1/1","1/1","1/1","1/1","1/1","1/1","1/1","1/1","1/1","1/1","1/1","1/1","1/1","1/1","1/1","1/1","1/1","1/1","1/1","1/1","1/1","1/1","1/1","1/1","1/1","1/1","1/1","1/1","1/1","1/1","1/1","1/1","1/1","1/1","1/1","1/1","1/1","1/1","1/1","1/1","1/1","1/1","1/1","1/1","1/1","1/1","1/1","1/1","1/1","1/1","1/1","1/1","1/1","1/1","1/1","1/1","1/1","1/1","1/1","1/1","1/1","1/1","1/1","1/1","1/1","1/1","1/1","1/1","1/1","1/1","1/1","1/1","1/1","1/1","1/1","1/1","1/1","1/1","1/1","1/1","1/1","1/1","1/1","1/1","1/1","1/1","1/1","1/1","1/1","1/1","1/1","1/1","1/1","1/1","1/1","1/1","1/1","1/1","1/1","1/1","1/1","1/1","1/1","1/1","1/1","1/1","1/1","1/1","1/1","1/1","1/1","1/1"
"chr5:158630629_G/GT_RNF145","0/0","0/0","0/0","0/0","0/0","0/0","0/0","0/0","0/0","0/0","0/0","0/0","0/0","0/0","0/0","0/0","0/0","0/0","0/0","0/0","0/0","0/0","0/0","0/0","0/0","0/0","0/0","0/0","0/0","0/0","0/0","0/0","0/0","0/0","0/0","0/0","0/0","0/0","0/0","0/0","0/1","0/0","0/0","0/0","0/0","0/0","0/0","0/0","0/0","0/0","0/0","0/0","0/0","0/0","0/0","0/0","0/0","0/0","0/0","0/1","0/0","0/0","0/1","0/0","0/0","0/0","0/0","0/0","0/0","0/0","0/0","0/0","0/0","0/0","0/0","0/1","0/0","0/0","0/0","0/0","0/0","0/0","0/0","0/0","0/0","0/0","0/0","0/0","0/0","0/0","0/0","0/0","0/0","0/0","0/0","0/0","0/0","0/0","0/0","0/0","0/0","0/0","0/0","0/0","0/0","0/0","0/1","0/0","0/0","0/0","0/0","0/0","0/0","0/0","0/0","0/0","0/0","0/0","0/0","0/0","0/1","0/0","0/0","0/0","0/0","0/0","0/1","0/0","0/0","0/0","0/0","0/0","0/0","0/0","0/0","0/0","0/0","0/0","0/0","0/0","0/0","0/0","0/0","0/0","0/0","0/0","0/0","0/0","0/0","0/0","0/0","0/1","0/0"
"chr5:158630641_C/CT_RNF145","0/0","0/0","0/0","0/0","0/0","0/0","0/0","0/0","0/0","0/0","0/0","0/0","0/0","0/0","0/0","0/0","0/0","0/0","0/0","0/0","0/1","0/0","0/0","0/0","0/0","0/0","0/0","0/0","0/0","0/0","0/0","0/0","0/0","0/0","0/0","0/0","0/0","0/0","0/0","0/0","0/0","0/0","0/0","0/0","0/0","0/0","0/0","0/1","0/0","0/0","0/0","0/0","0/0","0/0","0/0","0/0","0/0","0/0","0/0","0/1","0/0","0/0","0/0","0/0","0/0","0/1","0/0","0/0","0/0","0/0","0/0","0/0","0/0","0/0","0/0","0/1","0/1","0/0","0/0","0/0","0/0","0/0","0/0","0/0","0/0","0/0","0/0","0/0","0/0","0/0","0/0","0/0","0/0","0/0","0/0","0/0","0/0","0/0","0/0","0/0","0/0","0/0","0/0","0/0","0/0","0/0","0/0","0/0","0/0","0/0","0/0","0/0","0/0","0/0","0/0","0/0","0/0","0/0","0/0","0/0","0/0","0/0","0/0","0/0","0/1","0/0","0/0","0/0","0/0","0/0","0/0","0/0","0/0","0/0","0/0","0/0","0/0","0/0","0/0","0/0","0/0","0/0","0/0","0/0","0/0","0/0","0/0","0/0","0/0","0/0","0/0","0/0","0/1"
"chr5:162917425_T/TA_HMMR","0/0","0/0","0/0","0/0","0/0","0/0","0/0","0/0","0/0","0/0","0/0","0/0","0/0","0/0","0/0","0/0","0/0","0/0","0/0","0/0","0/0","0/0","0/0","0/0","0/0","0/0","0/0","0/0","0/0","0/0","0/0","0/0","0/0","0/0","0/0","0/0","0/1","0/0","0/0","0/0","0/0","0/0","0/0","0/0","0/0","0/0","0/0","0/0","0/0","0/1","0/0","0/0","0/0","0/0","0/0","0/0","0/0","0/0","0/0","0/0","0/0","0/0","0/0","0/0","0/0","0/0","0/0","0/0","0/0","0/0","0/0","0/0","0/0","0/0","0/0","0/0","0/0","0/0","0/0","0/0","0/0","0/0","0/0","0/0","0/0","0/0","0/0","0/0","0/0","0/0","0/0","0/0","0/0","0/0","0/0","0/0","0/0","0/0","0/0","0/0","0/0","0/0","0/0","0/0","0/0","0/0","0/0","0/0","0/0","0/0","0/0","0/0","0/0","0/0","0/0","0/0","0/0","0/0","0/0","0/0","0/0","0/0","0/0","0/0","0/0","0/0","0/0","0/0","0/0","0/0","0/0","0/0","0/0","0/0","0/0","0/0","0/0","0/0","0/0","0/0","0/0","0/0","0/0","0/0","0/0","0/0","0/0","0/0","0/0","0/0","0/0","0/0","0/0"
"chr5:167881029_TGGA/T_WWC1","1/1","1/1","1/1","0/1","0/1","0/1","0/1","0/1","0/1","0/0","1/1","0/1","0/0","1/1","1/1","1/1","1/1","0/0","1/1","0/0","0/1","1/1","0/1","1/1","0/1","0/0","0/0","0/1","0/1","1/1","0/1","0/1","0/1","0/1","1/1","0/1","1/1","1/1","0/1","0/1","0/1","0/0","0/1","0/0","1/1","1/1","1/1","0/0","0/0","0/0","0/0","0/0","0/1","0/0","1/1","0/0","0/0","0/1","1/1","0/1","0/1","1/1","1/1","0/1","0/1","0/0","0/0","0/1","0/1","0/0","0/0","0/1","0/1","0/1","0/1","0/1","0/1","0/0","0/0","0/0","0/0","1/1","0/0","1/1","1/1","0/1","0/1","0/0","0/1","0/1","0/1","0/0","0/0","0/0","0/0","0/1","0/0","1/1","0/0","0/0","0/1","0/0","0/1","1/1","1/1","1/1","1/1","0/1","0/1","0/0","0/1","1/1","1/1","0/0","0/1","1/1","1/1","0/1","1/1","0/1","1/1","1/1","1/1","0/1","0/1","0/1","0/0","0/0","1/1","1/1","1/1","1/1","0/0","0/1","0/0","0/0","0/1","0/1","1/1","1/1","1/1","1/1","1/1","0/1","0/1","0/1","0/1","0/1","0/1","0/1","0/1","0/1","0/1"
"chr5:169310063_CA/C_FAM196B","0/0","0/0","0/0","0/0","0/0","0/0","0/0","0/0","0/0","0/0","0/0","0/0","0/0","0/0","0/0","0/0","0/0","0/0","0/0","0/0","0/0","0/0","0/0","0/0","0/0","0/0","0/0","0/0","0/0","0/0","0/0","0/1","0/0","0/0","0/0","0/0","0/0","0/0","0/0","0/0","0/0","0/0","0/0","0/0","0/0","0/0","0/0","0/0","0/0","0/0","0/0","0/0","0/0","0/0","0/0","0/0","0/0","0/0","0/0","0/0","0/0","0/0","0/0","0/0","0/0","0/0","0/0","0/0","0/0","0/0","0/0","0/0","0/0","0/0","0/0","0/0","0/0","0/0","0/0","0/0","0/0","0/0","0/0","0/0","0/0","0/0","0/0","0/0","0/0","0/0","0/0","0/0","0/0","0/0","0/0","0/0","0/0","0/0","0/0","0/0","0/0","0/0","0/0","0/0","0/0","0/0","0/0","0/0","0/0","0/0","0/0","0/0","0/0","0/0","0/0","0/0","0/0","0/0","0/0","0/0","0/0","0/0","0/0","0/0","0/0","0/0","0/0","0/0","0/0","0/0","0/0","0/0","0/0","0/0","0/0","0/0","0/0","0/0","0/0","0/0","0/0","0/0","0/0","0/0","0/0","0/0","0/0","0/0","0/0","0/0","0/0","0/0","0/0"
"chr5:171766233_TCTC/T_SH3PXD2B","0/0","0/0","0/0","0/0","0/0","0/0","0/0","0/0","0/0","0/0","0/0","0/0","0/0","0/0","0/0","0/0","0/0","0/0","0/0","0/0","0/0","0/0","0/0","0/0","0/0","0/0","0/0","0/0","0/0","0/0","0/0","0/0","0/0","0/0","0/0","0/0","0/0","0/0","0/0","0/0","0/0","0/0","0/0","0/0","0/0","0/0","0/0","0/0","0/0","0/0","0/0","0/0","0/0","0/0","0/0","0/0","0/0","0/0","0/0","0/0","0/0","0/0","0/0","0/0","0/0","0/0","0/0","0/0","0/0","0/0","0/0","0/0","0/0","0/0","0/0","0/0","0/0","0/0","0/0","0/0","0/0","0/0","0/0","0/0","0/0","0/0","0/0","0/0","0/0","0/0","0/0","0/0","0/0","0/0","0/0","0/0","0/0","0/0","0/0","0/0","0/0","0/0","0/0","0/0","0/0","0/0","0/0","0/0","0/0","0/0","0/0","0/0","0/0","0/0","0/0","0/0","0/0","0/0","0/0","0/0","0/0","0/0","0/0","0/0","0/0","0/0","0/0","0/0","0/0","0/0","0/0","0/0","0/0","0/0","0/0","0/0","0/0","0/0","0/0","0/0","0/0","0/0","0/0","0/0","0/0","0/0","0/0","0/0","0/0","0/1","0/1","0/1","0/1"
"chr5:172578610_AT/A_BNIP1","0/0","0/0","0/0","0/0","0/0","0/0","0/0","0/0","0/0","0/0","0/0","0/0","0/0","0/0","0/0","0/0","0/0","0/0","0/0","0/0","0/0","0/0","0/0","0/0","0/0","0/0","0/0","0/0","0/0","0/0","0/0","0/0","0/0","0/0","0/0","0/0","0/1","0/0","0/0","0/0","0/0","0/0","0/0","0/0","0/0","0/0","0/0","0/0","0/0","0/0","0/0","0/0","0/0","0/0","0/0","0/0","0/0","0/0","0/0","0/0","0/0","0/0","0/0","0/0","0/0","0/0","0/0","0/0","0/0","0/0","0/0","0/0","0/0","0/0","0/0","0/0","0/0","0/0","0/0","0/0","0/0","0/0","0/0","0/0","0/0","0/0","0/0","0/0","0/0","0/0","0/0","0/0","0/0","0/0","0/0","0/0","0/0","0/0","0/0","0/0","0/0","0/0","0/0","0/0","0/0","0/0","0/0","0/1","0/0","0/0","0/0","0/0","0/0","0/0","0/0","0/0","0/0","0/0","0/0","0/0","0/0","0/0","0/0","0/0","0/0","0/0","0/0","0/0","0/0","0/0","0/0","0/0","0/0","0/0","0/0","0/0","0/0","0/0","0/0","0/0","0/0","0/0","0/0","0/0","0/0","0/0","0/0","0/0","0/0","0/0","0/0","0/0","0/0"
"chr5:172659905_A/AGGCGGC_NKX2-5","0/0","0/0","0/0","0/0","0/0","0/0","0/0","0/0","0/0","0/0","0/0","0/0","0/0","0/0","0/0","0/0","0/0","0/0","0/0","0/0","0/0","0/0","0/0","0/0","0/0","0/0","0/0","0/0","0/0","0/0","0/0","0/0","0/0","0/0","0/0","0/0","0/0","0/0","0/0","0/0","0/0","0/0","0/0","0/0","0/0","0/0","0/0","0/0","0/0","0/0","0/0","0/0","0/0","0/0","0/0","0/0","0/0","0/0","0/0","0/0","0/0","0/0","0/0","0/0","0/0","0/0","0/0","0/0","0/0","0/0","0/0","0/1","0/0","0/0","0/0","0/0","0/0","0/0","0/0","0/0","0/0","0/0","0/0","0/0","0/0","0/0","0/0","0/0","0/0","0/0","0/0","0/0","0/0","0/0","0/0","0/0","0/0","0/0","0/0","0/0","0/0","0/0","0/0","0/0","0/0","0/0","0/0","0/0","0/0","0/0","0/0","0/0","0/0","0/0","0/0","0/0","0/0","0/0","0/0","0/0","0/0","0/0","0/0","0/0","0/0","0/0","0/0","0/0","0/0","0/0","0/0","0/0","0/0","0/0","0/0","0/0","0/0","0/0","0/0","0/0","0/0","0/0","0/0","0/0","0/0","0/0","0/0","0/0","0/0","0/0","0/0","0/0","0/0"
"chr5:175811094_C/CAT_NOP16","1/2","1/2","1/2","2/2","0/2","0/2","2/2","2/2","2/2","0/2","2/2","1/2","2/2","1/2","2/2","1/2","2/2","2/2","0/2","0/2","2/2","1/2","2/2","2/2","2/2","2/2","1/2","2/2","0/2","2/2","2/2","1/2","1/2","2/2","2/2","2/2","2/2","1/2","2/2","1/2","2/2","1/2","2/2","0/2","2/2","1/2","2/2","2/2","2/2","0/2","1/1","2/2","2/2","0/2","2/2","2/2","0/2","1/2","0/2","1/2","1/2","1/1","1/2","2/2","2/2","1/2","1/2","2/2","2/2","1/2","1/2","1/2","1/2","2/2","2/2","1/2","1/2","2/2","2/2","1/1","1/1","2/2","1/1","1/2","1/2","2/2","2/2","1/2","1/1","1/1","2/2","0/2","0/2","1/2","1/2","2/2","1/2","1/2","0/2","0/2","0/2","2/2","0/2","2/2","2/2","1/2","1/2","1/1","1/1","2/2","2/2","1/2","1/2","2/2","2/2","2/2","2/2","2/2","2/2","2/2","2/2","2/2","2/2","2/2","2/2","2/2","2/2","2/2","2/2","2/2","2/2","0/1","0/2","0/2","0/2","0/2","0/2","0/2","2/2","2/2","2/2","0/1","0/1","2/2","2/2","2/2","2/2","2/2","2/2","1/2","1/2","1/2","1/2"
"chr5:175812322_T/TC_NOP16","0/0","0/0","0/0","0/0","0/0","0/0","0/0","0/0","0/0","0/0","0/0","0/0","0/0","0/0","0/0","0/0","0/0","0/0","0/0","0/0","0/0","0/0","0/0","0/0","0/0","0/0","0/0","0/0","0/0","0/0","0/0","0/0","0/0","0/0","0/0","0/0","0/0","0/0","0/0","0/0","0/0","0/0","0/0","0/0","0/0","0/0","0/0","0/0","0/0","0/0","0/0","0/0","0/0","0/0","0/0","0/0","0/0","0/0","0/0","0/0","0/0","0/0","0/0","0/0","0/0","0/0","0/0","0/0","0/0","0/0","0/0","0/0","0/0","0/0","0/0","0/0","0/0","0/0","0/0","0/0","0/0","0/0","0/0","0/0","0/0","0/0","0/0","0/0","0/0","0/0","0/0","0/0","0/0","0/0","0/0","0/0","0/0","0/0","0/0","0/0","0/1","0/0","0/1","0/0","0/0","0/0","0/0","0/0","0/0","0/0","0/0","0/0","0/0","0/0","0/0","0/0","0/0","0/0","0/0","0/0","0/0","0/0","0/0","0/0","0/0","0/0","0/0","0/0","0/0","0/0","0/0","0/0","0/0","0/0","0/0","0/0","0/0","0/0","0/0","0/0","0/0","0/0","0/0","0/0","0/0","0/0","0/0","0/0","0/0","0/0","0/0","0/0","0/0"
"chr5:176011639_AG/A_CDHR2","0/0","0/0","0/0","0/0","0/0","0/0","0/0","0/0","0/0","0/0","0/0","0/0","0/0","0/0","0/0","0/0","0/0","0/0","0/0","0/0","0/0","0/0","0/0","0/0","0/0","0/0","0/0","0/0","0/0","0/0","0/0","0/0","0/0","0/0","0/0","0/0","0/1","0/0","0/0","0/0","0/0","0/0","0/0","0/0","0/0","0/0","0/0","0/0","0/0","0/0","0/0","0/0","0/0","0/0","0/0","0/0","0/0","0/0","0/0","0/0","0/0","0/0","0/0","0/0","0/0","0/0","0/0","0/0","0/0","0/0","0/0","0/0","0/0","0/0","0/0","0/0","0/0","0/0","0/0","0/0","0/0","0/0","0/0","0/0","0/0","0/0","0/0","0/0","0/0","0/0","0/0","0/0","0/0","0/0","0/0","0/0","0/0","0/0","0/0","0/0","0/0","0/0","0/0","0/0","0/0","0/0","0/0","0/0","0/0","0/0","0/0","0/0","0/0","0/0","0/0","0/0","0/0","0/0","0/0","0/0","0/0","0/0","0/0","0/0","0/0","0/0","0/0","0/0","0/0","0/0","0/0","0/0","0/0","0/0","0/0","0/0","0/0","0/0","0/0","0/0","0/0","0/0","0/0","0/0","0/0","0/0","0/0","0/0","0/0","0/0","0/0","0/0","0/0"
"chr5:176016431_AC/A_CDHR2","0/0","0/0","0/0","0/0","0/0","0/0","0/0","0/0","0/0","0/0","0/0","0/0","0/0","0/0","0/0","0/0","0/0","0/0","0/0","0/0","0/0","0/0","0/0","0/0","0/0","0/0","0/0","0/0","0/0","0/0","0/0","0/0","0/0","0/0","0/0","0/0","0/0","0/0","0/0","0/0","0/0","0/0","0/0","0/0","0/0","0/0","0/0","0/0","0/0","0/0","0/0","0/0","0/0","0/0","0/0","0/0","0/0","0/0","0/0","0/0","0/0","0/0","0/0","0/0","0/0","0/0","0/0","0/0","0/0","0/0","0/0","0/0","0/0","0/0","0/0","0/0","0/0","0/0","0/0","0/0","0/0","0/0","0/0","0/0","0/0","0/0","0/0","0/0","0/0","0/0","0/0","0/0","0/0","0/0","0/0","0/0","0/0","0/0","0/0","0/0","0/0","0/0","0/0","0/0","0/0","0/0","0/0","0/0","0/0","0/0","0/0","0/0","0/0","0/0","0/0","0/0","0/0","0/0","0/0","0/0","0/0","0/0","0/0","0/0","0/0","0/0","0/0","0/0","0/1","0/1","0/1","0/0","0/0","0/0","0/0","0/0","0/0","0/0","0/0","0/0","0/0","0/0","0/0","0/0","0/0","0/0","0/0","0/0","0/0","0/0","0/0","0/0","0/0"
"chr5:176025628_G/GTGAGA_GPRIN1","0/0","0/0","0/0","0/0","0/0","0/0","0/0","0/0","0/0","0/0","0/0","0/0","0/0","0/0","0/0","0/0","0/0","0/0","0/0","0/0","0/0","0/0","0/0","0/0","0/0","0/0","0/0","0/0","0/0","0/0","0/0","0/0","0/0","0/0","0/0","0/0","0/0","0/0","0/0","0/0","0/0","0/0","0/0","0/0","0/0","0/0","0/0","0/0","0/0","0/0","0/0","0/0","0/0","0/0","0/0","0/0","0/0","0/0","0/0","0/0","0/0","0/0","0/0","0/0","0/0","0/0","0/0","0/0","0/0","0/0","0/0","0/0","0/0","0/0","0/0","0/0","0/0","0/0","0/0","0/0","0/0","0/0","0/0","0/0","0/0","0/0","0/0","0/0","0/0","0/0","0/0","0/0","0/0","0/0","0/0","0/0","0/0","0/0","0/0","0/0","0/0","0/0","0/0","0/0","0/0","0/0","0/0","0/0","0/0","0/0","0/0","0/0","0/0","0/0","0/0","0/0","0/0","0/0","0/0","0/0","0/0","0/0","0/0","0/0","0/0","0/0","0/0","0/0","0/0","0/0","0/0","0/0","0/0","0/0","0/0","0/0","0/0","0/0","0/0","0/0","0/0","0/0","0/0","0/0","0/0","0/0","0/0","0/0","0/0","0/1","0/0","0/0","0/0"
"chr5:176930171_AGAG/A_DOK3","0/1","0/1","0/1","0/1","0/1","0/1","0/1","0/1","0/1","0/0","0/1","0/1","0/1","1/1","1/1","1/1","1/1","1/1","0/1","1/1","1/1","0/0","0/0","1/1","0/0","1/1","1/1","0/1","1/1","0/0","0/1","0/1","1/1","1/1","0/1","0/1","1/1","1/1","0/1","1/1","0/1","0/1","1/1","0/1","0/0","1/1","0/1","0/1","0/1","1/1","1/1","0/1","1/1","1/1","0/1","0/0","0/1","0/1","1/1","0/1","0/1","0/1","0/1","1/1","1/1","1/1","0/1","0/1","0/1","0/1","1/1","1/1","1/1","0/1","0/1","1/1","1/1","1/1","1/1","1/1","1/1","1/1","1/1","0/1","0/1","0/1","0/1","1/1","1/1","1/1","1/1","1/1","1/1","0/1","0/1","1/1","1/1","0/1","0/0","0/0","0/1","1/1","0/1","1/1","1/1","0/1","0/1","0/1","0/1","1/1","0/1","0/1","0/1","0/1","0/1","0/1","0/1","0/1","0/1","0/1","0/1","0/1","0/1","0/1","0/1","0/1","0/1","0/1","1/1","1/1","1/1","1/1","0/0","1/1","0/0","0/0","1/1","1/1","0/1","0/1","0/1","1/1","1/1","0/1","0/1","0/1","0/1","0/1","0/1","0/1","0/1","0/1","0/1"
"chr5:176936586_CTGA/C_DOK3","0/0","0/0","0/0","0/0","0/0","0/0","0/0","0/0","0/0","0/0","0/0","0/0","0/0","0/0","0/0","0/0","0/0","0/0","0/0","0/0","0/0","0/0","0/0","0/0","0/0","0/0","0/1","0/0","0/0","0/0","0/0","0/0","0/1","0/0","0/0","0/0","0/0","0/0","0/0","0/0","0/0","0/0","0/0","0/0","0/0","0/0","0/0","0/0","0/0","0/1","0/0","0/0","0/0","0/0","0/0","0/0","0/0","0/0","0/0","0/0","0/0","0/0","0/0","0/0","0/0","0/0","0/0","0/0","0/0","0/0","0/0","0/0","0/0","0/0","0/0","0/0","0/0","0/1","0/1","0/0","0/0","0/0","0/0","0/0","0/0","0/0","0/0","0/0","0/0","0/0","0/0","0/0","0/0","0/0","0/0","0/0","0/0","0/0","0/0","0/0","0/0","0/0","0/0","0/0","0/0","0/0","0/0","0/0","0/0","0/0","0/0","0/0","0/0","0/0","0/0","0/0","0/0","0/0","0/0","0/0","0/0","0/0","0/0","0/0","0/0","0/0","0/0","0/0","0/0","0/0","0/0","0/0","0/0","0/0","0/0","0/0","0/0","0/0","0/0","0/0","0/0","0/0","0/0","0/0","0/0","0/0","0/0","0/0","0/0","0/0","0/0","0/0","0/0"
"chr5:177637589_CGTG/C_HNRNPAB","0/0","0/0","0/0","0/0","0/0","0/0","0/0","0/0","0/0","0/0","0/0","0/0","0/0","0/0","0/0","0/0","0/0","0/0","0/0","0/0","0/0","0/0","0/0","0/0","0/0","0/0","0/0","0/0","0/0","0/0","0/0","0/0","0/0","0/0","0/0","0/0","0/0","0/0","0/0","0/0","0/0","0/0","0/0","0/0","0/0","0/0","0/0","0/0","0/0","0/0","0/0","0/0","0/0","0/0","0/0","0/0","0/0","0/0","0/0","0/0","0/0","0/0","0/0","0/0","0/0","0/0","0/0","0/0","0/0","0/0","0/0","0/0","0/0","0/0","0/0","0/0","0/0","0/0","0/0","0/0","0/0","0/0","0/0","0/0","0/0","0/0","0/0","0/1","0/0","0/0","0/0","0/0","0/0","0/0","0/0","0/0","0/1","0/0","0/0","0/0","0/0","0/0","0/0","0/0","0/0","0/0","0/0","0/0","0/0","0/0","0/0","0/0","0/0","0/0","0/0","0/0","0/0","0/1","0/0","0/1","0/0","0/0","0/0","0/1","0/0","0/0","0/0","0/0","0/0","0/0","0/0","0/0","0/0","0/0","0/0","0/0","0/0","0/0","0/0","0/0","0/0","0/0","0/0","0/0","0/0","0/0","0/0","0/0","0/0","0/0","0/0","0/0","0/0"
"chr5:178017127_TCCG/T_COL23A1","0/0","0/0","0/0","0/0","0/0","0/0","0/0","0/0","0/0","0/0","0/1","0/0","0/0","0/0","0/0","0/0","0/0","0/1","0/0","0/0","0/0","0/0","0/0","0/0","0/0","0/0","0/0","0/0","0/0","0/0","0/0","0/0","0/0","0/0","0/0","0/0","0/0","0/0","0/0","0/0","0/0","0/0","0/0","0/0","0/0","0/0","0/0","0/0","0/0","0/0","0/0","0/0","0/0","0/0","0/0","0/0","0/0","0/0","0/0","0/0","0/0","0/0","0/0","0/0","0/0","0/0","0/0","0/0","0/0","0/0","0/0","0/0","0/0","0/0","0/0","0/0","0/0","0/0","0/0","0/0","0/0","0/0","0/0","0/0","0/0","0/0","0/0","0/0","0/0","0/0","0/0","0/0","0/0","0/0","0/0","0/0","0/0","0/0","0/0","0/0","0/0","0/0","0/0","0/0","0/0","0/0","0/0","0/0","0/0","0/0","0/0","0/0","0/0","0/0","0/0","0/0","0/0","0/0","0/0","0/0","0/0","0/0","0/0","0/0","0/0","0/0","0/0","0/0","0/0","0/0","0/0","0/0","0/0","0/0","0/0","0/0","0/0","0/0","0/0","0/0","0/0","0/0","0/0","0/0","0/0","0/0","0/0","0/0","0/0","0/0","0/0",".","0/0"
"chr5:178772228_GGGC/G_ADAMTS2","0/0","0/0","0/0","0/0","0/0","0/0","0/0","0/0","0/0","0/0","0/1","0/0","0/0","0/0","0/0","0/0","0/0","0/0","0/0","0/0","0/0","0/0","0/0","0/0","0/0","0/0","0/0","0/0","0/1","0/0","0/0","0/0","0/0","0/0","0/0","0/0","0/0","0/0","0/0","0/0","0/0","0/0","0/0","0/0","0/0","0/0","0/0","0/0","0/0","0/1","0/0","0/0","0/0","0/0","0/0","0/0","0/0","0/0","0/0","0/0","0/0","0/0","0/0","0/0","0/0","0/0","0/0","0/0","0/0","0/0","0/0","0/0","0/0","0/0","0/0","0/0","0/0","0/0","0/0","0/0","0/0","0/0","0/0","0/0","0/0","0/0","0/0","0/1","0/0","0/0","0/0","0/0","0/0","0/0","0/0","0/0","0/0","0/0","0/0","0/0","0/0","0/0","0/0","0/0","0/0","0/0","0/0","0/0","0/0","0/0","0/0","0/0","0/0","0/0","0/0","0/0","0/0","0/0","0/0","0/0","0/0","0/0","0/0","0/0","0/0","0/0","0/0","0/0","0/0","0/0","0/0","0/0","0/0","0/0","0/0","0/0","0/0","0/0","0/0","0/0","0/0","0/0","0/0","0/0","0/0","0/0","0/0","0/0","0/0","0/0","0/0","0/0","0/0"
"chr5:178772259_GGCA/G_ADAMTS2","0/2","0/2","0/2","0/0","0/0","0/0","0/0","0/0","0/0","0/0","0/0","0/2","0/2","0/2","0/0","0/2","0/2","0/2","0/2","2/2","0/2","0/0","0/0","2/2","0/0","0/0","0/2","0/2","0/2","0/2","0/2","0/2","0/0","2/2","0/2","0/2","0/2","0/0","0/0","0/2","0/0","0/0","0/2","0/0","0/2","2/2","0/2","2/2","0/2","0/2","2/2","2/2","0/2","0/2","0/2","2/2","0/0","0/2","0/2","0/0","0/2","0/0","0/2","0/0","0/0","0/0","0/2","0/2","0/2","0/2","0/0","0/2","0/2","0/1","0/1","0/0","0/0","0/0","0/0","2/2","2/2","0/0","0/2","0/2","0/2","0/2","0/2","0/2","0/0","0/0","0/0","0/2","0/2","0/2","0/2","0/2","0/2","0/0","0/2","2/2","0/2","0/2","0/2","0/2","0/2","0/2","0/2","0/0","0/0","0/2","0/2","0/0","0/0","0/2","0/0","0/2","0/2","0/2","0/0","0/2","0/0","0/0","0/2","0/2","0/0","0/0","0/2","0/2","2/2","2/2","2/2","0/2","0/2","0/2","0/2","0/2","0/2","0/2","0/0","0/2","0/0","0/2","0/2","0/2","0/2","0/2","0/2","0/2","0/2","0/0","0/0","0/0","0/0"
"chr5:179225581_GGAA/G_MGAT4B","0/0","0/0","0/0","0/0","0/0","0/0","0/0","0/0","0/0","0/0","0/0","0/0","0/0","0/0","0/0","0/0","0/0","0/0","0/0","0/0","0/0","0/0","0/0","0/0","0/0","0/0","0/0","0/0","0/0","0/0","0/0","0/0","0/0","0/0","0/0","0/0","0/1","0/0","0/0","0/0","0/0","0/0","0/0","0/0","0/0","0/0","0/0","0/0","0/0","0/0","0/0","0/0","0/0","0/0","0/0","0/0","0/0","0/0","0/0","0/0","0/0","0/0","0/0","0/0","0/0","0/0","0/0","0/0","0/0","0/0","0/0","0/0","0/0","0/0","0/0","0/0","0/0","0/0","0/0","0/0","0/0","0/0","0/0","0/0","0/0","0/0","0/0","0/0","0/0","0/0","0/0","0/0","0/0","0/0","0/0","0/0","0/0","0/0","0/0","0/0","0/0","0/0","0/0","0/0","0/0","0/0","0/0","0/0","0/0","0/0","0/0","0/0","0/0","0/0","0/0","0/0","0/0","0/0","0/0","0/0","0/0","0/0","0/0","0/0","0/0","0/0","0/0","0/0","0/0","0/0","0/0","0/0","0/0","0/0","0/0","0/0","0/0","0/0","0/0","0/0","0/0","0/0","0/0","0/0","0/0","0/0","0/0","0/0","0/0","0/0","0/0","0/0","0/0"
"chr5:180017689_CG/C_SCGB3A1","0/0","0/0","0/0","0/0","0/0","0/0","0/1","0/1","0/1","0/0","0/0","0/0","0/0","0/0","0/0","0/0","0/0","0/0","0/0","0/0","0/0","0/0","0/0","0/0","0/0","0/0","0/0","0/0","0/0","0/0","0/0","0/0","0/0","0/0","0/0","0/0","0/0","0/0","0/0","0/0","0/0","0/0","0/1","0/0","0/0","0/0","0/0","0/0","0/0","0/0","0/0","0/0","0/0","0/1","0/0","0/0","0/0","0/0","0/0","0/0","0/0","0/0","0/0","0/0","0/0","0/0","0/0","0/0","0/0","0/0","0/0","0/0","0/0","0/0","0/0","0/1","0/1","0/0","0/0","0/0","0/0","0/0","0/0","0/0","0/0","0/0","0/0","0/0","0/0","0/0","0/0","0/0","0/0","0/0","0/0","0/0","0/0","0/0","0/0","0/0","0/0","0/0","0/0","0/0","0/0","0/0","0/0","0/0","0/0","0/0","0/0","0/0","0/0","0/0","0/0","0/0","0/0","0/0","0/0","0/0","0/0","0/0","0/0","0/0","0/0","0/0","0/0","0/0","0/0","0/0","0/0","0/0","0/1","0/0","0/1","0/1","0/0","0/0","0/0","0/0","0/0","0/0","0/0","0/0","0/0","0/0","0/0","0/0","0/0","0/0","0/0","0/0","0/0"
"chr5:180046093_GATC/G_FLT4","0/0","0/0","0/0","0/0","0/0","0/0","0/0","0/0","0/0","0/0","0/0","0/0","0/0","0/0","0/0","0/0","0/0","0/0","0/0","0/0","0/0","0/0","0/0","0/0","0/0","0/0","0/0","0/0","0/0","0/0","0/0","0/0","0/1","0/0","0/0","0/0","0/0","0/0","0/0","0/0","0/0","0/0","0/0","0/0","0/0","0/0","0/0","0/0","0/0","0/0","0/0","0/0","0/0","0/0","0/0","0/0","0/0","0/0","0/0","0/0","0/0","0/0","0/0","0/0","0/0","0/0","0/0","0/0","0/0","0/0","0/0","0/0","0/0","0/0","0/0","0/0","0/0","0/0","0/0","0/0","0/0","0/0","0/0","0/0","0/0","0/0","0/0","0/0","0/0","0/0","0/0","0/0","0/0","0/0","0/0","0/0","0/0","0/0","0/0","0/0","0/0","0/0","0/0","0/0","0/0","0/0","0/0","0/0","0/0","0/0","0/0","0/0","0/0","0/0","0/0","0/0","0/0","0/0","0/0","0/0","0/0","0/0","0/0","0/0","0/0","0/0","0/0","0/0","0/0","0/0","0/0","0/0","0/0","0/0","0/0","0/0","0/0","0/0","0/0","0/0","0/0","0/0","0/0","0/0","0/0","0/0","0/0","0/0","0/0","0/0","0/0","0/0","0/0"
"chr5:180048637_CG/C_FLT4","0/0","0/0","0/0","0/0","0/0","0/0","0/0","0/0","0/0","0/0","0/0","0/0","0/0","0/0","0/0","0/0","0/0","0/0","0/0","0/0","0/0","0/0","0/0","0/0","0/0","0/0","0/0","0/0","0/0","0/0","0/0","0/0","0/0","0/0","0/0","0/0","0/1","0/0","0/0","0/0","0/0","0/0","0/0","0/0","0/0","0/0","0/0","0/0","0/0","0/0","0/0","0/0","0/0","0/0","0/0","0/0","0/0","0/0","0/0","0/0","0/0","0/0","0/0","0/0","0/0","0/0","0/0","0/0","0/0","0/0","0/0","0/0","0/0","0/0","0/0","0/0","0/0","0/0","0/0","0/0","0/0","0/0","0/0","0/0","0/0","0/0","0/0","0/0","0/0","0/0","0/0","0/0","0/0","0/0","0/0","0/0","0/0","0/0","0/0","0/0","0/0","0/0","0/0","0/0","0/0","0/0","0/0","0/0","0/0","0/0","0/0","0/0","0/0","0/0","0/0","0/0","0/0","0/0","0/0","0/0","0/0","0/0","0/0","0/0","0/0","0/0","0/0","0/0","0/0","0/0","0/0","0/0","0/0","0/0","0/0","0/0","0/0","0/0","0/0","0/0","0/0","0/0","0/0","0/0","0/0","0/0","0/0","0/0","0/0","0/0","0/0","0/0","0/0"
"chr5:180582256_TTGTC/T_OR2V2","0/0","0/0","0/0","0/0","0/0","0/0","0/0","0/0","0/0","0/0","0/0","0/0","0/0","0/0","0/0","0/0","0/0","0/0","0/0","0/0","0/0","0/0","0/0","0/1","0/0","0/0","0/0","0/0","0/0","0/0","0/0","0/0","0/0","0/0","0/0","0/0","0/0","0/0","0/0","0/0","0/0","0/0","0/0","0/1","0/0","0/0","0/0","0/0","0/0","0/0","0/1","0/0","0/0","0/0","0/0","0/0","0/1","0/0","0/0","0/0","0/0","0/0","0/0","0/0","0/0","0/0","0/1","0/0","0/0","0/1","0/0","0/0","0/0","0/0","0/0","0/0","0/0","0/0","0/0","0/0","0/0","0/0","0/1","0/0","0/0","0/0","0/0","0/0","0/0","0/0","0/0","0/0","0/0","0/0","0/0","0/0","0/0","0/0","0/0","0/0","0/0","0/0","0/0","0/1","0/1","0/0","0/0","0/0","0/0","0/0","0/0","0/0","0/0","0/0","0/0","0/0","0/0","0/0","0/0","0/0","0/0","0/0","0/0","0/0","0/0","0/0","0/0","0/0","0/0","0/0","0/0","0/0","0/0","0/0","0/0","0/0","0/0","0/0","0/0","0/0","0/0","0/0","0/0","0/0","0/0","0/0","0/0","0/0","0/0","0/0","0/0","0/0","0/0"
"chr5:180687428_CTCT/C_TRIM52","0/1","0/1","0/1","0/1","0/0","0/0","0/1","0/1","0/1","1/1","1/1","1/1","0/1","0/1","0/0","0/1","0/0","0/0","0/1","0/0","0/1","0/1","0/0","0/1","0/0","0/0","0/1","0/0","0/0","0/1","0/1","0/0","0/0","0/0","0/0","0/1","1/1","0/1","0/1","0/1","0/1","1/1","1/1","0/1","0/0","0/0","0/1","0/1","1/1","0/0","0/1","0/1","0/1","0/1","0/0","0/1","1/1","0/1","0/1","0/0","0/0","0/1","0/0","0/0","0/0","0/0","1/1","0/0","0/0","1/1","0/0","0/0","0/0","0/1","0/1","0/1","0/1","0/0","0/0","1/1","1/1","0/1","0/1","0/1","0/1","0/0","0/0","0/0","1/1","1/1","0/1","0/0","0/0","0/1","0/1","0/1","0/0","0/1","0/1","0/1","0/1","0/1","0/1","1/1","1/1","0/0","0/0","0/1","0/1","0/1","0/1","0/1","0/1","0/1","0/1","0/1","0/1","0/0","0/0","0/0","0/0","0/0","0/1","0/0","0/1","0/1","0/1","0/1","0/1","0/1","0/1","1/1","0/0","0/0","0/0","0/0","0/0","0/0","1/1","1/1","1/1","1/1","1/1","1/1","1/1","1/1","1/1","1/1","1/1","0/1","0/1","0/1","0/1"
"chr6:576865_T/TGTGCAGGC_EXOC2","0/0","0/0","0/0","0/0","0/0","0/0","0/0","0/0","0/0","0/0","0/0","0/0","0/0","0/0","0/0","0/0","0/0","0/0","0/0","0/0","0/0","0/0","0/0","0/0","0/0","0/0","0/0","0/0","0/0","0/0","0/0","0/0","0/0","0/0","0/0","0/0","0/0","0/0","0/0","0/0","0/0","0/0","0/0","0/0","0/0","0/0","0/0","0/0","0/0","0/0","0/0","0/0","0/0","0/0","0/0","0/0","0/0","0/0","0/0","0/0","0/0","0/1","0/0","0/0","0/0","0/0","0/0","0/0","0/0","0/0","0/0","0/0","0/0","0/0","0/0","0/0","0/0","0/0","0/0","0/0","0/0","0/0","0/0","0/0","0/0","0/0","0/0","0/0","0/0","0/0","0/0","0/0","0/0","0/0","0/0","0/0","0/0","0/0","0/0","0/0","0/0","0/0","0/0","0/0","0/0","0/0","0/0","0/0","0/0","0/0","0/0","0/0","0/0","0/0","0/0","0/0","0/0","0/0","0/0","0/0","0/0","0/0","0/0","0/0","0/0","0/0","0/0","0/0","0/0","0/0","0/0","0/0","0/0","0/0","0/0","0/0","0/0","0/0","0/0","0/0","0/0","0/0","0/0","0/0","0/0","0/0","0/0","0/0","0/0","0/0","0/0","0/0","0/0"
"chr6:1390276_CCCG/CCCGCCG_FOXF2","0/0","0/0","0/0","0/0","0/1","1/1","0/0","0/0","0/0","0/1","0/0","1/1","0/1","0/0","0/0","0/0","0/2","0/0","0/0","0/0","0/0","0/1","0/1","0/0","0/0","0/0","0/0","0/1","0/0","0/0","0/0","0/1","0/0","0/0","0/0","0/0","0/1","0/0","0/0","0/0","0/0","0/0","0/0","0/1","0/0","0/0","0/0","0/0","0/0","0/0","1/1","0/0","0/0","0/0","0/0","0/0","0/0","0/0","1/1","0/1","0/0","0/0","0/0","0/0","0/2","0/0","0/0","0/0","0/0","0/0","0/0","0/0","0/0","0/2","0/0","0/0","0/0","0/1","0/1","0/1","1/1","0/0","1/1","0/0","0/0","0/0","0/0","0/0","0/0","0/0","0/0","0/2","0/0","0/0","0/0","0/0","0/0","0/0","0/1","0/1","0/0","0/0","0/0","1/1","1/1","0/0","0/0","0/0","0/0","0/0","0/0","0/1","0/1","0/0","0/0","0/0","0/0","0/0","0/0","0/0","0/0","0/0","0/0","0/0","0/0","0/0","0/0","0/0","0/0","0/2","0/0","0/0","0/0","0/0","0/2","0/0","0/2","0/0","0/0","0/0","0/0","0/0","0/0","0/0","0/0","0/0","0/0","0/0","0/0","0/0","0/0","0/0","0/0"
"chr6:1390977_TCAC/T_FOXF2","0/0","0/0","0/0","0/0","0/0","0/0","0/0","0/0","0/0","0/0","0/0","0/0","0/0","0/0","0/0","0/0","0/0","0/0","0/0","0/0","0/0","0/0","0/0","0/0","0/0","0/0","0/0","0/0","0/0","0/0","0/0","0/0","0/0","0/0","0/0","0/0","0/0","0/0","0/0","0/0","0/0","0/0","0/0","0/0","0/0","0/0","0/0","0/0","0/0","0/0","0/0","0/0","0/0","0/0","0/0","0/0","0/0","0/0","0/0","0/0","0/0","0/0","0/0","0/0","0/0","0/0","0/0","0/0","0/0","0/0","0/0","0/0","0/0","0/0","0/0","0/0","0/0","0/0","0/0","0/0","0/0","0/0","0/0","0/0","0/0","0/0","0/0","0/0","0/0","0/0","0/0","0/0","0/0","0/0","0/0","0/0","0/0","0/0","0/0","0/0","0/0","0/0","0/0","0/0","0/0","0/0","0/0","0/0","0/0","0/0","0/0","0/0","0/0","0/0","0/0","0/0","0/0","0/0","0/0","0/0","0/0","0/0","0/0","0/0","0/0","0/0","0/0","0/1","0/0","0/0","0/0","0/0","0/0","0/0","0/0","0/0","0/0","0/0","0/0","0/0","0/0","0/0","0/0","0/0","0/0","0/0","0/0","0/0","0/0","0/0","0/0","0/0","0/0"
"chr6:1391085_G/GGGC_FOXF2","1/1","1/1","1/1","0/1","1/1","1/1","1/1","1/1","1/1","0/1","1/1","1/1","1/1","0/0","1/1","1/1","1/1","1/1","1/1","1/1","1/1","1/1","1/1","1/1","1/1","1/1","1/1","1/1","1/1","1/1","0/1","1/1","1/1","1/1","1/1","1/1","1/1","1/1","0/1","1/1","1/1","1/1","0/1","1/1","0/0","1/1","0/1","1/1","1/1","1/1","1/1","1/1","1/1","1/1","1/1","1/1","1/1","1/1","1/1","1/1","1/1","0/1","1/1","1/1","1/1","1/1","1/1","0/1","0/1","1/1","1/1","1/1","1/1","1/1","1/1","1/1","1/1","1/1","1/1","1/1","1/1","1/1","1/1","1/1","1/1","1/1","1/1","1/1","1/1","1/1","1/1","1/1","1/1","0/1","0/1","1/1","1/1","1/1","1/1","1/1","1/1","1/1","1/1","1/1","1/1","0/1","1/1","0/1","0/1","1/1","1/1","1/1","0/1","1/1","0/1","1/1","1/1","1/1","1/1","1/1","1/1","1/1","1/1","1/1","0/1","0/1","1/1","1/1","1/1","1/1","1/1","1/1","1/1","0/1","1/1","0/1","0/1","0/1","1/1","1/1","1/1","0/1","1/1","1/1","1/1","1/1","1/1","1/1","1/1","1/1","1/1","1/1","1/1"
"chr6:1611802_G/GGGC_FOXC1","0/1","0/1","0/1","1/1","0/1","1/1","0/1","0/1","0/1","0/1","1/1","1/1","0/1","0/1","0/1","1/1","1/1","0/1","0/1","1/1","0/1","1/1","1/1","0/1","0/1","1/1","0/1","1/1","0/1","0/1","1/1","1/1","0/1","0/1","1/1","1/1","0/1","1/1","0/0","1/1","0/1","1/2","1/1","0/1","1/1","1/1","0/1","1/1","0/1","0/1","0/1","1/1","0/0","0/1","0/1","0/1","1/1","0/1","1/1","0/1","0/0","0/1","1/1","1/1","1/1","0/1","0/1","0/0","0/0","0/1","0/1","1/1","1/1","1/1","1/1","1/1","1/1","0/1","0/1","1/1","1/1","0/1","0/1","1/1","1/1","0/1","0/1","1/1","1/1","1/1","0/1","1/1","1/1","1/1","1/1","0/1","1/1","0/0","0/1","0/1","0/1","0/1","0/1","1/1","0/1","0/1","0/1","1/1","1/1","0/1","1/1","1/1","1/1","0/0","1/1","0/1","0/1","0/1","0/1","0/1","0/1","0/1","0/1","0/1","1/1","1/1","0/1","0/1","0/1","1/1","1/1","0/1","0/1","1/1","0/1","0/1","0/1","1/1","0/0","0/0","0/0","0/1","0/1","0/1","0/1","0/1","1/1","1/1","1/1","1/1","1/1","1/1","1/1"
"chr6:1612017_ACGGCGG/ACGGCGGCGG_FOXC1","0/1","0/1","0/1","0/1","0/0","0/0","0/0","0/0","0/0","0/0","0/1","0/1","0/1","1/1","0/1","0/0","1/1","0/1","0/1","1/1","0/1","1/1","0/0","0/1","0/2","0/0","0/0","0/0","0/0","0/1","0/1","0/1","0/0","0/0","0/0","0/0","0/1","0/0","0/0","1/1","0/1","0/1","0/0","0/1","0/1","0/1","0/1","0/1","0/1","0/1","0/1","0/0","0/1","0/0","0/1","0/0","0/1","0/0","0/0","0/0","0/0","0/0","0/1","0/1","0/1","0/1","0/1","0/0","0/0","0/1","0/1","0/0","0/0","0/1","0/1","1/1","1/1","0/1","0/1","0/1","0/1","0/1","0/1","0/1","0/1","0/1","0/1","1/1","1/1","0/1","0/1","0/1","0/1","0/1","0/1","0/1","1/1","0/1","0/0","0/0","0/0","0/1","0/0","0/0","0/0","0/1","0/1","0/1","0/1","0/1","0/1","0/1","0/1","0/1","0/1","0/1","0/1","0/1","0/1","0/1","0/1","0/1","0/1","0/1","0/1","0/1","0/1","0/1","0/1","0/1","0/1","0/1","0/1","0/1","0/1","0/1","0/1","0/1","0/0","0/0","0/0","0/1","0/1","0/1","0/1","0/1","0/1","0/1","0/1","0/0","0/0","0/0","0/0"
"chr6:7393449_TGAC/T_RIOK1","0/0","0/0","0/0","0/0","0/0","0/0","0/0","0/0","0/0","0/0","0/0","0/0","0/0","0/0","0/0","0/0","0/0","0/0","0/0","0/0","0/0","0/0","0/0","0/0","0/0","0/0","0/0","0/0","0/0","0/0","0/0","0/0","0/0","0/0","0/0","0/0","0/0","0/0","0/0","0/0","0/0","0/0","0/0","0/0","0/0","0/0","0/0","0/0","0/0","0/0","0/0","0/0","0/0","0/0","0/0","0/0","0/0","0/0","0/0","0/0","0/0","0/0","0/0","0/0","0/0","0/0","0/0","0/0","0/0","0/0","0/0","0/0","0/0","0/0","0/0","0/0","0/0","0/0","0/0","0/0","0/0","0/0","0/0","0/0","0/0","0/0","0/0","0/0","0/0","0/1","0/0","0/0","0/0","0/0","0/0","0/0","0/0","0/0","0/0","0/0","0/0","0/0","0/0","0/0","0/0","0/0","0/0","0/0","0/0","0/0","0/0","0/0","0/0","0/0","0/0","0/0","0/0","0/0","0/0","0/0","0/0","0/0","0/0","0/0","0/0","0/0","0/0","0/0","0/0","0/0","0/0","0/0","0/0","0/0","0/0","0/0","0/0","0/0","0/0","0/0","0/0","0/0","0/0","0/0","0/0","0/0","0/0","0/0","0/0","0/0","0/0","0/0","0/0"
"chr6:7727522_G/GAGC_BMP6","0/1","0/1","0/1","0/1","0/0","0/0","0/0","0/0","0/0","0/0","0/0","0/1","0/1","0/0","0/0","0/1","0/0","1/1","0/0","0/0","0/1","0/0","0/0","0/0","0/0","0/0","0/0","0/0","0/0","0/0","0/0","0/0","0/0","0/0","0/0","0/0","0/1","0/0","0/0","0/0","0/1","0/0","0/0","0/1","0/1","0/0","0/0","0/0","0/0","0/1","0/0","0/1","0/1","0/0","0/1","0/0","0/0","1/1","0/1","0/1","0/0","0/1","0/0","0/0","0/0","0/1","0/0","0/0","0/0","0/0","0/1","0/1","0/1","0/0","0/0","0/1","0/1","0/0","0/0","0/0","0/0","0/0","0/0","0/1","0/1","0/1","0/1","0/1","0/0","0/0","0/1","0/0","0/0","0/0","0/0","0/1","0/1","0/0","0/0","0/0","0/1","0/0","0/1","0/0","0/0","0/0","0/0","0/0","0/0","0/0","0/1","0/1","0/1","0/0","0/1","0/0","0/0","0/1","0/0","0/1","0/0","0/0","0/0","0/1","0/1","0/1","0/0","0/0","0/0","0/0","0/0","0/0","0/0","0/0","0/0","0/0","0/0","0/0","0/1","0/1","0/1","0/0","0/0","0/0","0/0","0/0","0/1","0/1","0/1","0/1","0/1","0/1","0/1"
"chr6:10400752_AGCTACT/A_TFAP2A","0/0","0/0","0/0","0/0","0/0","0/0","0/0","0/0","0/0","0/0","0/0","0/0","0/0","0/0","0/0","0/0","0/0","0/0","0/0","0/0","0/0","0/0","0/0","0/0","0/0","0/0","0/0","0/0","0/0","0/0","0/0","0/0","0/0","0/0","0/0","0/0","0/0","0/0","0/0","0/0","0/0","0/0","0/0","0/0","0/0","0/0","0/0","0/0","0/0","0/0","0/0","0/0","0/0","0/0","0/0","0/0","0/0","0/0","0/0","0/0","0/0","0/0","0/0","0/0","0/0","0/0","0/0","0/0","0/0","0/0","0/0","0/0","0/0","0/0","0/0","0/0","0/0","0/0","0/0","0/0","0/0","0/0","0/0","0/0","0/0","0/0","0/0","0/0","0/0","0/0","0/1","0/0","0/0","0/0","0/0","0/0","0/0","0/0","0/0","0/0","0/0","0/0","0/0","0/0","0/0","0/0","0/0","0/0","0/0","0/0","0/0","0/0","0/0","0/0","0/0","0/0","0/0","0/0","0/0","0/0","0/0","0/0","0/0","0/0","0/0","0/0","0/0","0/0","0/0","0/0","0/0","0/0","0/0","0/0","0/0","0/0","0/0","0/0","0/0","0/0","0/0","0/0","0/0","0/0","0/0","0/0","0/0","0/0","0/0","0/0","0/0","0/0","0/0"
"chr6:10407036_TAC/T_TFAP2A","0/0","0/0","0/0","0/0","0/0","0/0","0/0","0/0","0/0","0/0","0/0","0/0","0/0","0/0","0/0","0/0","0/0","0/0","0/0","0/0","0/0","0/0","0/0","0/0","0/0","0/0","0/0","0/0","0/0","0/0","0/0","0/0","0/0","0/0","0/0","0/0","0/1","0/0","0/0","0/0","0/0","0/0","0/0","0/0","0/0","0/0","0/0","0/0","0/0","0/0","0/0","0/0","0/0","0/0","0/0","0/0","0/0","0/0","0/0","0/0","0/0","0/0","0/0","0/0","0/0","0/0","0/0","0/0","0/0","0/0","0/0","0/0","0/0","0/0","0/0","0/0","0/0","0/0","0/0","0/0","0/0","0/0","0/0","0/0","0/0","0/0","0/0","0/0","0/0","0/0","0/0","0/0","0/0","0/0","0/0","0/0","0/0","0/0","0/0","0/0","0/0","0/0","0/0","0/0","0/0","0/0","0/0","0/0","0/0","0/0","0/0","0/0","0/0","0/0","0/0","0/0","0/0","0/0","0/0","0/0","0/0","0/0","0/0","0/0","0/0","0/0","0/0","0/0","0/0","0/0","0/0","0/0","0/0","0/0","0/0","0/0","0/0","0/0","0/0","0/0","0/0","0/0","0/0","0/0","0/0","0/0","0/0","0/0","0/0","0/0","0/0","0/0","0/0"
"chr6:13206134_TG/T_PHACTR1","0/0","0/0","0/0","0/0","0/0","0/0","0/0","0/0","0/0","0/0","0/0","0/0","0/0","0/0","0/0","0/0","0/0","0/0","0/0","0/0","0/0","0/0","0/0","0/0","0/0","0/0","0/0","0/0","0/0","0/0","0/0","0/0","0/0","0/0","0/0","0/0","0/1","0/0","0/0","0/0","0/0","0/0","0/0","0/0","0/0","0/0","0/0","0/0","0/0","0/0","0/0","0/0","0/0","0/0","0/0","0/0","0/0","0/0","0/0","0/0","0/0","0/0","0/0","0/0","0/0","0/0","0/0","0/0","0/0","0/0","0/0","0/0","0/0","0/0","0/0","0/0","0/0","0/0","0/0","0/0","0/0","0/0","0/0","0/0","0/0","0/0","0/0","0/0","0/0","0/0","0/0","0/0","0/0","0/0","0/0","0/0","0/0","0/0","0/0","0/0","0/0","0/0","0/0","0/0","0/0","0/0","0/0","0/0","0/0","0/0","0/0","0/0","0/0","0/0","0/0","0/0","0/0","0/0","0/0","0/0","0/0","0/0","0/0","0/0","0/0","0/0","0/0","0/0","0/0","0/0","0/0","0/0","0/0","0/0","0/0","0/0","0/0","0/0","0/0","0/0","0/0","0/0","0/0","0/0","0/0","0/0","0/0","0/0","0/0","0/0","0/0","0/0","0/0"
"chr6:13281216_C/CTG_LOC100130357","0/0","0/0","0/0","0/0","0/0","0/0","0/0","0/0","0/0","0/0","0/0","0/0","0/0","0/0","0/0","0/0","0/0","0/0","0/0","0/0","0/0","0/0","0/0","0/0","0/0","0/0","0/0","0/0","0/0","0/0","0/0","0/0","0/0","0/0","0/0","0/0","0/0","0/0","0/0","0/0","0/0","0/0","0/0","0/0","0/0","0/0","0/0","0/0","0/0","0/0","0/0","0/0","0/0","0/0","0/0","0/0","0/0","0/0","0/0","0/0","0/0","0/0","0/0","0/0","0/0","0/0","0/0","0/0","0/0","0/0","0/0","0/0","0/0","0/0","0/0","0/0","0/0","0/0","0/0","0/0","0/0","0/0","0/0","0/0","0/0","0/0","0/0","0/0","0/0","0/0","0/0","0/0","0/0","0/0","0/0","0/0","0/0","0/0","0/0","0/0","0/0","0/0","0/0","0/0","0/0","0/0","0/0","0/1","0/1","0/0","0/0","0/0","0/0","0/0","0/0","0/0","0/0","0/0","0/0","0/0","0/0","0/0","0/0","0/0","0/0","0/0","0/0","0/0","0/0","0/0","0/0","0/0","0/0","0/0","0/0","0/0","0/0","0/0","0/0","0/0","0/0","0/0","0/0","0/0","0/0","0/0","0/0","0/0","0/0","0/0","0/0","0/0","0/0"
"chr6:13470805_AT/A_GFOD1","0/0","0/0","0/0","0/0","0/0","0/0","0/0","0/0","0/0","0/0","0/0","0/0","0/0","0/0","0/0","0/0","0/0","0/0","0/0","0/0","0/0","0/0","0/0","0/0","0/0","0/0","0/0","0/0","0/0","0/0","0/0","0/0","0/0","0/0","0/0","0/0","0/1","0/0","0/0","0/0","0/0","0/0","0/0","0/0","0/0","0/0","0/0","0/0","0/0","0/0","0/0","0/0","0/0","0/0","0/0","0/0","0/0","0/0","0/0","0/0","0/0","0/0","0/0","0/0","0/0","0/0","0/0","0/0","0/0","0/0","0/0","0/0","0/0","0/0","0/0","0/0","0/0","0/0","0/0","0/0","0/0","0/0","0/0","0/0","0/0","0/0","0/0","0/0","0/0","0/0","0/0","0/0","0/0","0/0","0/0","0/0","0/0","0/0","0/0","0/0","0/0","0/0","0/0","0/0","0/0","0/0","0/0","0/0","0/0","0/0","0/0","0/0","0/0","0/0","0/0","0/0","0/0","0/0","0/0","0/0","0/1","0/0","0/0","0/0","0/0","0/0","0/0","0/0","0/0","0/0","0/0","0/0","0/0","0/0","0/0","0/0","0/0","0/0","0/0","0/0","0/0","0/0","0/0","0/0","0/0","0/0","0/0","0/0","0/0","0/0","0/0","0/0","0/0"
"chr6:13711706_T/TGCG_RANBP9","0/0","0/0","0/0","0/0","0/0","0/0",".","0/0","0/0","0/0","0/0","0/0","0/0","1/1","0/0","0/0","0/0","0/0","0/0","0/0","0/0","0/0","0/1","0/0","0/0","0/0","0/0","0/0","0/0","0/0","0/0","0/0","0/1","0/0","0/0","0/0","0/0","0/0","0/0","0/0","0/0","0/0","0/0","0/0","0/0","0/1","0/0","0/0","0/0","0/0","0/0","0/0","0/0","1/1","0/0","0/0","0/0","0/0","0/0","0/0","0/0","0/0","0/1","0/0","0/0","0/0","0/0","0/0","0/0","0/0","0/0","0/0","0/0","0/0","0/0","0/1",".","0/0","0/0","0/0","0/0","0/0","0/0","0/0","0/0","0/0","0/0",".","0/0","0/0","0/0","0/0","0/0","0/0","0/1","0/0","0/0","0/0","0/0","0/0",".","0/0","0/0","0/0","0/0","0/0","0/0",".","0/0","0/0","0/0","0/0","0/0","0/0","0/0","0/0","0/0","0/0","0/0","0/0","0/0","0/0","0/0","0/0","0/0","0/0","0/0","0/0","0/0","0/0","0/0","0/0","0/0","0/0","0/0","0/0","0/0","0/0","0/0","0/0","0/0","0/0","0/0","0/0","0/0","0/0","0/0","0/0","0/1","0/0","0/0","0/0","0/0"
"chr6:16295347_A/AACTC_GMPR","0/0","0/0","0/0","0/0","0/0","0/0","0/0","0/0","0/0","0/0","0/0","0/0","0/0","0/0","0/0","0/0","0/0","0/0","0/0","0/0","0/0","0/0","0/0","0/0","0/0","0/0","0/0","0/0","0/1","0/0","0/0","0/0","0/0","0/0","0/0","0/0","0/0","0/0","0/0","0/0","0/0","0/0","0/0","0/0","0/0","0/0","0/0","0/0","0/1","0/0","0/0","0/0","0/0","0/0","0/0","0/0","0/0","0/0","0/0","0/0","0/1","0/0","0/0","0/0","0/0","0/0","0/0","0/0","0/0","0/0","0/0","0/0","0/0","0/0","0/0","0/0","0/0","0/0","0/0","0/0","0/0","0/0","0/0","0/0","0/0","0/0","0/0","0/0","0/0","0/0","0/0","0/0","0/0","0/0","0/0","0/0","0/0","0/0","0/0","0/0","0/0","0/0","0/0","0/0","0/0","0/0","0/0","0/0","0/0","0/0","0/0","0/0","0/0","0/0","0/0","0/0","0/0","0/0","0/0","0/0","0/0","0/0","0/0","0/0","0/0","0/0","0/0","0/0","0/0","0/0","0/0","0/0","0/0","0/0","0/0","0/0","0/0","0/0","0/0","0/0","0/0","0/0","0/0","0/0","0/0","0/0","0/0","0/0","0/0","0/0","0/0","0/0","0/0"
"chr6:16327864_GTGCTGCTGCTGC/G_ATXN1","0/4","0/2","0/4","0/4","0/0","0/0","0/0","0/0","0/0","0/0","0/2","0/4","0/4","0/2","0/0","0/2","0/4","0/2","0/0","0/0","0/0","0/4","0/0","0/0","0/5","0/5","0/2","0/4","2/4","0/4","0/0","0/0","0/0","0/3","0/0","0/0","0/4","0/2","0/2","0/2","0/0","0/5","0/3","0/4","0/4","0/5","0/2","0/0","0/0","0/0","2/2","0/0","0/0","2/2","3/4","4/5","0/2","0/0","0/5","0/0","0/0","0/0","0/2","0/4","0/4","0/2","0/1","0/0","0/0","0/1","0/2","0/4","0/4","2/3","0/2","0/5","0/0","0/0","0/0","0/2","0/2","0/0","2/2","0/4","0/4","2/5","2/5","2/5","0/0","0/0","0/0","0/4","0/4","0/0","0/0","0/0","2/5","0/0","0/1","0/1","0/5","2/2","0/5","0/0","0/0","2/5","2/5","0/2","0/2","1/2","0/2","1/2","1/2","0/4","0/0","0/0","0/0","0/2","2/4","0/2","2/4","2/4","0/0","0/2","0/0","0/0","0/4","0/4","0/1","0/0","0/0","0/4","0/2","0/4","0/2","0/0","0/4","0/4","0/2","0/2","0/2","0/4","0/4","0/0","0/0","0/0","0/4","0/4","0/4","0/0","0/0","0/0","0/1"
"chr6:16327873_CTGCTGCTGCTGCTGCTGCTGCTGCTGCTGCTGCTGATGCTGA/C_ATXN1","0/1","0/1","0/1","0/1","0/0","0/0","0/0","0/0","0/0","0/0","0/2","0/0","0/0","0/2","0/0","0/0","0/0","0/2","0/0","0/0","0/0","0/0","0/0","0/0","0/0","0/2","0/2","0/0","0/2","0/0","0/0","0/0","0/0","0/0","0/0","0/0","0/0","0/2","0/2","0/2","0/0","0/0","0/0","0/0","0/0","0/0","0/2","0/0","0/0","0/1","2/2","0/0","0/0","2/2","0/0","0/0","0/2","0/0","0/0","0/0","0/0","0/0","0/2","0/0","0/0","0/2","0/2","0/0","0/0","0/2","0/2","0/0","0/0","1/2","0/2","0/0","0/0","0/0","0/0","0/2","0/2","0/0","2/2","0/0","0/0","1/2","1/2","1/2","0/0","0/0","0/0","0/0","0/0","0/0","0/0","0/0","1/2","0/0","0/2","0/2","0/0","2/2","0/0","0/0","0/0","1/2","1/2","0/0","0/0","2/2","0/2","1/2","1/2","0/0","0/0","0/0","0/0","0/2","0/2","0/2","0/0","0/0","0/0","0/2","0/0","0/0","0/0","0/0","0/2","0/2","0/2","0/0","0/2","0/0","0/2","0/0","0/0","0/0","0/2","0/2","0/2","0/0","0/0","0/0","0/0","0/0","0/0","0/0","0/0","0/0","0/0","0/0","0/2"
"chr6:16327915_ATGCTGCTGCTGCTGCTGC/ATGCTGCTGCTGCTGC_ATXN1","0/1","0/0","0/1","0/1","3/3","3/3","0/1","1/1","1/1","0/1","0/2","0/1","0/1","0/3","1/1","0/1","1/2","1/3","3/3","1/1","1/3","0/3","1/3","1/1","1/2","2/3","0/1","0/3","0/4","0/3","1/1","0/3","1/3","0/3","3/3","3/3","0/1","1/3","0/1","0/3","1/3","1/2","0/3","0/1","0/3","1/2","0/3","1/3","3/3","0/1","3/3","1/3","1/3","0/3","0/1","0/2","0/1","0/1","1/2","3/3","1/3","3/3","0/3","0/1","0/1","3/3","1/3","3/3","3/3","1/3","3/3","0/3","0/3","4/4","0/0","1/2","1/2","1/3","1/3","0/1","0/1","1/3","3/3","0/1","0/1","0/2","0/2","0/2","1/1","1/1","1/1","0/3","0/3","1/1","1/2","1/1","0/2","1/1","0/1","0/1","1/2","0/0","1/2","0/3","0/3","0/2","0/2","0/1","0/1","0/0","0/1","0/1","0/1","0/3","1/1","1/3","1/3","0/1","0/0","0/1","0/4","0/4","1/3","0/1","1/1","0/1","0/3","0/3","0/1","0/1","0/1","0/1","0/3","0/3","0/3","0/3","0/3","0/3","0/3","0/3","0/3","0/1","0/1","1/3","1/3","1/3","0/3","0/3","0/3","3/3","3/3","3/3","3/3"
"chr6:16327918_C/A_ATXN1","0/1","0/0","0/1","0/1","0/0","0/0","0/0","0/0","0/0","0/0","0/0","0/0","0/0","0/0","0/0","0/1","0/0","0/1","0/0","3/3","0/0","0/0","0/0","0/0","1/3","0/0","0/1","0/0","0/0","0/0","0/0","0/1","0/1","0/0","0/0","0/0","0/0","0/0","0/0","0/0","1/1","0/0","0/0","0/0","0/0","0/3","0/3","0/1","0/0","0/1","0/0","0/1","0/0","0/3","0/0","0/0","0/1","0/0","0/0","0/0","0/0","0/1","0/0","0/0","0/0","0/0","1/3","0/0","0/0","1/3","0/0","0/1","0/0","0/0","0/0","0/1","0/1","1/1","1/1","0/1","0/1","0/2","0/0","0/0","0/0","0/0","0/0","0/0","0/1","0/1","0/0","0/0","0/0","0/0","0/0","1/1","0/0","0/0","0/0","0/1","0/3","0/0","0/0","0/0","0/0","0/0","0/0","0/1","0/1","0/0","0/0","0/3","0/3","0/0","1/1","0/1","0/1","0/1","0/0","0/1","0/0","0/0","1/1","0/1","0/0","0/0","0/0","0/0","1/3","0/3","0/3","0/0","0/0","0/0","0/0","0/0","0/0","0/0","0/1","0/0","0/0","0/0","0/0","0/0","1/1","1/1","0/0","0/0","0/0","1/1","0/0","0/0","1/3"
"chr6:18122225_CA/C_NHLRC1","0/0","0/0","0/0","0/0","0/0","0/0","0/0","0/0","0/0","0/0","0/0","0/0","0/0","0/0","0/0","0/0","0/0","0/0","0/0","0/0","0/0","0/0","0/0","0/0","0/0","0/0","0/0","0/0","0/0","0/0","0/0","0/0","0/0","0/0","0/0","0/0","0/1","0/0","0/0","0/0","0/0","0/0","0/0","0/0","0/0","0/0","0/0","0/0","0/0","0/0","0/0","0/0","0/0","0/0","0/0","0/0","0/0","0/0","0/0","0/0","0/0","0/0","0/0","0/0","0/0","0/0","0/0","0/0","0/0","0/0","0/0","0/0","0/0","0/0","0/0","0/0","0/0","0/0","0/0","0/0","0/0","0/0","0/0","0/0","0/0","0/0","0/0","0/0","0/0","0/0","0/0","0/0","0/0","0/0","0/0","0/0","0/0","0/0","0/0","0/0","0/0","0/0","0/0","0/0","0/0","0/0","0/0","0/0","0/0","0/0","0/0","0/0","0/0","0/0","0/0","0/0","0/0","0/0","0/0","0/0","0/0","0/0","0/0","0/0","0/0","0/0","0/0","0/0","0/0","0/0","0/0","0/0","0/0","0/0","0/0","0/0","0/0","0/0","0/0","0/0","0/0","0/0","0/0","0/0","0/0","0/0","0/0","0/0","0/0","0/0","0/0","0/0","0/0"
"chr6:20402833_AGCG/A_E2F3","0/0","0/0","0/0","0/0","0/0","0/0","0/0","0/0","0/0","0/0","0/0","0/1","0/0","0/0","0/0","0/0","0/0","0/0","0/0","0/0","0/0","0/0","0/0","0/0","0/0","0/0","0/0","0/0","0/0","0/0","0/0","0/0","0/0","0/0","0/0","0/0","0/0","0/0","0/0","0/0","0/0","0/0","0/0","0/0","0/0","0/0","0/0","0/0","0/0","0/0","0/0","0/0","0/0","0/0","0/0","0/0","0/0","0/0","0/0","0/0","0/0","0/0","0/0","0/0","0/0","0/0","0/0","0/0","0/0","0/0","0/0","0/0","0/0","0/0","0/0","0/0","0/0","0/0","0/0","0/0","0/0","0/0","0/0","0/0","0/0","0/0","0/0","0/0","0/0","0/0","0/0","0/0","0/0","0/0","0/0","0/0","0/0","0/0","0/0","0/0","0/0","0/0","0/0","0/0","0/0","0/0","0/0","0/0","0/0","0/0","0/0","0/0","0/0","0/0","0/0","0/0","0/0","0/0","0/0","0/0","0/0","0/0","0/0","0/0","0/0","0/0","0/0","0/0","0/0","0/0","0/0","0/0","0/0","0/0","0/0","0/0","0/0","0/0","0/0","0/0","0/1","0/0","0/0","0/0","0/0","0/0","0/0","0/0","0/0","0/1","0/0","0/0","0/0"
"chr6:21595563_CGCCTCGGCCTCCGCCTCCTCGGCA/C_SOX4","0/0","0/0","0/0","0/0","0/0","0/0","0/0","0/0","0/0","0/0","0/0","0/0","0/0","0/0","0/0","0/0","0/0","0/0","0/0","0/0","0/0","0/0","0/0","0/0","0/0","0/0","0/0","0/0","0/0","0/0","0/0","0/0","0/0","0/0","0/0","0/0","0/0","0/0","0/0","0/0","0/0","0/0","0/0","0/0","0/0","0/0","0/1","0/0","0/0","0/0","0/0","0/0","0/0","0/0","0/0","0/0","0/0","0/0","0/0","0/0","0/0","0/0","0/0","0/0","0/0","0/0","0/0","0/0","0/0","0/0","0/0","0/0","0/0","0/0","0/0","0/0","0/0","0/0","0/0","0/0","0/0","0/0","0/0","0/0","0/0","0/0","0/0","0/0","0/0","0/0","0/0","0/0","0/0","0/0","0/0","0/0","0/0","0/0","0/0","0/0","0/0","0/0","0/0","0/0","0/0","0/0","0/0","0/0","0/0","0/0","0/0","0/0","0/0","0/0","0/0","0/0","0/0","0/0","0/0","0/0","0/0","0/0","0/0","0/0","0/0","0/0","0/0","0/0","0/0","0/0","0/0","0/0","0/0","0/0","0/0","0/0","0/0","0/0","0/0","0/0","0/0","0/0","0/0","0/0","0/0","0/0","0/0","0/0","0/0","0/0","0/0","0/0","0/0"
"chr6:22570346_G/GGGC_HDGFL1","0/0","0/0","0/0","0/0","0/0","0/0","0/0","0/0","0/0","0/0","0/0","0/0","0/0","0/0","0/0","0/0","0/0","0/0","0/0","0/0","0/0","0/0","0/0","0/0","0/1","0/0","0/0","0/0","0/0","0/0","0/1","0/0","0/0","0/0","0/0","0/0","0/0","0/0","0/0","0/0","0/0","0/0","0/0","0/0","0/0","0/0","0/0","0/0","0/0","0/0","0/0","0/0","0/0","0/0","0/0","0/0","0/0","0/0","0/0","0/0","0/0","0/0","0/0","0/0","0/0","0/0","0/0","0/0","0/0","0/0","0/0","0/0","0/0","0/0","0/0","0/0","0/0","0/0","0/0","0/0","0/0","0/0","0/0","0/0","0/0","0/0","0/0","0/0","0/0","0/0","0/0","0/0","0/0","0/0","0/0","0/0","0/0","0/0","0/0","0/0","0/0","0/0","0/0","0/0","0/0","0/0","0/0","0/0","0/0","0/0","0/0","0/0","0/0","0/1","0/0","0/0","0/0","0/0","0/0","0/0","0/0","0/0","0/0","0/0","0/0","0/0","0/1","0/1","0/0","0/0","0/0","0/0","0/0","0/0","0/0","0/0","0/0","0/0","0/0","0/0","0/0","0/0","0/0","0/0","0/0","0/0","0/0","0/0","0/0","0/0","0/0","0/0","0/0"
"chr6:25762226_G/GT_SLC17A4","0/0","0/0","0/0","0/0","0/0","0/0","0/0","0/0","0/0","0/0","0/0","0/0","0/0","0/0","0/0","0/0","0/0","0/0","0/0","0/0","0/0","0/0","0/0","0/0","0/0","0/0","0/0","0/0","0/0","0/0","0/0","0/0","0/0","0/0","0/0","0/0","0/0","0/0","0/0","0/0","0/0","0/0","0/0","0/0","0/0","0/0","0/0","0/0","0/0","0/0","0/0","0/0","0/0","0/0","0/0","0/0","0/0","0/0","0/0","0/0","0/0","0/0","0/0","0/0","0/0","0/0","0/0","0/0","0/0","0/0","0/0","0/0","0/0","0/0","0/0","0/0","0/0","0/0","0/0","0/0","0/0","0/0","0/0","0/0","0/0","0/0","0/0","0/0","0/0","0/0","0/0","0/0","0/0","0/0","0/0","0/0","0/0","0/0","0/0","0/0","0/0","0/0","0/0","0/0","0/0","0/0","0/0","0/0","0/0","0/0","0/0","0/0","0/0","0/1","0/0","0/0","0/0","0/0","0/0","0/0","0/0","0/0","0/0","0/0","0/0","0/0","0/1","0/1","0/0","0/0","0/0","0/0","0/0","0/0","0/0","0/0","0/0","0/0","0/0","0/0","0/0","0/0","0/0","0/0","0/0","0/0","0/0","0/0","0/0","0/0","0/0","0/0","0/0"
"chr6:26234606_CT/C_HIST1H1D","0/0","0/0","0/0","0/0","0/0","0/0","0/0","0/0","0/0","0/0","0/0","0/0","0/0","0/0","0/0","0/0","0/0","0/0","0/0","0/0","0/0","0/0","0/0","0/0","0/0","0/0","0/0","0/0","0/0","0/0","0/0","0/0","0/0","0/0","0/0","0/0","0/1","0/0","0/0","0/0","0/0","0/0","0/0","0/0","0/0","0/0","0/0","0/0","0/0","0/0","0/0","0/0","0/0","0/0","0/0","0/0","0/0","0/0","0/0","0/0","0/0","0/0","0/0","0/0","0/0","0/0","0/0","0/0","0/0","0/0","0/0","0/0","0/0","0/0","0/0","0/0","0/0","0/0","0/0","0/0","0/0","0/0","0/0","0/0","0/0","0/0","0/0","0/0","0/0","0/0","0/0","0/0","0/0","0/0","0/0","0/0","0/0","0/0","0/0","0/0","0/0","0/0","0/0","0/0","0/0","0/0","0/0","0/0","0/0","0/0","0/0","0/0","0/0","0/0","0/0","0/0","0/0","0/0","0/0","0/0","0/0","0/0","0/0","0/0","0/0","0/0","0/0","0/0","0/0","0/0","0/0","0/0","0/0","0/0","0/0","0/0","0/0","0/0","0/0","0/0","0/0","0/0","0/0","0/0","0/0","0/0","0/0","0/0","0/0","0/0","0/0","0/0","0/0"
"chr6:27223064_AAAGGAGAGCCAGATT/A_PRSS16","0/0","0/0","0/0","0/0","0/0","0/0","0/0","0/0","0/0","0/0","0/0","0/0","0/0","0/0","0/0","0/0","0/0","0/0","0/0","0/0","0/0","0/0","0/0","0/0","0/0","0/0","0/1","0/0","0/0","0/0","0/0","0/0","0/0","0/0","0/0","0/0","0/0","0/0","0/0","0/0","0/0","0/0","0/0","0/0","0/0","0/0","0/0","0/0","0/0","0/0","0/0","0/0","0/0","0/0","0/0","0/0","0/0","0/0","0/0","0/0","0/0","0/0","0/0","0/0","0/0","0/0","0/0","0/0","0/0","0/0","0/0","0/0","0/0","0/0","0/0","0/0","0/0","0/0","0/0","0/0","0/0","0/0","0/0","0/0","0/0","0/0","0/0","0/0","0/0","0/0","0/0","0/0","0/0","0/0","0/0","0/0","0/0","0/0","0/0","0/0","0/0","0/0","0/0","0/0","0/0","0/0","0/0","0/0","0/0","0/0","0/0","0/0","0/0","0/0","0/0","0/0","0/0","0/0","0/0","0/0","0/0","0/0","0/0","0/0","0/0","0/0","0/0","0/0","0/0","0/0","0/0","0/0","0/0","0/0","0/0","0/0","0/0","0/0","0/1","0/1","0/1","0/0","0/0","0/0","0/0","0/0","0/0","0/0","0/0","0/0","0/0","0/0","0/0"
"chr6:28239932_T/TG_ZSCAN26","1/1","1/1","1/1","1/1","1/1","1/1","1/1","1/1","1/1","1/1","1/1","1/1","1/1","1/1","1/1","1/1","1/1","1/1","1/1","1/1","1/1","1/1","1/1","1/1","1/1","1/1","1/1","1/1","1/1","1/1","1/1","1/1","1/1","1/1","1/1","1/1","1/1","1/1","1/1","1/1","1/1","1/1","1/1","1/1","1/1","1/1","1/1","1/1","1/1","1/1","1/1","1/1","1/1","1/1","1/1","1/1","1/1","1/1","1/1","1/1","1/1","1/1","1/1","1/1","1/1","1/1","1/1","1/1","1/1","1/1","1/1","1/1","1/1","1/1","1/1","1/1","1/1","1/1","1/1","1/1","1/1","1/1","1/1","1/1","1/1","1/1","1/1","1/1","1/1","1/1","1/1","1/1","1/1","1/1","1/1","1/1","1/1","1/1","1/1","1/1","1/1","1/1","1/1","1/1","1/1","1/1","1/1","1/1","1/1","1/1","1/1","1/1","1/1","1/1","1/1","1/1","1/1","1/1","1/1","1/1","1/1","1/1","1/1","1/1","1/1","1/1","1/1","1/1","1/1","1/1","1/1","1/1","1/1","1/1","1/1","1/1","1/1","1/1","1/1","1/1","1/1","1/1","1/1","1/1","1/1","1/1","1/1","1/1","1/1","1/1","1/1","1/1","1/1"
"chr6:28254913_GT/G_PGBD1","0/0","0/0","0/0","0/0","0/0","0/0","0/0","0/0","0/0","0/0","0/0","0/0","0/0","0/0","0/0","0/0","0/0","0/0","0/0","0/0","0/0","0/0","0/0","0/0","0/0","0/0","0/0","0/0","0/0","0/0","0/0","0/0","0/0","0/0","0/0","0/0","0/0","0/0","0/0","0/0","0/0","0/0","0/0","0/0","0/0","0/0","0/0","0/0","0/0","0/0","0/0","0/0","0/0","0/0","0/0","0/0","0/0","0/0","0/0","0/0","0/0","0/0","0/0","0/0","0/0","0/0","0/0","0/0","0/0","0/0","0/0","0/0","0/0","0/0","0/0","0/1","0/1","0/0","0/0","0/0","0/0","0/0","0/0","0/0","0/0","0/0","0/0","0/0","0/0","0/0","0/0","0/0","0/0","0/0","0/0","0/0","0/0","0/0","0/0","0/0","0/0","0/0","0/0","0/0","0/0","0/0","0/0","0/0","0/0","0/0","0/0","0/0","0/0","0/0","0/0","0/0","0/0","0/0","0/0","0/0","0/0","0/0","0/0","0/0","0/0","0/0","0/0","0/0","0/0","0/0","0/0","0/0","0/0","0/0","0/0","0/0","0/0","0/0","0/0","0/0","0/0","0/0","0/0","0/0","0/0","0/0","0/0","0/0","0/0","0/0","0/0","0/0","0/0"
"chr6:28540865_G/GA_ZBED9","0/0","0/0","0/0","0/0","0/0","0/0","0/0","0/0","0/0","0/0","0/0","0/0","0/0","0/0","0/0","0/0","0/0","0/0","0/0","0/0","0/0","0/0","0/0","0/0","0/0","0/0","0/0","0/0","0/0","0/0","0/0","0/0","0/0","0/0","0/0","0/0","0/0","0/0","0/0","0/0","0/0","0/0","0/0","0/0","0/0","0/0","0/0","0/0","0/0","0/0","0/0","0/0","0/0","0/0","0/0","0/0","0/0","0/0","0/0","0/0","0/0","0/0","0/0","0/0","0/0","0/0","0/0","0/0","0/0","0/0","0/0","0/0","0/0","0/0","0/0","0/0","0/0","0/0","0/0","0/0","0/0","0/0","0/0","0/0","0/0","0/1","0/0","0/0","0/0","0/0","0/0","0/0","0/0","0/0","0/0","0/0","0/0","0/0","0/0","0/0","0/0","0/0","0/0","0/0","0/0","0/0","0/0","0/0","0/0","0/0","0/0","0/0","0/0","0/0","0/0","0/0","0/0","0/0","0/0","0/0","0/0","0/0","0/0","0/0","0/0","0/0","0/0","0/0","0/0","0/0","0/0","0/0","0/0","0/0","0/0","0/0","0/0","0/0","0/0","0/0","0/0","0/0","0/0","0/0","0/0","0/0","0/0","0/0","0/0","0/0","0/0","0/0","0/0"
"chr6:29524057_AT/A_UBD","0/0","0/0","0/0","0/0","0/0","0/0","0/0","0/0","0/0","0/0","0/0","0/0","0/0","0/0","0/0","0/0","0/0","0/0","0/0","0/0","0/0","0/0","0/0","0/0","0/0","0/0","0/0","0/0","0/0","0/0","0/0","0/0","0/0","0/0","0/0","0/0","0/1","0/0","0/0","0/0","0/0","0/0","0/0","0/0","0/0","0/0","0/0","0/0","0/0","0/0","0/0","0/0","0/0","0/0","0/0","0/0","0/0","0/0","0/0","0/0","0/0","0/0","0/0","0/0","0/0","0/0","0/0","0/0","0/0","0/0","0/0","0/0","0/0","0/0","0/0","0/0","0/0","0/0","0/0","0/0","0/0","0/0","0/0","0/0","0/0","0/0","0/0","0/0","0/0","0/0","0/0","0/0","0/0","0/0","0/0","0/0","0/0","0/0","0/0","0/0","0/0","0/0","0/0","0/0","0/0","0/0","0/0","0/0","0/0","0/0","0/0","0/0","0/0","0/0","0/0","0/0","0/0","0/0","0/0","0/0","0/0","0/0","0/0","0/0","0/0","0/0","0/0","0/0","0/0","0/0","0/0","0/0","0/0","0/0","0/0","0/0","0/0","0/0","0/0","0/0","0/0","0/0","0/0","0/0","0/0","0/0","0/0","0/0","0/0","0/0","0/0","0/0","0/0"
"chr6:29625032_TTCC/T_MOG","0/0","0/0","0/0","0/0","0/0","0/0","0/0","0/0","0/0","0/0","0/0","0/0","0/0","0/0","0/0","0/0","0/0","0/0","0/0","0/0","0/0","0/0","0/0","0/0","0/0","0/0","0/0","0/0","0/0","0/0","0/0","0/0","0/0","0/0","0/1","0/0","0/0","0/0","0/0","0/0","0/0","0/0","0/0","0/0","0/0","0/0","0/0","0/0","0/0","0/0","0/0","0/0","0/0","0/0","0/0","0/0","0/0","0/0","0/1","0/0","0/0","0/0","0/0","0/0","0/0","0/0","0/0","0/0","0/0","0/0","0/0","0/0","0/0","0/0","0/0","0/0","0/0","0/0","0/0","0/0","0/0","0/0","0/0","0/0","0/0","0/0","0/0","0/0","0/0","0/0","0/0","0/0","0/0","0/0","0/0","0/0","0/0","0/0","0/0","0/0","0/0","0/0","0/0","0/0","0/0","0/0","0/0","0/0","0/0","0/0","0/0","0/0","0/0","0/0","0/0","0/0","0/0","0/0","0/0","0/0","0/0","0/0","0/0","0/0","0/0","0/0","0/0","0/0","0/0","0/0","0/0","0/0","0/0","0/0","0/0","0/0","0/0","0/0","0/0","0/0","0/0","0/0","0/0","0/0","0/0","0/0","0/0","0/0","0/0","0/0","0/0","0/0","0/0"
"chr6:29641358_CA/C_ZFP57","0/0","0/0","0/0","0/0","0/0","0/0","0/0","0/0","0/0","0/0","0/0","0/0","0/0","0/0","0/0","0/0","0/0","0/0","0/0","0/0","0/0","0/0","0/0","0/0","0/0","0/0","0/0","0/0","0/0","0/0","0/0","0/1","0/0","0/0","0/0","0/0","0/0","0/0","0/0","0/0","0/0","0/0","0/0","0/0","0/0","0/0","0/0","0/0","0/0","0/0","0/0","0/0","0/0","0/0","0/0","0/0","0/0","0/0","0/0","0/0","0/0","0/0","0/0","0/0","0/0","0/0","0/0","0/0","0/0","0/0","0/0","0/0","0/0","0/0","0/0","0/0","0/0","0/0","0/0","0/0","0/0","0/0","0/0","0/0","0/0","0/0","0/0","0/0","0/0","0/0","0/0","0/0","0/0","0/0","0/0","0/0","0/0","0/0","0/0","0/0","0/0","0/0","0/0","0/0","0/0","0/0","0/0","0/0","0/0","0/0","0/0","0/0","0/0","0/0","0/0","0/0","0/0","0/0","0/0","0/0","0/0","0/0","0/0","0/0","0/0","0/0","0/0","0/0","0/0","0/0","0/0","0/0","0/0","0/0","0/0","0/0","0/0","0/0","0/0","0/0","0/0","0/0","0/0","0/0","0/0","0/0","0/0","0/0","0/0","0/0","0/0","0/0","0/0"
"chr6:29796434_AC/A_HLA-G","0/0","0/0","0/0","0/0","0/0","0/0","0/0","0/0","0/0","0/0","0/0","0/0","0/0","0/0","0/0","0/0","0/0","0/0","0/0","0/0","0/0","0/0","0/0","0/0","0/0","0/0","0/1","0/0","0/0","0/0","0/0","0/0","0/0","0/0","0/0","0/0","0/0","0/0","0/0","0/0","0/1","0/0","0/0","0/0","0/0","0/0","0/0","0/0","0/0","0/0","0/0","0/0","0/0","0/0","0/0","0/0","0/0","0/0","0/0","0/0","0/0","0/0","0/0","0/0","0/0","0/0","0/0","0/0","0/0","0/0","0/0","0/0","0/0","0/0","0/0","0/0","0/0","0/0","0/0","0/0","0/0","0/0","0/0","0/0","0/0","0/0","0/0","0/0","0/0","0/0","0/0","0/1","0/1","0/0","0/0","0/0","0/0","0/0","0/0","0/0","0/0","0/0","0/0","0/0","0/0","0/0","0/0","0/0","0/0","0/0","0/0","0/0","0/0","0/0","0/0","0/0","0/0","0/0","0/0","0/0","0/0","0/0","0/0","0/0","0/0","0/0","0/0","0/0","0/0","0/0","0/0","0/0","0/0","0/0","0/0","0/0","0/0","0/0","0/1","0/1","0/1","0/0","0/0","0/0","0/0","0/0","0/0","0/0","0/0","0/0","0/0","0/0","0/0"
"chr6:30153986_TTCC/T_TRIM26","0/0","0/0","0/0","0/0","0/0","0/0","0/0","0/0","0/0","0/0","0/0","0/0","0/0","0/0","0/0","0/0","0/0","0/0","0/0","0/0","0/0","0/0","0/0","0/0","0/0","0/0","0/0","0/0","0/0","0/0","0/0","0/0","0/0","0/0","0/0","0/0","0/0","0/0","0/0","0/0","0/0","0/0","0/0","0/0","0/0","0/0","0/0","0/0","0/0","0/0","0/0","0/0","0/0","0/0","0/0","0/0","0/0","0/0","0/0","0/0","0/0","0/0","0/0","0/0","0/0","0/0","0/0","0/0","0/0","0/0","0/0","0/0","0/0","0/0","0/0","0/0","0/0","0/0","0/0","0/0","0/0","0/0","0/0","0/0","0/0","0/0","0/0","0/0","0/0","0/0","0/0","0/0","0/0","0/1","0/1","0/0","0/0","0/0","0/0","0/0","0/0","0/0","0/0","0/0","0/0","0/0","0/0","0/0","0/0","0/0","0/0","0/0","0/0","0/0","0/0","0/0","0/0","0/0","0/0","0/0","0/0","0/0","0/0","0/0","0/0","0/0","0/0","0/0","0/0","0/0","0/0","0/0","0/1","0/0","0/1","0/1","0/0","0/0","0/0","0/0","0/0","0/0","0/0","0/0","0/0","0/0","0/0","0/0","0/0","0/0","0/0","0/0","0/0"
"chr6:30545853_CA/C_ABCF1","0/0","0/1","0/0","0/0","0/0","0/0","0/0","0/0","0/0","0/0","0/0","0/0","0/0","0/0","0/1","0/0","0/0","0/0","0/0","0/0","0/0","0/0","0/0","0/0","0/0","0/0","0/0","0/0","0/1","0/0","0/0","0/0","0/0","0/0","0/0","0/0","0/1","0/0","0/0","0/1","0/0","0/0","0/0","0/0","0/0","0/0","0/1","0/0","0/0","0/0","0/0","0/0","0/0","0/0","0/0","0/1","0/1","0/0","0/0","0/0","0/0","0/1","0/0","0/0","0/0","0/0","0/0","0/0","0/0","0/0","0/0","0/0","0/0","0/1","0/0","0/0","0/0","0/1","0/0","0/0","0/0","0/0","0/0","0/0","0/0","0/0","0/0","0/0","0/0","0/0","0/0","0/1","0/0","0/1","0/0","0/0","0/0","0/0","0/0","0/0","0/0","0/0","0/0","0/0","0/0","0/0","0/0","0/0","0/0","0/0","0/0","0/0","0/0","0/0","0/0","0/0","0/0","0/0","0/0","0/0","0/0","0/0","0/1","0/0","0/0","0/0","0/0","0/0","0/0","0/0","0/0","0/0","0/0","0/0","0/0","0/0","0/0","0/0","0/0","0/0","0/0","0/0","0/0","0/0","0/0","0/0","0/0","0/0","0/0","0/0","0/0","0/0","0/0"
"chr6:30558477_G/GA_ABCF1","0/1","0/1","0/1","1/1","0/1","0/1","0/0","0/0","0/0","1/1","0/1","0/1","0/1","0/0","1/1","0/1","0/1","0/1","1/1","0/0","1/1","0/0","1/1","1/1","1/1","0/1","1/1","1/1","0/1","1/1","1/1","0/1","1/1","0/1","0/1","0/1","1/1","0/0","1/1","0/1","1/1","0/1","1/1","1/1","0/1","0/1","1/1","1/1","0/1","0/1","0/1","1/1","1/1","0/0","0/1","0/1","0/1","0/0","0/1","1/1","0/1","0/1","0/1","0/1","0/1","1/1","0/1","0/1","0/1","0/1","1/1","1/1","1/1","1/1","1/1","1/1","1/1","1/1","1/1","1/1","1/1","1/1","0/1","0/1","0/1","1/1","1/1","0/1","0/1","0/1","0/1","0/1","0/1","1/1","1/1","0/1","0/1","0/1","1/1","1/1","1/1","0/0","1/1","0/0","0/0","0/0","0/0","1/1","1/1","0/0","1/1","1/1","1/1","0/1","1/1","0/0","0/0","0/1","0/1","0/1","0/1","0/1","0/0","0/1","1/1","1/1","0/1","0/1","0/1","0/1","0/1","0/0","1/1","0/0","1/1","1/1","0/0","0/0","1/1","0/1","1/1","0/0","0/0","1/1","1/1","1/1","1/1","1/1","1/1","1/1","1/1","1/1","1/1"
"chr6:30572794_CT/C_PPP1R10","0/0","0/0","0/0","0/0","0/0","0/0","0/0","0/0","0/0","0/0","0/0","0/0","0/0","0/0","0/0","0/0","0/0","0/0","0/0","0/0","0/0","0/0","0/0","0/0","0/0","0/0","0/0","0/0","0/0","0/0","0/0","0/0","0/0","0/0","0/0","0/0","0/1","0/0","0/0","0/0","0/0","0/0","0/0","0/0","0/0","0/0","0/0","0/0","0/0","0/0","0/0","0/0","0/0","0/0","0/0","0/0","0/0","0/0","0/0","0/0","0/0","0/0","0/0","0/0","0/0","0/0","0/0","0/0","0/0","0/0","0/0","0/0","0/0","0/0","0/0","0/0","0/0","0/0","0/0","0/0","0/0","0/0","0/0","0/0","0/0","0/0","0/0","0/0","0/0","0/0","0/0","0/0","0/0","0/0","0/0","0/0","0/0","0/0","0/0","0/0","0/0","0/0","0/0","0/0","0/0","0/0","0/0","0/0","0/0","0/0","0/0","0/0","0/0","0/0","0/0","0/0","0/0","0/0","0/0","0/0","0/0","0/0","0/0","0/0","0/0","0/0","0/0","0/0","0/0","0/0","0/0","0/0","0/0","0/0","0/0","0/0","0/0","0/0","0/0","0/0","0/0","0/0","0/0","0/0","0/0","0/0","0/0","0/0","0/0","0/0","0/0","0/0","0/0"
"chr6:30613720_T/TG_ATAT1","0/0","0/0","0/0","0/0","0/0","0/0","0/0","0/0","0/0","0/0","0/0","0/0","0/0","0/0","0/0","0/0","0/0","0/0","0/0","0/0","0/0","0/0","0/0","0/0","0/0","0/0","0/0","0/0","0/0","0/1","0/0","0/0","0/0","0/0","0/0","0/0","0/0","0/0","0/0","0/0","0/0","0/0","0/0","0/0","0/0","0/0","0/0","0/0","0/0","0/0","0/0","0/0","0/0","0/0","0/0","0/0","0/0","0/0","0/0","0/0","0/0","0/0","0/0","0/0","0/0","0/0","0/0","0/0","0/0","0/0","0/0","0/0","0/0","0/1","0/1","0/0","0/0","0/0","0/0","0/0","0/0","0/0","0/0","0/0","0/0","0/0","0/0","0/0","0/0","0/0","0/0","0/0","0/0","0/0","0/0","0/0","0/0","0/0","0/0","0/0","0/0","0/0","0/0","0/0","0/0","0/0","0/0","0/0","0/0","0/0","0/0","0/0","0/0","0/0","0/0","0/0","0/0","0/0","0/0","0/0","0/0","0/0","0/0","0/0","0/0","0/0","0/0","0/0","0/0","0/0","0/0","0/0","0/1","0/0","0/1","0/1","0/0","0/0","0/0","0/0","0/0","0/0","0/0","0/0","0/0","0/0","0/0","0/0","0/0","0/0","0/0","0/0","0/0"
"chr6:30995114_AC/A_MUC22","0/0","0/0","0/0","0/0","0/0","0/0","0/0","0/0","0/0","0/0","0/0","0/0","0/0","0/0","0/1","0/0","0/1","0/0","0/0","0/0","0/0","0/0","0/0","0/0","0/0","0/1","0/0","0/0","0/1","0/0","0/0","0/0","0/0","0/0","0/0","0/0","0/0","0/0","0/0","0/0","0/0","0/0","0/1","0/0","0/0","0/0","0/1","0/1","0/0","0/0","0/0","0/0","0/0","0/0","0/1","0/0","0/0","0/0","0/0","0/0","1/1","0/0","0/1","0/0","0/0","0/0","0/0","0/0","0/0","0/0","0/0","0/0","0/0","0/1","0/1","0/0","0/0","0/0","0/0","0/0","0/0","0/0","0/0","0/1","0/1","0/0","0/0","0/0","0/0","0/0","0/0","0/1","0/1","0/0","0/0","0/0","0/0","0/0","0/0","0/0","0/0","0/1","0/0","0/0","0/0","0/0","0/0","0/0","0/0","0/1","0/0","0/0","0/0","0/0","0/0","0/0","0/0","0/0","0/0","0/0","0/0","0/0","0/0","0/0","0/0","0/0","0/0","0/0","0/0","0/0","0/0","0/0","0/0","0/1","0/0","0/0","0/1","0/1","0/0","0/0","0/0","0/0","0/0","0/0","0/0","0/0","0/0","0/0","0/0","0/0","0/0","0/0","0/0"
"chr6:30996154_TGAGACCACCACAGCCTCTACTGAAGGCTCC/T_MUC22","0/0","0/0","0/0","0/0","0/0","0/0","0/0","0/0","0/0","0/0","0/0","0/0","0/0","0/0","0/0","0/1","0/0","0/0","0/0","0/0","0/1","0/0","0/1","0/0","0/0","0/0","0/0","0/1","0/0","0/0","0/0","0/0","0/0","0/0","0/0","0/0","0/1","0/0","0/0","0/1","0/0","0/0","0/1","0/0","0/0","0/0","0/0","0/1","0/0","0/0","0/0","0/0","0/0","0/1","0/0","0/0","0/1","0/0","0/0","0/2","0/0","0/0","0/1","0/0","0/0","0/0","0/0","0/0","0/0","0/0","0/0","0/0","0/0","0/0","0/0","0/0","0/0","0/0","0/0","0/1","0/1","0/0","0/0","0/0","0/0","0/0","0/0","0/0","0/0","0/0","0/0","0/0","0/0","0/0","0/0","0/0","0/0","0/0","0/0","0/0","0/0","0/0","0/0","0/0","0/0","0/0","0/0","0/1","0/1","0/0","0/0","0/0","0/0","0/1","0/0","0/0","0/0","0/0","0/1","0/0","0/1","0/1","0/0","0/0","0/0","0/0","0/1","0/1","0/1","0/1","0/1","0/0","0/0","0/0","0/0","0/0","0/0","0/0","0/0","0/0","0/0","0/0","0/0","0/0","0/0","0/0","0/0","0/0","0/0","0/1","0/1","0/1","0/1"
"chr6:30996487_GACC/G_MUC22","0/0","0/0","0/0","0/0","0/1","0/1","0/0","0/0","0/0","0/0","0/0","1/1","1/1","0/0","0/0","0/1","0/1","0/0","0/0",".","0/0","0/0",".","0/0","0/0","0/0","0/1","0/0","0/1","0/1","0/1","0/0","0/1","0/0","0/0","0/0","0/0","1/1","0/1","0/0","0/0","0/1","0/0","0/1","0/1","0/1","0/0","0/0","0/1","1/1","1/1","1/1","0/1","0/1","0/1","1/1","0/0","1/1","0/1","0/0","0/0","1/1","0/0","1/1","1/1","0/1","0/0","0/1","0/1","0/0","0/1","0/0","0/0","0/0","0/0","1/1","1/1","0/1","0/1","0/0","0/0","0/1","1/1","0/0","0/0","0/1","0/1","0/0","0/0","0/0","1/1","0/0","0/0","0/0","0/0","1/1","0/0","0/0","0/0","0/0","0/1","0/0","0/1","0/0","0/0","1/1","1/1","0/0","0/0","0/1","0/0","0/0","0/0","0/1","0/1","0/1","0/1","0/0","0/0","0/0","0/0","0/0","0/1","0/0","0/0","0/1",".","0/1","0/1","0/1","0/1","0/0","0/1","0/0","0/1","0/1","0/0","0/0","0/1","0/0","0/1","0/1","0/1","0/0","0/0","0/0","0/0","0/0","0/0","0/0","0/0","0/0","0/0"
"chr6:31084942_GCTT/G_CDSN","0/0","0/0","0/0","0/0","0/1","0/1","0/0","0/0","0/0","0/0","0/1","0/0","0/0","0/0","0/0","0/1","0/0","0/0","0/0","0/1","0/1","0/0","0/1","0/0","0/0","0/0","0/0","0/1","0/0","0/0","0/0","0/0","0/0","0/0","0/0","0/0","0/1","0/0","0/0","0/1","0/0","0/0","0/1","0/0","0/0","0/0","0/0","0/1","0/0","0/0","0/0","0/0","0/0","0/1","0/0","0/0","0/1","0/0","0/0","0/0","0/0","0/0","0/1","0/0","0/0","0/0","0/0","0/0","0/0","0/0","0/0","0/1","0/1","0/0","0/0","0/0","0/0","0/0","0/0","0/1","0/1","0/0","0/0","0/0","0/0","0/0","0/0","0/0","0/1","0/1","0/0","0/0","0/0","0/0","0/0","0/0","0/0","0/1","0/0","0/0","0/0","0/0","0/0","0/0","0/0","0/0","0/0","0/1","0/1","0/0","0/0","0/0","0/0","0/1","0/0","0/0","0/0","0/0","0/1","0/0","0/1","0/1","0/0","0/0","0/0","0/0","0/1","0/1","0/1","0/1","0/1","0/0","0/0","0/0","0/0","0/0","0/0","0/0","0/0","0/0","0/0","0/0","0/0","0/1","0/1","0/1","0/1","0/1","0/1","0/1","0/1","0/1","0/1"
"chr6:31106500_TC/T_PSORS1C1","0/0","0/0","0/0","0/0","0/0","0/0","0/0","0/0","0/0","0/0","0/0","0/0","0/0","0/0","0/0","0/1","0/0","0/0","0/2","0/0","0/1","0/0","0/1","0/2","0/0","0/0","0/0","0/1","0/0","0/0","0/0","0/0","0/0","0/0","0/2","0/0","0/1","0/0","0/2","0/1","0/0","0/0","0/1","0/0","0/0","0/0","0/0","0/1","0/0","0/0","0/0","0/0","0/0","0/1","0/0","0/0","0/1","0/0","0/2","0/0","0/0","0/0","0/1","0/0","0/0","0/0","0/0","0/0","0/0","0/0","0/0","0/0","0/0","0/0","0/0","0/0","0/0","0/0","0/0","0/1","0/1","0/0","0/0","0/0","0/0","0/0","0/0","0/2","0/0","0/0","0/0","0/0","0/0","0/0","0/0","0/0","0/2","0/0","0/2","0/2","0/0","0/0","0/0","0/0","0/0","0/0","0/0","0/1","0/1","0/0","0/0","0/0","0/0","0/1","0/0","0/0","0/0","0/0","0/1","0/0","0/1","0/1","0/0","0/0","0/0","0/0","0/1","0/1","0/1","0/1","0/1","0/0","0/0","0/2","0/0","0/0","0/2","0/2","0/0","0/0","0/0","0/0","0/0","0/2","0/2","0/2","0/2","0/2","0/2","0/1","0/1","0/1","0/1"
"chr6:31125353_TG/T_CCHCR1","0/0","0/0","0/0","0/0","0/0","0/0","0/0","0/0","0/0","0/0","0/0","0/0","0/0","0/0","0/0","0/0","0/0","0/0","0/0","0/0","0/0","0/0","0/0","0/0","0/0","0/0","0/0","0/0","0/0","0/0","0/0","0/0","0/0","0/0","0/0","0/0","0/0","0/0","0/0","0/0","0/0","0/0","0/0","0/0","0/0","0/0","0/0","0/0","0/0","0/0","0/1","0/0","0/0","0/0","0/0","0/0","0/0","0/0","0/0","0/0","0/0","0/0","0/0","0/0","0/0","0/0","0/0","0/0","0/0","0/0","0/0","0/0","0/0","0/0","0/0","0/0","0/0","0/0","0/0","0/0","0/0","0/0","0/1","0/0","0/0","0/0","0/0","0/0","0/0","0/0","0/0","0/0","0/0","0/0","0/0","0/0","0/0","0/0","0/0","0/0","0/0","0/0","0/0","0/0","0/0","0/0","0/0","0/0","0/0","0/0","0/0","0/0","0/0","0/0","0/0","0/0","0/0","0/0","0/0","0/0","0/0","0/0","0/0","0/0","0/0","0/0","0/0","0/0","0/0","0/0","0/0","0/0","0/0","0/0","0/0","0/0","0/0","0/0","0/0","0/0","0/0","0/0","0/0","0/0","0/0","0/0","0/0","0/0","0/0","0/0","0/0","0/0","0/0"
"chr6:31324528_G/GTT_HLA-B","1/1","1/1","1/1","1/1","0/1","0/1","0/1","0/1","0/1","1/2","0/1","0/1","0/1","1/1","1/1","0/1","0/1","1/1","1/1","0/1","1/2","0/1","1/2","1/1","1/1","0/1","1/1","1/2","1/1","0/1","0/1","1/1","1/1","1/1","1/1","0/1","0/2","0/0","0/1","1/2","1/1","1/1","0/0","1/1","1/1","1/3","0/1","1/2","0/3","0/0","1/1","1/1","1/1","0/2","1/1","0/1","0/2","0/1","0/0","0/1","1/1","0/1","2/2","1/1","1/1","0/1","1/1","0/1","0/1","1/1","0/1","1/3","1/3","0/1","0/1","1/1","1/1","1/1","1/1","1/1","1/2","0/1","1/1","1/1","1/1","0/1","0/1","1/1","0/1","0/1","0/0","1/1","1/1","1/1","1/1","0/0","1/1","1/1","1/1","1/1","1/1","0/1","1/1","1/1","1/1","0/0","0/0","1/2","2/2","0/1","1/1","0/1","0/1","0/0","0/1","0/1","0/1","1/3","2/2","1/3","2/2","2/3","1/1","1/3","0/1","0/1","0/0","0/0","1/2","1/1","1/2","0/1","1/1","1/1","1/1","1/1","1/1","1/1","1/1","0/1","1/1","0/1","0/1","1/1","1/1","1/1","0/1","0/1","0/1","1/2","1/2","1/2","1/1"
"chr6:31324536_TAGA/GAGA_HLA-B","1/1","1/1","1/1","1/1","1/1","0/1","0/2","0/2","0/2","1/3","0/1","0/1","0/1","1/1","0/1","0/1","0/1","1/2","1/1","0/1","1/3","0/1","1/3","1/1","1/4","0/4","1/4","1/3","1/1","0/1","0/1","1/2","1/4","1/4","1/1","0/1","0/3","0/0","0/1","1/1","1/1","1/1","0/0","1/1","1/2","1/2","0/1","2/3","0/2","0/0","1/1","1/1","1/4","0/3","0/1","0/1","0/3","0/1","0/0","0/1","1/1","0/2","3/3","1/2","1/2","0/1","2/4","0/2","0/2","2/4","0/1","1/2","1/2","0/1","0/1","1/1","1/1","1/1","1/1","1/1","1/1","0/1","1/1","1/4","1/4","0/1","0/1","1/2","0/1","0/1","0/0","1/1","1/1","1/2","1/2","0/0","1/2","1/4","1/1","1/1","1/1","0/1","1/1","1/4","1/4","0/0","0/0","1/3","3/3","0/1","1/1","0/1","0/1","0/0","0/2","0/1","0/1","1/2","3/3","1/2","3/3","1/3","1/1","1/2","0/2","0/2","0/0","0/0","1/3","1/1","1/3","0/1","1/1","1/1","1/1","1/1","1/1","1/1","1/1","0/1","1/1","1/1","0/1","1/1","1/1","1/1","0/1","0/1","0/1","1/3","1/3","1/3","1/1"
"chr6:31380157_TGCTG/T_MICA","0/0","0/0","0/0","0/1","0/0","0/0",".",".","0/0","0/0","0/1","0/0","0/1","0/0","0/0",".","0/1","0/1","0/1",".",".","0/0","0/0","0/1","0/0","0/0","0/0","0/0","0/0","0/0","0/1",".","0/0",".","0/0","0/1","0/0",".","0/1","0/0","0/1","0/0","0/1","0/0","0/1","0/0","0/0","0/0","1/1",".","0/0","0/0","0/0",".",".","0/0",".","0/0","0/1","0/1","0/0",".",".","0/0","0/0","0/1","0/0","0/1","0/1","0/0","0/1","0/0",".","0/1","0/1","0/0","0/0","0/1","0/1","0/0","0/0","0/1","0/0","0/0","0/0","0/1","0/1","0/0","0/1","0/1",".","0/0","0/0","0/0","0/0",".","0/0","0/1","0/0","0/0","0/1","0/0","0/1",".",".",".",".","0/1",".","0/0","0/1","0/0","0/0",".","0/0","0/0","0/0","0/0","0/0","0/0",".",".","0/0","0/0","0/0","0/0",".",".","0/0","0/0","0/0",".","0/0","0/0","0/0","0/0","0/0","0/0","0/0","0/0","0/0",".",".","0/0","0/0","0/0","0/1","0/1","0/1",".",".",".","."
"chr6:31380160_TG/T_MICA\x3bMICA","0/0","0/0","0/0","0/2","0/1","0/1","0/1","0/1","0/1","0/0","0/2","0/1","0/1","0/0","1/1","1/1","0/2","0/2","0/1","1/1","0/1","0/1","0/0","0/1","0/0","0/0","0/0","0/0","0/1","0/1","0/2",".","0/0","0/1","0/1","0/1","0/0","1/1","0/1","0/0","0/2","0/1","0/2","0/1","0/1","0/1","0/0","0/0","2/2","0/1","0/0","0/0","0/0","0/1","1/1","0/1","0/1","0/1","0/1","0/2","0/1","0/1",".","0/0","0/0","0/2","0/0","0/2","0/2","0/0","0/2","1/1","1/1","0/2","0/2","0/1","0/1","0/2","0/2","0/0","0/0","0/1","0/0","0/0","0/0","0/2","0/2","0/1","0/1","0/1","1/1","0/1","0/1","0/1","0/1","1/1","0/1","0/2","0/1","0/1","0/1","0/1","0/1","0/1","0/1","1/1","1/1","0/2",".","0/1","0/2","0/0","0/0","0/1","0/1","0/1","0/1","0/1","0/0","0/1",".","0/0","0/1","0/1","0/1","0/1","0/1","0/1","0/0","0/0","0/0","1/1","0/0","0/1","0/0","0/0","0/1","0/1","0/0","0/1","0/0","1/1","1/1","0/1","0/1","0/1","0/1","0/1","0/1","0/1","0/1","0/1","0/1"
"chr6:31380161_G/GCT_MICA\x3bMICA","0/0","0/0","0/0","0/1","0/3","0/3","0/2","0/2","0/2","0/2","0/3","0/3","0/3","0/0","0/0","3/3","0/3","0/2","0/3","3/3","0/2","0/3","0/2","0/3","0/1","2/2","0/1","0/2","0/3","0/3","0/3","2/2","0/1","0/1","0/3","0/3","0/2","3/3","0/3","0/2","0/3","0/3","0/2","0/3","0/3","0/3","0/0","0/2","3/3","0/2","0/0","0/0","0/1","0/2","3/3","0/3","0/2","0/3","0/3","0/3","0/3","0/2","2/2","0/2","0/2","0/3","0/2","0/3","0/3","0/2","0/3","3/3","3/3","0/3","0/3","0/3","0/3","0/3","0/3","0/2","0/2","0/3","0/0","0/1","0/1","0/3","0/3","0/3","0/3","0/3","3/3","0/3","0/3","0/3","0/3","3/3","0/3","0/2","0/3","0/3","0/3","0/3","0/3","0/1","0/1","3/3","3/3","0/2","2/2","0/3","0/1","0/0","0/0","0/2","0/3","0/3","0/3","0/3","2/2","0/3","2/2","2/2","0/3","0/3","0/3","0/3","0/2","0/2","0/2","0/2","0/2","3/3","0/0","0/3","0/0","0/0","0/3","0/3","0/0","0/3","0/0","3/3","3/3","0/3","0/3","0/3","0/3","0/3","0/3","0/2","0/2","0/2","0/2"
"chr6:31497635_CAAGCCCTGGTGCTCAAGATCCAGAAGCTGAAGGAACAGATGAGGAGGCACCAAGAGAGCCTTGGAGGAGGCGCCTAAG/C_MCCD1","0/0","0/0","0/0","0/0","0/0","0/0","0/0","0/0","0/1","0/0","0/0","0/0","0/0","0/0","0/0","0/0","0/0","0/0","0/0","0/0","0/0","0/0","0/0","0/0","0/0","0/0","0/0","0/0","0/0","0/0","0/0","0/0","0/0","0/0","0/0","0/0","0/0","0/0","0/0","0/0","0/0","0/0","0/0","0/0","0/0","0/0","0/0","0/0","0/0","0/0","0/0","0/0","0/0","0/0","0/0","0/0","0/0","0/0","0/0","0/0","0/0","0/0","0/0","0/0","0/0","0/0","0/0","0/0","0/0","0/0","0/0","0/0","0/0","0/0","0/0","0/0","0/0","0/0","0/0","0/0","0/0","0/0","0/0","0/0","0/0","0/0","0/0","0/0","0/0","0/0","0/0","0/0","0/0","0/0","0/0","0/0","0/0","0/0","0/0","0/0","0/0","0/0","0/0","0/0","0/0","0/0","0/0","0/0","0/0","0/0","0/0","0/0","0/0","0/0","0/0","0/0","0/0","0/0","0/0","0/0","0/0","0/0","0/0","0/0","0/0","0/0","0/0","0/0","0/0","0/0","0/0","0/0","0/0","0/0","0/0","0/0","0/0","0/0","0/0","0/0","0/0","0/0","0/0","0/0","0/0","0/0","0/0","0/0","0/0","0/0","0/0","0/0","0/0"
"chr6:31595772_GCCTGCTGCCCCA/G_PRRC2A","0/0","0/0","0/0","0/0","0/0","0/0","0/0","0/0","0/0","0/0","0/0","0/0","0/0","0/0","0/1","0/1","0/0","0/1","0/0","0/0","0/1","0/1","0/0","0/0","0/0","0/1","0/1","0/0","0/0","0/0","0/0","0/0","0/1","0/0","0/0","0/1","0/0","0/0","0/0","0/0","0/0","0/0","0/1","0/0","0/0","0/0","0/0","0/0","0/0","0/1","0/0","0/0","0/0","0/0","0/0","0/0","0/0","0/0","0/0","0/0","0/1","0/0","0/0","0/1","0/1","0/1","0/1","0/0","0/0","0/1","0/1","0/1","0/1","0/1","0/1","0/0","0/0","0/0","0/0","0/0","0/0","0/0","0/0","0/1","0/1","0/0","0/0","0/0","0/1","0/1","0/0","0/1","0/1","0/0","0/0","0/0","0/0","0/0","0/0","0/0","0/1","0/0","0/1","0/1","0/1","0/0","0/0","0/0","0/0","0/0","0/0","0/0","0/0","0/0","0/0","0/1","0/1","0/0","0/0","0/0","0/0","0/0","0/1","0/0","0/0","0/0","0/0","0/0","0/0","0/0","0/0","0/1","0/0","0/0","0/0","0/0","0/0","0/0","0/0","0/0","0/0","0/1","0/1","0/0","0/0","0/0","0/0","0/0","0/0","0/1","0/1","0/1","0/1"
"chr6:31597337_AAGC/A_PRRC2A","0/0","0/0","0/0","0/0","0/0","0/0","0/0","0/0","0/0","0/0","0/0","0/0","0/0","0/0","0/0","0/0","0/0","0/0","0/0","0/0","0/0","0/0","0/0","0/0","0/0","0/0","0/0","0/0","0/0","0/0","0/0","0/0","0/0","0/0","0/0","0/0","0/0","0/0","0/0","0/0","0/0","0/0","0/0","0/0","0/0","0/0","0/0","0/0","0/0","0/0","0/0","0/0","0/0","0/0","0/0","0/0","0/0","0/0","0/0","0/0","0/0","0/0","0/0","0/0","0/0","0/0","0/0","0/0","0/0","0/0","0/0","0/0","0/0","0/0","0/0","0/0","0/0","0/0","0/0","0/0","0/0","0/0","0/0","0/0","0/0","0/0","0/0","0/0","0/0","0/0","0/0","0/0","0/0","0/0","0/0","0/1","0/0","0/0","0/0","0/0","0/0","0/0","0/0","0/0","0/0","0/0","0/0","0/0","0/0","0/0","0/0","0/0","0/0","0/0","0/0","0/0","0/0","0/0","0/0","0/0","0/0","0/0","0/0","0/0","0/0","0/0","0/0","0/0","0/0","0/0","0/0","0/0","0/0","0/0","0/0","0/0","0/0","0/0","0/0","0/0","0/0","0/0","0/0","0/0","0/0","0/0","0/0","0/0","0/0","0/0","0/0","0/0","0/0"
"chr6:31704065_GTTC/G_CLIC1","0/0","0/0","0/0","0/0","0/0","0/0","0/0","0/0","0/0","0/0","0/0","0/0","0/0","0/0","0/0","0/1","0/0","0/0","0/1","0/0","0/0","0/0","0/1","0/1","0/0","0/0","0/0","0/0","0/0","0/0","0/0","0/0","0/0","0/0","0/1","0/1","0/0","0/1","0/0","0/0","0/0","0/0","0/0","0/0","0/0","0/0","0/0","0/0","0/0","0/0","0/0","0/0","0/0","0/0","0/0","0/0","0/0","0/0","0/0","0/0","0/0","0/0","0/0","0/0","0/0","0/0","0/0","0/0","0/0","0/0","0/0","0/0","0/0","0/0","0/0","0/0","0/0","0/1","0/1","0/1","0/1","0/1","0/0","0/0","0/0","0/0","0/0","0/0","0/0","0/0","0/0","0/1","0/1","0/1","0/1","0/0","0/0","0/0","0/0","0/0","0/0","0/0","0/0","0/0","0/0","0/0","0/0","0/1","0/1","0/0","0/0","0/0","0/0","0/1","0/0","0/0","0/0","0/1","0/0","0/1","0/0","0/0","0/0","0/1","0/0","0/0","0/1","0/1","0/0","0/0","0/0","0/0","0/1","0/0","0/1","0/1","0/0","0/0","0/1","0/1","0/1","0/0","0/0","0/0","0/0","0/0","0/1","0/1","0/1","0/0","0/0","0/0","0/0"
"chr6:31832665_G/GA_SLC44A4","0/0","0/0","0/0","0/0","0/0","0/0","0/0","0/0","0/0","0/1","0/0","0/0","0/0","0/0","0/0","0/0","0/0","0/0","0/0","0/0","0/0","0/0","0/0","0/0","0/0","0/0","0/0","0/0","0/0","0/0","0/0","0/0","0/0","0/0","0/0","0/0","0/0","0/0","0/0","0/0","0/0","0/0","0/0","0/0","0/0","0/0","0/0","0/0","0/0","0/0","0/0","0/0","0/0","0/0","0/0","0/0","0/0","0/0","0/0","0/0","0/0","0/0","0/0","0/0","0/0","0/0","0/0","0/0","0/0","0/0","0/0","0/0","0/0","0/0","0/0","0/0","0/0","0/0","0/0","0/0","0/0","0/0","0/0","0/0","0/0","0/0","0/0","0/0","0/0","0/0","0/0","0/0","0/0","0/0","0/0","0/0","0/0","0/0","0/0","0/0","0/0","0/0","0/0","0/0","0/0","0/0","0/0","0/0","0/0","0/0","0/0","0/0","0/0","0/0","0/0","0/0","0/0","0/0","0/0","0/0","0/0","0/0","0/0","0/0","0/0","0/0","0/0","0/0","0/0","0/0","0/0","0/0","0/0","0/0","0/0","0/0","0/0","0/0","0/0","0/0","0/0","0/0","0/0","0/0","0/0","0/0","0/0","0/0","0/0","0/0","0/0","0/0","0/0"
"chr6:32006214_CCTG/C_CYP21A2","0/0","0/0","0/0","0/1","0/0","0/0","0/0","0/0","0/0","0/0","0/0","0/1","0/0","0/1","0/1","0/0","0/1","0/0","0/0","0/0","0/0","0/0","0/0","0/0","0/0","0/1","0/1","0/0","0/0","0/0","0/1","0/1","0/1","0/1","0/0","0/0","0/0","0/1","0/0","0/0","0/1","0/0","0/0","0/1","0/0","0/1","0/0","0/0","0/1","0/0","0/1","0/0","0/0","0/0","0/0","0/1","0/0","0/0","0/0","0/0","0/0","0/0","0/0","0/0","0/0","0/0","0/0","0/0","0/0","0/0","0/0","1/1","1/1","0/0","0/0","0/0","0/0","0/1","0/1","0/0","0/0","0/0","0/1","0/0","0/0","0/0","0/0","0/0","0/0","0/0","0/0","0/0","0/0","0/0","0/0","0/0","0/0","0/0","0/0","0/0","0/0","0/1","0/0","0/1","0/1","0/0","0/0","0/0","0/0","0/1","0/1","0/1","0/1","0/0","0/0","0/0","0/0","0/1","0/1","0/1","0/1","0/1","0/0","0/1","0/0","0/0","0/0","0/0","0/1","0/1","0/1","0/0","0/0","0/0","0/0","0/0","0/0","0/0","0/0","0/0","0/0","0/0","0/0","0/0","0/0","0/0","0/0","0/0","0/0","0/0","0/0","0/0","0/0"
"chr6:32049423_C/T_TNXB","0/0","0/0","0/0","0/0","0/0","0/0","0/0","0/0","0/0","0/1","0/0","0/0","0/0","0/0","0/0","0/0","0/0","0/0","0/0","0/0","0/0","0/0","0/0","0/0","0/0","0/0","0/1","0/1","0/0","0/0","0/0","0/0","0/0","0/0","0/0","0/0","0/2","0/0","0/0","0/0","0/1","0/0","0/0","0/0","0/0","0/0","0/0","0/0","0/0","0/0","0/0","0/0","0/0","0/0","0/0","0/0","0/0","0/0","0/0","0/0","0/0","0/0","0/0","0/0","0/0","0/0","0/0","0/0","0/0","0/0","0/0","0/0","0/0","0/0","0/0","0/0","0/0","0/0","0/0","0/0","0/0","0/0","0/0","0/0","0/0","0/0","0/0","0/0","0/0","0/0","0/0","0/1","0/1","0/0","0/0","0/0","0/0","0/0","0/0","0/0","0/0","0/0","0/0","0/0","0/0","0/0","0/0","0/0","0/0","0/0","0/0","0/0","0/0","0/0","0/0","0/0","0/0","0/0","0/0","0/0","0/0","0/0","0/0","0/0","0/0","0/0","0/0","0/0","0/0","0/0","0/0","0/0","0/0","0/0","0/0","0/0","0/0","0/0","0/1","0/1","0/1","0/0","0/0","0/0","0/0","0/0","0/0","0/0","0/0","0/0","0/0","0/0","0/0"
"chr6:32096856_TC/T_FKBPL","0/0","0/0","0/0","0/0","0/0","0/0","0/0","0/0","0/0","0/0","0/0","0/0","0/0","0/0","0/0","0/0","0/0","0/0","0/0","0/0","0/0","0/0","0/0","0/0","0/0","0/0","0/0","0/0","0/0","0/0","0/0","0/0","0/0","0/0","0/0","0/0","0/0","0/0","0/0","0/0","0/0","0/0","0/0","0/0","0/0","0/0","0/0","0/0","0/0","0/0","0/0","0/0","0/0","0/0","0/0","0/0","0/0","0/1","0/0","0/0","0/0","0/0","0/0","0/0","0/0","0/0","0/0","0/0","0/0","0/0","0/0","0/0","0/0","0/0","0/0","0/0","0/0","0/0","0/0","0/0","0/0","0/0","0/0","0/0","0/0","0/0","0/0","0/0","0/0","0/0","0/0","0/0","0/0","0/0","0/0","0/0","0/0","0/0","0/0","0/0","0/0","0/0","0/0","0/0","0/0","0/0","0/0","0/0","0/0","0/0","0/0","0/0","0/0","0/0","0/0","0/0","0/0","0/0","0/0","0/0","0/0","0/0","0/0","0/0","0/0","0/0","0/0","0/0","0/0","0/0","0/0","0/0","0/0","0/0","0/0","0/0","0/0","0/0","0/0","0/0","0/0","0/0","0/0","0/0","0/0","0/0","0/0","0/0","0/0","0/0","0/0","0/0","0/0"
"chr6:32191658_TAGCAGCAGCAGC/TAGCAGCAGC_NOTCH4","0/1","0/1","0/1","1/1","0/1","0/1","1/2","1/2","1/2","1/1","0/0","0/1","2/3","1/3","1/2","0/1","1/3","1/1","0/1","1/1","1/3","0/3","1/3","0/1","2/3","0/2","1/4","3/4","1/2","1/1","0/3","0/2","0/3","0/2","0/2","1/1","2/5","1/2","0/0","0/3","1/4","1/2","0/3","1/3","0/1","1/3","0/2","0/3","0/0","0/1","1/3","0/3","2/2","0/1","2/2","0/2","0/3","1/3","1/2","0/3","1/1","1/3","0/2","0/0","0/0","2/2","1/1","0/3","0/3","1/1","2/2","0/3","0/3","0/1","0/1","0/3","0/3","1/2","1/2","0/0","0/0","0/3","1/3","0/3","0/3","0/3","0/3","1/3","0/1","0/1","0/1","0/4","0/4","1/2","1/2","0/1","1/3","0/1","0/1","0/1","2/2","1/2","2/2","1/1","1/1","0/3","0/3","0/1","0/1","1/2","1/1","0/0","0/0","1/3","1/3","0/3","0/3","0/1","0/0","0/1","0/2","0/2","0/3","0/1","1/3","1/3","1/3","1/3","0/0","0/2","0/2","1/3","0/0","1/3","0/0","0/0","1/3","1/3","0/4","0/4","0/4","1/3","1/3","0/0","0/0","0/0","0/1","0/1","0/1","0/1","0/1","0/1","0/1"
"chr6:32370969_TG/T_BTNL2","0/1","0/1","0/1","0/0","0/1","0/1","0/0","0/0","0/0","0/0","0/0","0/0","0/1","0/0","0/1","0/1","0/0","0/0","0/0","0/0","0/0","0/0","0/1","0/0","0/1","0/1","0/1","0/0","0/1","0/0","0/0","0/0","0/0","0/1","0/1","0/1","0/0","0/0","0/1","0/0","0/0","0/1","0/0","0/1","0/0","0/1","0/0","0/1","0/0","0/0","0/1","0/1","0/0","0/0","0/1","0/1","0/1","0/1","0/0","0/1","0/0","0/0","0/1","0/0","0/0","0/0","0/0","0/0","0/0","0/0","0/0","0/1","0/1","0/0","0/0","0/0","0/0","0/0","0/0","0/0","0/0","1/1","0/1","0/0","0/0","0/0","0/0","0/1","0/0","0/0","0/0","0/0","0/0","0/0","0/0","0/0","0/1","0/0","0/0","0/0","0/1","0/0","0/1","0/0","0/0","0/1","0/1","0/0","0/0","0/0","0/0","0/0","0/0","0/1","0/1","0/0","0/0","0/0","0/0","0/0","0/0","0/0","0/0","0/0","0/1","0/1","0/1","0/1","0/0","0/0","0/0","0/0","0/0","0/0","0/0","0/0","0/0","0/0","0/0","0/0","0/0","0/0","0/0","0/0","0/0","0/0","0/1","0/1","0/1","0/0","0/0","0/0","0/0"
"chr6:32487425_TCAACTA/T_HLA-DRB5","0/0","0/0","0/0","0/0","0/0",".",".",".",".","0/0","0/0",".",".","0/0","0/0","0/0","0/0","0/0","0/0","0/1",".","0/0",".","0/0",".",".",".",".",".","0/0","0/0","0/0","0/0",".",".","0/0","0/0",".","0/0",".","0/0","0/0",".","0/0","0/0",".","0/0",".","0/0","0/0","0/0",".",".","1/1",".","0/0",".",".",".","0/0","0/0","0/0","0/0","0/0","0/0",".","0/0",".","0/0","0/0","0/0",".",".","0/0",".","0/0","0/0","0/0","0/0",".",".",".","0/0",".",".","0/0","0/0",".",".",".","0/0","0/0",".","0/0","0/0",".",".","0/0","0/0","0/0","0/0","0/1","0/0","0/0","0/0",".",".","0/0","0/0",".","0/0","0/0",".","0/0",".","0/0","0/0","1/1","0/0",".",".","1/1","0/0",".",".",".","0/0","0/0","0/0",".",".",".","0/0","0/0","0/0","0/0","0/0","0/0",".","1/1",".",".","0/0","0/0","0/0","0/0",".","0/0","0/0","0/0","0/0","0/0","0/0"
"chr6:32549579_TG/T_HLA-DRB1","0/0","0/0","0/0","0/0","0/1","0/1","0/1","0/1","0/1","0/1","0/1","0/1","0/0","0/0","0/0","0/1","0/0","0/1","0/1","0/1","0/1","0/1","0/0","0/1","0/1","0/1","0/1","0/0","0/1","0/1","0/1","0/1","0/1","0/0","0/1","0/1","0/0","0/1","0/0","0/0","0/1","0/0","0/0","0/1","0/1","0/0","0/1","0/0","0/1","0/1","0/0","0/1","0/1","0/1","0/0","0/0","0/0","0/1","0/1","0/1","0/0","0/1","0/0","0/1","0/1","0/1","0/1","0/1","0/1","0/1","0/1","0/0","0/0","0/0","0/1","0/1","0/1","0/1","0/1","0/0","0/0","0/0","0/0","0/0","0/0","0/1","0/1","0/1","0/0","0/0","0/1","0/1","0/1","0/0","0/0","0/1","0/1","0/1","0/1","0/1","0/0","0/1","0/0","0/1","0/1","0/0","0/0","0/0","0/0","0/1","0/0","0/1","0/1","0/0","0/1","0/1","0/1","0/1","0/1","0/1","0/1","0/1","0/1","0/1","0/1","0/1","0/0","0/0","0/1","0/1","0/1","0/1","0/1","0/0","0/1","0/1","0/0","0/0","0/1","0/1","0/1","0/1","0/1","0/1","0/1","0/1","0/1","0/1","0/1","0/0","0/0","0/0","0/0"
"chr6:32549584_C/CT_HLA-DRB1","0/0","0/0","0/0","0/0","0/1","0/1","0/1","0/1","0/1","0/1","0/1","0/1","0/0","0/0","0/0","0/1","0/0","0/1","0/1","0/1","0/1","0/1","0/0","0/1","0/1","0/1","0/1","0/0","0/1","0/1","0/1","0/1","0/1","0/0","0/1","0/1","0/0","0/1","0/0","0/0","0/1","0/0","0/0","0/1","0/1","0/0","0/1","0/0","0/1","0/1","0/0","0/1","0/1","0/1","0/0","0/0","0/0","0/1","0/1","0/1","0/0","0/1","0/0","0/1","0/1","0/1","0/1","0/1","0/1","0/1","0/1","0/0","0/0","0/0","0/1","0/1","0/1","0/1","0/1","0/0","0/0","0/0","0/0","0/0","0/0","0/1","0/1","0/1","0/0","0/0","0/1","0/1","0/1","0/0","0/0","0/1","0/1","0/1","0/1","0/1","0/0","0/1","0/0","0/1","0/1","0/0","0/0","0/0","0/0","0/1","0/0","0/1","0/1","0/0","0/1","0/1","0/1","0/1","0/1","0/1","0/1","0/1","0/1","0/1","0/1","0/1","0/0","0/0","0/1","0/1","0/1","0/1","0/1","0/0","0/1","0/1","0/0","0/0","0/1","0/1","0/1","0/1","0/1","0/1","0/1","0/1","0/1","0/1","0/1","0/0","0/0","0/0","0/0"
"chr6:32552140_TG/AG_HLA-DRB1","0/1","0/1","0/1","0/0","0/2","2/2","0/2","0/2","0/2","0/0","0/0","0/2","1/2","0/2","0/2","0/0","0/2","0/0","0/0","0/0","1/2","1/2","1/1","0/0","0/2","1/2","0/2","1/2","0/1","0/0","1/2","0/0","0/2","1/2","1/2","1/2","0/1","0/2","0/0","1/2","0/0","0/1","1/2","0/2","0/0","1/2","0/2","1/2","0/0","0/2","0/2","0/2","0/0","1/2","1/2","0/2","1/2","0/2","0/0","0/2","0/0","0/2","0/1","0/0","0/0","1/2","0/0","0/0","0/0","0/0","1/2","1/2","1/2","0/2","2/2","0/2","1/2","0/0","0/0","1/2","1/2","2/2","0/2","1/2","1/2","1/2","1/2","0/2","1/2","1/2","0/0","0/0","0/0","0/0","0/0","0/0","0/2","0/0","0/0","0/0","0/1","0/0","0/1","0/0","0/0","1/2","1/2","0/0","0/2","0/0","0/0","1/2","1/2","0/2","0/2","1/2","1/2","0/1","1/2","0/1","1/2","1/2","1/2","1/2","0/2","0/2","0/2","0/2","1/2","1/2","1/2","0/0","0/0","0/2","0/0","0/0","0/2","0/2","0/0","0/1","0/0","0/0","0/0","0/0","0/0","0/0","0/1","0/1","0/1","0/0","0/2","0/0","0/0"
"chr6:32634299_A/ACC_HLA-DQB1","0/0","0/0","0/0","0/0","0/1","0/1","0/1","0/1","0/1","0/1","1/1","1/1","0/1","0/0","0/1","0/1","0/0","0/1","0/1","0/1","0/1","0/1","0/0","0/1","0/1","0/1","0/1","0/0","0/1","0/1","0/1","1/1","0/1","0/0","0/1","0/1","0/0","0/1","0/0","0/0","0/0","0/0","0/0","0/1","0/1","0/0","0/1","0/0","0/0","1/1","0/0","0/1","1/1","0/1","0/0","0/1","0/0","0/1","1/1","0/1","0/0","1/1","0/0","0/1","0/1","0/1","0/1","1/1","1/1","0/1","0/1","0/0","0/0","0/1","0/1","0/1","0/1","0/1","0/1","0/0","0/0","0/0","0/0","0/0","0/0","0/1","0/1","0/1","0/0","0/0","1/1","0/1","0/1","0/0","0/0","1/1","0/1","0/1","0/1","0/1","0/0","1/1","0/0","0/1","0/1","0/0","0/0","0/0","0/0","1/1","0/0","0/1","0/1","0/0","0/1","0/1","0/1","0/1","0/1","0/1","0/1","0/1","0/1","0/1","0/1","0/1","0/0","0/0","0/1","0/1","0/1","1/1","1/1","0/0","1/1","1/1","0/0","0/0","0/1","0/1","0/1","1/1","1/1","1/1","1/1","1/1","0/1","0/1","0/1","0/0","0/0","0/0","0/0"
"chr6:32634300_GTA/CTA_HLA-DQB1","0/1","0/1","0/1","0/1","1/2","1/2","1/2","1/2","1/2","0/2","2/2","2/2","1/2","0/1","0/2","0/2","0/1","0/2","1/2","1/2","0/2","1/2","0/1","1/2","1/2","1/2","1/2","0/1","1/2","0/2","0/2","2/2","1/2","0/1","1/2","1/2","0/0","0/2","0/1","1/1","0/1","0/0","0/0","1/2","0/2","1/1","0/2","1/1","0/1","2/2","0/1","1/2","2/2","1/2","0/1","1/2","1/1","1/2","2/2","1/2","0/0","2/2","0/1","0/2","0/2","0/2","0/2","2/2","2/2","0/2","0/2","0/1","0/1","1/2","1/2","1/2","1/2","1/2","1/2","0/1","0/1","1/1","0/1","1/1","1/1","1/2","1/2","1/2","0/0","0/0","2/2","1/2","1/2","0/0","0/0","2/2","1/2","0/2","0/2","0/2","0/1","2/2","0/1","0/2","0/2","1/1","1/1","1/1","1/1","2/2","0/1","1/2","1/2","0/1","1/2","1/2","1/2","1/2","1/2","1/2","1/2","1/2","1/2","1/2","1/2","1/2","0/1","0/1","1/2","1/2","1/2","2/2","2/2","0/1","2/2","2/2","0/1","0/1","1/2","1/2","1/2","2/2","2/2","2/2","2/2","2/2","1/2","1/2","1/2","0/1","0/1","0/1","0/1"
"chr6:32818827_CAT/C_TAP1","0/0","0/0","0/0","0/0","0/0","0/0","0/0","0/0","0/0","0/0","0/0","0/0","0/0","0/0","0/0","0/0","0/0","0/0","0/0","0/0","0/0","0/0","0/0","0/0","0/0","0/0","0/0","0/0","0/0","0/0","0/0","0/0","0/0","0/0","0/0","0/0","0/1","0/0","0/0","0/0","0/0","0/0","0/0","0/0","0/0","0/0","0/0","0/0","0/0","0/0","0/0","0/0","0/0","0/0","0/0","0/0","0/0","0/0","0/0","0/0","0/0","0/0","0/0","0/0","0/0","0/0","0/0","0/0","0/0","0/0","0/0","0/0","0/0","0/0","0/0","0/0","0/0","0/0","0/0","0/0","0/0","0/0","0/0","0/0","0/0","0/0","0/0","0/0","0/0","0/0","0/0","0/0","0/0","0/0","0/0","0/0","0/0","0/0","0/0","0/0","0/0","0/0","0/0","0/0","0/0","0/0","0/0","0/0","0/0","0/0","0/0","0/0","0/0","0/0","0/0","0/0","0/0","0/0","0/0","0/0","0/0","0/0","0/0","0/0","0/0","0/0","0/0","0/0","0/0","0/0","0/0","0/0","0/0","0/0","0/0","0/0","0/0","0/0","0/0","0/0","0/0","0/0","0/0","0/0","0/0","0/0","0/0","0/0","0/0","0/0","0/0","0/0","0/0"
"chr6:32944710_CA/C_BRD2","0/0","0/0","0/0","0/0","0/0","0/0","0/0","0/0","0/0","0/0","0/0","0/0","0/0","0/0","0/0","0/0","0/0","0/0","0/0","0/0","0/0","0/0","0/0","0/0","0/0","0/0","0/0","0/0","0/0","0/0","0/0","0/0","0/0","0/0","0/0","0/0","0/0","0/0","0/0","0/0","0/0","0/0","0/0","0/0","0/0","0/0","0/0","0/0","0/0","0/0","0/0","0/0","0/0","0/0","0/0","0/0","0/0","0/0","0/0","0/0","0/1","0/0","0/0","0/0","0/0","0/0","0/0","0/0","0/0","0/0","0/0","0/0","0/0","0/0","0/0","0/0","0/0","0/0","0/0","0/0","0/0","0/0","0/0","0/0","0/0","0/0","0/0","0/0","0/0","0/0","0/0","0/0","0/0","0/0","0/0","0/0","0/0","0/0","0/0","0/0","0/0","0/0","0/0","0/0","0/0","0/0","0/0","0/0","0/0","0/0","0/0","0/0","0/0","0/0","0/0","0/0","0/0","0/0","0/0","0/0","0/0","0/0","0/0","0/0","0/0","0/0","0/0","0/0","0/0","0/0","0/0","0/0","0/0","0/0","0/0","0/0","0/0","0/0","0/0","0/0","0/0","0/0","0/0","0/0","0/0","0/0","0/0","0/0","0/0","0/0","0/0","0/0","0/0"
"chr6:33037451_TCA/T_HLA-DPA1","0/0","0/0","0/0","0/0","0/0","0/0","0/0","0/0","0/0","0/0","0/0","0/0","0/0","0/0","0/0","0/0","0/0","0/0","0/0","0/0","0/0","0/0","0/0","0/0","0/0","0/0","0/0","0/0","0/0","0/0","0/0","0/0","0/0","0/0","0/0","0/0","0/0","0/0","0/0","0/0","0/0","0/0","0/0","0/0","0/0","0/0","0/0","0/0","0/0","0/0","0/0","0/0","0/0","0/0","0/0","0/1","0/0","0/0","0/1","0/0","0/0","0/0","0/0","0/0","0/0","0/0","0/0","0/0","0/0","0/0","0/0","0/0","0/0","0/0","0/0","0/0","0/0","0/0","0/0","0/0","0/0","0/0","0/0","0/0","0/0","0/0","0/0","0/0","0/0","0/0","0/0","0/0","0/0","0/0","0/0","0/0","0/0","0/0","0/0","0/0","0/0","0/0","0/0","0/0","0/0","0/0","0/0","0/0","0/0","0/0","0/0","0/0","0/0","0/0","0/0","0/0","0/0","0/0","0/0","0/0","0/0","0/0","0/0","0/0","0/0","0/0","0/0","0/0","0/0","0/0","0/0","0/0","0/0","0/0","0/0","0/0","0/0","0/0","0/0","0/0","0/0","0/0","0/0","0/0","0/0","0/0","0/0","0/0","0/0","0/0","0/0","0/0","0/0"
"chr6:33037455_G/GC_HLA-DPA1","0/0","0/0","0/0","0/0","0/0","0/0","0/0","0/0","0/0","0/0","0/0","0/0","0/0","0/0","0/0","0/0","0/0","0/0","0/0","0/0","0/0","0/0","0/0","0/0","0/0","0/0","0/0","0/0","0/0","0/0","0/0","0/0","0/0","0/0","0/0","0/0","0/0","0/0","0/0","0/0","0/0","0/0","0/0","0/0","0/0","0/0","0/0","0/0","0/0","0/0","0/0","0/0","0/0","0/0","0/0","0/1","0/0","0/0","0/1","0/0","0/0","0/0","0/0","0/0","0/0","0/0","0/0","0/0","0/0","0/0","0/0","0/0","0/0","0/0","0/0","0/0","0/0","0/0","0/0","0/0","0/0","0/0","0/0","0/0","0/0","0/0","0/0","0/0","0/0","0/0","0/0","0/0","0/0","0/0","0/0","0/0","0/0","0/0","0/0","0/0","0/0","0/0","0/0","0/0","0/0","0/0","0/0","0/0","0/0","0/0","0/0","0/0","0/0","0/0","0/0","0/0","0/0","0/0","0/0","0/0","0/0","0/0","0/0","0/0","0/0","0/0","0/0","0/0","0/0","0/0","0/0","0/0","0/0","0/0","0/0","0/0","0/0","0/0","0/0","0/0","0/0","0/0","0/0","0/0","0/0","0/0","0/0","0/0","0/0","0/0","0/0","0/0","0/0"
"chr6:33037456_G/GA_HLA-DPA1","0/0","0/0","0/0","0/0","0/0","0/0","0/0","0/0","0/0","0/0","0/0","0/0","0/0","0/0","0/0","0/0","0/0","0/0","0/0","0/0","0/0","0/0","0/0","0/0","0/0","0/0","0/0","0/0","0/0","0/0","0/0","0/0","0/0","0/0","0/0","0/0","0/0","0/0","0/0","0/0","0/0","0/0","0/0","0/0","0/0","0/0","0/0","0/0","0/0","0/0","0/0","0/0","0/0","0/0","0/0","0/1","0/0","0/0","0/1","0/0","0/0","0/0","0/0","0/0","0/0","0/0","0/0","0/0","0/0","0/0","0/0","0/0","0/0","0/0","0/0","0/0","0/0","0/0","0/0","0/0","0/0","0/0","0/0","0/0","0/0","0/0","0/0","0/0","0/0","0/0","0/0","0/0","0/0","0/0","0/0","0/0","0/0","0/0","0/0","0/0","0/0","0/0","0/0","0/0","0/0","0/0","0/0","0/0","0/0","0/0","0/0","0/0","0/0","0/0","0/0","0/0","0/0","0/0","0/0","0/0","0/0","0/0","0/0","0/0","0/0","0/0","0/0","0/0","0/0","0/0","0/0","0/0","0/0","0/0","0/0","0/0","0/0","0/0","0/0","0/0","0/0","0/0","0/0","0/0","0/0","0/0","0/0","0/0","0/0","0/0","0/0","0/0","0/0"
"chr6:33054013_TA/T_HLA-DPB1","0/0","0/0","0/0","0/1","0/0","0/0","0/1","0/1","0/1","0/0","0/0","0/1","0/0","0/0","0/0","0/0","0/0","0/0","0/0","0/0","0/0","0/0","0/0","0/0","0/0","0/0","0/0","0/1","0/0","0/0","0/0","0/0","0/0","0/0","0/0","0/0","0/1","0/0","0/0","0/0","0/1","0/1","0/0","0/0","0/1","0/0","0/0","0/0","0/0","0/0","0/0","0/0","0/0","0/0","0/0","0/1","0/0","0/0","0/1","0/1","0/0","0/0","0/0","0/0","0/0","0/0","0/0","0/0","0/0","0/0","0/0","0/0","0/0","0/0","0/0","0/0","0/0","0/0","0/0","0/1","0/1","0/0","0/0","0/0","0/0","0/0","0/0","0/0","0/0","0/0","0/0","0/0","0/0","0/0","0/0","0/0","0/0","0/0","0/0","0/0","0/0","0/0","0/0","0/0","0/0","0/0","0/0","0/0","0/0","0/0","0/1","0/0","0/0","0/0","0/0","0/0","0/0","0/0","0/0","0/0","0/0","0/0","0/0","0/0","0/0","0/0","0/0","0/0","0/0","0/0","0/0","0/0","0/0","0/0","0/0","0/0","0/0","0/0","0/0","0/0","0/0","0/0","0/0","0/0","0/0","0/0","0/0","0/0","0/0","0/0","0/0","0/0","0/0"
"chr6:33139836_AG/A_COL11A2","0/0","0/0","0/0","0/0","0/0","0/0","0/0","0/0","0/0","0/0","0/0","0/0","0/0","0/0","0/0","0/0","0/0","0/0","0/0","0/0","0/0","0/0","0/0","0/0","0/0","0/0","0/0","0/0","0/0","0/0","0/0","0/1","0/0","0/0","0/0","0/0","0/0","0/0","0/0","0/0","0/0","0/0","0/0","0/0","0/0","0/0","0/0","0/0","0/0","0/0","0/0","0/0","0/0","0/0","0/0","0/0","0/0","0/0","0/0","0/0","0/0","0/0","0/0","0/0","0/0","0/0","0/0","0/0","0/0","0/0","0/0","0/0","0/0","0/0","0/0","0/0","0/0","0/0","0/0","0/0","0/0","0/0","0/0","0/0","0/0","0/0","0/0","0/0","0/0","0/0","0/0","0/0","0/0","0/0","0/0","0/0","0/0","0/0","0/0","0/0","0/0","0/0","0/0","0/0","0/0","0/0","0/0","0/0","0/0","0/0","0/0","0/0","0/0","0/0","0/0","0/0","0/0","0/0","0/0","0/0","0/0","0/0","0/0","0/0","0/0","0/0","0/0","0/0","0/0","0/0","0/0","0/0","0/0","0/0","0/0","0/0","0/0","0/0","0/0","0/0","0/0","0/0","0/0","0/0","0/0","0/0","0/0","0/0","0/0","0/0","0/0","0/0","0/0"
"chr6:33374040_C/CATCA_KIFC1","0/0","0/0","0/0","0/0","0/0","0/0","0/0","0/0","0/0","0/0","0/0","0/0","0/0","0/0","0/0","0/0","0/0","0/0","0/0","0/0","0/0","0/0","0/0","0/0","0/0","0/0","0/0","0/0","0/0","0/0","0/0","0/0","0/0","0/0","0/0","0/0","0/0","0/0","0/0","0/0","0/0","0/0","0/0","0/0","0/0","0/0","0/0","0/0","0/0","0/0","0/0","0/0","0/0","0/0","0/0","0/0","0/0","0/0","0/0","0/0","0/0","0/0","0/0","0/0","0/0","0/0","0/1","0/0","0/0","0/0","0/0","0/0","0/0","0/0","0/0","0/0","0/0","0/0","0/0","0/0","0/0","0/0","0/0","0/0","0/0","0/0","0/0","0/0","0/0","0/0","0/0","0/0","0/0","0/0","0/0","0/0","0/0","0/0","0/0","0/0","0/0","0/0","0/0","0/0","0/0","0/0","0/0","0/0","0/0","0/0","0/0","0/0","0/0","0/0","0/0","0/0","0/0","0/0","0/0","0/0","0/0","0/0","0/0","0/0","0/0","0/0","0/0","0/0","0/0","0/0","0/0","0/0","0/0","0/0","0/0","0/0","0/0","0/0","0/0","0/0","0/0","0/0","0/0","0/0","0/0","0/0","0/0","0/0","0/0","0/0","0/0","0/0","0/0"
"chr6:33648373_G/GGAGAAGTACGTGCT_ITPR3","0/0","0/0","0/0","0/0","0/0","0/0","0/0","0/0","0/0","0/0","0/0","0/0","0/0","0/0","0/0","0/0","0/0","0/0","0/0","0/0","0/0","0/0","0/0","0/0","0/0","0/0","0/0","0/0","0/0","0/0","0/0","0/0","0/0","0/0","0/0","0/0","0/0","0/0","0/0","0/0","0/0","0/0","0/0","0/0","0/0","0/0","0/1","0/0","0/0","0/0","0/0","0/0","0/0","0/0","0/0","0/0","0/0","0/0","0/0","0/0","0/0","0/0","0/0","0/0","0/0","0/0","0/0","0/0","0/0","0/0","0/0","0/0","0/0","0/0","0/0","0/0","0/0","0/0","0/0","0/0","0/0","0/0","0/0","0/0","0/0","0/0","0/0","0/0","0/0","0/0","0/0","0/0","0/0","0/0","0/0","0/0","0/0","0/0","0/0","0/0","0/0","0/0","0/0","0/0","0/0","0/0","0/0","0/0","0/0","0/0","0/0","0/0","0/0","0/0","0/0","0/0","0/0","0/0","0/0","0/0","0/0","0/0","0/0","0/0","0/0","0/0","0/0","0/0","0/0","0/0","0/0","0/0","0/0","0/0","0/0","0/0","0/0","0/0","0/0","0/0","0/0","0/0","0/0","0/0","0/0","0/0","0/0","0/0","0/0","0/0","0/0","0/0","0/0"
"chr6:34857302_G/GGGCGGC_ANKS1A","0/0","0/0","0/0","0/1","1/1","1/1","0/0","0/0","0/0","0/1","0/0","0/0","0/1","0/0","0/0","0/0","0/1","0/0","0/0","0/1","0/0","0/0","0/0","0/1","0/0","0/0","0/0","0/1","1/1","0/0","0/0","0/0","0/0","0/0","0/0","0/0","0/1","0/0","0/0","0/1","0/0","0/0","0/1","0/1","0/1","0/0","1/1","0/0","0/1","0/1","0/1","0/0","0/0","0/0","0/0","0/0","0/0","0/1","0/0","0/0","0/1","0/1","0/1","0/1","0/1","0/0","0/1","0/0","0/0","0/1","0/0","0/0","0/0","1/1","1/1","0/1","0/1","0/1","0/1","0/0","0/0","0/0","0/1","0/0","0/0","0/0","0/0","0/0","0/1","0/1","0/0","0/0","0/0","0/0","0/0","0/0","0/0","0/0","0/0","0/0","0/1","0/1","0/1","0/0","0/0","0/0","0/0","0/0","0/0","0/1","0/1","0/0","0/0","0/0","0/0","0/0","0/0","0/0","0/1","0/0","0/1","0/1","0/0","0/0","0/0","0/0","0/0","0/0","0/1","0/1","0/1","0/0","0/1","0/1","0/1","0/1","0/1","0/1","0/1","0/1","0/1","0/0","0/0","0/0","0/0","0/0","0/1","0/1","0/1","0/0","0/0","0/0","0/0"
"chr6:35108989_TC/T_TCP11","0/1","0/1","0/1","0/0","0/0","0/0","0/1","0/1","0/1","0/0","0/1","1/1","0/1","0/0","1/1","0/1","0/0","1/1","0/1","0/0","0/0","0/1","0/1","0/0","0/0","1/1","1/1","0/0","0/1","0/0","1/1","0/1","0/0","0/1","0/1","0/1","0/0","0/1","0/0","0/0","0/1","0/0","0/0","0/0","0/1","0/1","0/0","0/0","0/0","0/1","0/0","0/1","0/0","1/1","0/1","0/1","0/0","0/1","0/0","0/0","0/1","0/0","0/0","0/0","0/0","0/1","0/1","0/0","0/0","0/1",".","0/0","0/1","0/0","0/0","0/0","0/1","0/0","0/0","0/0","0/0","0/1","0/1","0/1","0/0","0/0","0/1","1/1","0/1","0/1","0/0","0/0","0/0","0/1","0/0","0/1","1/1","0/0","0/0","0/0","0/0","0/0","0/1","1/1","1/1","0/0","0/0","0/0","0/0","0/0","0/0","0/1",".","0/0","0/0","0/0","0/1","0/0","0/0","0/0","0/0","0/0","0/1","0/0","0/0","0/0","0/0","0/1","0/0","0/0","0/0","0/0","1/1","0/1","0/1","0/1","0/1",".","0/0","0/0","0/0","0/0","0/0",".","1/1","1/1","0/0","0/0",".","0/0","0/0","0/0","."
"chr6:35211512_CCAA/C_SCUBE3","0/0","0/0","0/0","0/0","0/0","0/0","0/0","0/0","0/0","0/0","0/0","0/0","0/0","0/0","0/0","0/0","0/0","0/0","0/0","0/0","0/0","0/0","0/0","0/0","0/0","0/0","0/0","0/0","0/0","0/0","0/0","0/0","0/0","0/0","0/0","0/0","0/0","0/0","0/0","0/0","0/1","0/0","0/0","0/0","0/0","0/0","0/0","0/0","0/0","0/0","0/0","0/0","0/0","0/0","0/0","0/0","0/0","0/0","0/0","0/0","0/0","0/0","0/0","0/0","0/0","0/0","0/0","0/0","0/0","0/0","0/0","0/1","0/1","0/0","0/0","0/0","0/0","0/0","0/0","0/0","0/0","0/0","0/0","0/0","0/0","0/0","0/0","0/0","0/0","0/0","0/0","0/0","0/0","0/0","0/0","0/0","0/0","0/0","0/0","0/0","0/0","0/0","0/0","0/0","0/0","0/0","0/0","0/0","0/0","0/0","0/0","0/0","0/0","0/0","0/0","0/0","0/0","0/0","0/0","0/0","0/0","0/0","0/0","0/0","0/0","0/0","0/0","0/0","0/0","0/0","0/0","0/0","0/0","0/0","0/0","0/0","0/0","0/0","0/0","0/0","0/0","0/0","0/0","0/0","0/0","0/0","0/0","0/0","0/0","0/0","0/0","0/0","0/0"
"chr6:35773692_G/GC_LHFPL5","0/0","0/0","0/0","0/0","0/0","0/0","0/0","0/0","0/0","0/0","0/0","0/0","0/0","0/0","0/0","0/0","0/0","0/0","0/0","0/0","0/0","0/0","0/0","0/0","0/0","0/0","0/0","0/0","0/0","0/0","0/0","0/1","0/0","0/0","0/0","0/0","0/0","0/0","0/0","0/0","0/0","0/0","0/0","0/0","0/0","0/0","0/0","0/0","0/0","0/0","0/0","0/0","0/0","0/0","0/0","0/0","0/0","0/0","0/0","0/0","0/0","0/0","0/0","0/0","0/0","0/0","0/0","0/0","0/0","0/0","0/0","0/0","0/0","0/0","0/0","0/0","0/0","0/0","0/0","0/0","0/0","0/0","0/0","0/0","0/0","0/0","0/0","0/0","0/0","0/0","0/0","0/0","0/0","0/0","0/0","0/0","0/0","0/0","0/0","0/0","0/0","0/0","0/0","0/0","0/0","0/0","0/0","0/0","0/0","0/0","0/0","0/0","0/0","0/0","0/0","0/0","0/0","0/0","0/0","0/0","0/0","0/0","0/0","0/0","0/0","0/0","0/0","0/0","0/0","0/0","0/0","0/0","0/0","0/0","0/0","0/0","0/0","0/0","0/0","0/0","0/0","0/0","0/0","0/0","0/0","0/0","0/0","0/0","0/0","0/0","0/0","0/0","0/0"
"chr6:35959509_GCAA/G_SLC26A8","0/0","0/0","0/0","0/0","0/0","0/0","0/0","0/0","0/0","0/0","0/0","0/0","0/0","0/0","0/0","0/0","0/0","0/0","0/0","0/0","0/0","0/0","0/0","0/0","0/0","0/0","0/0","0/0","0/0","0/0","0/0","0/1","0/0","0/0","0/0","0/0","0/0","0/0","0/0","0/0","0/0","0/0","0/0","0/0","0/0","0/0","0/0","0/0","0/0","0/0","0/0","0/0","0/0","0/0","0/0","0/0","0/0","0/0","0/0","0/0","0/0","0/0","0/0","0/0","0/0","0/0","0/0","0/0","0/0","0/0","0/0","0/0","0/0","0/0","0/0","0/0","0/0","0/0","0/0","0/0","0/0","0/0","0/0","0/0","0/0","0/0","0/0","0/0","0/0","0/0","0/0","0/0","0/0","0/0","0/0","0/0","0/0","0/0","0/0","0/0","0/0","0/0","0/0","0/0","0/0","0/0","0/0","0/0","0/0","0/0","0/0","0/0","0/0","0/0","0/0","0/0","0/0","0/0","0/0","0/0","0/0","0/0","0/0","0/0","0/0","0/0","0/0","0/0","0/0","0/0","0/0","0/0","0/0","0/0","0/0","0/0","0/0","0/0","0/0","0/0","0/0","0/0","0/0","0/0","0/0","0/0","0/0","0/0","0/0","0/0","0/0","0/0","0/0"
"chr6:36298338_A/AG_C6orf222","0/0","0/0","0/0","0/0","0/0","0/0","0/0","0/0","0/0","0/0","0/0","0/0","0/0","0/0","0/0","0/0","0/0","0/0","0/0","0/0","0/0","0/0","0/0","0/0","0/0","0/0","0/0","0/0","0/0","0/0","0/0","0/0","0/0","0/0","0/0","0/0","0/0","0/0","0/0","0/0","0/0","0/0","0/0","0/0","0/0","0/0","0/0","0/0","0/0","0/0","0/0","0/0","0/0","0/0","0/0","0/0","0/0","0/0","0/0","0/0","0/0","0/0","0/0","0/0","0/0","0/0","0/0","0/0","0/0","0/0","0/0","0/0","0/0","0/0","0/0","0/0","0/0","0/0","0/0","0/0","0/0","0/0","0/0","0/0","0/0","0/0","0/0","0/0","0/0","0/0","0/1","0/0","0/0","0/0","0/0","0/1","0/0","0/0","0/0","0/0","0/0","0/0","0/0","0/0","0/0","0/0","0/0","0/0","0/0","0/0","0/0","0/0","0/0","0/0","0/0","0/0","0/0","0/0","0/0","0/0","0/0","0/0","0/0","0/0","0/0","0/0","0/0","0/0","0/0","0/0","0/0","0/0","0/0","0/0","0/0","0/0","0/0","0/0","0/0","0/0","0/0","0/0","0/0","0/0","0/0","0/0","0/0","0/0","0/0","0/0","0/0","0/0","0/0"
"chr6:36953919_AG/A_MTCH1","0/1","0/1",".","0/0","0/1","0/1","0/0","0/0","0/0","0/0","0/0","0/0",".","0/0","0/0","0/0","0/0","0/0","0/0","0/0","0/0","0/0","0/0","0/1","0/0","0/1","0/0","0/0","0/1","0/0","0/0","0/0","0/0","0/0","0/0","0/0","0/1","0/0","0/0","0/0","0/0","0/0","0/0","0/0","0/0","0/0","0/0","0/0","0/0","0/0","0/0","0/0","0/0","0/0","0/0","0/0","0/0","0/0","0/0","0/0","0/0","0/0","0/0","0/0","0/0","0/0","0/0","0/0","0/0","0/0","0/0","0/0","0/0","0/0","0/0","0/0","0/0","0/1","0/0","0/1","0/1","0/0","0/0","0/0","0/0","0/0","0/0","0/0","0/0","0/0","0/0","0/0","0/0","0/0","0/0","0/0","0/0",".","0/0","0/0","0/1","0/1","0/1","0/0","0/0","0/0","0/0","0/0","0/0","0/0","0/0","0/0","0/0","0/0","0/0","0/0","0/0","0/0","0/0","0/1","0/0","0/0","0/0","0/1","0/0","0/0","0/0","0/0","0/0","0/0","0/0","0/1","0/0","0/0","0/0",".","0/0","0/0","0/0",".","0/0","0/1","0/1","0/0","0/0","0/0","0/0","0/0","0/0","0/0","0/0","0/0","0/0"
"chr6:41168713_ACAG/A_TREML2","0/0","0/0","0/0","0/0","0/0","0/0","0/0","0/0","0/0","0/0","0/0","0/0","0/0","0/0","0/0","0/0","0/0","0/0","0/0","0/0","0/0","0/0","0/0","0/0","0/0","0/0","0/0","0/0","0/0","0/0","0/0","0/0","0/0","0/0","0/0","0/0","0/0","0/0","0/0","0/0","0/0","0/0","0/0","0/0","0/0","0/0","0/0","0/0","0/0","0/0","0/0","0/0","0/0","0/0","0/0","0/0","0/0","0/0","0/0","0/0","0/0","0/0","0/0","0/0","0/0","0/0","0/0","0/0","0/0","0/0","0/0","0/0","0/0","0/0","0/0","0/0","0/0","0/0","0/0","0/0","0/0","0/0","0/0","0/0","0/0","0/0","0/0","0/0","0/0","0/0","0/0","0/0","0/0","0/0","0/0","0/0","0/0","0/0","0/0","0/0","0/0","0/0","0/0","0/0","0/0","0/0","0/0","0/0","0/0","0/0","0/0","0/0","0/0","0/0","0/0","0/0","0/0","0/0","0/0","0/0","0/0","0/0","0/0","0/0","0/0","0/0","0/1","0/0","0/0","0/0","0/0","0/0","0/0","0/0","0/1","0/0","0/0","0/0","0/0","0/0","0/0","0/0","0/0","0/0","0/0","0/0","0/0","0/0","0/0","0/0","0/0","0/0","0/0"
"chr6:41754573_C/CCTT_PRICKLE4","1/1","1/1","1/1","0/1","0/1","0/1","0/1","0/1","0/1","0/1","0/1","0/0","0/1","0/0","1/1","0/0","0/0","0/1","0/1","1/1","0/1","0/1","0/0","0/1","0/1","0/1","1/1","1/1","1/1","0/1","0/0","1/1","0/0","0/0","0/1","0/1","0/1","0/0","0/1","1/1","1/1","0/1","0/0","0/1","0/0","0/1","1/1","0/1","0/1","0/1","0/1","0/1","0/1","0/1","0/1","0/1","0/1","1/1","0/1","0/1","0/1","0/1","0/0","0/1","0/1","0/1","0/1","1/1","1/1","0/1","0/1","1/1","1/1","0/1","0/1","0/0","0/0","1/1","1/1","1/1","1/1","0/1","0/1","0/1","0/1","1/1","1/1","0/1","1/1","1/1","0/1","0/1","0/1","0/1","0/1","0/1","0/1","0/1","1/1","1/1","0/1","0/1","0/1","1/1","1/1","0/1","0/1","1/1","1/1","0/1","0/1","1/1","1/1","0/1","0/1","1/1","1/1","0/0","1/1","0/0","1/1","1/1","1/1","0/0","0/1","0/1","0/1","0/1","0/0","0/0","0/0","1/1","0/1","0/1","0/1","0/1","0/1","0/1","0/1","0/1","0/1","1/1","1/1","0/1","0/1","0/1","0/1","0/1","0/1","0/1","0/1","0/1","0/1"
"chr6:42072260_CGCGGCGCCCCGG/C_C6orf132","0/0","0/0","0/0","0/0","0/0","0/0","0/0","0/0","0/0","0/0","0/0","0/0","0/0","0/0","0/0","0/0","0/0","0/0","0/0","0/0","0/0","0/0","0/0","0/0","0/0","0/0","0/0","0/0","0/0","0/0","0/0","0/0","0/0","0/0","0/0","0/0","0/0","0/0","0/0","0/0","0/0","0/0","0/0","0/0","0/0","0/0","0/0","0/0","0/0","0/1","0/0","0/0","0/0","0/0","0/0","0/0","0/0","0/0","0/0","0/0","0/0","0/0","0/0","0/0","0/0","0/0","0/0","0/0","0/0","0/0","0/0","0/0","0/0","0/0","0/0","0/0","0/0","0/0","0/0","0/0","0/0","0/0","0/0","0/0","0/0","0/0","0/0","0/0","0/0","0/0","0/0","0/0","0/0","0/0","0/0","0/0","0/0","0/0","0/0","0/0","0/0","0/0","0/0","0/0","0/0","0/0","0/0","0/0","0/0","0/0","0/0","0/0","0/0","0/0","0/0","0/0","0/0","0/0","0/0","0/0","0/0","0/0","0/0","0/0","0/0","0/0","0/0","0/0","0/0","0/0","0/0","0/0","0/0","0/0","0/0","0/0","0/0","0/0","0/0","0/0","0/0","0/0","0/0","0/0","0/0","0/0","0/0","0/0","0/0","0/0","0/0","0/0","0/0"
"chr6:42073575_G/GCTATGGC_C6orf132","0/0","0/0","0/0","0/0","0/0","0/0","0/0","0/0","0/0","0/0","0/0","0/0","0/0","0/0","0/0","0/0","0/0","0/0","0/0","0/0","0/0","0/0","0/0","0/1","0/0","0/0","0/0","0/0","0/0","0/0","0/0","0/0","0/0","0/0","0/0","0/0","0/0","0/0","0/0","0/0","0/0","0/0","0/0","0/0","0/0","0/0","0/0","0/0","0/0","0/0","0/0","0/0","0/0","0/0","0/0","0/0","0/0","0/0","0/0","0/0","0/0","0/0","0/0","0/0","0/0","0/0","0/0","0/0","0/0","0/0","0/0","0/0","0/0","0/1","0/1","0/0","0/0","0/0","0/0","0/0","0/0","0/0","0/0","0/0","0/0","0/0","0/0","0/0","0/0","0/0","0/0","0/0","0/0","0/0","0/0","0/0","0/0","0/0","0/0","0/0","0/0","0/0","0/0","0/0","0/0","0/0","0/0","0/0","0/0","0/0","0/0","0/0","0/0","0/0","0/0","0/0","0/0","0/0","0/0","0/0","0/0","0/0","0/0","0/0","0/0","0/0","0/0","0/0","0/0","0/0","0/0","0/0","0/0","0/0","0/0","0/0","0/0","0/0","0/0","0/0","0/0","0/0","0/0","0/0","0/0","0/0","0/0","0/0","0/0","0/0","0/0","0/0","0/0"
"chr6:42897357_TTGCTGCTGCTGC/T_CNPY3","0/0","0/0","0/0","0/0","0/0","0/0","0/0","0/0","0/0","0/0","0/0","0/1","0/0","0/0","0/0","0/0","0/0","0/0","0/0","0/0","0/0","0/0","0/0","0/0","0/0","0/0","0/0","0/0","0/0","0/0","0/0","0/0","0/0","0/0","0/0","0/0","0/0","0/0","0/0","0/0","0/0","0/0","0/0","0/0","0/0","0/0","0/0","0/0","0/0","0/0","0/0","0/0","0/0","0/2","0/0","0/0","0/0","0/0","0/0","0/0","0/0","0/0","0/0","0/0","0/0","0/0","0/0","0/0","0/0","0/0","0/0","0/0","0/0","0/0","0/0","0/0","0/0","0/0","0/0","0/0","0/0","0/0","0/0","0/0","0/0","0/0","0/0","0/0","0/1","0/1","0/0","0/0","0/0","0/0","0/0","0/0","0/0","0/0","0/0","0/0","0/0","0/0","0/0","0/0","0/0","0/0","0/0","0/1","0/1","0/0","0/0","0/0","0/0","0/0","0/0","0/0","0/0","0/2","0/0","0/0","0/0","0/0","0/0","0/0","0/0","0/0","0/0","0/0","0/0","0/0","0/0","0/0","0/0","0/0","0/0","0/2","0/0","0/0","0/0","0/0","0/0","0/0","0/0","0/0","0/0","0/0","0/0","0/0","0/0","0/0","0/0","0/0","0/0"
"chr6:42989413_CGCCGGG/C_RRP36","0/0","0/0","0/0","0/0","0/1","0/0","0/0","0/0","0/0","0/1","0/0","0/1","0/0","1/1","0/1","0/0","0/1","1/1","0/0","0/0","0/0","0/1","0/1","0/1","1/1","0/0","0/1","0/0","0/1","0/1","0/0","0/1","0/0","0/0","0/1","0/0","0/1","0/1","0/0","0/0","0/0","0/1","1/1","0/0","0/0","0/1","0/1","0/0","0/1","0/0","0/1","0/1","0/0","1/1","0/0","0/0","0/0","0/1","0/0","0/0","0/0","1/1","0/1","0/1","0/1","0/1","0/1","0/0","0/0","0/0","0/1","0/1","0/1","0/0","0/0","0/1","0/1","0/1","0/1","0/1","0/1","0/1","0/1","0/0","0/0","0/1","0/1","0/0","0/1","0/1","0/0","0/1","0/1","0/1","0/1","0/0","0/0","0/0","0/0","0/0","0/0","1/1","0/0","0/0","0/0","0/0","0/0","0/1","0/0","1/1","0/0","0/0","0/0","0/0","0/0","0/0","0/0","0/0","0/0","0/0","0/0","0/0","0/0","0/0","0/0","0/0","0/0","0/0","0/1","0/1","0/1","1/1","1/1","0/0","1/1","1/1","0/0","0/0","0/1","0/0","0/1","0/1","0/1","0/0","0/0","0/0","0/0","0/0","0/0","0/0","0/0","0/0","0/0"
"chr6:42989433_CCGGGGCCCGACGTCCCCG/C_RRP36","0/0","0/0","0/0","0/0","0/0","0/0","0/0","0/0","0/0","0/0","0/0","0/0","0/1","0/0","0/1","0/0","0/0","0/0","0/1","0/0","0/0","0/0","0/0","0/0","0/0","0/1","0/0","0/0","0/0","0/0","0/0","0/0","0/0","0/0","0/0","0/0","0/0","0/0","0/0","0/0","0/0","0/0","0/0","0/0","0/0","0/1","0/1","0/0","0/0","0/0","0/0","0/0","0/0","0/0","0/0","0/0","0/1","0/0","0/0","0/1","0/0","0/0","0/0","0/0","0/0","0/0","0/0","0/0","0/0","0/0","0/0","0/0","0/0","0/0","0/0","0/0","0/0","0/0","0/0","0/0","0/0","0/0","0/0","0/0","0/0","0/0","0/0","0/0","0/0","0/0","0/0","0/0","0/0","0/0","0/0","0/0","0/0","0/0","0/0","0/0","0/0","0/0","0/0","0/0","0/0","0/0","0/0","0/1","1/1","0/0","0/0","0/0","0/0","0/0","0/0","0/0","0/0","0/0","0/0","0/1","0/0","0/0","0/0","0/1","0/0","0/0","0/0","0/0","0/0","0/0","0/0","0/0","0/0","0/0","0/0","0/0","0/0","0/0","0/0","0/0","0/0","0/0","0/0","0/0","0/0","0/0","0/0","0/0","0/0","0/0","0/0","0/0","0/0"
"chr6:43039978_G/GCGGTCC_KLC4","0/0","0/0","0/0","0/0","0/0","0/0","0/0","0/0","0/0","0/0","0/0","0/0","0/0","0/0","0/0","0/0","0/0","0/0","0/0","0/0","0/0","0/0","0/0","0/0","0/0","0/0","0/0","0/0","0/0","0/0","0/0","0/0","0/0","0/0","0/0","0/1","0/0","0/0","0/0","0/0","0/0","0/0","0/0","0/0","0/0","0/0","0/0","0/0","0/0","0/0","0/0","0/0","0/0","0/0","0/0","0/0","0/0","0/0","0/0","0/0","0/0","0/0","0/0","0/0","0/0","0/0","0/0","0/0","0/0","0/0","0/0","0/0","0/0","0/0","0/0","0/0","0/0","0/0","0/0","0/0","0/0","0/0","0/0","0/0","0/0","0/0","0/0","0/0","0/0","0/0","0/0","0/0","0/0","0/0","0/0","0/0","0/0","0/0","0/0","0/0","0/0","0/0","0/0","0/0","0/0","0/0","0/0","0/0","0/0","0/0","0/0","0/0","0/0","0/0","0/0","0/0","0/0","0/0","0/0","0/0","0/0","0/0","0/0","0/0","0/0","0/0","0/0","0/0","0/0","0/0","0/0","0/0","0/0","0/0","0/0","0/0","0/0","0/0","0/0","0/0","0/0","0/0","0/0","0/0","0/0","0/0","0/0","0/0","0/0","0/0","0/0","0/0","0/0"
"chr6:43166411_TGGG/T_CUL9","0/0","0/0","0/0","0/0","0/0","0/0","0/0","0/0","0/0","0/0","0/0","0/0","0/0","0/0","0/0","0/0","0/0","0/0","0/0","0/0","0/0","0/0","0/0","0/0","0/0","0/0","0/0","0/0","0/0","0/0","0/0","0/0","0/0","0/0","0/0","0/0","0/0","0/0","0/0","0/0","0/0","0/0","0/0","0/0","0/0","0/0","0/0","0/0","0/0","0/0","0/0","0/0","0/0","0/0","0/0","0/0","0/0","0/0","0/0","0/0","0/1","0/0","0/0","0/0","0/0","0/1","0/0","0/0","0/0","0/0","0/1","0/0","0/0","0/0","0/0","0/0","0/0","0/0","0/0","0/0","0/0","0/0","0/0","0/0","0/0","0/0","0/0","0/0","0/0","0/0","0/0","0/0","0/0","0/0","0/0","0/0","0/0","0/0","0/0","0/0","0/0","0/0","0/0","0/0","0/0","0/0","0/0","0/0","0/0","0/0","0/0","0/0","0/0","0/0","0/0","0/0","0/0","0/0","0/0","0/0","0/0","0/0","0/0","0/0","0/0","0/0","0/0","0/0","0/0","0/0","0/0","0/0","0/0","0/0","0/0","0/0","0/0","0/0","0/0","0/0","0/0","0/0","0/0","0/0","0/0","0/0","0/0","0/0","0/0","0/0","0/0","0/0","0/0"
"chr6:43250725_GGAA/G_TTBK1","0/0","0/0","0/0","0/0","0/1","0/1","0/0","0/0","0/0","0/0","0/0","0/0","0/1","0/1","0/0","0/0","0/0","0/0","0/0","0/0","0/0","0/0","0/0","0/0","0/1","0/0","0/0","0/0","0/0","0/0","0/1","0/0","0/0","0/1","0/0","0/1","0/0","0/0","0/1","0/0","0/0","0/0","0/0","0/0","0/0","0/0","0/0","0/0","0/0","0/1","0/0","0/0","0/1","0/0","0/0","0/0","0/1","0/0","0/1","0/1","0/0","0/0","0/1","0/0","0/0","0/0","0/1","0/0","0/0","0/1","0/0","0/0","0/0","0/0","0/0","0/0","0/0","0/0","0/0","0/1","0/1","0/0","0/0","0/0","0/0","0/0","0/0","0/0","0/0","0/0","0/0","0/0","0/0","0/1","0/1","0/0","0/0","0/0","0/0","0/0","0/0","0/0","0/0","0/0","0/0","0/0","0/0","0/0","0/0","0/0","0/0","0/0","0/0","0/0","0/0","0/0","0/0","0/0","0/1","0/0","0/1","0/1","0/0","0/0","0/0","0/0","0/0","0/0","0/0","0/0","0/0","0/0","0/1","0/0","0/1","0/1","0/0","0/0","0/0","0/0","0/0","0/0","0/0","0/0","0/0","0/0","0/0","0/1","0/0","0/0","0/0","0/0","0/0"
"chr6:43400607_ATGTTGGGATTCTCAGGGCCCC/A_ABCC10","0/0","0/0","0/0","0/0","0/0","0/0","0/0","0/0","0/0","0/0","0/0","0/0","0/0","0/0","0/0","0/0","0/0","0/1","0/0","0/0","0/0","0/0","0/0","0/0","0/0","0/0","0/0","0/0","0/0","0/0","0/0","0/0","0/0","0/0","0/0","0/0","0/0","0/0","0/0","0/0","0/0","0/0","0/0","0/0","0/0","0/0","0/0","0/0","0/0","0/0","0/0","0/0","0/0","0/0","0/0","0/0","0/0","0/0","0/0","0/0","0/0","0/0","0/0","0/0","0/0","0/0","0/0","0/0","0/0","0/0","0/0","0/0","0/0","0/0","0/0","0/0","0/0","0/0","0/0","0/0","0/0","0/0","0/0","0/0","0/0","0/0","0/0","0/0","0/0","0/0","0/0","0/0","0/0","0/0","0/0","0/0","0/0","0/0","0/0","0/0","0/0","0/0","0/0","0/0","0/0","0/0","0/0","0/0","0/0","0/0","0/0","0/0","0/0","0/0","0/0","0/0","0/0","0/0","0/0","0/0","0/0","0/0","0/0","0/0","0/0","0/0","0/0","0/0","0/0","0/0","0/0","0/0","0/0","0/0","0/0","0/0","0/0","0/0","0/0","0/0","0/0","0/0","0/0","0/0","0/0","0/0","0/0","0/0","0/0","0/0","0/0","0/0","0/0"
"chr6:43738449_G/GGACA_VEGFA","0/0","0/0","0/0","0/0","0/0","0/0","0/0","0/0","0/0","0/0","0/0","0/0","0/0","0/0","0/0","0/0","0/0","0/0","0/0","0/0","0/0","0/0","0/0","0/0","0/0","0/0","0/0","0/0","0/0","0/0","0/0","0/0","0/0","0/0","0/0","0/0","0/0","0/0","0/0","0/0","0/0","0/0","0/0","0/0","0/0","0/0","0/0","0/0","0/0","0/0","0/0","0/0","0/0","0/0","0/0","0/0","0/0","0/0","0/0","0/0","0/0","0/0","0/0","0/0","0/0","0/0","0/0","0/0","0/0","0/0","0/0","0/0","0/0","0/1","0/1","0/0","0/0","0/0","0/0","0/0","0/0","0/0","0/0","0/0","0/0","0/0","0/0","0/0","0/0","0/0","0/0","0/0","0/0","0/0","0/0","0/0","0/0","0/0","0/0","0/0","0/0","0/0","0/0","0/0","0/0","0/0","0/0","0/0","0/0","0/0","0/0","0/0","0/0","0/0","0/0","0/0","0/0","0/0","0/0","0/0","0/0","0/0","0/0","0/0","0/0","0/0","0/0","0/0","0/0","0/0","0/0","0/0","0/0","0/0","0/0","0/0","0/0","0/0","0/0","0/0","0/0","0/0","0/0","0/0","0/0","0/0","0/0","0/0","0/0","0/0","0/0","0/0","0/0"
"chr6:43970503_CGCGGCG/C_C6orf223","0/0","0/0","0/0","1/2","0/0","0/0","1/1","1/1","1/1","0/1","0/0","0/2","0/0","0/0","2/2","0/2","0/2","2/2","0/0","0/0","0/2","0/2","2/2","0/0","0/0","0/2","0/2","0/0","0/0","0/2","0/1","2/2","0/2","0/0","2/2","0/1","0/1","0/4","0/0","2/2","0/2","0/2","0/2","0/1","0/2","0/0","0/1","0/0","0/2","1/2","0/4","0/1","0/2","0/2","2/2","1/2","0/0","0/0","0/0","1/5","0/2","0/2","0/0","1/2","1/2","0/1","0/2","0/2","0/2","0/2","0/1","0/1","0/1","0/2","0/2","0/2","0/2","0/0","0/0","0/0","0/0","0/1","0/4","1/2","1/2","2/2","2/2","0/2","0/2","0/2","0/0","0/0","0/0","0/0","0/0","0/0","0/2","0/2","0/0","0/0","0/1","1/3","0/1","0/0","0/0","0/2","0/2","0/0","0/0","1/3","1/2","0/2","0/2","0/0","1/6","1/2","1/2","0/0","0/1","0/0","0/1","0/1","1/2","0/0","1/6","1/6","0/0","0/0","0/1","0/1","0/1","0/2","2/2","2/2","2/3","2/2","2/2","2/2","0/0","0/0","0/0","0/2","0/2","0/1","0/1","0/1","0/0","0/0","0/0","0/0","0/0","0/0","0/0"
"chr6:44269192_TC/T_AARS2","0/0","0/0","0/0","0/0","0/0","0/0","0/0","0/0","0/0","0/0","0/0","0/0","0/0","0/0","0/0","0/0","0/0","0/0","0/0","0/0","0/0","0/0","0/0","0/0","0/0","0/0","0/0","0/0","0/0","0/0","0/0","0/0","0/0","0/0","0/0","0/0","0/1","0/0","0/0","0/0","0/0","0/0","0/0","0/0","0/0","0/0","0/0","0/0","0/0","0/0","0/0","0/0","0/0","0/0","0/0","0/0","0/0","0/0","0/0","0/0","0/0","0/0","0/0","0/0","0/0","0/0","0/0","0/0","0/0","0/0","0/0","0/0","0/0","0/0","0/0","0/0","0/0","0/0","0/0","0/0","0/0","0/0","0/0","0/0","0/0","0/0","0/0","0/0","0/0","0/0","0/0","0/0","0/0","0/0","0/0","0/0","0/0","0/0","0/0","0/0","0/0","0/0","0/0","0/0","0/0","0/0","0/0","0/0","0/0","0/0","0/0","0/0","0/0","0/0","0/0","0/0","0/0","0/0","0/0","0/0","0/0","0/0","0/0","0/0","0/0","0/0","0/0","0/0","0/0","0/0","0/0","0/0","0/0","0/0","0/0","0/0","0/0","0/0","0/0","0/0","0/0","0/0","0/0","0/0","0/0","0/0","0/0","0/0","0/0","0/0","0/0","0/0","0/0"
"chr6:46976712_TG/T_ADGRF1","0/0","0/0","0/0","0/0","0/0","0/0","0/0","0/0","0/0","0/0","0/0","0/0","0/0","0/0","0/0","0/0","0/0","0/0","0/0","0/0","0/0","0/0","0/0","0/0","0/0","0/0","0/0","0/0","0/0","0/0","0/0","0/0","0/0","0/0","0/0","0/0","0/0","0/0","0/0","0/0","0/0","0/0","0/0","0/0","0/0","0/0","0/0","0/0","0/0","0/0","0/0","0/0","0/0","0/0","0/0","0/0","0/0","0/0","0/1","0/0","0/0","0/0","0/0","0/0","0/0","0/0","0/0","0/0","0/0","0/0","0/0","0/0","0/0","0/0","0/0","0/0","0/0","0/0","0/0","0/0","0/0","0/0","0/0","0/0","0/0","0/0","0/0","0/0","0/0","0/0","0/0","0/0","0/0","0/0","0/0","0/0","0/0","0/0","0/0","0/0","0/0","0/0","0/0","0/0","0/0","0/0","0/0","0/0","0/0","0/0","0/0","0/0","0/0","0/0","0/0","0/0","0/0","0/0","0/0","0/0","0/0","0/0","0/0","0/0","0/0","0/0","0/0","0/0","0/0","0/0","0/0","0/0","0/0","0/0","0/0","0/0","0/0","0/0","0/0","0/0","0/0","0/0","0/0","0/0","0/0","0/0","0/0","0/0","0/0","0/0","0/0","0/0","0/0"
"chr6:47846150_GA/G_PTCHD4","0/0","0/0","0/0","0/0","0/0","0/0","0/0","0/0","0/0","0/1","0/0","0/0","0/0","0/0","0/0","0/0","0/0","0/0","0/0","0/0","0/0","0/0","0/0","0/0","0/0","0/0","0/0","0/0","0/0","0/0","0/0","0/0","0/0","0/0","0/0","0/0","0/0","0/0","0/0","0/0","0/0","0/0","0/0","0/0","0/0","0/0","0/0","0/0","0/0","0/0","0/0","0/0","0/0","0/0","0/0","0/0","0/0","0/0","0/0","0/0","0/0","0/0","0/0","0/0","0/0","0/0","0/0","0/0","0/0","0/0","0/0","0/0","0/0","0/0","0/0","0/0","0/0","0/0","0/0","0/0","0/0","0/0","0/0","0/0","0/0","0/0","0/0","0/0","0/0","0/0","0/0","0/0","0/0","0/0","0/0","0/0","0/0","0/0","0/0","0/0","0/0","0/0","0/0","0/0","0/0","0/0","0/0","0/0","0/0","0/0","0/0","0/0","0/0","0/0","0/0","0/0","0/0","0/0","0/0","0/0","0/0","0/0","0/0","0/0","0/0","0/0","0/0","0/0","0/0","0/0","0/0","0/0","0/0","0/0","0/0","0/0","0/0","0/0","0/0","0/0","0/0","0/0","0/0","0/0","0/0","0/0","0/0","0/0","0/0","0/0","0/0","0/0","0/0"
"chr6:52303371_CTG/C_EFHC1","0/0","0/0","0/0","0/0","0/0","0/0","0/0","0/0","0/0","0/0","0/0","0/0","0/0","0/0","0/0","0/0","0/0","0/0","0/0","0/0","0/0","0/0","0/0","0/0","0/0","0/0","0/0","0/0","0/0","0/0","0/0","0/0","0/0","0/0","0/0","0/0","0/0","0/0","0/0","0/0","0/0","0/0","0/0","0/0","0/0","0/0","0/0","0/0","0/0","0/0","0/0","0/0","0/0","0/0","0/0","0/0","0/0","0/0","0/0","0/0","0/0","0/0","0/0","0/0","0/0","0/0","0/0","0/0","0/0","0/0","0/0","0/0","0/0","0/0","0/0","0/1","0/1","0/0","0/0","0/0","0/0","0/0","0/0","0/0","0/0","0/0","0/0","0/0","0/0","0/0","0/0","0/0","0/0","0/0","0/0","0/0","0/0","0/0","0/0","0/0","0/0","0/0","0/0","0/0","0/0","0/0","0/0","0/0","0/0","0/0","0/0","0/0","0/0","0/0","0/0","0/0","0/0","0/0","0/0","0/0","0/0","0/0","0/0","0/0","0/0","0/0","0/0","0/0","0/0","0/0","0/0","0/0","0/0","0/0","0/0","0/0","0/0","0/0","0/0","0/0","0/0","0/0","0/0","0/0","0/0","0/0","0/0","0/0","0/0","0/0","0/0","0/0","0/0"
"chr6:55039410_TC/T_HCRTR2","0/0","0/0","0/0","0/0","0/0","0/0","0/0","0/0","0/0","0/0","0/0","0/0","0/0","0/0","0/0","0/0","0/0","0/0","0/0","0/0","0/0","0/0","0/0","0/0","0/0","0/0","0/0","0/0","0/0","0/0","0/0","0/0","0/0","0/0","0/0","0/0","0/1","0/0","0/0","0/0","0/0","0/0","0/0","0/0","0/0","0/0","0/0","0/0","0/0","0/0","0/0","0/0","0/0","0/0","0/0","0/0","0/0","0/0","0/0","0/0","0/0","0/0","0/0","0/0","0/0","0/0","0/0","0/0","0/0","0/0","0/0","0/0","0/0","0/0","0/0","0/0","0/0","0/0","0/0","0/0","0/0","0/0","0/0","0/0","0/0","0/0","0/0","0/0","0/0","0/0","0/0","0/0","0/0","0/0","0/0","0/0","0/0","0/0","0/0","0/0","0/0","0/0","0/0","0/0","0/0","0/0","0/0","0/0","0/0","0/0","0/0","0/0","0/0","0/0","0/0","0/0","0/0","0/0","0/0","0/0","0/0","0/0","0/0","0/0","0/0","0/0","0/0","0/0","0/0","0/0","0/0","0/0","0/0","0/0","0/0","0/0","0/0","0/0","0/0","0/0","0/0","0/0","0/0","0/0","0/0","0/0","0/0","0/0","0/0","0/0","0/0","0/0","0/0"
"chr6:55924034_GGT/G_COL21A1","0/0","0/0","0/0","0/0","0/0","0/0","0/0","0/0","0/0","0/0","0/0","0/0","0/0","0/0","0/0","0/0","0/0","0/0","0/0","0/0","0/0","0/0","0/0","0/0","0/0","0/0","0/0","0/0","0/0","0/0","0/0","0/0","0/0","0/0","0/0","0/0","0/0","0/0","0/0","0/0","0/0","0/0","0/0","0/0","0/0","0/0","0/0","0/0","0/0","0/0","0/0","0/0","0/0","0/0","0/0","0/0","0/0","0/0","0/0","0/0","0/0","0/0","0/0","0/0","0/0","0/0","0/0","0/0","0/0","0/0","0/0","0/0","0/0","0/0","0/0","0/0","0/0","0/0","0/0","0/0","0/0","0/0","0/0","0/0","0/0","0/0","0/0","0/0","0/0","0/0","0/0","0/0","0/0","0/0","0/0","0/0","0/0","0/0","0/0","0/0","0/0","0/0","0/0","0/0","0/0","0/0","0/0","0/0","0/0","0/0","0/0","0/0","0/0","0/0","0/0","0/0","0/0","0/0","0/0","0/0","0/0","0/0","0/0","0/0","0/0","0/0","0/0","0/0","0/1","0/1","0/1","0/0","0/0","0/0","0/0","0/0","0/0","0/0","0/0","0/0","0/0","0/0","0/0","0/0","0/0","0/0","0/0","0/0","0/0","0/0","0/0","0/0","0/0"
"chr6:55924951_C/CA_COL21A1","0/0","0/0","0/0","0/0","0/0","0/0","0/0","0/0","0/0","0/0","0/0","0/0","0/0","0/0","0/0","0/1","0/0","0/0","0/0","0/0","0/0","0/0","0/0","0/0","0/0","0/0","0/0","0/0","0/0","0/0","0/0","0/0","0/0","0/0","0/0","0/0","0/0","0/0","0/0","0/0","0/0","0/0","0/0","0/0","0/0","0/0","0/0","0/0","0/0","0/0","0/0","0/0","0/0","0/0","0/0","0/0","0/0","0/0","0/0","0/0","0/0","0/0","0/0","0/0","0/0","0/0","0/0","0/0","0/0","0/0","0/0","0/0","0/0","0/0","0/0","0/0","0/0","0/0","0/0","0/0","0/0","0/0","0/0","0/0","0/0","0/0","0/0","0/0","0/0","0/0","0/0","0/0","0/0","0/0","0/0","0/0","0/0","0/0","0/0","0/0","0/0","0/0","0/0","0/0","0/0","0/0","0/0","0/0","0/0","0/0","0/0","0/0","0/0","0/0","0/0","0/0","0/0","0/0","0/0","0/0","0/0","0/0","0/0","0/0","0/0","0/0","0/0","0/0","0/0","0/0","0/0","0/0","0/0","0/0","0/0","0/0","0/0","0/0","0/0","0/0","0/0","0/0","0/0","0/0","0/0","0/0","0/0","0/0","0/0","0/0","0/0","0/0","0/0"
"chr6:56476323_CA/C_DST","0/0","0/0","0/0","0/0","0/0","0/0","0/0","0/0","0/0","0/0","0/0","0/0","0/0","0/0","0/0","0/0","0/0","0/0","0/0","0/0","0/0","0/0","0/0","0/0","0/0","0/0","0/0","0/0","0/0","0/0","0/0","0/0","0/0","0/0","0/0","0/0","0/1","0/0","0/0","0/0","0/0","0/0","0/0","0/0","0/0","0/0","0/0","0/0","0/0","0/0","0/0","0/0","0/0","0/0","0/0","0/0","0/0","0/0","0/0","0/0","0/0","0/0","0/0","0/0","0/0","0/0","0/0","0/0","0/0","0/0","0/0","0/0","0/0","0/0","0/0","0/0","0/0","0/0","0/0","0/0","0/0","0/0","0/0","0/0","0/0","0/0","0/0","0/0","0/0","0/0","0/0","0/0","0/0","0/0","0/0","0/0","0/0","0/0","0/0","0/0","0/0","0/0","0/0","0/0","0/0","0/0","0/0","0/0","0/0","0/0","0/0","0/0","0/0","0/0","0/0","0/0","0/0","0/0","0/0","0/0","0/0","0/0","0/0","0/0","0/0","0/0","0/0","0/0","0/0","0/0","0/0","0/0","0/0","0/0","0/0","0/0","0/0","0/0","0/0","0/0","0/0","0/0","0/0","0/0","0/0","0/0","0/0","0/0","0/0","0/0","0/0","0/0","0/0"
"chr6:56481335_A/AC_DST","0/0","0/0","0/0","0/0","0/0","0/0","0/0","0/0","0/0","0/0","0/0","0/0","0/0","0/0","0/0","0/0","0/0","0/0","0/0","0/0","0/0","0/0","0/0","0/0","0/0","0/0","0/0","0/0","0/0","0/0","0/0","0/0","0/0","0/0","0/1","0/0","0/0","0/0","0/0","0/0","0/0","0/0","0/0","0/0","0/0","0/0","0/0","0/0","0/0","0/0","0/0","0/0","0/0","0/0","0/0","0/0","0/0","0/0","0/0","0/0","0/0","0/0","0/0","0/0","0/0","0/0","0/0","0/0","0/0","0/0","0/0","0/0","0/0","0/0","0/0","0/0","0/0","0/0","0/0","0/0","0/0","0/0","0/0","0/0","0/0","0/0","0/0","0/0","0/0","0/0","0/0","0/0","0/0","0/0","0/0","0/0","0/0","0/0","0/0","0/0","0/0","0/0","0/0","0/0","0/0","0/0","0/0","0/0","0/0","0/0","0/0","0/0","0/0","0/0","0/0","0/0","0/0","0/0","0/0","0/0","0/0","0/0","0/0","0/0","0/0","0/0","0/0","0/0","0/0","0/0","0/0","0/0","0/0","0/0","0/0","0/0","0/0","0/0","0/0","0/0","0/0","0/0","0/0","0/0","0/0","0/0","0/0","0/0","0/0","0/0","0/0","0/0","0/0"
"chr6:56535551_ATC/A_DST","0/0","0/0","0/0","0/0","0/0","0/0","0/0","0/0","0/0","0/0","0/0","0/0","0/0","0/0","0/0","0/0","0/0","0/0","0/0","0/0","0/0","0/0","0/0","0/0","0/0","0/0","0/0","0/0","0/0","0/0","0/0","0/0","0/0","0/0","0/0","0/0","0/0","0/0","0/0","0/0","0/0","0/0","0/1","0/0","0/0","0/0","0/0","0/0","0/0","0/0","0/0","0/0","0/0","0/0","0/0","0/0","0/0","0/0","0/0","0/0","0/0","0/0","0/0","0/0","0/0","0/0","0/0","0/0","0/0","0/0","0/0","0/0","0/0","0/0","0/0","0/0","0/0","0/0","0/0","0/0","0/0","0/0","0/0","0/0","0/0","0/0","0/0","0/0","0/0","0/0","0/0","0/0","0/0","0/0","0/0","0/0","0/0","0/0","0/0","0/0","0/0","0/0","0/0","0/0","0/0","0/0","0/0","0/0","0/0","0/0","0/0","0/0","0/0","0/0","0/0","0/0","0/0","0/0","0/0","0/0","0/0","0/0","0/0","0/0","0/0","0/0","0/0","0/0","0/0","0/0","0/0","0/0","0/0","0/0","0/0","0/0","0/0","0/0","0/0","0/0","0/0","0/0","0/0","0/0","0/0","0/0","0/0","0/0","0/0","0/0","0/0","0/0","0/0"
"chr6:56918825_T/TA_KIAA1586","0/0","0/0","0/0","0/0","0/0","0/0","0/0","0/0","0/0","0/0","0/0","0/0","0/0","0/0","0/0","0/0","0/0","0/0","0/0","0/0","0/0","0/0","0/0","0/0","0/0","0/0","0/0","0/0","0/0","0/0","0/0","0/0","0/0","0/0","0/0","0/0","0/0","0/0","0/0","0/0","0/0","0/0","0/0","0/0","0/0","0/0","0/0","0/0","0/0","0/0","0/0","0/0","0/0","0/0","0/1","0/0","0/0","0/0","0/0","0/0","0/0","0/0","0/0","0/0","0/0","0/0","0/0","0/0","0/0","0/0","0/0","0/0","0/0","0/0","0/0","0/0","0/0","0/0","0/0","0/0","0/0","0/0","0/0","0/0","0/0","0/0","0/0","0/0","0/0","0/0","0/0","0/0","0/0","0/0","0/0","0/0","0/0","0/0","0/0","0/0","0/0","0/0","0/0","0/0","0/0","0/0","0/0","0/0","0/0","0/0","0/0","0/0","0/0","0/0","0/0","0/0","0/0","0/0","0/0","0/0","0/0","0/0","0/0","0/0","0/0","0/0","0/0","0/0","0/0","0/0","0/0","0/0","0/0","0/0","0/0","0/0","0/0","0/0","0/0","0/0","0/0","0/0","0/0","0/0","0/0","0/0","0/0","0/0","0/0","0/0","0/0","0/0","0/0"
"chr6:56919383_ATAGT/A_KIAA1586","0/0","0/0","0/0","0/0","0/0","0/0","0/0","0/0","0/0","0/0","0/0","0/0","0/0","0/0","0/0","0/0","0/0","0/0","0/0","0/0","0/0","0/0","0/0","0/0","0/0","0/0","0/0","0/0","0/0","0/0","0/0","0/0","0/0","0/0","0/0","0/0","0/0","0/0","0/0","0/0","0/0","0/0","0/0","0/0","0/0","0/0","0/0","0/0","0/0","0/0","0/0","0/0","0/0","0/0","0/0","0/0","0/0","0/0","0/0","0/0","0/0","0/0","0/0","0/0","0/0","0/0","0/0","0/0","0/0","0/0","0/0","0/0","0/0","0/0","0/0","0/0","0/0","0/0","0/0","0/0","0/0","0/1","0/0","0/0","0/0","0/0","0/0","0/0","0/0","0/0","0/0","0/0","0/0","0/0","0/0","0/0","0/0","0/0","0/0","0/0","0/0","0/0","0/0","0/0","0/0","0/0","0/0","0/0","0/0","0/0","0/0","0/0","0/0","0/0","0/0","0/0","0/0","0/0","0/0","0/0","0/0","0/0","0/0","0/0","0/0","0/0","0/0","0/0","0/0","0/0","0/0","0/0","0/0","0/0","0/0","0/0","0/0","0/0","0/0","0/0","0/0","0/0","0/0","0/0","0/0","0/0","0/0","0/0","0/0","0/0","0/0","0/0","0/0"
"chr6:57398186_G/GA_PRIM2","0/1","0/1","0/1","0/1","0/1","0/1","0/1","0/0","0/1","0/0","0/1","0/1","0/1","0/1","0/1","0/0","0/1","0/1","0/1","0/1","0/1","0/1","0/1","0/0","0/1","0/0","0/1","0/0","0/1","0/1","0/1","0/1","0/1","0/1","0/1","0/1","0/1","0/1","0/1","0/0","0/1","0/1","0/1","0/1","0/1","0/1","0/1","0/1","0/1","0/1","0/1","0/1","0/1","0/1","0/1","0/1","0/1","0/1","0/1","0/1","0/1","0/1","0/1","0/1","0/1","0/1","0/1","0/1","0/1","0/1","0/1","0/1","0/1","0/1","0/0","0/1","0/1","0/1","0/1","0/0","0/0","0/1","0/1","0/1","0/1","0/1","0/1","0/1","0/1","0/1","0/1","0/1","0/1","0/1","0/0","0/1","0/0","0/1","0/1","0/1","0/1","0/1","0/1","0/1","0/0","0/1","0/1","0/1","0/1","0/1","0/1","0/1","0/1","0/1","0/1","0/1","0/1","0/1","0/1","0/1","0/1","0/1","0/1","0/1","0/1","0/1","0/1","0/1","0/1","0/1","0/1","0/1","0/1","0/1","0/1","0/1","0/1","0/1","0/1","0/1","0/1","0/0","0/1","0/1","0/1","0/1","0/1","0/1","0/1","0/1","0/1","0/1","0/1"
"chr6:64415952_C/CA_PHF3","0/0","0/0","0/0","0/0","0/0","0/0","0/0","0/0","0/0","0/0","0/0","0/0","0/0","0/0","0/0","0/0","0/0","0/0","0/0","0/0","0/0","0/0","0/0","0/0","0/0","0/0","0/0","0/0","0/0","0/0","0/0","0/0","0/0","0/0","0/0","0/0","0/0","0/0","0/0","0/0","0/0","0/0","0/0","0/0","0/0","0/0","0/0","0/0","0/0","0/0","0/0","0/0","0/0","0/0","0/0","0/0","0/0","0/0","0/0","0/0","0/0","0/0","0/0","0/0","0/0","0/0","0/0","0/0","0/0","0/0","0/0","0/1","0/0","0/0","0/0","0/0","0/0","0/0","0/0","0/0","0/0","0/0","0/0","0/0","0/0","0/0","0/0","0/0","0/0","0/0","0/0","0/0","0/0","0/0","0/0","0/0","0/0","0/0","0/0","0/0","0/0","0/0","0/0","0/0","0/0","0/0","0/0","0/0","0/0","0/0","0/0","0/0","0/0","0/0","0/0","0/0","0/0","0/0","0/0","0/0","0/0","0/0","0/0","0/0","0/0","0/0","0/0","0/0","0/0","0/0","0/0","0/0","0/0","0/0","0/0","0/0","0/0","0/0","0/0","0/0","0/0","0/0","0/0","0/0","0/0","0/0","0/0","0/0","0/0","0/0","0/0","0/0","0/0"
"chr6:65149087_T/TA_EYS","0/0","0/0","0/0","0/0","0/0","0/0","0/0","0/0","0/0","0/0","0/0","0/1","0/0","0/0","0/0","0/0","0/0","0/0","0/0","0/0","0/0","0/0","0/0","0/0","0/0","0/0","0/0","0/0","0/0","0/0","0/0","0/0","0/0","0/0","0/0","0/0","0/0","0/0","0/0","0/0","0/0","0/0","0/0","0/0","0/0","0/0","0/0","0/0","0/0","0/0","0/0","0/0","0/0","0/0","0/0","0/0","0/0","0/0","0/0","0/0","0/0","0/0","0/0","0/0","0/0","0/0","0/0","0/0","0/0","0/0","0/0","0/0","0/0","0/0","0/0","0/0","0/0","0/0","0/0","0/0","0/0","0/0","0/0","0/0","0/0","0/0","0/0","0/0","0/0","0/0","0/0","0/0","0/0","0/0","0/0","0/0","0/0","0/0","0/0","0/0","0/0","0/0","0/0","0/0","0/0","0/0","0/0","0/0","0/0","0/0","0/0","0/0","0/0","0/0","0/0","0/0","0/0","0/0","0/0","0/0","0/0","0/0","0/0","0/0","0/0","0/0","0/0","0/0","0/0","0/0","0/0","0/0","0/0","0/0","0/0","0/0","0/0","0/0","0/0","0/0","0/0","0/0","0/0","0/0","0/0","0/0","0/0","0/0","0/0","0/0","0/0","0/0","0/0"
"chr6:71508369_GA/G_SMAP1","0/0","0/0","0/0","0/0","0/0","0/0","0/0","0/0","0/0","0/0","0/0","0/0","0/0","0/0","0/0","0/0","0/0","0/1","0/0","0/0","1/1","0/0","0/0","0/0","0/0","0/0",".","0/0","0/0","0/0","0/0","0/0","0/0","0/0",".",".",".","0/0","0/0","0/0","0/0",".","0/0","0/0","0/0",".","0/0",".","0/0","0/0",".","0/0","0/0","0/0","0/0","0/0","0/0",".","0/0","0/0","0/0","0/0","0/0",".","0/0","0/0","0/0","0/0","0/0","0/0",".","0/0","0/0","0/0","0/0","0/1",".","0/0","0/0","0/0","0/0","0/0","0/0","0/0",".","0/0","0/0","0/0","0/0","0/0","0/0","0/0",".","0/0","0/0","0/0","0/0","0/0","0/0","0/0",".",".","0/0","0/0","0/0","0/0","0/0","0/0",".","0/0","0/0","0/0",".","0/0","0/0",".","0/0",".",".",".",".",".","0/0","0/0",".","0/0",".","0/0",".","0/0",".","0/0","0/0",".","0/0","0/0","0/0","0/0","0/0","0/0","0/0","0/0","0/0",".","0/0",".","0/0","0/0","0/0","0/0","0/0","0/0","0/0"
"chr6:72974696_TA/T_RIMS1","0/0","0/0","0/0","0/0","0/0","0/0","0/0","0/0","0/0","0/0","0/0","0/0","0/0","0/0","0/0","0/1","0/0","0/0","0/0","0/0","0/0","0/0","0/0","0/0","0/0","0/0","0/0","0/0","0/0","0/0","0/0","0/0","0/0","0/0","0/0","0/0","0/0","0/0","0/0","0/0","0/0","0/0","0/0","0/0","0/0","0/0","0/0","0/0","0/0","0/0","0/0","0/0","0/0","0/0","0/0","0/0","0/0","0/0","0/0","0/0","0/0","0/0","0/0","0/0","0/0","0/0","0/0","0/0","0/0","0/0","0/0","0/0","0/0","0/0","0/0","0/0","0/0","0/0","0/0","0/0","0/0","0/0","0/0","0/0","0/0","0/0","0/0","0/0","0/0","0/0","0/0","0/0","0/0","0/0","0/0","0/0","0/0","0/0","0/0","0/0","0/0","0/0","0/0","0/0","0/0","0/0","0/0","0/0","0/0","0/0","0/0","0/0","0/0","0/0","0/0","0/0","0/0","0/0","0/0","0/0","0/0","0/0","0/0","0/0","0/0","0/0","0/0","0/0","0/0","0/0","0/0","0/0","0/0","0/0","0/0","0/0","0/0","0/0","0/0","0/0","0/0","0/0","0/0","0/0","0/0","0/0","0/0","0/0","0/0","0/0","0/0","0/0","0/0"
"chr6:74073384_GGGAGGCCGGGACCCAGCGTTCGGTGGAAGTCCAGGAGGTCGGGACACAGGGTTCTCCGGTGGAGGTGCA/G_KHDC3L","0/0","0/0","0/0","0/0","0/0","0/0","0/0","0/0","0/0","0/0","0/0","0/0","0/0","0/0","0/0","0/0","0/1","0/0","0/0","0/0","0/0","0/0","0/0","0/2","0/0","0/0","0/0","0/0","0/0","0/0","0/0","0/0","0/0","0/0","0/0","0/0","0/0","0/0","0/0","0/0","0/0","0/0","0/0","0/0","0/0","0/0","0/0","0/0","0/0","0/0","0/0","0/0","0/0","0/0","0/0","0/0","0/0","0/0","0/0","0/0","0/0","0/0","0/0","0/0","0/0","0/0","0/0","0/0","0/0","0/0","0/0","0/0","0/0","0/0","0/0","0/0","0/0","0/0","0/0","0/0","0/0","0/0","0/0","0/0","0/0","0/0","0/0","0/0","0/0","0/0","0/0","0/0","0/0","0/0","0/0","0/0","0/0","0/0","0/0","0/0","0/0","0/0","0/0","0/0","0/0","0/0","0/0","0/0","0/0","0/0","0/0","0/0","0/0","0/0","0/0","0/0","0/0","0/0","0/0","0/0","0/0","0/0","0/0","0/0","0/0","0/0","0/0","0/0","0/0","0/0","0/0","0/0","0/0","0/0","0/0","0/0","0/0","0/0","0/0","0/0","0/0","0/0","0/0","0/0","0/0","0/0","0/0","0/0","0/0","0/0","0/0","0/0","0/0"
"chr6:74111630_ATGT/A_DDX43","0/0","0/0","0/0","0/0","0/0","0/0","0/0","0/0","0/0","0/0","0/0","0/0","0/0","0/0","0/0","0/0","0/0","0/0","0/0","0/0","0/0","0/0","0/0","0/0","0/0","0/0","0/0","0/0","0/0","0/0","0/0","0/0","0/0","0/0","0/0","0/0","0/0","0/1","0/0","0/0","0/0","0/0","0/0","0/0","0/0","0/0","0/0","0/0","0/0","0/0","0/0","0/0","0/0","0/0","0/0","0/0","0/0","0/0","0/0","0/0","0/0","0/0","0/0","0/0","0/0","0/0","0/0","0/0","0/0","0/0","0/0","0/0","0/0","0/0","0/0","0/0","0/0","0/0","0/0","0/0","0/0","0/0","0/0","0/0","0/0","0/0","0/0","0/0","0/0","0/0","0/0","0/0","0/0","0/0","0/0","0/0","0/0","0/0","0/0","0/0","0/0","0/0","0/0","0/0","0/0","0/0","0/0","0/0","0/0","0/0","0/0","0/0","0/0","0/0","0/0","0/0","0/0","0/0","0/0","0/0","0/0","0/0","0/0","0/0","0/0","0/0","0/0","0/0","0/0","0/0","0/0","0/0","0/0","0/0","0/0","0/0","0/0","0/0","0/0","0/0","0/0","0/0","0/0","0/0","0/0","0/0","0/0","0/0","0/0","0/0","0/0","0/0","0/0"
"chr6:75866087_TG/T_COL12A1","0/0","0/0","0/0","0/0","0/0","0/0","0/0","0/0","0/0","0/0","0/0","0/0","0/0","0/0","0/0","0/0","0/0","0/0","0/0","0/0","0/0","0/0","0/0","0/0","0/0","0/0","0/0","0/0","0/0","0/0","0/0","0/0","0/0","0/0","0/0","0/0","0/1","0/0","0/0","0/0","0/0","0/0","0/0","0/0","0/0","0/0","0/0","0/0","0/0","0/0","0/0","0/0","0/0","0/0","0/0","0/0","0/0","0/0","0/0","0/0","0/0","0/0","0/0","0/0","0/0","0/0","0/0","0/0","0/0","0/0","0/0","0/0","0/0","0/0","0/0","0/0","0/0","0/0","0/0","0/0","0/0","0/0","0/0","0/0","0/0","0/0","0/0","0/0","0/0","0/0","0/0","0/0","0/0","0/0","0/0","0/0","0/0","0/0","0/0","0/0","0/0","0/0","0/0","0/0","0/0","0/0","0/0","0/0","0/0","0/0","0/0","0/0","0/0","0/0","0/0","0/0","0/0","0/0","0/0","0/0","0/0","0/0","0/0","0/0","0/0","0/0","0/0","0/0","0/0","0/0","0/0","0/0","0/0","0/0","0/0","0/0","0/0","0/0","0/0","0/0","0/0","0/0","0/0","0/0","0/0","0/0","0/0","0/0","0/0","0/0","0/0","0/0","0/0"
"chr6:80196792_C/CA_LCA5","0/0","0/0","0/0","0/0","0/0","0/0","0/0","0/0","0/0","0/0","0/0","0/0","0/0","0/0","0/0","0/0","0/0","0/0","0/0","0/0","0/0","0/0","0/0","0/0","0/0","0/0","0/0","0/0","0/0","0/0","0/0","0/0","0/0","0/0","0/0","0/0","0/0","0/0","0/0","0/0","0/0","0/0","0/0","0/0","0/0","0/0","0/0","0/0","0/0","0/0","0/0","0/0","0/0","0/0","0/0","0/0","0/0","0/0","0/0","0/0","0/0","0/0","0/0","0/0","0/0","0/0","0/0","0/0","0/0","0/0","0/0","0/0","0/0","0/0","0/0","0/0","0/0","0/0","0/0","0/0","0/0","0/0","0/0","0/0","0/0","0/0","0/0","0/0","0/0","0/0","0/0","0/0","0/0","0/0","0/0","0/0","0/0","0/0","0/0","0/0","0/0","0/0","0/0","0/0","0/0","0/0","0/0","0/0","0/1","0/0","0/0","0/0","0/0","0/0","0/0","0/0","0/0","0/0","0/0","0/0","0/0","0/0","0/0","0/0","0/0","0/0","0/0","0/0","0/0","0/0","0/0","0/0","0/0","0/0","0/0","0/0","0/0","0/0","0/0","0/0","0/0","0/0","0/0","0/0","0/0","0/0","0/0","0/0","0/0","0/0","0/0","0/0","0/0"
"chr6:82461727_ACCGCCGAAGTCGCCG/ACCGCCGAAGTCGCCGCCGCCGAAGTCGCCG_FAM46A","0/0","0/0","0/0","0/0","0/0","0/0","0/0","1/1","0/0","1/2","0/0","1/1","0/0","1/2","1/1","1/2","1/1","0/1","0/1","1/1","1/1","1/1","0/0","0/1","1/3","0/1","0/0","1/1","1/1","0/1","0/1","0/2","0/1","1/1","0/0","0/0","1/1","1/1","0/0","1/2","1/2","1/1","0/0","1/1","1/2","1/1","1/1","1/1","0/1","0/2","1/1","0/2","0/0","0/1","1/1","0/2","1/1","0/0","0/1","0/3","1/2","0/1","0/0","1/1","1/1","1/2","1/2","1/2","1/2","1/2","1/2","2/2","2/2","1/1","1/1","0/0","0/1","1/1","1/3","2/3","2/3","0/2","1/1","0/0","0/1","1/1","1/1","1/1","1/3","1/1","0/1","0/0","0/0","1/3","1/3","0/0","1/1","1/2","1/3","1/3","1/1","1/1","1/1","1/3","0/0","0/1","1/1","0/0","1/1","1/1","0/0","1/1","1/1","1/2","0/1","0/0","0/2","0/1","1/2","0/1","1/2","1/2","0/2","0/0","0/1","0/0","0/2","2/2","0/0","0/0","0/1","1/1","0/0","1/1","0/0","0/1","1/1","1/1","1/1","0/1","1/3","1/1","1/1","0/0","1/3","1/1","1/1","1/1","1/1","1/3","1/1","1/3","0/0"
"chr6:84634230_C/CA_CYB5R4","0/0","0/0","0/0","0/0","0/0","0/0","0/0","0/0","0/0","0/0","0/0","0/0","0/0","0/0","0/0","0/0","0/0","0/0","0/0","0/0","0/0","0/0","0/0","0/0","0/0","0/0","0/0","0/0","0/1","0/0","0/0","0/0","0/0","0/0","0/0","0/0","0/0","0/0","0/0","0/0","0/0","0/0","0/0","0/0","0/0","0/0","0/0","0/0","0/0","0/0","0/0","0/0","0/0","0/0","0/0","0/0","0/0","0/0","0/0","0/0","0/0","0/0","0/0","0/0","0/0","0/0","0/0","0/0","0/0","0/0","0/0","0/0","0/0","0/0","0/0","0/0","0/0","0/0","0/0","0/0","0/0","0/0","0/0","0/0","0/0","0/0","0/0","0/0","0/0","0/0","0/0","0/0","0/0","0/0","0/0","0/0","0/0","0/0","0/0","0/0","0/0","0/0","0/0","0/0","0/0","0/0","0/0","0/0","0/0","0/0","0/0","0/0","0/0","0/0","0/0","0/0","0/0","0/0","0/0","0/0","0/0","0/0","0/0","0/0","0/0","0/0","0/0","0/0","0/0","0/0","0/0","0/0","0/0","0/0","0/0","0/0","0/0","0/0","0/0","0/0","0/0","0/0","0/0","0/0","0/0","0/0","0/0","0/0","0/0","0/0","0/0","0/0","0/0"
"chr6:84896313_TTTC/T_CEP162","0/1","0/1","0/1","0/0","0/0","0/0","0/0","0/0","0/0","0/0","0/0","0/0","0/0","0/0","0/0","0/0","0/0","0/0","0/0","0/0","0/0","0/0","0/0","0/0","0/0","0/0","0/1","0/0","0/0","0/0","0/0","0/0","0/1","0/0","0/0","0/0","0/0","0/0","0/0","0/1","0/0","0/0","0/0","0/0","0/0","0/0","0/0","0/0","0/0","0/0","0/0","0/0","0/0","0/1","0/0","0/0","0/0","0/0","0/0","0/0","0/0","0/0","0/0","0/0","0/0","0/1","0/0","0/0","0/0","0/0","0/1","0/0","0/0","0/0","0/0","0/0","0/0","0/0","0/0","0/0","0/0","0/0","0/0","0/0","0/0","0/0","0/0","0/1","0/0","0/0","0/0","0/0","0/0","0/0","0/0","0/0","0/1","0/0","0/0","0/0","0/0","0/1","0/0","0/0","0/0","0/0","0/0","0/0","0/0","0/1","0/0","0/0","0/0","0/0","0/0","0/0","0/0","0/0","0/1","0/0","0/1","0/1","0/0","0/0","0/0","0/0","0/0","0/0","0/0","0/0","0/0","0/0","0/0","0/0","0/0","0/0","0/0","0/0","0/0","0/1","0/0","0/0","0/0","0/0","0/0","0/0","0/0","0/0","0/0","0/0","0/0","0/0","0/0"
"chr6:90577706_TG/T_CASP8AP2","0/0","0/0","0/0","0/0","0/0","0/0","0/0","0/0","0/0","0/0","0/0","0/0","0/0","0/0","0/0","0/0","0/1","0/0","0/0","0/0","0/0","0/0","0/0","0/0","0/0","0/0","0/0","0/1","0/0","0/0","0/0","0/0","0/0","0/0","0/0","0/0","0/0","0/0","0/0","0/0","0/0","0/1","0/0","0/1","0/0","0/0","0/0","0/0","0/0","0/0","0/0","0/0","0/0","0/0","0/0","0/1","0/0","0/0","0/0","0/0","0/0","0/0","0/0","0/0","0/0","0/0","0/0","0/0","0/0","0/0","0/0","0/1","0/1","0/0","0/0","0/0","0/0","0/0","0/0","0/0","0/0","0/0","0/0","0/0","0/0","0/0","0/0","0/0","0/0","0/0","0/0","0/0","0/0","0/0","0/0","0/0","0/0","0/0","0/0","0/0","0/0","0/1","0/0","0/0","0/0","0/0","0/0","0/0","0/0","0/1","0/0","0/0","0/0","0/0","0/0","0/0","0/0","0/0","0/0","0/0","0/0","0/0","0/0","0/0","0/0","0/0","0/0","0/0","0/0","0/0","0/0","0/0","0/0","0/0","0/0","0/0","0/0","0/0","0/0","0/0","0/0","0/0","0/0","0/0","0/0","0/0","0/0","0/0","0/0","0/0","0/0","0/0","0/0"
"chr6:90577711_TCTTTGCCCAGACATGGA/T_CASP8AP2","0/0","0/0","0/0","0/0","0/0","0/0","0/0","0/0","0/0","0/0","0/0","0/0","0/0","0/0","0/0","0/0","0/1","0/0","0/0","0/0","0/0","0/0","0/0","0/0","0/0","0/0","0/0","0/1","0/0","0/0","0/0","0/0","0/0","0/0","0/0","0/0","0/0","0/0","0/0","0/0","0/0","0/1","0/0","0/1","0/0","0/0","0/0","0/0","0/0","0/0","0/0","0/0","0/0","0/0","0/0","0/1","0/0","0/0","0/0","0/0","0/0","0/0","0/0","0/0","0/0","0/0","0/0","0/0","0/0","0/0","0/0","0/1","0/1","0/0","0/0","0/0","0/0","0/0","0/0","0/0","0/0","0/0","0/0","0/0","0/0","0/0","0/0","0/0","0/0","0/0","0/0","0/0","0/0","0/0","0/0","0/0","0/0","0/0","0/0","0/0","0/0","0/1","0/0","0/0","0/0","0/0","0/0","0/0","0/0","0/1","0/0","0/0","0/0","0/0","0/0","0/0","0/0","0/0","0/0","0/0","0/0","0/0","0/0","0/0","0/0","0/0","0/0","0/0","0/0","0/0","0/0","0/0","0/0","0/0","0/0","0/0","0/0","0/0","0/0","0/0","0/0","0/0","0/0","0/0","0/0","0/0","0/0","0/0","0/0","0/0","0/0","0/0","0/0"
"chr6:96651715_T/TA_FUT9","0/0","0/0","0/0","0/0","0/0","0/0","0/0","0/0","0/0","0/0","0/0","0/0","0/0","0/0","0/0","0/0","0/0","0/0","0/0","0/0","0/0","0/0","0/0","0/0","0/0","0/0","0/0","0/0","0/0","0/0","0/0","0/0","0/0","0/0","0/0","0/0","0/0","0/0","0/0","0/0","0/0","0/0","0/0","0/0","0/0","0/0","0/0","0/0","0/0","0/0","0/0","0/1","0/0","0/0","0/0","0/0","0/0","0/0","0/0","0/0","0/0","0/0","0/0","0/0","0/0","0/0","0/0","0/0","0/0","0/0","0/0","0/0","0/0","0/0","0/0","0/0","0/0","0/0","0/0","0/0","0/0","0/0","0/0","0/0","0/0","0/0","0/0","0/0","0/0","0/0","0/0","0/0","0/0","0/0","0/0","0/0","0/0","0/0","0/0","0/0","0/0","0/0","0/0","0/0","0/0","0/0","0/0","0/0","0/0","0/0","0/0","0/0","0/0","0/0","0/0","0/0","0/0","0/0","0/0","0/0","0/0","0/0","0/0","0/0","0/0","0/0","0/0","0/0","0/0","0/0","0/0","0/0","0/0","0/0","0/0","0/0","0/0","0/0","0/0","0/0","0/0","0/0","0/0","0/0","0/0","0/0","0/0","0/0","0/0","0/0","0/0","0/0","0/0"
"chr6:99283172_ACAG/A_POU3F2","0/0","0/0","0/0","0/0","0/0","0/0","0/0","0/0","0/0","0/0","0/0","0/0","0/0","0/0","0/0","0/0","0/0","0/0","0/0","0/0","0/0","0/0","0/0","0/0","0/0","0/0","0/0","0/0","0/0","0/0","0/0","0/0","0/0","0/0","0/0","0/0","0/0","0/0","0/0","0/0","0/0","0/0","0/0","0/0","0/0","0/1","0/0","0/0","0/0","0/0","0/0","0/0","0/0","0/0","0/0","0/0","0/0","0/0","0/0","0/0","0/0","0/0","0/0","0/0","0/0","0/0","0/0","0/0","0/0","0/0","0/0","0/0","0/0","0/0","0/0","0/0","0/0","0/0","0/0","0/0","0/0","0/0","0/0","0/0","0/0","0/0","0/0","0/0","0/0","0/0","0/0","0/0","0/0","0/0","0/0","0/0","0/0","0/0","0/0","0/0","0/0","0/0","0/0","0/0","0/0","0/0","0/0","0/0","0/0","0/0","0/0","0/0","0/0","0/0","0/0","0/0","0/0","0/0","0/0","0/0","0/0","0/0","0/0","0/0","0/0","0/0","0/0","0/0","0/0","0/0","0/0","0/0","0/0","0/0","0/0","0/0","0/0","0/0","0/0","0/0","0/0","0/0","0/0","0/0","0/0","0/0","0/0","0/0","0/0","0/0","0/0","0/0","0/0"
"chr6:99797235_A/AC_FAXC","0/0","0/0","0/0","0/0","0/0","0/0","0/0","0/0","0/0","0/0","0/0","0/0","0/0","0/0","0/0","0/0","0/0","0/0","0/0","0/0","0/0","0/0","0/0","0/0","0/0","0/0","0/0","0/0","0/0","0/0","0/0","0/0","0/0","0/0","0/0","0/0","0/0","0/0","0/0","0/0","0/0","0/0","0/0","0/0","0/0","0/0","0/0","0/0","0/0","0/0","0/0","0/0","0/0","0/0","0/0","0/0","0/0","0/0","0/0","0/0","0/0","0/0","0/0","0/0","0/0","0/0","0/0","0/0","0/0","0/0","0/0","0/0","0/0","0/0","0/0","0/1","0/1","0/0","0/0","0/0","0/0","0/0","0/0","0/0","0/0","0/0","0/0","0/0","0/0","0/0","0/0","0/0","0/0","0/0","0/0","0/0","0/0","0/0","0/0","0/0","0/0","0/0","0/0","0/0","0/0","0/0","0/0","0/0","0/0","0/0","0/0","0/0","0/0","0/0","0/0","0/0","0/0","0/0","0/0","0/0","0/0","0/0","0/0","0/0","0/0","0/0","0/0","0/0","0/0","0/0","0/0","0/0","0/0","0/0","0/0","0/0","0/0","0/0","0/0","0/0","0/0","0/0","0/0","0/0","0/0","0/0","0/0","0/0","0/0","0/0","0/0","0/0","0/0"
"chr6:99912956_CCTTT/C_USP45","0/0","0/0","0/0","0/0","0/0","0/0","0/0","0/0","0/0","0/0","0/0","0/0","0/0","0/0","0/0","0/0","0/0","0/0","0/0","0/0","0/0","0/0","0/0","0/0","0/0","0/0","0/0","0/0","0/0","0/0","0/0","0/0","0/0","0/0","0/0","0/0","0/1","0/0","0/0","0/0","0/0","0/0","0/0","0/0","0/0","0/0","0/0","0/0","0/0","0/0","0/0","0/0","0/0","0/0","0/0","0/0","0/0","0/0","0/0","0/0","0/0","0/0","0/0","0/0","0/0","0/0","0/0","0/0","0/0","0/0","0/0","0/0","0/0","0/0","0/0","0/0","0/0","0/0","0/0","0/0","0/0","0/0","0/0","0/0","0/0","0/0","0/0","0/0","0/0","0/0","0/0","0/0","0/0","0/0","0/0","0/0","0/0","0/0","0/0","0/0","0/0","0/0","0/0","0/0","0/0","0/0","0/0","0/0","0/0","0/0","0/0","0/0","0/0","0/0","0/0","0/0","0/0","0/0","0/0","0/0","0/0","0/0","0/0","0/0","0/0","0/0","0/0","0/0","0/0","0/0","0/0","0/0","0/0","0/0","0/0","0/0","0/0","0/0","0/0","0/0","0/0","0/0","0/0","0/0","0/0","0/0","0/0","0/0","0/0","0/0","0/0","0/0","0/0"
"chr6:100061624_CCCGCCG/C_PRDM13","0/1","0/1","0/1","0/0","0/0","0/0","0/0","0/0","0/0","0/0","0/0","0/0","0/0","0/2","0/0","0/0","0/0","0/3","0/0","0/2","0/0","0/0","0/0","0/0","0/2","0/0","0/0","0/0","0/0","0/2","0/0","0/0","0/0","0/0","0/0","0/0","0/0","0/0","0/2","0/2","0/0","0/0","0/0","0/0","0/0","0/0","0/2","0/0","0/0","0/0","0/0","2/2","0/0","0/0","0/2","0/0","0/0","0/2","0/2","0/0","0/0","0/2","0/0","0/0","0/0","0/0","0/0","0/0","0/0","0/0","0/3","0/0","0/0","0/0","0/0","0/0","0/0","0/0","0/0","0/0","0/0","0/0","0/0","0/0","0/0","0/0","0/0","0/0","0/2","0/2","0/0","0/0","0/3","0/0","0/0","0/0","0/0","0/0","0/2","0/2","0/0","0/0","0/0","0/2","0/2","0/2","0/2","0/0","0/0","0/0","0/0","0/0","0/0","0/0","0/0","0/0","0/0","0/0","0/0","0/0","0/0","0/0","0/0","0/0","0/0","0/0","0/0","0/0","0/0","0/0","0/0","0/0","0/0","0/0","0/0","0/0","0/0","0/0","0/0","0/0","0/0","0/0","0/0","0/0","0/0","0/0","0/0","0/0","0/0","0/0","0/0","0/0","0/0"
"chr6:106968092_TC/T_AIM1","0/1","0/1","0/1","0/0","0/0","0/0","0/0","0/0","0/0","0/0","0/0","0/0","0/0","0/0","0/0","0/0","0/0","0/0","0/0","0/0","0/0","0/0","0/0","0/0","0/0","0/0","0/0","0/0","0/0","0/0","0/0","0/0","0/0","0/0","0/0","0/0","0/0","0/0","0/0","0/0","0/0","0/0","0/0","0/0","0/0","0/0","0/0","0/0","0/0","0/0","0/0","0/0","0/0","0/0","0/0","0/0","0/0","0/0","0/0","0/0","0/0","0/0","0/0","0/0","0/0","0/0","0/0","0/0","0/0","0/0","0/0","0/0","0/0","0/0","0/0","0/0","0/0","0/0","0/0","0/0","0/0","0/0","0/0","0/0","0/0","0/0","0/0","0/0","0/0","0/0","0/0","0/0","0/0","0/0","0/0","0/0","0/0","0/0","0/0","0/0","0/0","0/0","0/0","0/0","0/0","0/0","0/0","0/0","0/0","0/0","0/0","0/0","0/0","0/0","0/0","0/0","0/0","0/0","0/0","0/0","0/0","0/0","0/0","0/0","0/0","0/0","0/0","0/0","0/0","0/0","0/0","0/0","0/0","0/0","0/0","0/0","0/0","0/0","0/0","0/0","0/0","0/0","0/0","0/0","0/0","0/0","0/0","0/0","0/0","0/0","0/0","0/0","0/0"
"chr6:109484046_T/TA_CEP57L1","0/0","0/0","0/0","0/0","0/0","0/0","0/0","0/0","0/0","0/0","0/0","0/0","0/0","0/0","0/0","0/0","0/0","0/0","0/0","0/0","0/0","0/0","0/0","0/0","0/0","0/0","0/0","0/0","0/0","0/0","0/0","0/0","0/0","0/0","0/0","0/0","0/0","0/0","0/0","0/0","0/0","0/0","0/0","0/0","0/0","0/0","0/0","0/0","0/0","0/0","0/0","0/0","0/0","0/0","0/0","0/0","0/0","0/0","0/1","0/0","0/0","0/0","0/0","0/0","0/0","0/0","0/0","0/0","0/0","0/0","0/0","0/0","0/0","0/0","0/0","0/0","0/0","0/0","0/0","0/0","0/0","0/0","0/0","0/0","0/0","0/0","0/0","0/0","0/0","0/0","0/0","0/0","0/0","0/0","0/0","0/0","0/0","0/0","0/0","0/0","0/0","0/0","0/0","0/0","0/0","0/0","0/0","0/0","0/0","0/0","0/0","0/0","0/0","0/0","0/0","0/0","0/0","0/0","0/0","0/0","0/0","0/0","0/0","0/0","0/0","0/0","0/0","0/0","0/0","0/0","0/0","0/0","0/0","0/0","0/0","0/0","0/0","0/0","0/0","0/0","0/0","0/0","0/0","0/0","0/0","0/0","0/0","0/0","0/0","0/0","0/0","0/0","0/0"
"chr6:109767001_ATCT/A_MICAL1","0/0","0/0","0/0","0/0","0/0","0/0","0/0","0/0","0/0","0/0","0/0","0/0","0/0","0/0","0/0","0/0","0/0","0/0","0/0","0/0","0/0","0/0","0/0","0/0","0/0","0/0","0/0","0/0","0/0","0/0","0/0","0/0","0/0","0/0","0/0","0/0","0/0","0/0","0/0","0/0","0/0","0/0","0/0","0/0","0/0","0/0","0/0","0/0","0/0","0/0","0/0","0/0","0/0","0/0","0/0","0/0","0/0","0/0","0/0","0/0","0/0","0/0","0/0","0/0","0/0","0/0","0/0","0/0","0/0","0/0","0/0","0/0","0/0","0/0","0/0","0/0","0/0","0/0","0/0","0/0","0/0","0/0","0/0","0/0","0/0","0/0","0/0","0/0","0/1","0/1","0/0","0/0","0/0","0/0","0/0","0/0","0/0","0/0","0/0","0/0","0/0","0/1","0/0","0/0","0/0","0/0","0/0","0/1","0/1","0/1","0/0","0/0","0/0","0/0","0/0","0/0","0/0","0/0","0/0","0/0","0/0","0/0","0/0","0/0","0/0","0/0","0/0","0/0","0/0","0/0","0/0","0/0","0/0","0/0","0/0","0/0","0/0","0/0","0/0","0/0","0/0","0/0","0/0","0/0","0/0","0/0","0/0","0/0","0/0","0/0","0/0","0/0","0/0"
"chr6:109850221_CT/C_AK9","0/0","0/0","0/0","0/0","0/0","0/0","0/0","0/0","0/0","0/0","0/0","0/0","0/0","0/0","0/0","0/0","0/0","0/0","0/0","0/0","0/0","0/0","0/0","0/0","0/0","0/0","0/0","0/0","0/0","0/0","0/0","0/0","0/0","0/0","0/0","0/0","0/1","0/0","0/0","0/0","0/0","0/0","0/0","0/0","0/0","0/0","0/0","0/0","0/0","0/0","0/0","0/0","0/0","0/0","0/0","0/0","0/0","0/0","0/0","0/0","0/0","0/0","0/0","0/0","0/0","0/0","0/0","0/0","0/0","0/0","0/0","0/0","0/0","0/0","0/0","0/0","0/0","0/0","0/0","0/0","0/0","0/0","0/0","0/0","0/0","0/0","0/0","0/0","0/0","0/0","0/0","0/0","0/0","0/0","0/0","0/0","0/0","0/0","0/0","0/0","0/0","0/0","0/0","0/0","0/0","0/0","0/0","0/0","0/0","0/0","0/0","0/0","0/0","0/0","0/0","0/0","0/0","0/0","0/0","0/0","0/0","0/0","0/0","0/0","0/0","0/0","0/0","0/0","0/0","0/0","0/0","0/0","0/0","0/0","0/0","0/0","0/0","0/0","0/0","0/0","0/0","0/0","0/0","0/0","0/0","0/0","0/0","0/0","0/0","0/0","0/0","0/0","0/0"
"chr6:109906329_GCTT/G_AK9","0/0","0/0","0/0",".","1/1","0/1","1/1","1/1","1/1","0/1","0/0","0/0","0/1","1/1","1/1","1/1","0/1","0/1","0/0","0/1","0/1","0/1","0/0","0/0","0/0","0/0","0/1","1/1","0/1","0/0","0/0","0/1","0/1","0/0","0/0","0/0","0/0","1/1","0/1","0/0","0/0","0/0","0/1","0/0","0/0",".","0/1","0/1","1/1","1/1","0/0","0/1","0/0","1/1","0/0","1/1","0/0","0/0","0/0","0/1","0/0","1/1","0/1","0/0","0/0","0/0","0/1","1/1","1/1","0/1","0/0","0/0","0/1","0/1","0/1","0/0","0/0","0/1","0/1","1/1","1/1","0/0","0/0","0/0","0/1","0/1","0/1","0/1","0/1","1/1","0/0","0/0","0/0","0/1","0/1","0/0","0/1","0/1","0/0","0/1","0/0","0/1","0/0","0/0","0/0","0/0","0/0","0/1","0/0","0/1","0/1","0/1","0/1","0/0","0/0","0/0","0/0","0/0","0/1","0/0","0/0","0/0","0/1","0/0","0/0","0/0","0/0","0/0","0/1","0/1","0/1","1/1","0/1","1/1","0/1","0/1","1/1","1/1","0/1","0/1","0/1","1/1","1/1","0/0","0/1","0/1","1/1","1/1","1/1",".","0/0","0/0","0/0"
"chr6:110541005_GT/G_CDC40","0/0","0/0","0/0","0/0","0/0","0/0","0/0","0/0","0/0","0/0","0/0","0/0","0/0","0/0","0/0","0/0","0/0","0/0","0/0","0/0","0/0","0/0","0/0","0/0","0/0","0/0","0/0","0/0","0/0","0/0","0/0","0/0","0/0","0/0","0/0","0/0","0/1","0/0","0/0","0/0","0/0","0/0","0/0","0/0","0/0","0/0","0/0","0/0","0/0","0/0","0/0","0/0","0/0","0/0","0/0","0/0","0/0","0/0","0/0","0/0","0/0","0/0","0/0","0/0","0/0","0/0","0/0","0/0","0/0","0/0","0/0","0/0","0/0","0/0","0/0","0/0","0/0","0/0","0/0","0/0","0/0","0/0","0/0","0/0","0/0","0/0","0/0","0/0","0/0","0/0","0/0","0/0","0/0","0/0","0/0","0/0","0/0","0/0","0/0","0/0","0/0","0/0","0/0","0/0","0/0","0/0","0/0","0/0","0/0","0/0","0/0","0/0","0/0","0/0","0/0","0/0","0/0","0/0","0/0","0/0","0/0","0/0","0/0","0/0","0/0","0/0","0/0","0/0","0/0","0/0","0/0","0/0","0/0","0/0","0/0","0/0","0/0","0/0","0/0","0/0","0/0","0/0","0/0","0/0","0/0","0/0","0/0","0/0","0/0","0/0","0/0","0/0","0/0"
"chr6:111587360_AT/A_KIAA1919","0/0","0/0","0/0","0/0","0/0","0/0","0/0","0/0","0/0","0/0","0/0","0/0","0/0","0/0","0/0","0/0","0/0","0/0","0/0","0/0","0/0","0/0","0/0","0/0","0/0","0/0","0/0","0/0","0/0","0/0","0/0","0/0","0/0","0/0","0/0","0/0","0/1","0/0","0/0","0/0","0/0","0/0","0/0","0/0","0/0","0/0","0/0","0/0","0/0","0/0","0/0","0/0","0/0","0/0","0/0","0/0","0/0","0/0","0/0","0/0","0/0","0/2","0/0","0/0","0/0","0/0","0/0","0/0","0/0","0/0","0/0","0/0","0/0","0/0","0/0","0/0","0/0","0/0","0/0","0/0","0/0","0/0","0/0","0/0","0/0","0/0","0/0","0/0","0/0","0/0","0/0","0/0","0/0","0/0","0/0","0/0","0/0","0/0","0/0","0/0","0/0","0/0","0/0","0/0","0/0","0/0","0/0","0/0","0/0","0/0","0/0","0/0","0/0","0/0","0/0","0/0","0/0","0/0","0/0","0/0","0/0","0/0","0/0","0/0","0/0","0/0","0/0","0/0","0/0","0/0","0/0","0/0","0/0","0/0","0/0","0/0","0/0","0/0","0/0","0/0","0/0","0/0","0/0","0/0","0/0","0/0","0/0","0/0","0/0","0/0","0/0","0/0","0/0"
"chr6:111913185_A/AGGT_TRAF3IP2","0/0","0/0","0/0","0/0","0/0","0/0","0/0","0/0","0/0","0/0","0/0","0/0","0/0","0/0","0/0","0/0","0/0","0/0","0/0","0/0","0/0","0/0","0/0","0/0","0/0","0/1","0/0","0/0","0/0","0/0","0/0","0/0","0/0","0/0","0/0","0/0","0/0","0/0","0/0","0/1","0/0","0/0","0/0","0/0","0/0","0/0","0/0","0/0","0/0","0/0","0/0","0/1","0/0","0/0","0/0","0/0","0/0","0/0","0/0","0/0","0/0","0/0","0/0","0/0","0/0","0/0","0/0","0/0","0/0","0/0","0/0","0/0","0/0","0/0","0/0","0/0","0/0","0/0","0/0","0/0","0/0","0/0","0/0","0/0","0/0","0/1","0/1","0/0","0/0","0/0","0/0","0/0","0/0","0/1","0/1","0/0","0/0","0/0","0/0","0/0","0/0","0/0","0/0","0/0","0/0","0/0","0/0","0/0","0/0","0/0","0/0","0/0","0/0","0/0","0/0","0/0","0/0","0/0","0/0","0/0","0/0","0/0","0/0","0/0","0/0","0/0","0/0","0/0","0/0","0/0","0/0","0/0","0/0","0/0","0/0","0/0","0/0","0/0","0/0","0/0","0/0","0/0","0/0","0/0","0/0","0/0","0/0","0/0","0/0","0/0","0/0","0/0","0/0"
"chr6:114181209_GAA/GAAA_MARCKS","0/0","0/0","0/0","0/0","0/0","0/0","0/0","0/0","0/0","0/0","0/0","0/0","0/0","0/0","0/0","0/0","0/0","0/0","0/0","0/0","0/0","0/0","0/0","0/0","0/0","0/0","0/0","0/0","0/0","0/0","0/0","0/0","0/0","0/0","0/0","0/0","0/2","0/0","0/0","0/0","0/0","0/0","0/0","0/0","0/1","0/0","0/0","0/0","0/0","0/0","0/0","0/0","0/0","0/0","0/0","0/0","0/1","0/0","0/0","0/0","0/0","0/1","0/0","0/0","0/0","0/0","0/0","0/0","0/1","0/0","0/0","0/0","0/0","0/0","0/0","0/0","0/1","0/1","0/0","0/0","0/0","0/0","0/0","0/0","0/0","0/0","0/0","0/0","0/0","0/0","0/0","0/0","0/0","0/0","0/0","0/0","0/0","0/0","0/0","0/0","0/0","0/0","0/0","0/0","0/0","0/0","0/0","0/0","0/0","0/0","0/0","0/0","0/0","0/0","0/0","0/0","0/0","0/0","0/0","0/0","0/0","0/0","0/0","0/0","0/0","0/0","0/0","0/0","0/0","0/0","0/0","0/0","0/0","0/0","0/0","0/1","0/0","0/0","0/0","0/0","0/0","0/1","0/0","0/0","0/0","0/0","0/0","0/0","0/0","0/0","0/0","0/0","0/0"
"chr6:116600465_T/TCAC_TSPYL1","1/1","1/1","1/1","1/1","1/1","1/1","1/1","1/1","1/1","1/1","1/1","1/1","1/1","1/1","1/1","1/1","1/1","1/1","1/1","1/1","1/1","1/1","1/1","1/1","1/1","1/1","1/1","1/1","1/1","1/1","1/1","1/1","1/1","1/1","1/1","1/1","1/1","1/1","1/1","1/1","1/1","1/1","1/1","1/1","1/1","1/1","1/1","1/1","1/1","1/1","1/1","1/1","1/1","1/1","1/1","1/1","1/1","1/1","1/1","1/1","1/1","1/1","1/1","1/1","1/1","1/1","1/1","1/1","1/1","1/1","1/1","1/1","1/1","1/1","1/1","1/1","1/1","1/1","1/1","1/1","1/1","1/1","1/1","1/1","1/1","1/1","1/1","1/1","1/1","1/1","1/1","1/1","1/1","1/1","1/1","1/1","1/1","1/1","1/1","1/1","1/1","1/1","1/1","1/1","1/1","1/1","1/1","1/1","1/1","1/1","1/1","1/1","1/1","1/1","1/1","1/1","1/1","1/1","1/1","1/1","1/1","1/1","1/1","1/1","1/1","1/1","1/1","1/1","1/1","1/1","1/1","1/1","1/1","1/1","1/1","1/1","1/1","1/1","1/1","1/1","1/1","1/1","1/1","1/1","1/1","1/1","1/1","1/1","1/1","1/1","1/1","1/1","1/1"
"chr6:117894669_AC/A_GOPC","0/0","0/0","0/0","0/0","0/0","0/0","0/0","0/0","0/0","0/0","0/0","0/0","0/0","0/0","0/0","0/0","0/0","0/0","0/0","0/0","0/0","0/0","0/0","0/0","0/0","0/0","0/0","0/0","0/0","0/0","0/0","0/0","0/0","0/0","0/0","0/0","0/1","0/0","0/0","0/0","0/0","0/0","0/0","0/0","0/0","0/0","0/0","0/0","0/0","0/0","0/0","0/0","0/0","0/0","0/0","0/0","0/0","0/0","0/0","0/0","0/0","0/0","0/0","0/0","0/0","0/0","0/0","0/0","0/0","0/0","0/0","0/0","0/0","0/0","0/0","0/0","0/0","0/0","0/0","0/0","0/0","0/0","0/0","0/0","0/0","0/0","0/0","0/0","0/0","0/0","0/0","0/0","0/0","0/0","0/0","0/0","0/0","0/0","0/0","0/0","0/0","0/0","0/0","0/0","0/0","0/0","0/0","0/0","0/0","0/0","0/0","0/0","0/0","0/0","0/0","0/0","0/0","0/0","0/0","0/0","0/0","0/0","0/0","0/0","0/0","0/0","0/0","0/0","0/0","0/0","0/0","0/0","0/0","0/0","0/0","0/0","0/0","0/0","0/0","0/0","0/0","0/0","0/0","0/0","0/0","0/0","0/0","0/0","0/0","0/0","0/0","0/0","0/0"
"chr6:123759208_CT/C_TRDN","0/0","0/0","0/0","0/0","0/0","0/0","0/0","0/0","0/0","0/0","0/0","0/0","0/0","0/0","0/0","0/0","0/0","0/0","0/0","0/0","0/0","0/0","0/0","0/0","0/0","0/0","0/0","0/0","0/0","0/0","0/0","0/0","0/0","0/0","0/0","0/0","0/1","0/0","0/0","0/0","0/0","0/0","0/0","0/0","0/0","0/0","0/0","0/0","0/0","0/0","0/0","0/0","0/0","0/0","0/0","0/0","0/0","0/0","0/0","0/0","0/0","0/0","0/0","0/0","0/0","0/0","0/0","0/0","0/0","0/0","0/0","0/0","0/0","0/0","0/0","0/0","0/0","0/0","0/0","0/0","0/0","0/0","0/0","0/0","0/0","0/0","0/0","0/0","0/0","0/0","0/0","0/0","0/0","0/0","0/0","0/0","0/0","0/0","0/0","0/0","0/0","0/0","0/0","0/0","0/0","0/0","0/0","0/0","0/0","0/0","0/0","0/0","0/0","0/0","0/0","0/0","0/0","0/0","0/0","0/0","0/0","0/0","0/0","0/0","0/0","0/0","0/0","0/0","0/0","0/0","0/0","0/0","0/0","0/0","0/0","0/0","0/0","0/0","0/0","0/0","0/0","0/0","0/0","0/0","0/0","0/0","0/0","0/0","0/0","0/0","0/0","0/0","0/0"
"chr6:123837327_CCTTTTT/C_TRDN","0/0","0/0","0/0","0/0","0/0","0/0","0/0","0/0","0/0","0/0","0/0","0/0","0/0","0/0","0/1","0/1","0/0","0/0","0/0","0/1","0/0","0/1","0/0","0/0","0/0","0/0","0/0","0/0","0/0","0/0","0/0","0/0","0/0","0/0","0/0","0/0","0/0","0/1","0/0","0/0","0/0","0/1","0/0","0/0","0/0","0/0","0/0","0/0","0/1","0/0","0/1","0/0","0/0","0/0","0/0","0/1","0/0","0/1","0/0","0/0","0/0","0/0","0/0","0/0","0/0","0/0","0/0","0/0","0/0","0/0","0/0","0/0","0/0","0/0","0/0","0/0","0/0","0/0","0/0","0/0","0/0","0/0","0/1","0/0","0/0","0/0","0/0","0/0","0/0","0/0","0/0","0/0","0/0","0/0","0/0","0/0","0/0","0/0","0/0","0/0","0/0","0/0","0/0","0/0","0/0","0/0","0/0","0/0","0/0","0/0","0/0","0/0","0/0","0/0","0/0","0/0","0/0","0/1","0/0","0/1","0/0","0/0","0/0","0/1","0/0","0/0","0/0","0/0","0/0","0/0","0/0","0/0","0/0","0/0","0/0","0/0","0/0","0/0","0/0","0/0","0/0","0/0","0/0","0/0","0/0","0/0","0/0","0/0","0/0","0/0","0/0","0/0","0/0"
"chr6:130164668_CAATTACCT/C_TMEM244","0/0","0/0","0/0","0/0","0/0","0/0","0/0","0/0","0/0","0/0","0/0","0/0","0/0","0/0","0/0","0/0","0/0","0/0","0/0","0/0","0/0","0/0","0/0","0/0","0/0","0/0","0/0","0/0","0/0","0/0","0/0","0/0","0/1","0/0","0/0","0/0","0/0","0/0","0/0","0/0","0/0","0/0","0/0","0/0","0/0","0/0","0/0","0/0","0/0","0/0","0/0","0/0","0/0","0/0","0/0","0/0","0/0","0/0","0/0","0/0","0/0","0/0","0/0","0/0","0/0","0/0","0/0","0/0","0/0","0/0","0/0","0/0","0/0","0/0","0/0","0/0","0/0","0/0","0/0","0/0","0/0","0/0","0/0","0/0","0/0","0/0","0/0","0/0","0/0","0/0","0/0","0/0","0/0","0/0","0/0","0/0","0/0","0/0","0/0","0/0","0/0","0/0","0/0","0/0","0/0","0/0","0/0","0/0","0/0","0/0","0/0","0/0","0/0","0/0","0/0","0/0","0/0","0/0","0/0","0/0","0/0","0/0","0/0","0/0","0/0","0/0","0/0","0/0","0/0","0/0","0/0","0/0","0/0","0/0","0/0","0/0","0/0","0/0","0/0","0/0","0/0","0/0","0/0","0/0","0/0","0/0","0/0","0/0","0/0","0/0","0/0","0/0","0/0"
"chr6:130454750_AATGGAGCACAGACGAGGTATATTTT/A_L3MBTL3","0/0","0/0","0/0","0/0","0/0","0/0","0/0","0/0","0/0","0/0","0/0","0/0","0/0","0/0","0/0","0/0","0/0","0/0","0/0","0/0","0/0","0/1","0/0","0/0","0/0","0/0","0/0","0/0","0/0","0/0","0/0","0/0","0/0","0/0","0/0","0/0","0/0","0/0","0/0","0/0","0/0","0/0","0/0","0/0","0/0","0/0","0/0","0/0","0/0","0/0","0/0","0/0","0/0","0/0","0/0","0/0","0/0","0/0","0/0","0/0","0/0","0/0","0/0","0/0","0/0","0/0","0/0","0/0","0/0","0/0","0/0","0/0","0/0","0/0","0/0","0/0","0/0","0/0","0/0","0/0","0/0","0/0","0/0","0/0","0/0","0/0","0/0","0/0","0/0","0/0","0/0","0/0","0/0","0/0","0/0","0/0","0/0","0/0","0/0","0/0","0/0","0/0","0/0","0/0","0/0","0/0","0/0","0/0","0/0","0/0","0/0","0/0","0/0","0/0","0/0","0/0","0/0","0/0","0/0","0/0","0/0","0/0","0/0","0/0","0/0","0/0","0/0","0/0","0/0","0/0","0/0","0/0","0/0","0/0","0/0","0/0","0/0","0/0","0/0","0/0","0/0","0/0","0/0","0/0","0/0","0/0","0/0","0/0","0/0","0/0","0/0","0/0","0/0"
"chr6:131466549_CTG/C_AKAP7","0/0","0/0","0/0","0/0","0/0","0/0","0/0","0/0","0/0","0/0","0/0","0/0","0/0","0/0","0/0","0/0","0/0","0/0","0/0","0/0","0/0","0/0","0/0","0/0","0/0","0/0","0/0","0/0","0/0","0/0","0/0","0/0","0/0","0/0","0/0","0/0","0/0","0/0","0/0","0/0","0/0","0/0","0/0","0/1","0/0","0/0","0/0","0/0","0/0","0/0","0/0","0/0","0/0","0/0","0/0","0/0","0/0","0/0","0/0","0/0","0/0","0/0","0/0","0/0","0/0","0/0","0/0","0/0","0/0","0/0","0/0","0/0","0/0","0/0","0/0","0/0","0/0","0/0","0/0","0/0","0/0","0/0","0/0","0/0","0/0","0/0","0/0","0/0","0/0","0/0","0/0","0/0","0/0","0/0","0/0","0/0","0/0","0/0","0/0","0/0","0/0","0/0","0/0","0/0","0/0","0/0","0/0","0/0","0/0","0/0","0/0","0/0","0/0","0/0","0/0","0/0","0/0","0/0","0/0","0/0","0/0","0/0","0/0","0/0","0/0","0/0","0/0","0/0","0/0","0/0","0/0","0/0","0/0","0/0","0/0","0/0","0/0","0/0","0/0","0/0","0/0","0/0","0/0","0/0","0/0","0/0","0/0","0/0","0/0","0/0","0/0","0/0","0/0"
"chr6:134495178_C/CCTG_SGK1","0/0","0/0","0/0","0/0","0/0","0/0","0/0","0/0","0/0","0/0","0/0","0/0","0/0","0/0","0/0","0/0","0/0","0/0","0/0","0/0","0/0","0/0","0/0","0/0","0/0","0/0","0/0","0/0","0/0","0/0","0/0","0/0","0/0","0/0","0/0","0/0","0/0","0/0","0/0","0/0","0/0","0/0","0/0","0/0","0/0","0/0","0/0","0/0","0/0","0/0","0/0","0/0","0/0","0/0","0/0","0/0","0/0","0/0","0/0","0/0","0/0","0/0","0/0","0/0","0/0","0/0","0/0","0/0","0/0","0/0","0/0","0/0","0/0","0/0","0/0","0/0","0/0","0/0","0/0","0/0","0/0","0/0","0/0","0/0","0/0","0/0","0/0","0/0","0/0","0/0","0/0","0/0","0/0","0/0","0/0","0/0","0/0","0/0","0/0","0/0","0/0","0/0","0/0","0/1","0/0","0/0","0/0","0/0","0/0","0/0","0/0","0/0","0/0","0/0","0/0","0/0","0/0","0/0","0/0","0/0","0/0","0/0","0/0","0/0","0/0","0/0","0/0","0/0","0/0","0/0","0/0","0/0","0/0","0/0","0/0","0/0","0/0","0/0","0/0","0/0","0/0","0/0","0/0","0/0","0/0","0/0","0/0","0/0","0/0","0/0","0/0","0/0","0/0"
"chr6:138539183_A/AG_PBOV1","0/1","0/1","0/1","1/1","0/1","0/1","0/1","0/1","0/1","0/1","0/1","0/0","0/0","0/1","0/1","0/1","0/1","0/0","0/1","0/0","1/1","0/1","0/0","0/1","0/1","0/0","0/1","0/1","0/0","0/1","0/0","0/0","0/1","0/0","0/0","0/1","0/1","0/1","0/0","0/1","0/1","0/1","0/0","0/0","0/1","0/1","0/1","0/0","0/0","0/1","0/0","0/1","0/1","0/1","0/1","0/1","1/1","0/1","0/0","1/1","0/0","0/1","0/1","0/1","0/1","0/0","0/1","0/0","0/0","0/1","0/0","0/1","0/1","0/0","0/0","0/1","0/1","0/1","0/1","0/0","0/0","0/0","0/0","0/1","0/1","0/0","0/0","0/0","0/1","0/1","0/0","0/0","0/0","0/0","0/0","0/0","0/0","0/0","0/1","0/1","0/1","0/1","0/1","0/1","0/1","0/1","0/1","0/0","0/0","0/1","1/1","0/0","0/0","0/1","0/1","0/1","0/1","0/0","0/1","0/0","0/1","0/1","0/1","0/0","0/1","0/1","0/1","0/1","0/0","0/0","0/0","0/1","0/1","0/1","0/1","0/1","0/1","0/1","0/0","0/0","0/0","0/1","0/1","0/0","0/0","0/0","0/0","0/0","0/0","0/1","0/1","0/1","0/1"
"chr6:138655947_GC/G_ARFGEF3","0/0","0/0","0/0","0/0","0/0","0/0","0/0","0/0","0/0","0/0","0/0","0/0","0/0","0/0","0/0","0/0","0/0","0/0","0/0","0/0","0/0","0/0","0/0","0/0","0/0","0/0","0/0","0/0","0/0","0/0","0/0","0/0","0/0","0/0","0/0","0/0","0/1","0/0","0/0","0/0","0/0","0/0","0/0","0/0","0/0","0/0","0/0","0/0","0/0","0/0","0/0","0/0","0/0","0/0","0/0","0/0","0/0","0/0","0/0","0/0","0/0","0/0","0/0","0/0","0/0","0/0","0/0","0/0","0/0","0/0","0/0","0/0","0/0","0/0","0/0","0/0","0/0","0/0","0/0","0/0","0/0","0/0","0/0","0/0","0/0","0/0","0/0","0/0","0/0","0/0","0/0","0/0","0/0","0/0","0/0","0/0","0/0","0/0","0/0","0/0","0/0","0/0","0/0","0/0","0/0","0/0","0/0","0/0","0/0","0/0","0/0","0/0","0/0","0/0","0/0","0/0","0/0","0/0","0/0","0/0","0/0","0/0","0/0","0/0","0/0","0/0","0/0","0/0","0/0","0/0","0/0","0/0","0/0","0/0","0/0","0/0","0/0","0/0","0/0","0/0","0/0","0/0","0/0","0/0","0/0","0/0","0/0","0/0","0/0","0/0","0/0","0/0","0/0"
"chr6:139097277_AGAG/A_CCDC28A","0/0","0/0","0/0","0/0","0/0","0/0","0/0","0/0","0/0","0/0","0/0","0/0","0/0","0/0","0/0","0/0","0/0","0/0","0/0","0/0","0/0","0/0","0/0","0/0","0/0","0/0","0/0","0/0","0/0","0/0","0/0","0/0","0/0","0/0","0/0","0/0","0/1","0/0","0/0","0/0","0/0","0/0","0/0","0/0","0/0","0/0","0/0","0/0","0/0","0/0","0/0","0/0","0/0","0/0","0/0","0/0","0/0","0/0","0/0","0/0","0/0","0/0","0/0","0/0","0/0","0/0","0/0","0/0","0/0","0/0","0/0","0/0","0/0","0/0","0/0","0/0","0/0","0/0","0/0","0/0","0/0","0/0","0/0","0/0","0/0","0/0","0/0","0/0","0/0","0/0","0/0","0/0","0/0","0/0","0/0","0/0","0/0","0/0","0/0","0/0","0/0","0/0","0/0","0/0","0/0","0/0","0/0","0/0","0/0","0/0","0/0","0/0","0/0","0/0","0/0","0/0","0/0","0/0","0/0","0/0","0/0","0/0","0/0","0/0","0/0","0/0","0/0","0/0","0/0","0/0","0/0","0/0","0/0","0/0","0/0","0/0","0/0","0/0","0/0","0/0","0/0","0/0","0/0","0/0","0/0","0/0","0/0","0/0","0/0","0/0","0/0","0/0","0/0"
"chr6:139204006_AAGGTAAATG/A_ECT2L","0/1","0/1","0/1","0/1","0/0","0/0","0/0","0/0","0/0","0/0","0/1","0/0","0/0","0/0","0/0","0/1","0/0","0/0","0/0","0/0","0/0","0/0","0/0","0/0","0/0","0/0","0/0","0/0","0/0","0/0","0/0","0/0","0/1","0/1","0/0","0/0","0/0","0/0","0/0","0/0","0/1","0/1","0/0","0/0","0/0","0/0","0/0","0/0","0/0","0/1","0/0","0/0","0/0","0/0","0/0","0/0","0/0","0/1","0/0","0/0","0/0","0/0","0/0","0/0","0/0","0/1","0/0","0/0","0/0","0/0","0/1","0/0","0/0","0/0","0/0","0/0","0/0","1/1","1/1","0/0","0/0","0/0","0/0","0/1","0/1","0/0","0/0","0/1","0/0","0/0","0/0","0/0","0/0","0/0","0/0","0/0","0/1","0/0","0/0","0/0","0/1","0/1","0/1","0/0","0/0","0/0","0/0","0/0","0/0","0/1","0/1","0/0","0/0","0/0","0/0","0/0","0/0","0/0","0/0","0/0","0/0","0/0","0/0","0/0","0/0","0/0","0/0","0/0","0/0","0/0","0/0","0/1","0/0","0/0","0/0","0/0","0/0","0/0","0/1","0/1","0/1","0/1","0/1","0/0","0/0","0/0","0/0","0/0","0/0","0/0","0/0","0/0","0/0"
"chr6:142718830_TA/T_ADGRG6","0/0","0/0","0/0","0/0","0/0","0/0","0/0","0/0","0/0","0/0","0/0","0/0","0/0","0/0","0/0","0/0","0/0","0/0","0/0","0/0","0/0","0/0","0/0","0/0","0/0","0/0","0/0","0/0","0/0","0/0","0/0","0/0","0/0","0/0","0/0","0/0","0/1","0/0","0/0","0/0","0/0","0/0","0/0","0/0","0/0","0/0","0/0","0/0","0/0","0/0","0/0","0/0","0/0","0/0","0/0","0/0","0/0","0/0","0/0","0/0","0/0","0/0","0/0","0/0","0/0","0/0","0/0","0/0","0/0","0/0","0/0","0/0","0/0","0/0","0/0","0/0","0/0","0/0","0/0","0/0","0/0","0/0","0/0","0/0","0/0","0/0","0/0","0/0","0/0","0/0","0/0","0/0","0/0","0/0","0/0","0/0","0/0","0/0","0/0","0/0","0/0","0/0","0/0","0/0","0/0","0/0","0/0","0/0","0/0","0/0","0/0","0/0","0/0","0/0","0/0","0/0","0/0","0/0","0/0","0/0","0/0","0/0","0/0","0/0","0/0","0/0","0/0","0/0","0/0","0/0","0/0","0/0","0/0","0/0","0/0","0/0","0/0","0/0","0/0","0/0","0/0","0/0","0/0","0/0","0/0","0/0","0/0","0/0","0/0","0/0","0/0","0/0","0/0"
"chr6:144769746_CT/C_UTRN","0/0","0/0","0/0","0/0","0/0","0/0","0/0","0/0","0/0","0/0","0/0","0/0","0/0","0/0","0/0","0/0","0/0","0/0","0/0","0/0","0/0","0/0","0/0","0/0","0/0","0/0","0/0","0/0","0/0","0/0","0/0","0/0","0/0","0/0","0/0","0/0","0/0","0/0","0/0","0/0","0/0","0/0","0/0","0/0","0/0","0/0","0/0","0/0","0/0","0/0","0/0","0/0","0/0","0/0","0/0","0/0","0/0","0/0","0/0","0/0","0/0","0/0","0/0","0/0","0/0","0/0","0/0","0/0","0/0","0/0","0/0","0/0","0/0","0/0","0/0","0/0","0/0","0/0","0/0","0/0","0/0","0/0","0/0","0/0","0/0","0/1","0/0","0/0","0/0","0/0","0/0","0/0","0/0","0/0","0/0","0/0","0/0","0/0","0/0","0/0","0/0","0/0","0/0","0/0","0/0","0/0","0/0","0/0","0/0","0/0","0/0","0/0","0/0","0/0","0/0","0/0","0/0","0/0","0/0","0/0","0/0","0/0","0/0","0/0","0/0","0/0","0/0","0/0","0/0","0/0","0/0","0/0","0/0","0/0","0/0","0/0","0/0","0/0","0/0","0/0","0/0","0/0","0/0","0/0","0/0","0/0","0/0","0/0","0/0","0/0","0/0","0/0","0/0"
"chr6:146965910_AT/A_ADGB","0/0","0/0","0/0","0/0","0/0","0/0","0/0","0/0","0/0","0/0","0/0","0/0","0/0","0/0","0/0","0/0","0/0","0/0","0/0","0/0","0/0","0/0","0/0","0/0","0/0","0/0","0/0","0/0","0/0","0/0","0/0","0/1","0/0","0/0","0/0","0/0","0/0","0/0","0/0","0/0","0/0","0/0","0/0","0/0","0/0","0/0","0/0","0/0","0/0","0/0","0/0","0/0","0/0","0/0","0/0","0/0","0/0","0/0","0/0","0/0","0/0","0/0","0/0","0/0","0/0","0/0","0/0","0/0","0/0","0/0","0/0","0/0","0/0","0/0","0/0","0/0","0/0","0/0","0/0","0/0","0/0","0/0","0/0","0/0","0/0","0/0","0/0","0/0","0/0","0/0","0/0","0/0","0/0","0/0","0/0","0/0","0/0","0/0","0/0","0/0","0/0","0/0","0/0","0/0","0/0","0/0","0/0","0/0","0/0","0/0","0/0","0/0","0/0","0/0","0/0","0/0","0/0","0/0","0/0","0/0","0/0","0/0","0/0","0/0","0/0","0/0","0/0","0/0","0/0","0/0","0/0","0/0","0/0","0/0","0/0","0/0","0/0","0/0","0/0","0/0","0/0","0/0","0/0","0/0","0/0","0/0","0/0","0/0","0/0","0/0","0/0","0/0","0/0"
"chr6:147830307_G/GC_SAMD5","0/0","0/0","0/0","0/0","0/0","0/0","0/0","0/0","0/0","0/0","0/0","0/0","0/0","0/0","0/0","0/0","0/0","0/0","0/0","0/0","0/0","0/0","0/0","0/0","0/0","0/0","0/0","0/0","0/0","0/0","0/0","0/0","0/0","0/0","0/0","0/0","0/1","0/0","0/0","0/0","0/0","0/0","0/0","0/0","0/0","0/0","0/0","0/0","0/0","0/0","0/0","0/0","0/0","0/0","0/0","0/0","0/0","0/0","0/0","0/0","0/0","0/0","0/0","0/0","0/0","0/0","0/0","0/0","0/0","0/0","0/0","0/0","0/0","0/0","0/0","0/0","0/0","0/0","0/0","0/0","0/0","0/0","0/0","0/0","0/0","0/0","0/0","0/0","0/0","0/0","0/0","0/0","0/0","0/0","0/0","0/0","0/0","0/0","0/0","0/0","0/0","0/0","0/0","0/0","0/0","0/0","0/0","0/0","0/0","0/0","0/0","0/0","0/0","0/0","0/0","0/0","0/0","0/0","0/0","0/0","0/0","0/0","0/0","0/0","0/0","0/0","0/0","0/0","0/0","0/0","0/0","0/0","0/0","0/0","0/0","0/0","0/0","0/0","0/0","0/0","0/0","0/0","0/0","0/0","0/0","0/0","0/0","0/0","0/0","0/0","0/0","0/0","0/0"
"chr6:147830410_G/GC_SAMD5","0/0","0/0","0/0","0/0","0/0","0/0","0/0","0/0","0/0","0/0","0/0","0/0","0/0","0/0","0/0","0/0","0/0","0/0","0/0","0/0","0/0","0/0","0/0","0/0","0/0","0/0","0/0","0/0","0/0","0/0","0/0","0/0","0/0","0/0","0/0","0/0","0/1","0/0","0/0","0/0","0/0","0/0","0/0","0/0","0/0","0/0","0/0","0/0","0/0","0/0","0/0","0/0","0/0","0/0","0/0","0/0","0/0","0/0","0/0","0/0","0/0","0/0","0/0","0/0","0/0","0/0","0/0","0/0","0/0","0/0","0/0","0/0","0/0","0/0","0/0","0/0","0/0","0/0","0/0","0/0","0/0","0/0","0/0","0/0","0/0","0/0","0/0","0/0","0/0","0/0","0/0","0/0","0/0","0/0","0/0","0/0","0/0","0/0","0/0","0/0","0/0","0/0","0/0","0/0","0/0","0/0","0/0","0/0","0/0","0/0","0/0","0/0","0/0","0/0","0/0","0/0","0/0","0/0","0/0","0/0","0/0","0/0","0/0","0/0","0/0","0/0","0/0","0/0","0/0","0/0","0/0","0/0","0/0","0/0","0/0","0/0","0/0","0/0","0/0","0/0","0/0","0/0","0/0","0/0","0/0","0/0","0/0","0/0","0/0","0/0","0/0","0/0","0/0"
"chr6:150205636_TC/T_RAET1E","0/0","0/0","0/0","0/0","0/0","0/0","0/0","0/0","0/0","0/0","0/0","0/0","0/0","0/0","0/0","0/0","0/0","0/0","0/0","0/0","0/0","0/0","0/0","0/0","0/0","0/0","0/0","0/0","0/0","0/0","0/0","0/0","0/0","0/0","0/0","0/0","0/0","0/0","0/0","0/0","0/0","0/0","0/0","0/0","0/0","0/0","0/0","0/0","0/0","0/0","0/0","0/0","0/0","0/0","0/0","0/0","0/0","0/0","0/0","0/0","0/0","0/0","0/0","0/0","0/0","0/0","0/0","0/0","0/0","0/0","0/0","0/0","0/0","0/0","0/0","0/0","0/0","0/0","0/0","0/0","0/0","0/0","0/0","0/0","0/0","0/0","0/0","0/0","0/0","0/0","0/1","0/0","0/0","0/1","0/1","0/1","0/0","0/0","0/0","0/0","0/0","0/0","0/0","0/0","0/0","0/0","0/0","0/0","0/0","0/0","0/0","0/0","0/0","0/0","0/0","0/0","0/0","0/0","0/0","0/0","0/0","0/0","0/0","0/0","0/0","0/0","0/0","0/0","0/0","0/0","0/0","0/0","0/0","0/0","0/0","0/0","0/0","0/0","0/0","0/0","0/0","0/0","0/0","0/0","0/0","0/0","0/0","0/0","0/0","0/0","0/0","0/0","0/0"
"chr6:151674116_T/TGAG_AKAP12","0/1","0/1","0/1","0/1","0/0","0/0","0/1","0/1","0/1","1/1","0/1","1/1","1/1","1/1","0/1","1/1","1/1","1/1","0/0","0/1","1/1","0/1","0/0","0/0","1/1","0/1","0/1","0/0","1/1","1/1","0/0","0/1","0/1","1/1","0/1","1/1","0/1","0/1","0/1","0/1","0/1","1/1","0/1","0/0","0/1","0/1","0/1","0/1","1/1","0/1","0/1","1/1","0/0","0/1","0/0","0/1","1/1","0/1","0/0","0/1","0/1","0/1","0/0","0/1","0/1","1/1","0/1","0/1","0/1","0/1","1/1","0/1","0/1","0/0","0/0","0/1","0/1","1/1","1/1","1/1","1/1","1/1","0/1","0/1","0/1","1/1","1/1","0/0","1/1","1/1","0/0","0/1","0/1","1/1","1/1","0/0","0/0","0/1","1/1","1/1","0/1","0/1","0/1","0/0","0/0","1/1","1/1","1/1","1/1","0/1","0/1","0/1","0/1","0/1","1/1","0/1","0/1","0/1","0/1","0/1","0/1","0/1","0/1","0/1","1/1","1/1","0/1","0/1","1/1","1/1","1/1","1/1","0/1","0/1","0/1","0/1","0/1","0/1","0/1","0/1","0/1","1/1","1/1","0/1","0/1","0/1","1/1","1/1","1/1","1/1","1/1","1/1","1/1"
"chr6:151907076_AG/A_CCDC170","0/0","0/0","0/0","0/0","0/0","0/0","0/0","0/0","0/0","0/0","0/0","0/0","0/0","0/0","0/0","0/0","0/0","0/0","0/0","0/0","0/0","0/0","0/0","0/0","0/1","0/0","0/0","0/0","0/0","0/0","0/0","0/0","0/0","0/0","0/0","0/0","0/0","0/0","0/0","0/0","0/0","0/0","0/0","0/0","0/0","0/0","0/0","0/0","0/0","0/0","0/0","0/0","0/0","0/0","0/0","0/0","0/0","0/0","0/0","0/0","0/0","0/0","0/0","0/0","0/0","0/0","0/0","0/0","0/0","0/0","0/0","0/0","0/0","0/0","0/0","0/0","0/0","0/0","0/0","0/0","0/0","0/0","0/0","0/0","0/0","0/0","0/0","0/0","0/0","0/0","0/0","0/0","0/0","0/0","0/0","0/0","0/0","0/0","0/0","0/0","0/0","0/0","0/0","0/0","0/0","0/1","0/1","0/0","0/0","0/0","0/0","0/0","0/0","0/0","0/0","0/1","0/1","0/0","0/0","0/0","0/0","0/0","0/1","0/0","0/0","0/0","0/0","0/0","0/0","0/0","0/0","0/0","0/0","0/0","0/0","0/0","0/0","0/0","0/0","0/0","0/0","0/0","0/0","0/0","0/0","0/0","0/1","0/1","0/1","0/0","0/0","0/0","0/0"
"chr6:153019099_GAGAT/G_MYCT1","0/0","0/0","0/0","0/0","0/0","0/0","0/1","0/1","0/1","0/0","0/0","0/1","0/0","0/1","0/0","0/1","0/0","1/1","0/0","0/0","0/1","0/1","0/0","0/0","0/1","0/1","0/1","0/0","0/0","0/0","0/1","0/0","0/0","0/0","0/1","0/0","0/1","0/0","0/0","0/0","0/1","0/0","0/1","0/0","0/0","0/0","0/0","0/0","0/0","0/0","0/0","0/1","0/1","0/1","0/0","0/0","0/0","0/0","0/1","0/1","0/0","0/0","0/0","0/0","0/0","0/0","0/0","0/0","0/0","0/0","0/0","0/0","0/0","0/0","0/0","0/1","0/1","0/1","0/1","0/1","0/1","0/0","0/0","0/0","0/0","0/1","0/1","0/0","0/1","0/1","0/0","0/0","0/0","0/0","0/0","0/0","0/0","0/0","1/1","1/1","1/1","0/0","1/1","0/0","0/0","0/0","0/0","0/0","0/0","0/0","0/0","0/0","0/0","0/1","0/0","0/1","0/1","0/0","0/0","0/0","0/0","0/0","0/1","0/0","0/0","0/0","0/1","0/1","0/0","0/0","0/0","0/0","0/1","0/0","0/1","0/1","0/0","0/0","0/1","0/1","0/1","0/0","0/0","0/1","0/1","0/1","0/1","0/1","0/1","1/1","1/1","1/1","1/1"
"chr6:155095177_A/AT_SCAF8","0/0","0/0","0/0","0/0","0/0","0/0","0/0","0/0","0/0","0/0","0/0","0/0","0/0","0/0","0/0","0/0","0/0","0/0","0/0","0/0","0/0","0/0","0/0","0/0","0/0","0/0","0/0","0/0","0/0","0/0","0/0","0/0","0/0","0/0","0/0","0/0","0/0","0/0","0/0","0/0","0/0","0/0","0/0","0/0","0/1","0/0","0/0","0/0","0/0","0/0","0/0","0/0","0/0","0/0","0/0","0/0","0/0","0/0","0/0","0/0","0/0","0/0","0/0","0/0","0/0","0/0","0/0","0/0","0/0","0/0","0/0","0/0","0/0","0/0","0/0","0/0","0/0","0/0","0/0","0/0","0/0","0/0","0/0","0/0","0/0","0/0","0/0","0/0","0/0","0/0","0/0","0/0","0/0","0/0","0/0","0/0","0/0","0/0","0/0","0/0","0/0","0/0","0/0","0/0","0/0","0/0","0/0","0/0","0/0","0/0","0/0","0/0","0/0","0/0","0/0","0/0","0/0","0/0","0/0","0/0","0/0","0/0","0/0","0/0","0/0","0/0","0/0","0/0","0/0","0/0","0/0","0/0","0/0","0/0","0/0","0/0","0/0","0/0","0/0","0/0","0/0","0/0","0/0","0/0","0/0","0/0","0/0","0/0","0/0","0/0","0/0","0/0","0/0"
"chr6:157099165_GTCC/G_ARID1B","0/0","0/0","0/0","0/0","0/0","0/0","0/0","0/0","0/0","0/0","0/0","0/0","0/0","0/0","0/0","0/0","0/0","0/0","0/0","0/0","0/0","0/0","0/0","0/0","0/0","0/0","0/0","0/0","0/0","0/0","0/0","0/0","0/0","0/0","0/0","0/0","0/0","0/0","0/0","0/0","0/0","0/0","0/0","0/0","0/0","0/0","0/0","0/0","0/0","0/2","0/2","0/0","0/0","0/0","0/0","0/0","0/0","0/0","0/0","0/0","0/0","0/0","0/0","0/0","0/0","0/0","0/0","0/0","0/0","0/0","0/0","0/0","0/0","0/0","0/0","0/0","0/0","0/0","0/0","0/0","0/0","0/0","0/2","0/0","0/0","0/0","0/0","0/0","0/0","0/0","0/0","0/0","0/0","0/0","0/0","0/0","0/0","0/0","0/0","0/0","0/0","0/0","0/0","0/0","0/0","0/0","0/0","0/0","0/0","0/0","0/0","0/0","0/0","0/0","0/1","0/0","0/0","0/0","0/0","0/0","0/0","0/0","0/0","0/0","0/0","0/0","0/0","0/0","0/0","0/0","0/0","0/0","0/0","0/0","0/0","0/0","0/0","0/0","0/0","0/0","0/0","0/0","0/0","0/0","0/0","0/0","0/0","0/0","0/0","0/0","0/0","0/0","0/1"
"chr6:157099981_GGGCGGCGGC/G_ARID1B","0/0","0/0","0/0","0/0","0/0","0/0","0/0","0/0","0/0","0/0","0/0","0/0","0/0","0/1","0/0","0/0","0/0","0/0","0/0","0/0","0/0","0/0","0/0","0/0","0/0","0/0","0/0","0/0","0/0","0/0","0/0","0/0","0/0","0/0","0/0","0/0","0/1","0/0","0/0","0/0","0/0","0/0","0/0","0/0","0/0","0/0","0/0","0/0","0/0","0/0","0/0","0/0","0/0","0/0","0/0","0/0","0/0","0/0","0/0","0/0","0/0","0/0","0/0","0/0","0/0","0/0","0/0","0/0","0/0","0/0","0/0","0/0","0/0","0/0","0/0","0/0","0/0","0/0","0/0","0/0","0/0","0/0","0/0","0/0","0/0","0/0","0/0","0/0","0/0","0/0","0/0","0/0","0/0","0/0","0/0","0/0","0/0","0/0","0/0","0/0","0/0","0/0","0/0","0/0","0/0","0/0","0/0","0/0","0/0","0/0","0/0","0/0","0/0","0/0","0/0","0/0","0/0","0/0","0/0","0/0","0/0","0/0","0/0","0/0","0/0","0/0","0/0","0/0","0/0","0/0","0/0","0/0","0/0","0/0","0/0","0/0","0/0","0/0","0/0","0/0","0/0","0/0","0/0","0/0","0/0","0/0","0/0","0/0","0/0","0/1","0/1","0/1","0/1"
"chr6:157100023_CGGA/C_ARID1B","0/0","0/0","0/0","0/0","0/0","0/0","0/0","0/0","0/0","0/0","0/0","0/0","0/0","0/0","0/0","0/0","0/0","0/0","0/0","0/0","0/0","0/0","0/0","0/0","0/0","0/0","0/0","0/0","0/0","0/0","0/0","0/0","0/0","0/0","0/0","0/0","0/0","0/0","0/0","0/0","0/0","0/0","0/0","0/0","0/0","0/0","0/0","0/0","0/0","0/0","0/0","0/0","0/0","0/0","0/0","0/0","0/0","0/0","0/0","0/0","0/0","0/0","0/0","0/0","0/0","0/0","0/0","0/0","0/0","0/0","0/0","0/0","0/0","0/0","0/0","0/0","0/0","0/0","0/0","0/0","0/0","0/0","0/0","0/0","0/0","0/0","0/0","0/0","0/0","0/0","0/1","0/0","0/0","0/0","0/0","0/0","0/0","0/0","0/0","0/0","0/0","0/0","0/0","0/0","0/0","0/0","0/0","0/0","0/0","0/0","0/0","0/1","0/1","0/0","0/0","0/0","0/0","0/0","0/0","0/0","0/0","0/0","0/0","0/0","0/0","0/0","0/0","0/0","0/0","0/0","0/0","0/0","0/0","0/0","0/0","0/0","0/0","0/0","0/0","0/0","0/0","0/0","0/0","0/0","0/0","0/0","0/0","0/0","0/0","0/0","0/0","0/0","0/1"
"chr6:157100037_GAGGAGGAGGAGCAGGAGCAGGAGGAGC/G_ARID1B","0/0","0/0","0/0","0/0","0/0","0/0","0/0","0/0","0/0","0/0","0/0","0/0","0/0","0/0","0/0","0/0","0/0","0/0","0/0","0/0","0/0","0/0","0/0","0/0","0/0","0/0","0/0","0/0","0/0","0/0","0/0","0/0","0/0","0/0","0/0","0/0","0/0","0/0","0/0","0/0","0/0","0/0","0/0","0/0","0/0","0/0","0/0","0/0","0/0","0/0","0/0","0/0","0/0","0/1","0/0","0/0","0/0","0/0","0/0","0/0","0/0","0/0","0/0","0/0","0/0","0/0","0/0","0/0","0/0","0/0","0/0","0/0","0/0","0/0","0/0","0/0","0/0","0/0","0/0","0/0","0/0","0/0","0/0","0/0","0/0","0/0","0/0","0/0","0/0","0/0","0/0","0/0","0/0","0/0","0/0","0/0","0/0","0/0","0/0","0/0","0/0","0/0","0/0","0/0","0/0","0/0","0/0","0/0","0/0","0/0","0/0","0/0","0/0","0/0","0/0","0/0","0/0","0/0","0/0","0/0","0/0","0/0","0/0","0/0","0/0","0/0","0/0","0/0","0/0","0/0","0/0","0/0","0/0","0/0","0/0","0/0","0/0","0/0","0/0","0/0","0/0","0/0","0/0","0/0","0/0","0/0","0/0","0/0","0/0","0/0","0/0","0/0","0/0"
"chr6:158508008_AC/A_SYNJ2","0/0","0/0","0/0","0/0","0/0","0/0","0/0","0/0","0/0","0/0","0/0","0/0","0/0","0/0","0/0","0/0","0/0","0/0","0/0","0/0","0/0","0/0","0/0","0/0","0/0","0/0","0/0","0/0","0/0","0/0","0/0","0/1","0/0","0/0","0/0","0/0","0/2","0/0","0/0","0/0","0/0","0/0","0/0","0/0","0/0","0/0","0/0","0/0","0/0","0/0","0/0","0/0","0/0","0/0","0/0","0/0","0/0","0/0","0/0","0/0","0/0","0/0","0/0","0/0","0/0","0/0","0/0","0/0","0/0","0/0","0/0","0/0","0/0","0/0","0/0","0/0","0/0","0/0","0/0","0/0","0/0","0/0","0/0","0/0","0/0","0/0","0/0","0/2","0/0","0/0","0/0","0/0","0/0","0/0","0/0","0/0","0/2","0/0","0/0","0/0","0/0","0/0","0/0","0/0","0/0","0/0","0/0","0/0","0/0","0/0","0/0","0/0","0/0","0/0","0/0","0/0","0/0","0/0","0/0","0/0","0/0","0/0","0/0","0/0","0/0","0/0","0/0","0/0","0/0","0/0","0/0","0/0","0/0","0/0","0/0","0/0","0/0","0/0","0/0","0/0","0/0","0/0","0/0","0/2","0/2","0/2","0/0","0/0","0/0","0/0","0/0","0/0","0/0"
"chr6:158923752_CG/C_TULP4","0/0","0/0","0/0","0/0","0/0","0/0","0/0","0/0","0/0","0/0","0/0","0/0","0/0","0/0","0/0","0/0","0/0","0/0","0/0","0/0","0/0","0/0","0/0","0/0","0/0","0/0","0/0","0/0","0/0","0/0","0/0","0/1","0/0","0/0","0/0","0/0","0/0","0/0","0/0","0/0","0/0","0/0","0/0","0/0","0/0","0/0","0/0","0/0","0/0","0/0","0/0","0/0","0/0","0/0","0/0","0/0","0/0","0/0","0/0","0/0","0/0","0/0","0/0","0/0","0/0","0/0","0/0","0/0","0/0","0/0","0/0","0/0","0/0","0/0","0/0","0/0","0/0","0/0","0/0","0/0","0/0","0/0","0/0","0/0","0/0","0/0","0/0","0/0","0/0","0/0","0/0","0/0","0/0","0/0","0/0","0/0","0/0","0/0","0/0","0/0","0/0","0/0","0/0","0/0","0/0","0/0","0/0","0/0","0/0","0/0","0/0","0/0","0/0","0/0","0/0","0/0","0/0","0/0","0/0","0/0","0/0","0/0","0/0","0/0","0/0","0/0","0/0","0/0","0/0","0/0","0/0","0/0","0/0","0/0","0/0","0/0","0/0","0/0","0/0","0/0","0/0","0/0","0/0","0/0","0/0","0/0","0/0","0/0","0/0","0/0","0/0","0/0","0/0"
"chr6:159139190_GGACA/G_SYTL3","0/0","0/0","0/0","0/0","0/0","0/0","0/0","0/0","0/0","0/0","0/0","0/0","0/0","0/0","0/0","0/0","0/0","0/0","0/0","0/0","0/0","0/0","0/0","0/0","0/0","0/0","0/0","0/0","0/0","0/0","0/0","0/0","0/0","0/0","0/0","0/0","0/0","0/0","0/0","0/0","0/0","0/0","0/0","0/0","0/0","0/0","0/0","0/0","0/0","0/0","0/0","0/0","0/0","0/0","0/0","0/0","0/0","0/0","0/0","0/0","0/0","0/0","0/0","0/0","0/0","0/0","0/0","0/0","0/0","0/0","0/0","0/0","0/0","0/0","0/0","0/0","0/0","0/0","0/0","0/0","0/0","0/0","0/0","0/0","0/0","0/0","0/0","0/0","0/0","0/0","0/0","0/0","0/0","0/0","0/0","0/0","0/0","0/0","0/0","0/0","0/0","0/0","0/0","0/0","0/0","0/0","0/0","0/0","0/0","0/0","0/0","0/0","0/0","0/0","0/0","0/0","0/0","0/0","0/0","0/0","0/0","0/0","0/0","0/0","0/0","0/0","0/0","0/0","0/0","0/0","0/0","0/1","0/0","0/0","0/0","0/0","0/0","0/0","0/0","0/0","0/0","0/1","0/1","0/0","0/0","0/0","0/0","0/0","0/0","0/0","0/0","0/0","0/0"
"chr6:159660779_GCCACCACCCGCCGCACGA/G_FNDC1","0/1","0/1","0/1","0/1","0/1","0/1","0/1","0/1","0/1","0/1","0/1","1/1","0/1","1/1","0/1","1/1","0/1","1/1","1/1","0/0","0/1","0/1","1/1","1/1","0/1","0/0","1/1","0/1","0/1","0/1","1/1","0/1","0/1","1/1","1/1","1/1","1/1","1/1","0/0","1/1","1/1","0/0","1/1","0/1","0/1","0/1","1/1","0/1","1/1","1/1","1/1","1/1","0/0","0/1","0/1","1/1","1/1","0/1","1/1","1/1","0/1","1/1","1/1","1/1","1/1","0/0","1/1","0/1","0/1","1/1","0/0","0/1","0/1","0/1","0/1","0/1","0/1","1/1","1/1","0/1","0/1","1/1","1/1","0/1","0/1","1/1","1/1","0/1","0/0","0/0","1/1","0/1","0/1","1/1","1/1","1/1","0/1","0/0","0/1","0/1","0/1","0/1","0/1","0/1","0/1","0/1","0/1","1/1","1/1","0/1","0/1","1/1","1/1","0/1","1/1","0/1","0/1","1/1","0/0","1/1","0/0","0/0","0/1","1/1","1/1","1/1","0/1","0/1","0/1","0/1","0/1","0/1","0/1","1/1","0/1","0/1","1/1","1/1","0/1","0/1","0/1","0/1","0/1","1/1","1/1","1/1","0/0","0/0","0/0","1/1","1/1","1/1","1/1"
"chr6:160211645_GGTT/G_MRPL18","1/1","1/1","1/1","0/0","0/1","0/1","0/1","0/1","0/1","0/0","0/1","0/1","0/1","0/1","0/1","1/1","0/1","0/0","1/1","0/1","0/1","0/0","0/1","1/1","1/1","0/1","1/1","0/1","0/1","0/1","0/1","1/1","1/1","0/1","0/1","0/0","0/0","1/1","0/1","0/1","1/1","1/1","0/0","0/1","1/1","0/0","1/1","1/1","0/1","0/1","1/1","1/1","1/1","1/1","0/1","1/1","1/1","0/1","1/1","0/1","0/1","0/1","0/1","0/1","0/1","0/1","1/1","0/0","0/0","1/1","0/1","0/1","0/1","0/1","0/1","0/1","0/1","0/1","0/1","0/1","0/1","0/0","1/1","0/1","0/1","0/1","0/1","0/1","1/1","1/1","0/1","0/1","0/1","0/0","0/0","0/1","0/1","0/0","0/1","0/1","0/1","0/1","0/1","1/1","1/1","0/1","0/1","1/1","1/1","0/1","0/0","1/1","1/1","0/0","1/1","0/1","0/1","0/1","0/1","0/1","0/1","0/1","0/1","0/1","1/1","1/1","0/0","0/0","0/1","0/1","0/1","0/1","0/1","1/1","0/1","0/1","1/1","1/1","0/1","0/1","0/1","0/1","0/1","1/1","1/1","1/1","1/1","1/1","1/1","1/1","1/1","1/1","1/1"
"chr6:160485487_C/CG_IGF2R","0/0","0/0","0/0","0/0","0/0","0/0","0/0","0/0","0/0","0/0","0/0","0/0","0/0","0/0","0/0","0/0","0/0","0/0","0/0","0/0","0/0","0/0","0/0","0/0","0/0","0/0","0/0","0/0","0/0","0/0","0/0","0/0","0/0","0/0","0/0","0/0","0/1","0/0","0/0","0/0","0/0","0/0","0/0","0/0","0/0","0/0","0/0","0/0","0/0","0/0","0/0","0/0","0/0","0/0","0/0","0/0","0/0","0/0","0/0","0/0","0/0","0/0","0/0","0/0","0/0","0/0","0/0","0/0","0/0","0/0","0/0","0/0","0/0","0/0","0/0","0/0","0/0","0/0","0/0","0/0","0/0","0/0","0/0","0/0","0/0","0/0","0/0","0/0","0/0","0/0","0/0","0/0","0/0","0/0","0/0","0/0","0/0","0/0","0/0","0/0","0/0","0/0","0/0","0/0","0/0","0/0","0/0","0/0","0/0","0/0","0/0","0/0","0/0","0/0","0/0","0/0","0/0","0/0","0/0","0/0","0/0","0/0","0/0","0/0","0/0","0/0","0/0","0/0","0/0","0/0","0/0","0/0","0/0","0/0","0/0","0/0","0/0","0/0","0/0","0/0","0/0","0/0","0/0","0/0","0/0","0/0","0/0","0/0","0/0","0/0","0/0","0/0","0/0"
"chr6:160560897_CTGGTAAGT/C_SLC22A1","1/1","1/1","1/1","1/1","0/1","0/1","1/1","1/1","1/1","0/1","1/1","1/1","0/1","1/1","0/1","1/1","0/1","1/1","1/1","0/1","1/1","0/1","0/1","1/1","0/1","0/1","0/1","0/1","1/1","0/1","0/1","0/1","0/1","1/1","0/1","1/1","1/1","1/1","1/1","1/1","1/1","1/1","1/1","0/0","1/1","1/1","0/1","1/1","0/0","1/1","0/1","1/1","1/1","1/1","0/1","1/1","0/1","1/1","0/1","1/1","0/1","0/1","0/0","1/1","1/1","1/1","1/1","1/1","1/1","1/1","1/1","1/1","1/1","1/1","1/1","0/1","0/1","1/1","1/1","1/1","1/1","0/1","0/1","1/1","1/1","0/1","0/1","0/1","1/1","1/1","1/1","0/1","0/1","0/1","0/1","1/1","0/1","1/1","1/1","1/1","0/1","1/1","0/1","0/1","0/1","1/1","1/1","0/1","0/1","1/1","1/1","0/0","0/0","1/1","1/1","1/1","1/1","1/1","1/1","1/1","1/1","1/1","1/1","1/1","1/1","1/1","1/1","1/1","0/1","0/1","0/1","1/1","0/1","1/1","0/1","0/1","1/1","1/1","1/1","1/1","1/1","1/1","1/1","1/1","1/1","1/1","0/0","0/0","0/0","1/1","1/1","1/1","1/1"
"chr6:161519350_CCTGCTG/CCTG_MAP3K4","1/1","1/1","1/1","1/1","1/2","1/1","1/1","1/2","1/1","1/1","1/1","1/1","1/2","1/1","1/1","1/1","1/1","1/1","1/1","1/1","1/1","1/1","1/1","1/1","1/1","1/1","1/1","1/2","1/2","1/1","1/1","1/1","1/1","1/2","1/1","1/1","1/1","1/1","1/1","1/1","1/1","1/2","1/1","1/1","1/1","1/1","1/1","1/1","1/1","1/1","1/1","1/1","1/1","1/1","1/1","1/1","1/1","1/2","1/2","1/1","1/1","1/1","1/1","1/2","1/1","1/1","1/1","1/1","1/1","1/1","1/1","1/1","1/1","1/1","1/1","1/1","1/1","1/1","1/2","1/1","1/2","1/2","1/1","1/1","1/2","1/1","1/1","1/1","1/1","1/2","1/2","1/1","1/2","1/1","1/1","1/1","1/1","1/1","1/2","1/2","1/1","1/1","1/1","1/1","1/1","1/2","1/1","1/1","1/1","1/2","1/1","1/1","1/2","1/1","1/1","1/1","1/1","1/2","1/1","1/1","1/1","1/1","1/1","1/1","1/2","1/1","1/1","1/1","1/3","1/3","1/3","1/1","1/1","1/1","1/1","1/1","1/1","1/2","1/2","1/1","1/1","1/2","1/1","1/1","1/1","1/1","1/1","1/1","1/1","1/1","1/2","1/1","1/1"
"chr6:163899814_TAA/T_QKI","0/0","0/0","0/0","0/0","0/0","0/1","0/1","0/0","0/0","0/0","0/0","0/0","0/0","0/0","0/0","0/0","0/0","0/0","0/0","0/0","0/0","0/0","0/0","0/0","0/0","0/0","0/0","0/0","0/0","0/0","0/0","0/0","0/0","0/0","0/1","0/0","0/0","0/0","0/0","0/0","0/0","0/0","0/1","0/0","0/0","0/0","0/0","0/0","0/0","0/0","0/0","0/0","0/0","0/0","0/0","0/0","0/0","0/0","0/0","0/0","0/0","0/0","0/0","0/0","0/0","0/0","0/0","0/0","0/0","0/0","0/0","0/0","0/0","0/0","0/0","0/0","0/0","0/0","0/0","0/0","0/0","0/0","0/0","0/0","0/0","0/0","0/0","0/0","0/0","0/0","0/0","0/0","0/0","0/0","0/0","0/0","0/0","0/0","0/0","0/0","0/0","0/0","0/0","0/0","0/0","0/0","0/0","0/0","0/0","0/0","0/0","0/0","0/0","0/0","0/0","0/0","0/2","0/0","0/0","0/0","0/0","0/0","0/0","0/0","0/0","0/0","0/0","0/0","0/0","0/0","0/2","0/0","0/0","0/1","0/0","0/0","0/0","0/0","0/0","0/0","0/0","0/0","0/0","0/0","0/0","0/0","0/0","0/0","0/0","0/0","0/0","0/0","0/0"
"chr6:166580212_G/GC_T","0/0","0/0","0/0","0/0","0/0","0/0","0/0","0/0","0/0","0/0","0/0","0/0","0/0","0/0","0/0","0/0","0/0","0/0","0/0","0/0","0/0","0/0","0/0","0/0","0/0","0/0","0/0","0/0","0/0","0/0","0/0","0/0","0/0","0/0","0/0","0/0","0/0","0/0","0/0","0/0","0/0","0/0","0/0","0/0","0/0","0/0","0/0","0/0","0/0","0/0","0/0","0/0","0/0","0/0","0/0","0/0","0/0","0/0","0/0","0/0","0/0","0/0","0/0","0/0","0/0","0/0","0/0","0/0","0/0","0/0","0/0","0/0","0/0","0/0","0/0","0/0","0/0","0/0","0/0","0/0","0/0","0/0","0/0","0/0","0/0","0/0","0/0","0/0","0/0","0/0","0/0","0/0","0/0","0/0","0/0","0/0","0/0","0/0","0/0","0/0","0/0","0/0","0/0","0/0","0/0","0/0","0/0","0/0","0/0","0/0","0/0","0/0","0/0","0/0","0/0","0/0","0/0","0/0","0/0","0/0","0/0","0/0","0/0","0/0","0/0","0/0","0/0","0/0","0/0","0/0","0/0","0/0","0/1","0/0","0/1","0/1","0/0","0/0","0/0","0/0","0/0","0/0","0/0","0/0","0/0","0/0","0/0","0/0","0/0","0/0","0/0","0/0","0/0"
"chr6:168376865_ATTCCCC/A_HGC6.3","0/0","0/0","0/0","0/0","0/0","0/0","0/0","0/0","0/0","0/0","0/0","0/0","0/0","0/0","0/0","0/0","0/0","0/0","0/0","0/0","0/0","0/0","0/0","0/0",".","0/0","0/0",".","0/0","0/0","0/0","0/0","0/0","0/0","0/0","0/0","0/0","0/0","0/0","0/0","0/0","0/0","0/0","0/0","0/0","0/0","0/0","0/0","0/0","0/0","0/0",".","0/0","0/0","0/0",".","0/0","0/0","0/0","0/0","0/0","0/0","0/0","0/0","0/0","0/0","0/0","0/0","0/0","0/0","0/0","0/0","0/0","0/0","0/0","0/0","0/0","0/0","0/0","0/1","0/1","0/0","0/0","1/1","0/0","0/0","0/0","0/0","0/0","0/0","0/0","0/0","0/0","0/0","0/0","0/0","0/0","0/0","0/0","0/0",".","0/0","0/0","0/0",".","0/0","0/0","0/0","0/0","0/0","0/0","0/0","0/0","0/0","0/0","0/0","0/0","0/0","0/0","0/0","0/0","0/0","0/0","0/0","0/0","0/0","0/0","0/0","0/0","0/0","0/0","0/0","0/0","0/0","0/0","0/0","0/0","0/0",".","0/0","0/0","0/0","0/0","0/0","0/0","0/1","0/0","0/0","0/0","0/0","0/0","0/0","0/0"
"chr6:168376873_TGCAGTGTTGGGGGAGGAGAAGGCAGTGGGGGTCATTCCCC/T_HGC6.3","0/0","0/0","0/0","0/0","0/0","0/0","0/0","0/0","0/0","0/0","0/0","0/0","0/0","0/0","0/0","0/0","0/0","0/0","0/0","0/0","0/0","0/0","0/0","0/0","0/0","0/0","0/0","0/0","0/0","0/0","0/0","0/0","0/0","0/0","0/0","0/0","0/0","0/0","0/0","0/0","0/0","0/0","0/0","0/0","0/0","0/0","0/0","0/0","0/0","0/0","0/0","0/0","0/0","0/0","0/0",".","0/0","0/0","0/0","0/0","0/0","0/0","0/0","0/0","0/0","0/0","0/0",".","0/0","0/0","0/0","0/0","0/0","0/0","0/0","0/0","0/0","0/0","0/0","0/1","0/1","0/0","0/0","0/1","0/0","0/0","0/0","0/0","0/0","0/0","0/0","0/0","0/0","0/0",".","0/0","0/0","0/0","0/0","0/0",".","0/0","0/0","0/0","0/0","0/0","0/0","0/0","0/0","0/0","0/0","0/0","0/0","0/0","0/0","0/0","0/0","0/0","0/0","0/0","0/0","0/0","0/0","0/0","0/0","0/0","0/0","0/0","0/0","0/0","0/0","0/0","0/0","0/0","0/0","0/0","0/0","0/0",".","0/0","0/0","0/0","0/0","0/0","0/0","0/1","0/0","0/0","0/0","0/0","0/0","0/0","0/0"
"chr6:168376876_A/AGT_HGC6.3","0/0","0/0","0/0","0/0",".","0/0","0/0","0/0","0/0","0/1","0/0","0/0","0/0","0/0","0/0","0/0","0/0","0/0","0/0","0/0","0/0","0/0","0/0","0/0","0/0","0/0","0/0","0/0","0/0","0/0","0/0","0/0","0/0","0/0","0/0","0/0","0/0","0/0","0/0","0/0","0/0","0/0","0/0","0/0","0/0","0/0","0/0","0/0","0/0","0/0","0/0","0/0","0/0","0/0","0/0",".","0/0","0/0","0/0","0/0","0/0","0/0","0/0","0/0","0/0","0/0","0/0","0/0","0/0","0/0","0/0","0/0","0/0","0/0","0/0","0/0","0/0","0/0","0/0","0/2","0/2","0/0","0/0","0/2","0/0","0/0","0/0","0/0","0/0","0/0","0/0","0/0","0/0","0/0",".","0/0","0/0","0/0","0/0","0/0",".","1/1","0/0","0/0","0/0","0/0","0/0","0/0","0/0","0/0","0/0","0/0","0/0","0/0","0/0","0/0","0/0","0/0","0/0","0/0","0/0","0/0","0/0","0/0","0/0","0/0","0/0","0/0","0/0","0/0","0/0","0/0","0/0","0/0","0/0","0/0","0/0","0/0",".","0/0","0/0","0/0","0/0","0/0","0/0","0/2","0/0","0/0","0/0","0/0","0/0","0/0","0/0"
"chr6:168376915_TGCAGTGTGTGGGGAAGGAGGAGGCAGTGGGGGTCATTAC/T_HGC6.3","0/0","0/0","0/0","0/0",".","0/0","0/0","0/0","0/0","0/0","0/0","0/0","0/0","0/0","0/0","0/0","0/0","0/0","0/0","0/0","0/0","0/0","0/0","0/0","0/0","0/0","0/0","0/0","0/0","0/0","0/0","0/0","0/0","0/0","0/0","0/0","0/0","0/0","0/0","0/0","0/0","0/0","0/0","0/0","0/0",".","0/0","0/0","0/0",".","0/0","0/0","0/0","0/0","0/0","0/0","0/0","0/0","0/0","0/0","0/0","0/0","0/0","0/0","0/0","0/0","0/0","0/0","0/0","0/0",".","0/0","0/0","0/0","0/0","0/0","0/0","0/0","0/0","0/1","0/1","0/0","0/0","0/1","0/0","0/0","0/0","0/0","0/0","0/0","0/0","0/0","0/0","0/0","0/0","0/0","0/0","0/0",".","0/0",".",".","0/0","0/0","0/0","0/0","0/0","0/0","0/0","0/0","0/0","0/0","0/0","0/0","0/0","0/0","0/0","0/0","0/0","0/0","0/0","0/0","0/0","0/0",".","0/0","0/0","0/0","0/0","0/0","0/0","0/0","0/0","0/0","0/0","0/0","0/0","0/0","0/0","0/0","0/0","0/0","0/0","0/0","0/0","0/1","0/0","0/0","0/0","0/0","0/0","0/0","0/0"
"chr6:168377271_G/GAGGCAGTGGGGGTCATTCCCCCTGCAGTGTTGGGGGAGGAGAAGA_HGC6.3","0/0","0/0","0/0","0/0","0/0","0/0","0/0","0/0","0/0","0/0","0/0","0/0","0/0","0/0","0/0","0/0","0/0","0/0","0/0","0/0","0/0","0/0","0/0","0/0","0/0","0/0","0/0","0/0","0/0","0/0","0/0","0/0","0/0","0/0","0/0","0/0","0/0","0/0","0/0","0/0","0/0","0/0","0/0","0/0","0/0","0/0","0/0","0/0","0/0","0/0","0/0","0/0","0/0","0/0","0/0","0/0","0/0","0/0","0/0","0/0","0/0","0/0","0/0","0/0","0/0","0/0","0/0","0/0","0/0","0/0","0/0","0/0","0/0","0/0","0/0","0/0","0/0","0/0","0/0","0/0","0/0","0/0","0/0","0/0","0/0","0/0","0/0","0/0","0/0","0/0","0/0","0/0","0/0","0/0","0/0","0/0","0/0","0/0","0/0","0/0","0/0","0/0","0/0","0/0","0/0","0/0","0/0","0/0","0/0","0/0","0/0","0/0","0/0","0/0","0/1","0/0","0/0","0/0","0/0","0/0","0/0","0/0","0/0","0/0",".","0/0","0/0","0/0","0/0","0/0","0/0","0/0","0/0","0/0","0/0","0/0","0/0","0/0","0/0","0/0","0/0","0/0","0/0","0/0","0/0","0/0","0/0","0/0","0/0","0/0","0/0","0/0","0/0"
"chr6:168440863_ACT/A_KIF25","0/0","0/0","0/0","0/0","0/0","0/0","0/0","0/0","0/0","0/0","0/0","0/0","0/0","0/0","0/0","0/0","0/0","0/0","0/0","0/0","0/0","0/0","0/0","0/0","0/0","0/0","0/0","0/0","0/0","0/0","0/0","0/0","0/0","0/0","0/0","0/0","0/0","0/0","0/0","0/1","0/0","0/0","0/0","0/0","0/0","0/0","0/0","0/0","0/0","0/0","0/0","0/0","0/0","0/0","0/0","0/0","0/0","0/0","0/0","0/0","0/0","0/0","0/0","0/0","0/0","0/0","0/0","0/0","0/0","0/0","0/0","0/0","0/0","0/0","0/0","0/0","0/0","0/0","0/0","0/0","0/0","0/0","0/0","0/0","0/0","0/0","0/0","0/0","0/0","0/0","0/0","0/0","0/0","0/0","0/0","0/0","0/0","0/0","0/0","0/0","0/0","0/0","0/0","0/0","0/0","0/0","0/0","0/0","0/0","0/0","0/0","0/0","0/0","0/0","0/0","0/0","0/0","0/0","0/0","0/0","0/0","0/0","0/0","0/0","0/0","0/0","0/0","0/0","0/0","0/0","0/0","0/0","0/0","0/0","0/0","0/0","0/0","0/0","0/0","0/0","0/0","0/0","0/0","0/0","0/0","0/0","0/0","0/0","0/0","0/0","0/0","0/0","0/0"
"chr6:168709234_G/GCCCCTGCCGGCA_DACT2","0/1","0/1","0/1","0/0","0/0","0/0","0/0","0/0","0/0","0/0","0/0","0/0","0/0","0/0","0/0","0/0","0/0","0/1","0/0","0/0","0/0","0/0","0/0","0/1","0/0","0/0","0/0","0/0","0/0","0/0","0/0","0/1","0/0","0/1","0/0","0/0","0/0","0/0","0/0","0/0","0/1","0/0","0/0","0/1","0/0","0/0","0/0","0/0","0/0","0/0","0/0","0/0","0/0","0/0","0/1","0/0","0/0","0/0","0/0","0/0","0/0","0/0","0/0","0/0","0/0","0/0","0/0","0/0","0/0","0/0","0/0","0/0","0/0","0/1","0/1","0/0","0/0","0/0","0/0","0/0","0/0","0/0","0/0","0/1","0/1","0/0","0/0","0/0","0/0","0/0","0/0","0/0","0/0","0/0","0/0","0/0","0/0","0/0","0/0","0/0","0/1","0/1","0/1","0/0","0/0","0/0","0/0","0/0","0/0","0/1","0/0","0/0","0/0","0/0","0/0","0/0","0/0","0/0","0/0","0/0","0/0","0/0","0/0","0/0","0/0","0/0","0/0","0/0","0/0","0/0","0/0","0/0","0/0","0/0","0/0","0/0","0/0","0/0","0/1","0/1","0/1","0/0","0/0","0/0","0/0","0/0","0/0","0/0","0/0","0/0","0/0","0/0","0/0"
"chr6:169626181_AGGGGCAGTTGTCACAGTGATCCCCCACACCGCCACCGTCCCCGCGTCCCTCTGATGAGGACCTCCAACCCCGCCTGTCTGCGGCTGCCCTCACCTGGTCAGGGTTGTGCACCAG/GGGGGCAGTTGTCACAGTGATCCCCCACACCGCCACCGTCCCCGCGTCCCTCTGATGAGGACCTCCAACCCCGCCTGTCTGCGGCTGCCCTCACCTGGTCAGGGTTGTGCACCAG_THBS2","0/1","0/1","0/1","0/0","0/0","0/0","0/0","0/0","0/0","0/0","0/0","0/0","0/0","0/0","0/0","0/0","0/0","0/0","0/0","0/0","0/0","0/1","0/0","0/1","0/0","0/1","0/0","0/0","0/0","0/0","0/0","0/2","0/1","0/0","0/0","0/0","0/0","0/0","0/0","0/0","0/1","0/0","0/0","0/0","0/0","0/0","0/0","0/0","0/0","0/1","0/0","0/1","0/0","0/0","0/0","0/0","0/1","0/0","0/0","0/0","0/0","0/0","0/0","0/0","0/0","0/0","0/1","0/0","0/0","0/1","0/0","0/0","0/0","0/0","0/0","0/1","0/1","0/0","0/0","0/0","0/0","0/0","0/0","0/1","0/1","0/0","0/0","0/0","0/0","0/0","0/0","0/0","0/0","0/0","0/0","0/0","0/0","0/0","0/0","0/0","0/1","0/0","0/1","0/0","0/0","0/0","0/0","0/0","0/0","0/0","0/0","0/1","0/1","1/1","0/0","0/0","0/0","0/0","0/0","0/0","0/0","0/0","0/0","0/0","0/0","0/0","1/1","1/1","0/0","0/0","0/0","0/0","0/0","0/0","0/0","0/0","0/0","0/0","0/0","0/0","0/0","0/0","0/0","0/0","0/0","0/0","0/0","0/0","0/0","0/0","0/0","0/0","0/0"
"chr7:193591_CCCA/C_FAM20C","0/0","0/0","0/0","0/0","0/0","0/0","0/0","0/0","0/0","0/0","0/0","0/0","0/0","0/0","0/0","0/0","0/0","0/0","0/0","0/0","0/0","0/0","0/0","0/0","0/0","0/0","0/0","0/0","0/0","0/0","0/0","0/0","0/0","0/1","0/0","0/0","0/0","0/0","0/0","0/0","0/0","0/0","0/0","0/0","0/0","0/0","0/0","0/0","0/0","0/0","0/0","0/0","0/0","0/0","0/0","0/0","0/0","0/0","0/0","0/0","0/0","0/0","0/0","0/0","0/0","0/0","0/0","0/0","0/0","0/0","0/0","0/0","0/0","0/0","0/0","0/0","0/0","0/0","0/0","0/0","0/0","0/0","0/0","0/0","0/0","0/0","0/0","0/0","0/0","0/0","0/0","0/0","0/0","0/0","0/0","0/0","0/0","0/0","0/0","0/0","0/0","0/0","0/0","0/0","0/0","0/0","0/0","0/0","0/0","0/0","0/0","0/0","0/0","0/0","0/0","0/0","0/0","0/0","0/0","0/0","0/0","0/0","0/0","0/0","0/0","0/0","0/0","0/0","0/0","0/0","0/0","0/0","0/0","0/0","0/0","0/0","0/0","0/0","0/0","0/0","0/0","0/0","0/0","0/0","0/0","0/0","0/0","0/0","0/0","0/0","0/0","0/0","0/0"
"chr7:286468_G/GGACAGGTGAGCCCTTCCTTCCTCCCTCCATCCGC_FAM20C","0/0","0/0","0/0","0/0","0/0","0/0","0/0","0/0","0/0","0/1","0/0","1/1","0/1","0/1","1/1","0/0","0/1","0/0","0/1","0/1","0/1","0/1","0/1","0/1","0/1","0/0","0/1","0/0","1/1","0/0","0/1","1/1","0/0","0/1","1/1","0/1","0/0","0/0","0/1","0/1","0/0","0/0","1/1","0/1","1/1","0/1","0/0","0/1","0/1","0/0","1/1","0/1","0/1","1/1","0/0","0/0","1/1","0/1","0/1","1/1","0/1","0/0","0/1","0/1","0/1","0/1","1/1","0/0","0/0","1/1","0/1","0/0","0/0","0/1","0/1","0/1","0/1","0/1","0/0","0/1","0/1","0/0","0/1","0/0","0/0","0/0","0/0","0/1","0/1","0/1","0/1","0/1","0/1","0/0","0/0","0/1","0/1","0/0","0/1","0/1","0/0","0/0","0/0","0/0","0/0","0/1","0/1","0/0","0/0","0/0","0/0","0/1","0/1","0/0","0/1","0/1","0/1","0/1","0/1","0/1","0/1","0/1","0/1","0/1","0/1","0/1","0/0","0/0","0/0","0/0","0/0","0/0","0/1","0/1","0/1","0/1","0/1","0/1","0/0","0/0","0/0","0/0","0/0","0/0","0/0","0/0","0/0","0/0","0/0","1/1","0/1","1/1","0/1"
"chr7:635815_TC/T_PRKAR1B","0/0","0/0","0/0","0/0","0/0","0/0","0/0","0/0","0/0","0/0","0/0","0/0","0/0","0/0","0/0","0/0","0/0","0/0","0/0","0/0","0/0","0/0","0/0","0/0","0/0","0/0","0/0","0/0","0/0","0/0","0/0","0/1","0/0","0/0","0/0","0/0","0/0","0/0","0/0","0/0","0/0","0/0","0/0","0/0","0/0","0/0","0/0","0/0","0/0","0/0","0/0","0/0","0/0","0/0","0/0","0/0","0/0","0/0","0/0","0/0","0/0","0/0","0/0","0/0","0/0","0/0","0/0","0/0","0/0","0/0","0/0","0/0","0/0","0/0","0/0","0/0","0/0","0/0","0/0","0/0","0/0","0/0","0/0","0/0","0/0","0/0","0/0","0/0","0/0","0/0","0/0","0/0","0/0","0/0","0/0","0/0","0/0","0/0","0/0","0/0","0/0","0/0","0/0","0/0","0/0","0/0","0/0","0/0","0/0","0/0","0/0","0/0","0/0","0/0","0/0","0/0","0/0","0/0","0/0","0/0","0/0","0/0","0/0","0/0","0/0","0/0","0/0","0/0","0/0","0/0","0/0","0/0","0/0","0/0","0/0","0/0","0/0","0/0","0/0","0/0","0/0","0/0","0/0","0/0","0/0","0/0","0/0","0/0","0/0","0/0","0/0","0/0","0/0"
"chr7:916284_TGGC/T_GET4","0/0","0/0","0/0","0/0","0/0","0/0","0/0","0/0","0/0","0/0","0/0","0/0","0/0","0/0","0/0","0/0","0/0","0/0","0/0","0/0","0/0","0/0","0/0","0/0","0/0","0/0","0/0","0/0","0/0","0/0","0/1","0/0","0/0","0/0","0/0","0/0","0/0","0/0","0/0","0/0","0/0","0/0","0/0","0/0","0/0","0/0","0/0","0/0","0/0","0/0","0/0","0/0","0/0","0/0","0/0","0/0","0/0","0/0","0/0","0/0","0/0","0/0","0/0","0/0","0/0","0/0","0/0","0/0","0/0","0/0","0/0","0/0","0/0","0/0","0/0","0/0","0/0","0/0","0/0","0/0","0/0","0/0","0/0","0/0","0/0","0/0","0/0","0/0","0/0","0/0","0/0","0/0","0/0","0/0","0/0","0/0","0/0","0/0","0/0","0/0","0/0","0/0","0/0","0/0","0/0","0/0","0/0","0/0","0/0","0/0","0/0","0/0","0/0","0/0","0/0","0/0","0/0","0/0","0/0","0/0","0/0","0/0","0/0","0/0","0/0","0/0","0/0","0/0","0/0","0/0","0/0","0/0","0/0","0/0","0/0","0/0","0/0","0/0","0/0","0/0","0/0","0/0","0/0","0/0","0/0","0/0","0/0","0/0","0/0","0/0","0/0","0/0","0/0"
"chr7:1037382_GC/G_C7orf50","0/0","0/0","0/0","0/0","0/0","0/0","0/0","0/0","0/0","0/0","0/0","0/0","0/0","0/0","0/0","0/0","0/0","0/0","0/0","0/0","0/0","0/0","0/0","0/0","0/0","0/0","0/0","0/0","0/0","0/0","0/0","0/0","0/0","0/0","0/0","0/0","0/0","0/0","0/0","0/0","0/0","0/0","0/0","0/0","0/0","0/0","0/0","0/0","0/1","0/0","0/0","0/0","0/0","0/0","0/0","0/0","0/0","0/0","0/0","0/0","0/0","0/0","0/0","0/0","0/0","0/0","0/0","0/0","0/0","0/0","0/0","0/0","0/0","0/0","0/0","0/0","0/0","0/0","0/0","0/0","0/0","0/0","0/0","0/0","0/0","0/0","0/0","0/0","0/0","0/0","0/0","0/0","0/0","0/0","0/0","0/0","0/0","0/0","0/0","0/0","0/0","0/0","0/0","0/0","0/0","0/0","0/0","0/0","0/0","0/0","0/0","0/0","0/0","0/0","0/0","0/0","0/0","0/0","0/0","0/0","0/0","0/0","0/0","0/0","0/0","0/0","0/0","0/0","0/0","0/0","0/0","0/0","0/0","0/0","0/0","0/0","0/0","0/0","0/0","0/0","0/0","0/0","0/0","0/0","0/0","0/0","0/0","0/0","0/0","0/0","0/0","0/0","0/0"
"chr7:1479682_CG/C_MICALL2","0/0","0/0","0/0","0/0","0/0","0/0","0/0","0/0","0/0","0/0","0/0","0/0","0/0","0/0","0/0","0/0","0/0","0/0","0/0","0/0","0/0","0/0","0/0","0/0","0/0","0/0","0/0","0/0","0/0","0/0","0/0","0/0","0/0","0/0","0/0","0/0","0/0","0/0","0/0","0/0","0/0","0/0","0/0","0/0","0/0","0/0","0/0","0/0","0/0","0/0","0/0","0/0","0/0","0/0","0/0","0/0","0/0","0/0","0/0","0/0","0/0","0/0","0/0","0/0","0/0","0/0","0/0","0/0","0/0","0/0","0/0","0/0","0/0","0/0","0/0","0/0","0/0","0/0","0/0","0/0","0/0","0/0","0/0","0/0","0/0","0/0","0/0","0/0","0/0","0/0","0/0","0/0","0/0","0/0","0/0","0/0","0/0","0/0","0/0","0/0","0/0","0/0","0/0","0/0","0/0","0/0","0/0","0/0","0/0","0/0","0/0","0/0","0/0","0/0","0/0","0/0","0/0","0/0","0/0","0/0","0/0","0/0","0/0","0/0","0/0","0/0","0/0","0/0","0/0","0/0","0/0","0/0","0/0","0/0","0/0","0/0","0/0","0/0","0/1","0/0","0/1","0/0","0/0","0/0","0/0","0/0","0/0","0/0","0/0","0/0","0/0","0/0","0/0"
"chr7:1586653_A/AGCC_TMEM184A","1/1","1/1","1/1","1/1","0/0","0/0","1/1","1/1","1/1","1/1","0/0","0/1","0/1","0/1","1/1","1/1","0/1","0/1","1/1","0/0","0/1","1/1","0/1","1/1","0/1","1/1","1/1","0/1","0/0","0/0","0/1","1/1","0/1","0/1","0/1","0/1","1/1","0/1","0/1","1/1","0/1","1/1","0/0","1/1","0/0","1/1","1/1","1/1","0/1","0/1","0/0","0/1","0/1","1/1","1/1","1/1","0/1","0/0","1/1","0/0","0/1","0/0","0/1","1/1","1/1","0/1","0/1","0/1","0/1","0/1","0/1","0/1","0/1","1/1","1/1","1/1","1/1","0/1","0/1","1/1","1/1","0/0","0/0","1/1","1/1","1/1","1/1","0/1","0/1","0/1","0/1","1/1","1/1","0/1","0/1","0/1","0/1","0/1","1/1","1/1","1/1","0/1","1/1","1/1","1/1","1/1","1/1","1/1","1/1","0/1","0/1","0/1","0/1","1/1","0/1","0/1","0/1","0/1","1/1","0/1","1/1","1/1","0/1","0/1","0/1","0/1","1/1","1/1","0/1","0/1","0/1","0/1","1/1","0/1","1/1","1/1","0/1","0/1","0/1","0/1","0/1","0/1","0/1","0/1","0/1","0/1","0/1","0/1","0/1","0/1","0/1","0/1","0/1"
"chr7:2317901_ACGATGGCCTGGGGCT/A_SNX8","0/0","0/0","0/0","0/0","0/0","0/0","0/0","0/0","0/0","0/0","0/0","0/0","0/0","0/1","0/0","0/0","0/0","0/0","0/0","0/0","0/0","0/0","0/0","0/0","0/0","0/1","0/0","0/0","0/0","0/0","0/0","0/0","0/0","0/0","0/1","0/0","0/0","0/0","0/0","0/1","0/0","0/0","0/0","0/0","0/0","0/0","0/0","0/0","0/0","0/0","0/0","0/0","0/0","0/0","0/0","0/0","0/0","0/0","0/0","0/0","0/0","0/0","0/0","0/0","0/0","0/0","0/0","0/0","0/0","0/0","0/0","0/0","0/0","0/0","0/0","0/0","0/0","0/0","0/0","0/1","0/1","0/0","0/0","0/0","0/0","0/0","0/0","0/0","0/0","0/0","0/0","0/0","0/0","0/0","0/0","0/0","0/0","0/0","0/0","0/0","0/1","0/0","0/1","0/0","0/0","0/0","0/0","0/0","0/0","0/0","0/0","0/0","0/0","0/0","0/0","0/0","0/0","0/0","0/0","0/0","0/0","0/0","0/0","0/0","0/0","0/0","0/0","0/0","0/0","0/0","0/0","0/0","0/0","0/0","0/0","0/0","0/0","0/0","0/0","0/0","0/0","0/0","0/0","0/0","0/0","0/0","0/0","0/0","0/0","0/0","0/0","0/0","0/0"
"chr7:2515382_G/GC_GRIFIN","1/1","1/1","1/1","1/1","1/1","1/1","1/1","1/1","1/1","1/1","1/1","1/1","1/1","1/1","1/1","1/1","1/1","1/1","1/1","1/1","1/1","1/1","1/1","1/1","1/1","1/1","1/1","1/1","1/1","1/1","1/1","1/1","1/1","1/1","1/1","1/1","1/1","1/1","1/1","1/1","1/1","1/1","1/1","1/1","1/1","1/1","1/1","1/1","1/1","1/1","1/1","1/1","1/1","1/1","1/1","1/1","1/1","1/1","1/1","1/1","1/1","1/1","1/1","1/1","1/1","1/1","1/1","1/1","1/1","1/1","1/1","1/1","1/1","1/1","1/1","1/1","1/1","1/1","1/1","1/1","1/1","1/1","1/1","1/1","1/1","1/1","1/1","1/1","1/1","1/1","1/1","1/1","1/1","1/1","1/1","1/1","1/1","1/1","1/1","1/1","1/1","1/1","1/1","1/1","1/1","1/1","1/1","1/1","1/1","1/1","1/1","1/1","1/1","1/1","1/1","1/1","1/1","1/1","1/1","1/1","1/1","1/1","1/1","1/1","1/1","1/1","1/1","1/1","1/1","1/1","1/1","1/1","1/1","1/1","1/1","1/1","1/1","1/1","1/1","1/1","1/1","1/1","1/1","1/1","1/1","1/1","1/1","1/1","1/1","1/1","1/1","1/1","1/1"
"chr7:2552881_AGATG/A_LFNG","0/1","0/1","0/1","0/2","0/2","0/2","2/2","2/2","2/2","0/0","0/0","2/2","2/2","1/2","2/2","0/2","1/2","0/2","0/2","0/2","0/2","0/0","1/2","0/2","0/2","1/2","0/2","0/2","1/2","0/2","0/1","2/2","2/2","0/1","2/2","1/2","1/2","0/2","2/2","0/2","0/2","0/2","1/1","0/2","0/1","1/2","1/1","0/2","1/2","0/2","2/2","0/1","0/2","2/2","2/2","0/1","2/2","2/2","0/2","1/2","1/2","0/2","0/2","1/2","1/2","1/1","1/2","1/2","1/2","1/2","1/1","2/2","2/2","1/2","1/2","0/1","0/1","1/2","1/2","1/1","1/1","0/1","2/2","0/2","0/2","2/2","2/2","0/1","0/2","0/2","0/0","0/2","0/2","0/0","0/0","0/0","0/1","2/2","0/0","0/0","2/2","2/2","2/2","0/1","0/1","2/2","2/2","2/2","2/2","2/2","0/2","1/2","1/2","0/2","0/2","0/1","0/1","1/2","0/2","1/2","0/2","0/2","0/1","1/2","0/2","0/2","0/2","0/2","0/2","0/2","0/2","1/2","0/2","0/1","0/2","0/2","0/1","0/1","1/2","1/2","1/2","1/2","1/2","1/2","1/2","1/2","0/0","0/0","0/0","0/2","0/2","0/2","0/2"
"chr7:2578143_C/CA_BRAT1","0/0","0/0","0/0","0/0","0/0","0/0","0/0","0/0","0/0","0/0","0/0","0/0","0/0","0/0","0/0","0/0","0/0","0/0","0/0","0/0","0/0","0/0","0/0","0/0","0/0","0/0","0/0","0/0","0/0","0/0","0/0","0/0","0/0","0/0","0/0","0/0","0/0","0/0","0/0","0/0","0/0","0/0","0/0","0/0","0/0","0/0","0/0","0/0","0/0","0/0","0/0","0/0","0/0","0/0","0/0","0/0","0/0","0/0","0/0","0/0","0/0","0/0","0/0","0/0","0/0","0/0","0/0","0/0","0/0","0/0","0/1","0/0","0/0","0/0","0/0","0/0","0/0","0/0","0/0","0/0","0/0","0/0","0/0","0/0","0/0","0/0","0/0","0/0","0/0","0/0","0/0","0/0","0/0","0/0","0/0","0/0","0/0","0/0","0/0","0/0","0/0","0/0","0/0","0/0","0/0","0/0","0/0","0/0","0/0","0/0","0/0","0/0","0/0","0/0","0/0","0/0","0/0","0/0","0/0","0/0","0/0","0/0","0/0","0/0","0/0","0/0","0/0","0/0","0/0","0/0","0/0","0/0","0/0","0/0","0/0","0/0","0/0","0/0","0/0","0/0","0/0","0/0","0/0","0/0","0/0","0/0","0/0","0/0","0/0","0/0","0/0","0/0","0/0"
"chr7:4841483_A/AG_RADIL","0/0","0/0","0/0","0/0","0/0","0/0","0/0","0/0","0/0","0/0","0/0","0/0","0/0","0/0","0/0","0/0","0/0","0/0","0/0","0/0","0/0","0/0","0/0","0/0","0/0","0/0","0/0","0/0","0/0","0/0","0/0","0/0","0/0","0/0","0/0","0/0","0/1","0/0","0/0","0/0","0/0","0/0","0/0","0/0","0/0","0/0","0/0","0/0","0/0","0/0","0/0","0/0","0/0","0/0","0/0","0/0","0/0","0/0","0/0","0/0","0/0","0/0","0/0","0/0","0/0","0/0","0/0","0/0","0/0","0/0","0/0","0/0","0/0","0/0","0/0","0/0","0/0","0/0","0/0","0/0","0/0","0/0","0/0","0/0","0/0","0/0","0/0","0/0","0/0","0/0","0/0","0/0","0/0","0/0","0/0","0/0","0/0","0/0","0/0","0/0","0/0","0/0","0/0","0/0","0/0","0/0","0/0","0/0","0/0","0/0","0/0","0/0","0/0","0/0","0/0","0/0","0/0","0/0","0/0","0/0","0/0","0/0","0/0","0/0","0/0","0/0","0/0","0/0","0/0","0/0","0/0","0/0","0/0","0/0","0/0","0/0","0/0","0/0","0/0","0/0","0/0","0/0","0/0","0/0","0/0","0/0","0/0","0/0","0/0","0/0","0/0","0/0","0/0"
"chr7:5104743_A/AT_RBAK","0/0","0/0","0/0","0/0","0/0","0/0","0/0","0/0","0/0","0/0","0/0","0/0","0/0","0/0","0/0","0/0","0/0","0/0","0/0","0/0","0/0","0/0","0/0","0/0","0/0","0/0","0/0","0/0","0/0","0/0","0/0","0/0","0/0","0/0","0/0","0/0","0/0","0/0","0/0","0/0","0/0","0/0","0/0","0/0","0/0","0/0","0/0","0/0","0/0","0/0","0/0","0/0","0/0","0/0","0/0","0/0","0/0","0/0","0/0","0/0","0/0","0/0","0/0","0/0","0/0","0/0","0/0","0/0","0/0","0/0","0/0","0/0","0/0","0/0","0/0","0/0","0/0","0/0","0/0","0/0","0/0","0/0","0/0","0/0","0/0","0/0","0/0","0/0","0/0","0/0","0/0","0/0","0/0","0/0","0/0","0/0","0/0","0/0","0/0","0/0","0/0","0/0","0/1","0/0","0/0","0/0","0/0","0/0","0/0","0/0","0/0","0/0","0/0","0/0","0/0","0/0","0/0","0/0","0/0","0/0","0/0","0/0","0/0","0/0","0/0","0/0","0/0","0/0","0/0","0/0","0/0","0/0","0/0","0/0","0/0","0/0","0/0","0/0","0/0","0/0","0/0","0/0","0/0","0/0","0/0","0/0","0/0","0/0","0/0","0/0","0/0","0/0","0/0"
"chr7:5352527_AGAG/A_TNRC18","0/0","0/0","0/0","0/0","0/0","0/0","0/0","0/0","0/0","0/0","0/0","0/0","0/0","0/1","0/0","0/0","0/0","0/0","0/1","0/0","0/0","0/0","0/0","0/0","0/0","0/0","0/0","0/0","0/0","0/0","0/0","0/0","0/0","0/0","0/0","0/0","0/0","0/0","0/0","0/0","0/0","0/0","0/0","0/0","0/0","0/0","0/0","0/0","0/0","0/0","0/0","0/0","0/0","0/0","0/0","0/0","0/0","0/0","0/1","0/0","0/0","0/0","0/0","0/0","0/0","0/0","0/0","0/0","0/0","0/0","0/0","0/0","0/0","0/0","0/0","0/0","0/0","0/0","0/0","0/0","0/0","0/0","0/0","0/0","0/0","0/0","0/0","0/0","0/0","0/0","0/0","0/0","0/0","0/0","0/0","0/0","0/0","0/0","0/0","0/0","0/0","0/0","0/0","0/0","0/0","0/0","0/0","0/0","0/0","0/0","0/0","0/0","0/0","0/0","0/0","0/0","0/0","0/0","0/0","0/0","0/0","0/0","0/0","0/0","0/0","0/0","0/0","0/0","0/0","0/0","0/0","0/0","0/0","0/0","0/0","0/0","0/0","0/0","0/0","0/0","0/0","0/0","0/0","0/0","0/0","0/0","0/0","0/0","0/0","0/0","0/0","0/0","0/0"
"chr7:5352790_CGCTGCTGCT/CGCTGCT_TNRC18","0/0","0/0","0/0","0/0","0/0","0/0","0/0","0/0","0/0","0/0","0/0","0/0","0/0","0/0","0/0","0/0","0/0","0/0","0/0","0/0","0/0","0/0","0/0","0/0","0/0","0/0","0/1","0/0","0/0","0/0","0/0","0/0","0/0","0/0","0/0","0/0","0/0","0/0","0/0","0/0","0/0","0/0","0/0","0/0","0/0","0/0","0/0","0/0","0/0","0/0","0/0","0/0","0/0","0/0","0/0","0/0","0/0","0/1","0/0","0/0","0/0","0/0","0/0","0/0","0/0","0/2","0/0","0/0","0/0","0/0","0/2","0/0","0/0","0/0","0/0","0/0","0/0","0/0","0/0","0/0","0/0","0/0","0/1","0/3","0/3","0/0","0/0","0/0","0/0","0/0","0/0","0/0","0/0","0/0","0/0","0/0","0/0","0/0","0/0","0/0","0/0","0/0","0/0","0/0","0/0","0/0","0/0","0/0","0/0","0/0","0/0","0/0","0/0","0/0","0/0","0/0","0/0","0/0","0/0","0/0","0/0","0/0","0/0","0/0","0/0","0/0","0/0","0/0","0/0","0/0","0/0","0/0","0/0","0/0","0/0","0/0","0/0","0/0","0/0","0/0","0/0","0/0","0/0","0/0","0/0","0/0","0/0","0/0","0/0","0/0","0/0","0/0","0/0"
"chr7:6075139_T/TG_ANKRD61","0/0","0/0","0/0","0/0","0/0","0/0","0/0","0/0","0/0","0/0","0/0","0/0","0/1","0/0","0/0","0/0","0/0","0/0","0/0","0/0","0/0","0/0","0/0","0/0","0/0","0/0","0/0","0/0","0/0","0/0","0/0","0/0","0/0","0/0","0/0","0/0","0/0","0/0","0/0","0/0","0/0","0/0","0/0","0/0","0/0","0/0","0/0","0/0","0/0","0/0","0/0","0/0","0/0","0/0","0/0","0/0","0/0","0/0","0/0","0/0","0/0","0/0","0/0","0/0","0/0","0/0","0/0","0/0","0/0","0/0","0/0","0/0","0/0","0/0","0/0","0/0","0/0","0/0","0/0","0/0","0/0","0/0","0/0","0/0","0/0","0/0","0/0","0/0","0/0","0/0","0/0","0/0","0/0","0/0","0/0","0/0","0/0","0/0","0/0","0/0","0/0","0/0","0/0","0/0","0/0","0/0","0/0","0/0","0/0","0/0","0/0","0/0","0/0","0/0","0/0","0/0","0/0","0/0","0/0","0/0","0/0","0/0","0/0","0/0","0/0","0/0","0/0","0/0","0/0","0/0","0/0","0/0","0/0","0/0","0/0","0/0","0/0","0/0","0/0","0/0","0/0","0/0","0/0","0/0","0/0","0/0","0/0","0/0","0/0","0/0","0/0","0/0","0/0"
"chr7:6449931_GC/G_DAGLB","0/0","0/0","0/0","0/0","0/0","0/0","0/0","0/0","0/0","0/0","0/0","0/0","0/0","0/0","0/0","0/0","0/0","0/0","0/0","0/0","0/0","0/0","0/0","0/0","0/0","0/0","0/0","0/0","0/0","0/0","0/0","0/0","0/0","0/0","0/0","0/0","0/1","0/0","0/0","0/0","0/0","0/0","0/0","0/0","0/0","0/0","0/0","0/0","0/0","0/0","0/0","0/0","0/0","0/0","0/0","0/0","0/0","0/0","0/0","0/0","0/0","0/0","0/0","0/0","0/0","0/0","0/0","0/0","0/0","0/0","0/0","0/0","0/0","0/0","0/0","0/0","0/0","0/0","0/0","0/0","0/0","0/0","0/0","0/0","0/0","0/0","0/0","0/0","0/0","0/0","0/0","0/0","0/0","0/0","0/0","0/0","0/0","0/0","0/0","0/0","0/0","0/0","0/0","0/0","0/0","0/0","0/0","0/0","0/0","0/0","0/0","0/0","0/0","0/0","0/0","0/0","0/0","0/0","0/0","0/0","0/0","0/0","0/0","0/0","0/0","0/0","0/0","0/0","0/0","0/0","0/0","0/0","0/0","0/0","0/0","0/0","0/0","0/0","0/0","0/0","0/0","0/0","0/0","0/0","0/0","0/0","0/0","0/0","0/0","0/0","0/0","0/0","0/0"
"chr7:6661739_GAGC/G_ZNF853","0/0","0/0","0/0","0/0","0/0","0/0","0/0","0/0","0/0","0/0","0/0","0/0","0/0","0/0","0/0","0/0","0/0","0/0","0/0","0/0","0/0","0/0","0/0","0/0","0/0","0/0","0/0","0/0","0/0","0/0","0/0","0/0","0/0","0/0","0/0","0/0","0/0","0/0","0/0","0/0","0/0","0/0","0/0","0/0","0/0","0/0","0/0","0/0","0/0","0/0","0/0","0/0","0/0","0/0","0/0","0/0","0/0","0/0","0/0","0/0","0/0","0/0","0/0","0/0","0/0","0/0","0/0","0/0","0/0","0/0","0/0","0/0","0/0","0/0","0/0","0/0","0/0","0/0","0/0","0/0","0/0","0/0","0/0","0/0","0/1","0/0","0/0","0/0","0/0","0/0","0/0","0/0","0/0","0/0","0/0","0/0","0/0","0/0","0/0","0/0","0/0","0/0","0/0","0/0","0/0","0/0","0/0","0/0","0/0","0/0","0/0","0/1","0/0","0/0","0/0","0/0","0/0","0/0","0/0","0/0","0/0","0/0","0/0","0/0","0/0","0/0","0/0","0/0","0/0","0/0","0/0","0/0","0/0","0/0","0/0","0/0","0/0","0/0","0/0","0/0","0/0","0/0","0/0","0/0","0/0","0/0","0/0","0/0","0/0","0/0","0/0","0/0","0/0"
"chr7:6682198_TGGA/T_ZNF316","0/0","0/0","0/0","0/0","0/0","0/0","0/0","0/0","0/0","0/0","0/0","0/0","0/0","0/0","0/0","0/0","0/0","0/0","0/0","0/0","0/0","0/0","0/0","0/0","0/0","0/0","0/0","0/0","0/0","0/0","0/0","0/0","0/0","0/0","0/0","0/0","0/0","0/0","0/0","0/0","0/0","0/0","0/0","0/0","0/0","0/0","0/0","0/0","0/0","0/0","0/0","0/0","0/0","0/0","0/0","0/0","0/0","0/1","0/0","0/0","0/0","0/0","0/0","0/0","0/0","0/1","0/0","0/0","0/0","0/0","0/0","0/0","0/0","0/0","0/0","0/0","0/0","0/0","0/0","0/0","0/0","0/0","0/0","0/0","0/0","0/0","0/0","0/0","0/0","0/0","0/0","0/0","0/0","0/0","0/0","0/0","0/0","0/0","0/0","0/0","0/0","0/0","0/0","0/0","0/0","0/0","0/0","0/0","0/0","0/0","0/0","0/0","0/0","0/0","0/0","0/0","0/0","0/0","0/0","0/0","0/0","0/0","0/0","0/0","0/0","0/0","0/0","0/0","0/0","0/0","0/0","0/0","0/0","0/0","0/0","0/0","0/0","0/0","0/0","0/0","0/1","0/0","0/0","0/0","0/0","0/0","0/0","0/0","0/0","0/0","0/0","0/0","0/0"
"chr7:6692420_A/AGC_ZNF316","0/0","0/0","0/0","0/0","0/1","0/0","0/0","0/0","0/0","0/0","0/0","0/0","0/0","0/0","0/0","0/0","0/0","0/0","0/0","0/0","0/0","0/0","0/0","0/0","0/0","0/0","0/0","0/0","0/0","0/0","0/0","0/0","0/0","0/0","0/0","0/0","0/0","0/0","0/0","0/0","0/0","0/0","0/0","0/0","0/0","0/0","0/0","0/0","0/0","0/0","0/0","0/0","0/0","0/0","0/0","0/0","0/0","0/0","0/0","0/0","0/0","0/0","0/0","0/0","0/0","0/0","0/0","0/0","0/0","0/0","0/0","0/0","0/0","0/0","0/0","0/0","0/0","0/0","0/0","0/0","0/0","0/0","0/0","0/0","0/0","0/0","0/0","0/0","0/0","0/0","0/0","0/0","0/0","0/0","0/0","0/0","0/0","0/0","0/0","0/0","0/0","0/0","0/0","0/0","0/0","0/0","0/0","0/0","0/0","0/0","0/0","0/0","0/0","0/0","0/0","0/0","0/0","0/0","0/0","0/0","0/0","0/0","0/0","0/0","0/0","0/0","0/0","0/0","0/0","0/0","0/0","0/0","0/0","0/0","0/0","0/0","0/0","0/0","0/0","0/0","0/0","0/0","0/0","0/0","0/0","0/0","0/0","0/0","0/0","0/0","0/0","0/0","0/0"
"chr7:6692422_AAG/A_ZNF316","0/0","0/0","0/0","0/0","0/1","0/0","0/0","0/0","0/0","0/0","0/0","0/0","0/0","0/0","0/0","0/0","0/0","0/0","0/0","0/0","0/0","0/0","0/0","0/0","0/0","0/0","0/0","0/0","0/0","0/0","0/0","0/0","0/0","0/0","0/0","0/0","0/0","0/0","0/0","0/0","0/0","0/0","0/0","0/0","0/0","0/0","0/0","0/0","0/0","0/0","0/0","0/0","0/0","0/0","0/0","0/0","0/0","0/0","0/0","0/0","0/0","0/0","0/0","0/0","0/0","0/0","0/0","0/0","0/0","0/0","0/0","0/0","0/0","0/0","0/0","0/0","0/0","0/0","0/0","0/0","0/0","0/0","0/0","0/0","0/0","0/0","0/0","0/0","0/0","0/0","0/0","0/0","0/0","0/0","0/0","0/0","0/0","0/0","0/0","0/0","0/0","0/0","0/0","0/0","0/0","0/0","0/0","0/0","0/0","0/0","0/0","0/0","0/0","0/0","0/0","0/0","0/0","0/0","0/0","0/0","0/0","0/0","0/0","0/0","0/0","0/0","0/0","0/0","0/0","0/0","0/0","0/0","0/0","0/0","0/0","0/0","0/0","0/0","0/0","0/0","0/0","0/0","0/0","0/0","0/0","0/0","0/0","0/0","0/0","0/0","0/0","0/0","0/0"
"chr7:7572380_TACCC/T_COL28A1","0/0","0/0","0/0","0/0","0/0","0/0","0/1","0/0","0/0","0/0","0/0","0/0","0/0","0/0","0/0","0/0","0/0","0/0","0/0","0/0","0/0","0/0","0/0","0/0","0/0","0/0","0/0","0/0","0/0","0/0","0/0","0/0","0/0","0/0","0/0","0/0","0/0","0/0","0/0","0/0","0/0","0/0","0/0","0/0","0/0","0/0","0/0","0/0","0/0","0/0","0/0","0/0","0/0","0/0","0/0","0/0","0/0","0/0","0/0","0/0","0/0","0/0","0/0","0/0","0/0","0/0","0/0","0/0","0/0","0/0","0/0","0/0","0/0","0/0","0/0","0/0","0/0","0/0","0/0","0/0","0/0","0/0","0/0","0/0","0/0","0/0","0/0","0/0","0/0","0/0","0/0","0/0","0/0","0/0","0/0","0/0","0/0","0/0","0/0","0/0","0/0","0/0","0/0","0/0","0/0","0/0","0/0","0/0","0/0","0/0","0/0","0/0","0/0","0/0","0/0","0/0","0/0","0/0","0/0","0/0","0/0","0/0","0/0","0/0","0/0","0/0","0/0","0/0","0/0","0/0","0/0","0/0","0/0","0/0","0/0","0/0","0/0","0/0","0/0","0/0","0/0","0/0","0/0","0/0","0/0","0/0","0/0","0/0","0/0","0/0","0/0","0/0","0/0"
"chr7:7917100_TG/T_UMAD1","0/1","0/0","0/0","0/0","0/0","0/0","0/0","0/0","0/0","0/0","0/0","0/0","0/0","0/0","0/0","0/0","0/0","0/0","0/0","0/0","0/0","0/0","0/0","0/0","0/0","0/0","0/0","0/0","0/0","0/0","0/0","0/0","0/0","0/0","0/0","0/0","0/0","0/0","0/0","0/0","0/0","0/0","0/0","0/0","0/0","0/0","0/0","0/0","0/0","0/0","0/0","0/0","0/0","0/0","0/0","0/0","0/0","0/0","0/0","0/0","0/0","0/0","0/0","0/0","0/0","0/0","0/0","0/0","0/0","0/0","0/0","0/0","0/0","0/0","0/0","0/0","0/0","0/0","0/0","0/0","0/0","0/0","0/0","0/0","0/0","0/0","0/0","0/0","0/0","0/0","0/0","0/0","0/0","0/0","0/0","0/0","0/0","0/0","0/0","0/0","0/0","0/0","0/0","0/0","0/0","0/0","0/0","0/0","0/0","0/0","0/0","0/0","0/0","0/0","0/0","0/0","0/0","0/0","0/0","0/0","0/0","0/0","0/0","0/0","0/0","0/0","0/0","0/0","0/0","0/0","0/0","0/0","0/0","0/0","0/0","0/0","0/0","0/0","0/0","0/0","0/0","0/0","0/0","0/0","0/0","0/0","0/0","0/0","0/0","0/0","0/0","0/0","0/0"
"chr7:11871469_AGCAGCGGCAGCG/A_THSD7A","0/0","0/0","0/0","0/0","0/0","0/0","0/0","0/0","0/0","0/1","0/1","0/1","0/0","0/2","0/0","0/0","0/0","0/0","0/0","0/0","0/0","0/0","0/0","0/1","0/0","0/3","0/0","1/2","0/0","0/0","0/0","0/2","0/0","0/0","0/1","0/0","0/0","0/2","0/0","0/0","0/0","0/0","0/0","0/0","0/0","0/0","0/1","0/0","0/3","0/0","0/0","0/0","0/0","0/1","0/2","0/0","0/0","0/0","0/0","0/0","0/0","0/0","0/2","0/0","0/0","0/0","0/0","0/0","0/0","0/0","0/0","0/2","0/2","0/0","0/0","0/0","0/0","0/0","0/0","0/0","0/0","0/0","0/0","0/0","0/0","0/0","0/0","0/0","0/0","0/0","0/0","0/0","0/0","0/0","0/0","0/0","0/0","0/0","0/0","0/0","0/0","0/0","0/0","0/0","0/0","0/1","0/1","0/0","0/0","0/0","0/0","0/2","0/2","0/1","0/0","0/0","0/0","0/0","0/0","0/0","0/0","0/0","0/0","0/0","0/0","0/0","0/1","0/1","0/0","0/0","0/0","0/0","0/0","0/0","0/0","0/0","0/0","0/0","0/3","0/3","0/3","0/0","0/0","0/0","0/0","0/0","0/0","0/0","0/0","0/2","0/2","0/2","0/2"
"chr7:12391268_T/TA_VWDE","0/1","0/1","0/1","0/0","0/1","0/1","0/0","0/0","0/0","0/0","0/0","0/0","0/1","1/1","0/0","0/0","0/0","0/0","0/0","0/0","0/1","0/0","0/0","0/0","1/1","0/1","0/0","0/0","0/1","0/1","0/0","0/0","0/1","0/0","0/0","0/0","0/0","0/1","0/0","0/0","0/0","0/1","0/0","0/1","0/0","0/1","0/1","0/1","0/0","0/0","0/0","0/0","0/0","0/1","0/0","0/1","0/1","0/1","0/0","0/0","0/0","1/1","0/0","0/1","0/1","0/1","0/1","0/1","0/1","0/1","0/1","0/0","0/0","0/0","0/0","0/0","0/0","0/0","0/0","0/0","0/0","0/1","0/0","0/1","0/1","0/1","0/1","0/0","0/1","0/1","0/0","0/0","0/0","0/0","0/0","0/0","0/0","0/0","0/0","0/0","0/1","0/0","0/1","0/0","0/0","0/0","0/0","0/0","0/0","0/0","0/0","0/0","0/0","0/1","0/0","0/1","0/1","0/0","0/1","0/0","0/1","0/1","0/1","0/0","0/0","0/0","0/1","0/1","0/0","0/0","0/0","0/0","0/0","0/1","0/0","0/0","0/1","0/1","0/1","0/1","0/1","0/0","0/0","0/0","0/0","0/0","0/1","0/1","0/1","0/1","0/1","0/1","0/1"
"chr7:12417523_T/TA_VWDE","0/0","0/0","0/0","0/0","0/0","0/0","0/0","0/0","0/0","0/0","0/0","0/0","0/0","0/0","0/0","0/0","0/0","0/0","0/0","0/0","0/0","0/0","0/0","0/0","0/0","0/0","0/0","0/0","0/0","0/0","0/0","0/0","0/0","0/0","0/0","0/0","0/0","0/0","0/0","0/0","0/0","0/0","0/0","0/0","0/0","0/0","0/0","0/0","0/0","0/0","0/0","0/0","0/0","0/0","0/0","0/0","0/0","0/0","0/0","0/0","0/0","0/0","0/0","0/0","0/0","0/0","0/0","0/0","0/0","0/0","0/0","0/0","0/0","0/0","0/0","0/0","0/0","0/0","0/0","0/0","0/0","0/0","0/0","0/0","0/0","0/0","0/0","0/0","0/0","0/0","0/0","0/0","0/0","0/0","0/0","0/0","0/0","0/0","0/1","0/1","0/0","0/0","0/0","0/0","0/0","0/0","0/0","0/0","0/0","0/0","0/0","0/0","0/0","0/0","0/0","0/0","0/0","0/0","0/0","0/0","0/0","0/0","0/0","0/0","0/0","0/0","0/0","0/0","0/0","0/0","0/0","0/0","0/0","0/0","0/0","0/0","0/0","0/0","0/0","0/0","0/0","0/0","0/0","0/0","0/0","0/0","0/0","0/0","0/0","0/0","0/0","0/0","0/0"
"chr7:15599792_T/TGAGATTGACGTTAAA_AGMO","0/0","0/0","0/0","0/0","0/0","0/0","0/0","0/0","0/0","0/0","0/0","0/1","0/0","0/0","0/0","0/0","0/0","0/0","0/0","0/0","0/0","0/0","0/0","0/0","0/0","0/0","0/0","0/0","0/0","0/0","0/0","0/0","0/0","0/0","0/0","0/0","0/0","0/0","0/0","0/0","0/0","0/0","0/0","0/0","0/0","0/0","0/0","0/0","0/0","0/0","0/0","0/0","0/0","0/0","0/0","0/0","0/0","0/0","0/0","0/0","0/0","0/0","0/0","0/0","0/0","0/0","0/0","0/0","0/0","0/0","0/0","0/0","0/0","0/0","0/0","0/0","0/0","0/0","0/0","0/0","0/0","0/0","0/0","0/0","0/0","0/0","0/0","0/0","0/0","0/0","0/0","0/0","0/0","0/0","0/0","0/0","0/0","0/0","0/0","0/0","0/0","0/0","0/0","0/0","0/0","0/0","0/0","0/0","0/0","0/0","0/0","0/0","0/0","0/0","0/0","0/0","0/0","0/0","0/0","0/0","0/0","0/0","0/0","0/0","0/0","0/0","0/0","0/0","0/0","0/0","0/0","0/0","0/0","0/0","0/0","0/0","0/0","0/0","0/0","0/0","0/0","0/0","0/0","0/0","0/0","0/0","0/0","0/0","0/0","0/0","0/0","0/0","0/0"
"chr7:19156668_TGCCGCCGCCGCCGCCCGC/TGCCGCCGCCGCCGCCCGCGCCGCCGCCGCCGCCGCCCGC_TWIST1","0/0","0/0","0/0","0/0","0/0","0/0","0/0","0/0","0/0","0/1","0/0","0/0","0/0","0/0","0/0","0/0","0/0","0/0","0/0","0/0","0/1","0/0","0/0","0/0","0/0","0/0","0/0","0/0","0/0","0/0","0/0","0/0","0/0","0/0","0/0","0/0","0/0","0/0","0/0","0/0","0/0","0/0","0/0","0/0","0/0","0/0","0/0","0/0","0/0","0/1","0/0","0/0","0/0","0/0","0/0","0/0","0/2","0/0","0/0","0/0","0/0","0/0","0/1","0/2","0/2","0/0","0/0","0/0","0/0","0/0","0/0","0/0","0/0","0/0","0/0","0/0","0/0","0/0","0/0","0/0","0/0","0/0","0/0","0/0","0/0","0/0","0/0","0/0","0/3","0/3","0/0","0/0","0/0","0/0","0/0","0/0","0/0","0/0","0/0","0/0","0/2","0/0","0/2","0/0","0/0","0/0","0/0","0/0","0/0","0/0","0/0","0/0","0/0","0/0","0/0","0/0","0/0","0/1","0/0","0/1","0/0","0/0","0/0","0/1","0/0","0/0","0/0","0/0","0/0","0/0","0/0","0/1","0/0","0/0","0/0","0/0","0/0","0/0","0/0","0/0","0/0","0/1","0/1","0/0","0/0","0/0","0/0","0/0","0/0","0/0","0/0","0/0","0/0"
"chr7:19156670_C/CCGCCGCCGCCGCCCG_TWIST1","0/0","0/0","0/0","0/0","0/0","0/0","0/0","0/0","0/0","0/0","0/0","0/0","0/0","0/0","0/0","0/0","0/0","0/0","0/0","0/0","0/1","0/0","0/0","0/0","0/0","0/0","0/0","0/0","0/0","0/0","0/0","0/0","0/0","0/0","0/0","0/0","0/0","0/0","0/0","0/0","0/0","0/0","0/0","0/0","0/0","0/0","0/0","0/0","0/0","0/0","0/0","0/0","0/0","0/0","0/0","0/0","0/2","0/0","0/0","0/0","0/0","0/0","0/0","0/2","0/2","0/0","0/0","0/0","0/0","0/0","0/0","0/0","0/0","0/1","0/1","0/0","0/0","0/0","0/0","0/0","0/0","0/0","0/0","0/0","0/0","0/0","0/0","0/0","0/0","0/2","0/0","0/0","0/0","0/0","0/0","0/0","0/0","0/0","0/0","0/0","0/2","0/0","0/2","0/0","0/0","0/0","0/0","0/0","0/0","0/0","0/0","0/0","0/0","0/0","0/0","0/0","0/0","0/0","0/0","0/0","0/0","0/0","0/0","0/0","0/0","0/0","0/0","0/0","0/0","0/0","0/0","0/0","0/0","0/0","0/0","0/0","0/0","0/0","0/0","0/0","0/0","0/0","0/0","0/0","0/0","0/0","0/0","0/0","0/0","0/0","0/0","0/0","0/0"
"chr7:19184746_C/CTCT_FERD3L","0/0","0/0","0/0","1/1","0/0","0/0","0/0","0/0","0/0","0/0","0/0","0/0","0/0","0/0","0/1","0/0","1/1","0/0","0/0","0/0","0/0","0/1","0/0","0/0","0/0","1/1","0/0","0/1","0/0","0/0","0/0","0/0","1/1","0/1","0/0","0/0","0/0","0/1","0/1","0/0","0/0","0/0","0/1","0/0","0/0","0/0","0/0","0/0","0/0","0/0","0/1","0/0","0/0","1/1","0/0","0/0","0/1","0/0","0/1","0/0","0/1","0/0","0/0","0/0","0/0","0/0","0/0","0/0","0/0","0/0","0/0","0/1","0/1","0/1","0/1","0/0","0/0","0/1","0/1","1/1","1/1","0/1","0/1","0/0","0/0","0/1","0/1","0/0","0/0","0/0","0/1","0/0","0/0","1/1","1/1","0/1","0/0","0/0","0/1","0/1","0/0","0/1","0/0","0/1","0/1","0/0","0/0","0/0","0/0","0/1","1/1","0/1","0/1","0/0","0/0","0/0","0/0","0/0","0/0","0/0","0/0","0/0","0/0","0/0","0/0","0/0","0/0","0/0","0/0","0/0","0/0","0/0","0/0","0/0","0/0","0/0","0/0","0/0","0/0","0/0","0/0","0/0","0/0","0/0","0/0","0/0","0/0","0/0","0/0","0/1","0/1","0/1","0/1"
"chr7:19744537_TA/T_TWISTNB","0/0","0/0","0/0","0/0","0/0","0/0","0/0","0/0","0/0","0/0","0/0","0/0","0/0","0/0","0/0","0/0","0/0","0/0","0/0","0/0","0/0","0/0","0/0","0/0","0/0","0/0","0/0","0/0","0/0","0/0","0/0","0/0","0/0","0/0","0/0","0/0","0/1","0/0","0/0","0/0","0/0","0/0","0/0","0/0","0/0","0/0","0/0","0/0","0/0","0/0","0/0","0/0","0/0","0/0","0/0","0/0","0/0","0/0","0/0","0/0","0/0","0/0","0/0","0/0","0/0","0/0","0/0","0/0","0/0","0/0","0/0","0/0","0/0","0/0","0/0","0/0","0/0","0/0","0/0","0/0","0/0","0/0","0/0","0/0","0/0","0/0","0/0","0/0","0/0","0/0","0/0","0/0","0/0","0/0","0/0","0/0","0/0","0/0","0/0","0/0","0/0","0/0","0/0","0/0","0/0","0/0","0/0","0/0","0/0","0/0","0/0","0/0","0/0","0/0","0/0","0/0","0/0","0/0","0/0","0/0","0/0","0/0","0/0","0/0","0/0","0/0","0/0","0/0","0/0","0/0","0/0","0/0","0/0","0/0","0/0","0/0","0/0","0/0","0/0","0/0","0/0","0/0","0/0","0/0","0/0","0/0","0/0","0/0","0/0","0/0","0/0","0/0","0/0"
"chr7:20199241_TC/T_MACC1","0/0","0/0","0/0","0/0","0/0","0/0","0/0","0/0","0/0","0/0","0/0","0/0","0/0","0/0","0/0","0/0","0/0","0/0","0/0","0/0","0/0","0/0","0/0","0/0","0/0","0/0","0/0","0/0","0/0","0/0","0/0","0/0","0/0","0/0","0/0","0/0","0/0","0/0","0/1","0/0","0/0","0/0","0/0","0/0","0/0","0/0","0/0","0/0","0/0","0/0","0/0","0/0","0/0","0/0","0/0","0/0","0/0","0/0","0/0","0/0","0/0","0/0","0/0","0/0","0/0","0/0","0/0","0/0","0/0","0/0","0/0","0/0","0/0","0/0","0/0","0/0","0/0","0/0","0/0","0/0","0/0","0/0","0/0","0/0","0/0","0/0","0/0","0/0","0/0","0/0","0/0","0/0","0/0","0/0","0/0","0/0","0/0","0/0","0/0","0/0","0/0","0/0","0/0","0/0","0/0","0/0","0/0","0/0","0/0","0/0","0/0","0/0","0/0","0/0","0/0","0/0","0/0","0/0","0/0","0/0","0/0","0/0","0/0","0/0","0/0","0/0","0/0","0/0","0/0","0/0","0/0","0/0","0/0","0/0","0/0","0/0","0/0","0/0","0/0","0/0","0/0","0/0","0/0","0/0","0/0","0/0","0/0","0/0","0/0","0/0","0/0","0/0","0/0"
"chr7:20685622_TA/T_ABCB5","0/0","0/0","0/0","0/0","0/0","0/0","0/0","0/0","0/0","0/0","0/0","0/0","0/0","0/0","0/0","0/0","0/0","0/0","0/0","0/0","0/0","0/0","0/0","0/0","0/0","0/0","0/0","0/0","0/0","0/0","0/0","0/0","0/0","0/0","0/0","0/0","0/1","0/0","0/0","0/0","0/0","0/0","0/0","0/0","0/0","0/0","0/0","0/0","0/0","0/0","0/0","0/0","0/0","0/0","0/0","0/0","0/0","0/0","0/0","0/0","0/0","0/0","0/0","0/0","0/0","0/0","0/0","0/0","0/0","0/0","0/0","0/0","0/0","0/0","0/0","0/0","0/0","0/0","0/0","0/0","0/0","0/0","0/0","0/0","0/0","0/0","0/0","0/0","0/0","0/0","0/0","0/0","0/0","0/0","0/0","0/0","0/0","0/0","0/0","0/0","0/0","0/0","0/0","0/0","0/0","0/0","0/0","0/0","0/0","0/0","0/0","0/0","0/0","0/0","0/0","0/0","0/0","0/0","0/0","0/0","0/0","0/0","0/0","0/0","0/0","0/0","0/0","0/0","0/0","0/0","0/0","0/0","0/0","0/0","0/0","0/0","0/0","0/0","0/0","0/0","0/0","0/0","0/0","0/0","0/0","0/0","0/0","0/0","0/0","0/0","0/0","0/0","0/0"
"chr7:20824946_C/CGCAGCTGAACGAGTCGGACACCAGG_SP8","0/0","0/0","0/0","0/0","0/0","0/0","0/0","0/0","0/0","0/0","0/0","0/0","0/0","0/0","0/0","0/0","0/0","0/0","0/0","0/0","0/0","0/0","0/0","0/0","0/0","0/0","0/0","0/0","0/0","0/0","0/0","0/0","0/0","0/0","0/0","0/0","0/0","0/0","0/0","0/0","0/0","0/0","0/0","0/0","0/0","0/0","0/0","0/0","0/0","0/0","0/0","0/0","0/0","0/0","0/0","0/0","0/0","0/1","0/0","0/0","0/0","0/0","0/0","0/0","0/0","0/0","0/0","0/0","0/0","0/0","0/0","0/0","0/0","0/0","0/0","0/0","0/0","0/0","0/0","0/0","0/0","0/0","0/0","0/2","0/0","0/0","0/0","0/0","0/0","0/0","0/0","0/0","0/0","0/0","0/0","0/0","0/0","0/0","0/0","0/0","0/0","0/0","0/0","0/0","0/0","0/0","0/0","0/0","0/1","0/0","0/0","0/0","0/0","0/0","0/0","0/0","0/0","0/0","0/0","0/0","0/0","0/0","0/0","0/0","0/0","0/0","0/0","0/0","0/0","0/0","0/0","0/0","0/0","0/0","0/0","0/0","0/0","0/0","0/0","0/0","0/0","0/1","0/0","0/0","0/0","0/0","0/0","0/0","0/0","0/0","0/0","0/0","0/0"
"chr7:20824949_C/CTGAACGAGTCGGACACCAGG_SP8","0/0","0/0","0/0","0/0","0/1","0/0","0/0","0/0","0/0","0/2","0/0","0/2","0/0","0/0","0/0","0/0","0/0","0/0","0/0","0/0","0/0","0/0","0/0","0/0","0/0","0/0","0/0","0/2","0/0","0/0","0/0","0/2","0/2","0/0","0/0","0/0","0/0","0/0","0/0","0/0","0/0","0/1","0/0","0/0","0/0","0/0","0/2","0/0","0/0","0/0","0/0","0/0","0/2","0/0","0/0","0/0","0/0","0/0","0/0","0/0","0/0","0/0","0/0","0/0","0/0","0/0","0/0","0/0","0/0","0/2","0/0","0/0","0/0","0/2","0/0","0/0","0/0","0/0","0/2","0/0","0/0","0/0","0/0","0/3","0/2","0/0","0/0","0/2","0/2","0/0","0/0","0/2","0/1","0/2","0/0","0/2","0/0","0/0","0/0","0/1","0/0","0/2","0/0","0/0","0/0","0/0","0/0","0/0","0/0","0/0","0/0","0/2","0/0","0/2","0/0","0/0","0/1","0/0","0/0","0/0","0/0","0/0","0/0","0/2","0/0","0/2","0/2","0/0","0/2","0/2","0/0","0/0","0/0","0/0","0/0","0/0","0/0","0/0","0/2","0/0","0/1","0/0","0/0","0/0","0/2","0/0","0/2","0/0","0/0","0/2","0/2","0/0","0/0"
"chr7:20824950_G/GAGTCGGACA_SP8","0/0","0/0","0/0","0/0","0/0","0/0","0/0","0/0","0/0","0/0","0/0","0/0","0/0","0/0","0/0","0/0","0/0","0/0","0/0","0/0","0/0","0/0","0/0","0/0","0/0","0/0","0/0","0/0","0/1","0/0","0/0","0/0","0/0","0/1","0/0","0/0","0/0","0/0","0/0","0/0","0/0","0/0","0/0","0/0","0/1","0/0","0/0","0/0","0/1","0/1","0/0","0/0","0/0","0/0","0/1","0/0","0/0","0/0","0/0","0/1","0/0","0/0","0/0","0/0","0/0","0/0","0/0","0/0","0/0","0/0","0/1","0/0","0/0","0/0","0/0","0/0","0/0","0/0","0/0","0/0","0/0","0/0","0/0","0/2","0/0","0/0","0/0","0/0","0/0","0/1","0/0","0/0","0/0","0/0","0/0","0/0","0/0","0/0","0/1","0/0","0/0","0/0","0/0","0/0","0/0","0/0","0/0","0/0","0/0","0/0","0/1","0/0","0/0","0/0","0/0","0/0","0/0","0/0","0/1","0/0","0/0","0/0","0/0","0/0","0/0","0/0","0/0","0/0","0/0","0/0","0/0","0/0","0/0","0/0","0/0","0/0","0/1","0/0","0/0","0/0","0/0","0/0","0/0","0/0","0/0","0/0","0/0","0/0","0/1","0/0","0/0","0/0","0/0"
"chr7:20824951_C/CTGAA_SP8","0/0","0/0","0/0","0/0","0/0","0/0","0/0","0/0","0/0","0/1","0/0","0/0","0/0","0/0","0/0","0/0","0/0","0/0","0/0","0/0","0/0","0/0","0/0","0/0","0/0","0/0","0/0","0/1","0/0","0/0","0/0","0/1","0/1","0/0","0/0","0/0","0/0","0/0","0/0","0/0","0/0","0/0","0/0","0/0","0/0","0/0","0/1","0/0","0/0","0/0","0/0","0/0","0/1","0/0","0/0","0/0","0/0","0/0","0/0","0/0","0/0","0/0","0/0","0/0","0/0","0/0","0/0","0/0","0/0","0/1","0/0","0/0","0/0","0/1","0/0","0/0","0/0","0/0","0/1","0/0","0/0","0/0","0/0","0/2","0/0","0/0","0/0","0/1","0/1","0/0","0/0","0/1","0/0","0/1","0/0","0/1","0/0","0/0","0/0","0/0","0/0","0/1","0/0","0/0","0/0","0/0","0/0","0/0","0/0","0/0","0/0","0/1","0/0","0/1","0/0","0/0","0/0","0/0","0/0","0/0","0/0","0/0","0/0","0/0","0/0","0/1","0/1","0/0","0/1","0/1","0/0","0/0","0/0","0/0","0/0","0/0","0/0","0/0","0/1","0/0","0/0","0/0","0/0","0/0","0/1","0/0","0/1","0/0","0/0","0/1","0/1","0/0","0/0"
"chr7:20824952_C/CAGG_SP8","0/0","0/0","0/0","0/0","0/0","0/0","0/0","0/0","0/0","0/0","0/0","0/0","0/0","0/0","0/0","0/0","0/0","0/0","0/0","0/0","0/0","0/0","0/0","0/0","0/0","0/0","0/0","0/0","0/0","0/0","0/0","0/0","0/0","0/0","0/0","0/0","0/0","0/0","0/0","0/0","0/0","0/0","0/0","0/0","0/0","0/0","0/0","0/0","0/0","0/0","0/0","0/0","0/0","0/0","0/0","0/0","0/0","0/0","0/0","0/0","0/0","0/0","0/0","0/0","0/0","0/0","0/0","0/0","0/0","0/0","0/0","0/0","0/0","0/0","0/0","0/0","0/0","0/0","0/0","0/0","0/0","0/0","0/0","0/2","0/0","0/0","0/0","0/0","0/0","0/1","0/0","0/0","0/0","0/0","0/0","0/0","0/0","0/0","0/0","0/0","0/0","0/0","0/0","0/0","0/0","0/0","0/0","0/0","0/0","0/0","0/0","0/0","0/0","0/0","0/0","0/0","0/0","0/0","0/0","0/0","0/0","0/0","0/0","0/0","0/0","0/0","0/0","0/0","0/0","0/0","0/0","0/0","0/0","0/0","0/0","0/0","0/1","0/0","0/0","0/0","0/0","0/0","0/0","0/0","0/0","0/0","0/0","0/0","0/1","0/0","0/0","0/0","0/0"
"chr7:20824953_GCCCCC/GAGTCCCCC_SP8","0/0","0/0","0/0","0/0","0/0","0/0","0/0","0/0","0/0","0/0","0/0","0/0","0/0","0/0","0/0","0/0","0/0","0/0","0/0","0/0","0/0","0/0","0/0","0/0","0/0","0/0","0/0","0/0","0/0","0/0","0/0","0/1","0/0","0/0","0/0","0/0","0/0","0/0","0/0","0/0","0/0","0/0","0/0","0/0","0/0","0/0","0/0","0/0","0/0","0/0","0/0","0/0","0/1","0/0","0/0","0/0","0/0","0/0","0/0","0/0","0/0","0/0","0/0","0/0","0/0","0/0","0/0","0/0","0/0","0/0","0/0","0/0","0/0","0/1","0/0","0/0","0/0","0/0","0/1","0/0","0/0","0/0","0/0","0/2","0/0","0/0","0/0","0/1","0/0","0/0","0/0","0/0","0/0","0/0","0/0","0/1","0/0","0/0","0/0","0/0","0/0","0/0","0/0","0/0","0/0","0/0","0/0","0/0","0/0","0/0","0/0","0/0","0/0","0/1","0/0","0/0","0/0","0/0","0/0","0/0","0/0","0/0","0/0","0/0","0/0","0/1","0/1","0/0","0/0","0/1","0/0","0/0","0/0","0/0","0/0","0/0","0/0","0/0","0/0","0/0","0/0","0/0","0/0","0/0","0/1","0/0","0/0","0/0","0/0","0/0","0/1","0/0","0/0"
"chr7:20824954_C/CGGA_SP8","0/0","0/0","0/0","0/0","0/0","0/0","0/0","0/0","0/0","0/0","0/0","0/0","0/0","0/0","0/0","0/0","0/0","0/0","0/0","0/0","0/0","0/0","0/0","0/0","0/0","0/0","0/0","0/0","0/0","0/0","0/0","0/1","0/0","0/0","0/0","0/0","0/0","0/0","0/0","0/0","0/0","0/0","0/0","0/0","0/0","0/0","0/0","0/0","0/0","0/0","0/0","0/0","0/1","0/0","0/0","0/0","0/0","0/0","0/0","0/0","0/0","0/0","0/0","0/0","0/0","0/0","0/0","0/0","0/0","0/0","0/0","0/0","0/0","0/0","0/0","0/0","0/0","0/0","0/1","0/0","0/0","0/0","0/0","0/2","0/0","0/0","0/0","0/1","0/0","0/0","0/0","0/0","0/0","0/0","0/0","0/1","0/0","0/0","0/0","0/0","0/0","0/0","0/0","0/0","0/0","0/0","0/0","0/0","0/0","0/0","0/0","0/0","0/0","0/1","0/0","0/0","0/0","0/0","0/0","0/0","0/0","0/0","0/0","0/0","0/0","0/1","0/0","0/0","0/0","0/1","0/0","0/0","0/0","0/0","0/0","0/0","0/0","0/0","0/0","0/0","0/0","0/0","0/0","0/0","0/1","0/0","0/0","0/0","0/0","0/0","0/1","0/0","0/0"
"chr7:20824958_C/CAGG_SP8","0/0","0/0","0/0","0/0","0/0","0/0","0/0","0/0","0/0","0/0","0/0","0/0","0/0","0/0","0/0","0/0","0/0","0/0","0/0","0/0","0/0","0/0","0/0","0/0","0/0","0/0","0/0","0/0","0/0","0/0","0/0","0/1","0/0","0/0","0/0","0/0","0/0","0/0","0/0","0/0","0/0","0/0","0/0","0/0","0/0","0/0","0/0","0/0","0/0","0/0","0/0","0/0","0/0","0/0","0/0","0/0","0/0","0/0","0/0","0/0","0/0","0/0","0/0","0/0","0/0","0/0","0/0","0/0","0/0","0/0","0/0","0/0","0/0","0/0","0/0","0/0","0/0","0/0","0/1","0/0","0/0","0/0","0/0","0/2","0/0","0/0","0/0","0/1","0/0","0/0","0/0","0/0","0/0","0/0","0/0","0/0","0/0","0/0","0/0","0/0","0/0","0/0","0/0","0/0","0/0","0/0","0/0","0/0","0/0","0/0","0/0","0/0","0/0","0/1","0/0","0/0","0/0","0/0","0/0","0/0","0/0","0/0","0/0","0/0","0/0","0/1","0/1","0/0","0/0","0/0","0/0","0/0","0/0","0/0","0/0","0/0","0/0","0/0","0/0","0/0","0/0","0/0","0/0","0/0","0/0","0/0","0/0","0/0","0/0","0/0","0/1","0/0","0/0"
"chr7:23792400_AT/A_STK31","0/0","0/0","0/0","0/0","0/0","0/0","0/0","0/0","0/0","0/0","0/0","0/0","0/0","0/0","0/0","0/0","0/0","0/0","0/0","0/0","0/0","0/0","0/0","0/0","0/0","0/0","0/0","0/0","0/0","0/0","0/1","0/0","0/0","0/0","0/0","0/0","0/0","0/0","0/0","0/0","0/0","0/0","0/0","0/0","0/0","0/0","0/0","0/0","0/0","0/0","0/0","0/0","0/0","0/0","0/0","0/0","0/0","0/0","0/0","0/0","0/0","0/0","0/0","0/0","0/0","0/0","0/0","0/0","0/0","0/0","0/0","0/0","0/0","0/0","0/0","0/0","0/0","0/0","0/0","0/0","0/0","0/0","0/0","0/0","0/0","0/0","0/0","0/0","0/0","0/0","0/0","0/0","0/0","0/0","0/0","0/0","0/0","0/0","0/0","0/0","0/0","0/0","0/0","0/0","0/0","0/0","0/0","0/0","0/0","0/0","0/0","0/0","0/0","0/0","0/0","0/0","0/0","0/0","0/0","0/0","0/0","0/0","0/0","0/0","0/0","0/0","0/0","0/0","0/0","0/0","0/0","0/0","0/0","0/0","0/0","0/0","0/0","0/0","0/0","0/0","0/0","0/0","0/0","0/0","0/0","0/0","0/0","0/0","0/0","0/0","0/0","0/0","0/0"
"chr7:24738856_CCAT/C_DFNA5","0/0","0/0","0/0","0/0","0/0","0/0","0/0","0/0","0/0","0/0","0/0","0/0","0/0","0/0","0/0","0/0","0/0","0/0","0/1","0/0","0/0","0/0","0/0","0/0","0/0","0/0","0/0","0/0","0/0","0/0","0/0","0/0","0/0","0/0","0/0","0/0","0/0","0/0","0/0","0/0","0/0","0/0","0/0","0/0","0/0","0/0","0/0","0/0","0/0","0/0","0/0","0/0","0/0","0/0","0/0","0/0","0/0","0/0","0/0","0/0","0/0","0/0","0/0","0/0","0/0","0/0","0/0","0/0","0/0","0/0","0/0","0/0","0/0","0/0","0/0","0/0","0/0","0/0","0/0","0/0","0/0","0/0","0/0","0/0","0/0","0/0","0/0","0/0","0/0","0/0","0/0","0/0","0/0","0/0","0/0","0/0","0/0","0/0","0/0","0/0","0/0","0/0","0/0","0/0","0/0","0/0","0/0","0/0","0/0","0/0","0/0","0/0","0/0","0/0","0/0","0/0","0/0","0/0","0/0","0/0","0/0","0/0","0/0","0/0","0/0","0/0","0/0","0/0","0/0","0/0","0/0","0/0","0/0","0/0","0/0","0/0","0/0","0/0","0/0","0/0","0/0","0/0","0/0","0/0","0/0","0/0","0/0","0/0","0/0","0/0","0/0","0/0","0/0"
"chr7:25266569_TTAA/T_NPVF","0/1","0/1","0/1","0/1","0/1","0/1","0/0","0/0","0/0","0/0","1/1","0/0","0/0","0/0","0/0","0/1","0/0","0/0","0/0","0/0","0/0","0/0","0/0","0/0","0/1","0/0","0/0","0/0","0/0","0/0","0/0","0/1","0/0","0/1","0/0","0/0","0/0","0/0","0/0","0/0","0/1","0/0","0/0","0/0","0/0","0/1","0/0","0/1","0/0","0/0","0/0","0/0","0/1","0/0","0/0","0/0","0/0","0/1","0/0","0/0","0/0","0/0","0/0","0/0","0/0","0/0","0/1","0/0","0/0","0/1","0/0","0/0","0/0","0/1","0/1","0/0","0/0","0/0","0/0","0/1","0/1","0/0","0/0","0/0","0/0","0/0","0/0","0/0","0/0","0/0","0/0","0/0","0/0","0/0","0/0","0/0","0/0","0/0","0/1","0/1","0/0","0/0","0/0","0/1","0/1","0/1","0/1","0/1","0/1","0/0","0/1","0/0","0/0","0/0","0/0","0/0","0/0","0/0","0/0","0/0","0/0","0/0","0/0","0/0","0/0","0/0","0/0","0/0","0/0","0/0","0/0","0/0","0/0","0/0","0/0","0/0","0/0","0/0","0/0","0/1","0/0","0/0","0/0","0/0","0/0","0/0","0/0","0/0","0/0","0/0","0/0","0/0","0/0"
"chr7:26225245_CATG/C_NFE2L3","0/0","0/0","0/0","0/0","0/0","0/0","0/0","0/0","0/0","0/0","0/0","0/0","0/0","0/0","0/0","0/0","0/0","0/0","0/0","0/0","0/0","0/0","0/0","0/0","0/0","0/0","0/0","0/0","0/0","0/0","0/0","0/1","0/0","0/0","0/0","0/0","0/0","0/0","0/0","0/0","0/0","0/0","0/0","0/0","0/0","0/0","0/0","0/0","0/0","0/0","0/0","0/0","0/0","0/0","0/0","0/0","0/0","0/0","0/0","0/0","0/0","0/0","0/0","0/0","0/0","0/0","0/0","0/0","0/0","0/0","0/0","0/0","0/0","0/0","0/0","0/0","0/0","0/0","0/0","0/0","0/0","0/0","0/0","0/0","0/0","0/0","0/0","0/0","0/0","0/0","0/0","0/0","0/0","0/0","0/0","0/0","0/0","0/0","0/0","0/0","0/0","0/0","0/0","0/0","0/0","0/0","0/0","0/0","0/0","0/0","0/0","0/0","0/0","0/0","0/0","0/0","0/0","0/0","0/0","0/0","0/0","0/0","0/0","0/0","0/0","0/0","0/0","0/0","0/0","0/0","0/0","0/0","0/0","0/0","0/0","0/0","0/0","0/0","0/0","0/0","0/0","0/0","0/0","0/0","0/0","0/0","0/0","0/0","0/0","0/0","0/0","0/0","0/0"
"chr7:26233218_CCT/C_HNRNPA2B1","0/0","0/0","0/0","0/0","0/0","0/0","0/0","0/0","0/0","0/0","0/0","0/0","0/0","0/0","0/0","0/0","0/0","0/0","0/0","0/0","0/0","0/0","0/0","0/0","0/0","0/0","0/0","0/0","0/0","0/0","0/0","0/0","0/0","0/0","0/0","0/0","0/0","0/0","0/0","0/0","0/0","0/0","0/0","0/0","0/0","0/0","0/1","0/0","0/0","0/0","0/0","0/0","0/0","0/0","0/0","0/0","0/0","0/0","0/0","0/0","0/0","0/0","0/0","0/0","0/0","0/0","0/0","0/0","0/0","0/0","0/0","0/0","0/0","0/0","0/0","0/0","0/0","0/0","0/0","0/0","0/0","0/0","0/0","0/0","0/0","0/0","0/0","0/0","0/0","0/0","0/0","0/0","0/0","0/0","0/0","0/0","0/0","0/0","0/0","0/0","0/0","0/0","0/0","0/0","0/0","0/0","0/0","0/0","0/0","0/0","0/0","0/0","0/0","0/0","0/0","0/0","0/0","0/0","0/0","0/0","0/0","0/0","0/0","0/0","0/0","0/0","0/0","0/0","0/0","0/0","0/0","0/0","0/0","0/0","0/0","0/0","0/0","0/0","0/0","0/0","0/0","0/0","0/0","0/0","0/0","0/0","0/0","0/0","0/0","0/0","0/0","0/0","0/0"
"chr7:27135308_GGGTGGCGAT/G_HOXA1","0/0","0/0","0/0","0/0","0/0","0/0","0/0","0/0","0/0","0/0","0/0","0/0","0/0","0/0","0/0","0/0","0/0","0/0","0/0","0/0","0/0","0/0","0/0","0/0","0/0","0/0","0/0","0/0","0/0","0/0","0/0","0/0","0/1","0/0","0/0","0/0","0/0","0/0","0/0","0/0","0/0","0/0","0/0","0/0","0/0","0/0","0/0","0/0","0/0","0/0","0/0","0/0","0/0","0/0","0/0","0/0","0/0","0/0","0/0","0/0","0/0","0/0","0/0","0/0","0/0","0/0","0/0","0/0","0/0","0/0","0/0","0/0","0/0","0/0","0/0","0/0","0/0","0/0","0/0","0/0","0/0","0/0","0/0","0/0","0/0","0/0","0/0","0/0","0/0","0/0","0/0","0/0","0/0","0/0","0/0","0/0","0/0","0/0","0/0","0/0","0/0","0/0","0/0","0/0","0/0","0/0","0/0","0/0","0/0","0/0","0/0","0/0","0/0","0/0","0/0","0/0","0/0","0/0","0/0","0/0","0/0","0/0","0/0","0/0","0/0","0/0","0/0","0/0","0/0","0/0","0/0","0/0","0/0","0/0","0/0","0/0","0/0","0/0","0/0","0/0","0/0","0/0","0/0","0/0","0/0","0/0","0/1","0/1","0/1","0/0","0/0","0/0","0/0"
"chr7:27135313_GCGA/GTGACGA_HOXA1","0/0","0/0","0/0","0/0","0/0","0/0","0/0","0/0","0/0","0/0","0/0","0/0","0/0","0/0","0/0","0/0","0/0","0/0","0/0","0/0","0/0","0/0","0/0","0/0","0/0","0/0","0/0","0/0","0/0","0/0","0/0","0/0","0/2","0/0","0/0","0/0","0/0","0/0","0/0","0/0","0/0","0/0","0/0","0/0","0/0","0/0","0/0","0/0","0/0","0/0","0/0","0/0","0/0","0/0","0/0","0/0","0/0","0/0","0/0","0/0","0/0","0/0","0/0","0/0","0/0","0/0","0/0","0/0","0/0","0/0","0/0","0/0","0/0","0/0","0/0","0/0","0/0","0/0","0/0","0/0","0/0","0/0","0/0","0/0","0/0","0/0","0/0","0/0","0/0","0/0","0/0","0/0","0/0","0/0","0/0","0/0","0/0","0/0","0/0","0/0","0/0","0/0","0/0","0/0","0/0","0/0","0/0","0/0","0/0","0/0","0/0","0/0","0/0","0/1","0/0","0/0","0/0","0/0","0/0","0/0","0/0","0/0","0/0","0/0","0/0","0/0","0/1","0/1","0/0","0/0","0/0","0/0","0/0","0/0","0/0","0/0","0/0","0/0","0/0","0/0","0/0","0/0","0/0","0/0","0/0","0/0","0/2","0/2","0/2","0/0","0/0","0/0","0/0"
"chr7:27135316_A/ATGG_HOXA1","0/0","0/0","0/0","0/0","0/0","0/0","0/0","0/0","0/0","0/0","0/0","0/0","0/0","0/0","0/0","0/0","0/0","0/0","0/0","0/0","0/0","0/0","0/0","0/0","0/0","0/0","0/0","0/0","0/0","0/0","0/0","0/0","0/2","0/0","0/0","0/0","0/0","0/0","0/0","0/0","0/0","0/0","0/0","0/0","0/0","0/0","0/0","0/0","0/0","0/0","0/0","0/0","0/0","0/0","0/0","0/0","0/0","0/0","0/0","0/1","0/0","0/0","0/0","0/0","0/0","0/0","0/0","0/0","0/0","0/0","0/0","0/0","0/0","0/0","0/0","0/0","0/0","0/0","0/0","0/0","0/0","0/0","0/0","0/0","0/0","0/0","0/0","0/0","0/0","0/0","0/0","0/0","0/0","0/0","0/0","0/0","0/0","0/0","0/0","0/0","0/0","0/0","0/0","0/1","0/1","0/0","0/0","0/0","0/0","0/0","0/0","0/0","0/0","0/0","0/0","0/0","0/0","0/1","0/0","0/1","0/0","0/0","0/0","0/1","0/0","0/0","0/0","0/0","0/0","0/0","0/0","0/0","0/0","0/0","0/0","0/0","0/0","0/0","0/0","0/0","0/0","0/0","0/0","0/0","0/0","0/0","0/2","0/2","0/2","0/0","0/0","0/0","0/0"
"chr7:27224218_AGCC/A_HOXA11","0/0","0/0","0/0","0/0","0/0","0/0","0/0","0/0","0/0","0/0","0/0","0/1","0/0","0/0","0/0","0/0","0/0","0/0","0/0","0/0","0/0","0/0","0/0","0/0","0/0","0/0","0/0","0/0","0/0","0/0","0/0","0/0","0/0","0/0","0/0","0/0","0/0","0/0","0/0","0/0","0/0","0/0","0/0","0/0","0/0","0/0","0/0","0/0","0/0","0/0","0/0","0/0","0/0","0/0","0/0","0/0","0/0","0/0","0/0","0/0","0/0","0/0","0/0","0/0","0/0","0/0","0/0","0/0","0/0","0/0","0/0","0/0","0/0","0/0","0/0","0/0","0/0","0/0","0/0","0/0","0/0","0/0","0/0","0/0","0/0","0/0","0/0","0/0","0/0","0/0","0/0","0/0","0/0","0/0","0/0","0/0","0/0","0/0","0/0","0/0","0/0","0/0","0/0","0/0","0/0","0/0","0/0","0/0","0/0","0/0","0/0","0/0","0/0","0/0","0/0","0/0","0/0","0/0","0/0","0/0","0/0","0/0","0/0","0/0","0/0","0/0","0/0","0/0","0/0","0/0","0/0","0/0","0/0","0/0","0/0","0/0","0/0","0/0","0/0","0/0","0/0","0/0","0/0","0/0","0/0","0/0","0/0","0/0","0/0","0/0","0/0","0/0","0/0"
"chr7:27239298_CGCG/C_HOXA13","0/0","0/0","0/0","0/0","0/0","0/0","0/0","0/0","0/0","0/0","0/0","0/0","0/0","0/0","0/0","0/0","0/0","0/1","0/0","0/0","0/0","0/0","0/0","0/0","0/0","0/0","0/0","0/0","0/0","0/0","0/0","0/0","0/0","0/0","0/0","0/0","0/0","0/0","0/0","0/0","0/0","0/0","0/0","0/0","0/0","0/0","0/0","0/0","0/0","0/0","0/0","0/0","0/0","0/0","0/0","0/0","0/0","0/0","0/0","0/0","0/0","0/0","0/0","0/0","0/0","0/0","0/0","0/0","0/0","0/0","0/0","0/0","0/0","0/0","0/0","0/0","0/0","0/0","0/0","0/0","0/0","0/0","0/0","0/0","0/0","0/0","0/0","0/0","0/0","0/0","0/0","0/1","0/0","0/0","0/0","0/0","0/0","0/0","0/0","0/0","0/0","0/0","0/0","0/0","0/0","0/0","0/0","0/0","0/0","0/0","0/0","0/0","0/0","0/0","0/0","0/0","0/0","0/0","0/0","0/0","0/0","0/0","0/0","0/0","0/0","0/0","0/0","0/0","0/0","0/0","0/0","0/0","0/0","0/0","0/0","0/0","0/0","0/0","0/0","0/0","0/0","0/0","0/0","0/0","0/0","0/0","0/0","0/0","0/0","0/0","0/0","0/0","0/0"
"chr7:27239319_TGCAGCGGCAGCCGCGGCA/T_HOXA13","0/0","0/0","0/0","0/0","0/0","0/0","0/0","0/0","0/0","0/0","0/0","0/0","0/0","0/0","0/0","0/0","0/0","0/0","0/0","0/0","0/0","0/0","0/0","0/0","0/0","0/0","0/0","0/0","0/0","0/0","0/0","0/0","0/0","0/0","0/0","0/0","0/0","0/0","0/0","0/0","0/0","0/0","0/0","0/0","0/0","0/0","0/0","0/0","0/0","0/0","0/0","0/0","0/0","0/0","0/0","0/0","0/0","0/0","0/0","0/0","0/0","0/0","0/0","0/0","0/0","0/0","0/0","0/0","0/0","0/0","0/0","0/0","0/0","0/0","0/0","0/0","0/0","0/0","0/0","0/0","0/0","0/0","0/0","0/0","0/0","0/0","0/0","0/0","0/0","0/0","0/0","0/0","0/0","0/0","0/0","0/1","0/0","0/0","0/0","0/0","0/0","0/0","0/0","0/1","0/1","0/0","0/0","0/0","0/0","0/0","0/0","0/0","0/0","0/0","0/0","0/0","0/0","0/0","0/0","0/0","0/0","0/0","0/0","0/0","0/0","0/0","0/0","0/0","0/0","0/0","0/0","0/0","0/0","0/0","0/0","0/0","0/0","0/0","0/0","0/0","0/0","0/0","0/0","0/0","0/0","0/0","0/0","0/0","0/0","0/0","0/0","0/0","0/0"
"chr7:27565937_CAAG/C_HIBADH","0/0","0/0","0/0","0/0","0/0","0/0","0/0","0/0","0/0","0/0","0/0","0/0","0/0","0/0","0/0","0/0","0/0","0/0","0/0","0/0","0/0","0/0","0/0","0/0","0/0","0/0","0/0","0/0","0/0","0/0","0/0","0/0","0/0","0/0","0/0","0/0","0/0","0/0","0/0","0/0","0/0","0/0","0/0","0/0","0/0","0/0","0/0","0/0","0/0","0/0","0/0","0/0","0/0","0/0","0/0","0/0","0/0","0/0","0/0","0/0","0/0","0/0","0/0","0/0","0/0","0/0","0/0","0/0","0/1","0/0","0/0","0/0","0/0","0/0","0/0","0/0","0/0","0/0","0/0","0/0","0/0","0/0","0/0","0/0","0/0","0/0","0/0","0/0","0/0","0/0","0/0","0/0","0/0","0/0","0/0","0/0","0/0","0/0","0/0","0/0","0/0","0/0","0/0","0/0","0/0","0/0","0/0","0/0","0/0","0/0","0/0","0/0","0/0","0/0","0/0","0/0","0/0","0/0","0/0","0/0","0/0","0/0","0/0","0/0","0/0","0/0","0/0","0/0","0/0","0/0","0/0","0/0","0/0","0/0","0/0","0/0","0/0","0/0","0/0","0/0","0/0","0/0","0/0","0/0","0/0","0/0","0/0","0/0","0/0","0/0","0/0","0/0","0/0"
"chr7:28997596_G/GC_TRIL","1/1","1/1","1/1","1/1","1/1","1/1","1/1","1/1","1/1","1/1","1/1","1/1","1/1","1/1","1/1","1/1","1/1","1/1","1/1","1/1","1/1","1/1","1/1","1/1","1/1","1/1","1/1","1/1","1/1","1/1","1/1","1/1","1/1","1/1","1/1","1/1","1/1","1/1","1/1","1/1","1/1","1/1","1/1","1/1","1/1","1/1","1/1","1/1","1/1","1/1","1/1","1/1","1/1","1/1","1/1","1/1","1/1","1/1","1/1","1/1","1/1","1/1","1/1","1/1","1/1","1/1","1/1","1/1","1/1","1/1","1/1","1/1","1/1","1/1","1/1","1/1","1/1","1/1","1/1","1/1","1/1","1/1","1/1","1/1","1/1","1/1","1/1","1/1","1/1","1/1","1/1","1/1","1/1","1/1","1/1","1/1","1/1","1/1","1/1","1/1","1/1","1/1","1/1","1/1","1/1","1/1","1/1","1/1","1/1","1/1","1/1","1/1","1/1","1/1","1/1","1/1","1/1","1/1","1/1","1/1","1/1","1/1","1/1","1/1","1/1","1/1","1/1","1/1","1/1","1/1","1/1","1/1","1/1","1/1","1/1","1/1","1/1","1/1","1/1","1/1","1/1","1/1","1/1","1/1","1/1","1/1","1/1","1/1","1/1","1/1","1/1","1/1","1/1"
"chr7:29070261_CT/C_CPVL","0/0","0/0","0/0","0/0","0/0","0/0","0/0","0/0","0/0","0/0","0/0","0/0","0/0","0/0","0/0","0/0","0/0","0/0","0/0","0/0","0/0","0/0","0/0","0/0","0/0","0/0","0/0","0/0","0/0","0/0","0/0","0/0","0/0","0/0","0/0","0/0","0/1","0/0","0/0","0/0","0/0","0/0","0/0","0/0","0/0","0/0","0/0","0/0","0/0","0/0","0/0","0/0","0/0","0/0","0/0","0/0","0/0","0/0","0/0","0/0","0/0","0/0","0/0","0/0","0/0","0/0","0/0","0/0","0/0","0/0","0/0","0/0","0/0","0/0","0/0","0/0","0/0","0/0","0/0","0/0","0/0","0/0","0/0","0/0","0/0","0/0","0/0","0/0","0/0","0/0","0/0","0/0","0/0","0/0","0/0","0/0","0/0","0/0","0/0","0/0","0/0","0/0","0/0","0/0","0/0","0/0","0/0","0/0","0/0","0/0","0/0","0/0","0/0","0/0","0/0","0/0","0/0","0/2","0/0","0/0","0/0","0/0","0/0","0/0","0/0","0/0","0/0","0/0","0/0","0/0","0/0","0/0","0/0","0/0","0/0","0/0","0/0","0/0","0/0","0/0","0/0","0/0","0/0","0/0","0/0","0/0","0/0","0/0","0/0","0/0","0/0","0/0","0/0"
"chr7:30739626_TG/T_CRHR2","0/0","0/0","0/0","0/0","0/0","0/0","0/0","0/0","0/0","0/0","0/0","0/0","0/0","0/0","0/0","0/0","0/0","0/0","0/0","0/0","0/0","0/0","0/0","0/0","0/0","0/0","0/1","0/0","0/0","0/0","0/0","0/0","0/0","0/0","0/0","0/0","0/0","0/0","0/0","0/0","0/0","0/0","0/0","0/0","0/0","0/0","0/0","0/0","0/0","0/0","0/0","0/0","0/0","0/0","0/0","0/0","0/0","0/0","0/0","0/0","0/0","0/0","0/0","0/0","0/0","0/0","0/0","0/0","0/0","0/0","0/0","0/0","0/0","0/0","0/0","0/0","0/0","0/0","0/0","0/0","0/0","0/0","0/0","0/0","0/0","0/0","0/0","0/0","0/0","0/0","0/0","0/0","0/0","0/0","0/0","0/0","0/0","0/0","0/0","0/0","0/0","0/0","0/0","0/0","0/0","0/0","0/0","0/0","0/0","0/0","0/0","0/0","0/0","0/0","0/0","0/0","0/0","0/0","0/0","0/0","0/0","0/0","0/0","0/0","0/0","0/0","0/0","0/0","0/0","0/0","0/0","0/0","0/0","0/0","0/0","0/0","0/0","0/0","0/0","0/0","0/0","0/0","0/0","0/0","0/0","0/0","0/0","0/0","0/0","0/0","0/0","0/0","0/0"
"chr7:31697913_C/CT_CCDC129","0/1","0/0","0/1","0/0","0/0","0/1","1/1","1/1","1/1","0/1","1/1","0/1","1/1","1/1","0/1","0/1","0/0","0/0","0/1","0/0","0/1","0/1","0/0","0/1","1/1","1/1","0/1","1/1","1/1","0/1","1/1","0/1","0/1","0/1","0/1","0/1","0/0","0/1","0/0","1/1","0/1","0/0","0/1","0/1","0/0","0/1","1/1","1/1","0/0","0/1","0/0","0/1","0/1","0/1","0/1","0/1","0/1","1/1","0/1","0/1","0/0","1/1","0/1","0/0","0/0","0/0","0/1","0/0","0/0","1/1","0/0","1/1","0/1","0/0","0/1","1/1","0/0","0/1","0/1","0/1","0/1","1/1","0/0","0/0","0/0","1/1","1/1","0/1","0/0","0/1","0/1","0/0","0/0","0/1","0/1","0/1","0/1","0/0","1/1","1/1","1/1","1/1","1/1","0/0","0/0","0/1","0/1","0/0","0/0","1/1","0/0","0/0","0/0","1/1","0/1","0/1","0/1","0/1","1/1","0/1","0/1","0/1","0/1","0/1","1/1","0/0","0/1","1/1","0/0","0/0","0/0","1/1","1/1","1/1","1/1","0/1","0/1","1/1","0/0","0/0","0/0",".","1/1","1/1","1/1","1/1","0/1","0/1","0/0","1/1","1/1","1/1","0/1"
"chr7:32535358_CG/C_AVL9","0/0","0/0","0/0","0/0","0/0","0/0","0/0","0/0","0/0","0/0","0/0","0/0","0/0","0/0","0/0","0/0","0/0","0/0","0/0","0/0","0/0","0/0","0/0","0/0","0/0","0/0","0/0","0/0","0/0","0/0","0/0","0/0","0/0","0/0","0/0","0/0","0/1","0/0","0/0","0/0","0/0","0/0","0/0","0/0","0/0","0/0","0/0","0/0","0/0","0/0","0/0","0/0","0/0","0/0","0/0","0/0","0/0","0/0","0/0","0/0","0/0","0/0","0/0","0/0","0/0","0/0","0/0","0/0","0/0","0/0","0/0","0/0","0/0","0/0","0/0","0/0","0/0","0/0","0/0","0/0","0/0","0/0","0/0","0/0","0/0","0/0","0/0","0/0","0/0","0/0","0/0","0/0","0/0","0/0","0/0","0/0","0/0","0/0","0/0","0/0","0/0","0/0","0/0","0/0","0/0","0/0","0/0","0/0","0/0","0/0","0/0","0/0","0/0","0/0","0/0","0/0","0/0","0/0","0/0","0/0","0/0","0/0","0/0","0/0","0/0","0/0","0/0","0/0","0/0","0/0","0/0","0/0","0/0","0/0","0/0","0/0","0/0","0/0","0/0","0/0","0/0","0/0","0/0","0/0","0/0","0/0","0/0","0/0","0/0","0/0","0/0","0/0","0/0"
"chr7:36447349_A/ACTT_ANLN","0/1","0/1","0/1","0/1","0/1","0/1","1/1","1/1","1/1","0/1","0/1","0/1","0/1","1/1","0/1","0/0","0/1","1/1","0/1","0/0","0/1","0/0","1/1","0/1","0/1","1/1","1/1","0/1","0/1","0/1","1/1","0/0","0/1","0/1","0/1","0/0","0/1","1/1","0/0","0/1","1/1","0/1","0/0","0/1","0/1","0/1","0/1","0/1","0/1","1/1","0/1","0/0","0/1","1/1","0/1","0/1","0/1","0/1","1/1","0/1","0/1","0/1","0/1","0/0","0/0","0/1","0/0","0/1","0/1","0/0","0/1","1/1","1/1","1/1","1/1","0/1","0/1","1/1","1/1","0/1","0/1","1/1","0/1","1/1","1/1","1/1","1/1","0/1","0/1","0/1","1/1","0/1","0/1","0/1","0/1","1/1","0/1","0/0","0/1","0/1","0/1","1/1","0/1","0/1","0/1","0/1","0/1","1/1","1/1","1/1","0/1","0/1","0/1","0/1","1/1","0/1","0/1","1/1","1/1","1/1","1/1","1/1","0/1","1/1","1/1","1/1","0/1","0/1","0/1","0/1","0/1","0/1","0/1","0/0","0/1","0/1","0/0","0/0","0/1","0/1","0/1","0/1","0/1","1/1","1/1","1/1","1/1","1/1","1/1","1/1","1/1","1/1","1/1"
"chr7:36458998_AAGC/A_ANLN","0/0","0/0","0/0","0/0","0/0","0/0","0/0","0/0","0/0","0/0","0/0","0/0","0/0","0/0","0/0","0/0","0/0","0/0","0/0","0/0","0/0","0/0","0/0","0/0","0/0","0/0","0/0","0/0","0/0","0/0","0/0","0/0","0/0","0/0","0/0","0/0","0/0","0/0","0/0","0/0","0/0","0/0","0/0","0/0","0/0","0/0","0/0","0/0","0/0","0/0","0/0","0/0","0/0","0/0","0/0","0/0","0/0","0/0","0/0","0/0","0/0","0/0","0/0","0/0","0/0","0/0","0/0","0/0","0/0","0/0","0/0","0/0","0/0","0/0","0/0","0/0","0/0","0/0","0/0","0/0","0/0","0/0","0/0","0/0","0/0","0/0","0/0","0/0","0/0","0/0","0/0","0/0","0/0","0/0","0/0","0/0","0/0","0/0","0/0","0/0","0/0","0/0","0/0","0/0","0/0","0/0","0/0","0/0","0/0","0/0","0/0","0/0","0/0","0/0","0/0","0/0","0/0","0/0","0/0","0/0","0/0","0/0","0/0","0/0","0/0","0/0","0/0","0/0","0/0","0/0","0/0","0/0","0/0","0/0","0/0","0/0","0/0","0/0","0/0","0/0","0/0","0/0","0/0","0/0","0/0","0/0","0/0","0/0","0/0","0/1","0/1","0/1","0/1"
"chr7:36552729_A/AT_AOAH","1/1","1/1","1/1","1/1","1/1","1/1","1/1","1/1","1/1","1/1","1/1","1/1","1/1","1/1","1/1","1/1","1/1","1/1","1/1","1/1","1/1","1/1","1/1","1/1","1/1","1/1","1/1","1/1","1/1","1/1","1/1","1/1","1/1","1/1","1/1","1/1","1/1","1/1","1/1","1/1","1/1","1/1","1/1","1/1","1/1","1/1","1/1","1/1","1/1","1/1","1/1","1/1","1/1","1/1","1/1","1/1","1/1","1/1","1/1","1/1","1/1","1/1","1/1","1/1","1/1","1/1","1/1","1/1","1/1","1/1","1/1","1/1","1/1","1/1","1/1","1/1","1/1","1/1","1/1","1/1","1/1","1/1","1/1","1/1","1/1","1/1","1/1","1/1","1/1","1/1","1/1","1/1","1/1","1/1","1/1","1/1","1/1","1/1","1/1","1/1","1/1","1/1","1/1","1/1","1/1","1/1","1/1","1/1","1/1","1/1","1/1","1/1","1/1","1/1","1/1","1/1","1/1","1/1","1/1","1/1","1/1","1/1","1/1","1/1","1/1","1/1","1/1","1/1","1/1","1/1","1/1","1/1","1/1","1/1","1/1","1/1","1/1","1/1","1/1","1/1","1/1","1/1","1/1","1/1","1/1","1/1","1/1","1/1","1/1","1/1","1/1","1/1","1/1"
"chr7:36552790_G/GT_AOAH","1/1","1/1","1/1","1/1","1/1","1/1","1/1","1/1","1/1","1/1","1/1","1/1","1/1","1/1","1/1","1/1","1/1","1/1","1/1","1/1","1/1","1/1","1/1","1/1","1/1","1/1","1/1","1/1","1/1","1/1","1/1","1/1","1/1","1/1","1/1","1/1","1/1","1/1","1/1","1/1","1/1","1/1","1/1","1/1","1/1","1/1","1/1","1/1","1/1","1/1","1/1","1/1","1/1","1/1","1/1","1/1","1/1","1/1","1/1","1/1","1/1","1/1","1/1","1/1","1/1","1/1","1/1","1/1","1/1","1/1","1/1","1/1","1/1","1/1","1/1","1/1","1/1","1/1","1/1","1/1","1/1","1/1","1/1","1/1","1/1","1/1","1/1","1/1","1/1","1/1","1/1","1/1","1/1","1/1","1/1","1/1","1/1","1/1","1/1","1/1","1/1","1/1","1/1","1/1","1/1","1/1","1/1","1/1","1/1","1/1","1/1","1/1","1/1","1/1","1/1","1/1","1/1","1/1","1/1","1/1","1/1","1/1","1/1","1/1","1/1","1/1","1/1","1/1","1/1","1/1","1/1","1/1","1/1","1/1","1/1","1/1","1/1","1/1","1/1","1/1","1/1","1/1","1/1","1/1","1/1","1/1","1/1","1/1","1/1","1/1","1/1","1/1","1/1"
"chr7:36554195_CT/C_AOAH","0/0","0/0","0/0","0/0","0/0","0/0","0/0","0/0","0/0","0/0","0/0","0/0","0/0","0/0","0/0","0/0","0/0","0/0","0/0","0/0","0/0","0/0","0/1","0/0","0/0","0/0","0/0","0/0","0/0","0/0","0/0","0/0","0/0","0/0","0/0","0/0","0/0","0/0","0/0","0/0","0/0","0/0","0/0","0/0","0/0","0/0","0/0","0/0","0/0","0/0","0/0","0/0","0/0","0/0","0/0","0/0","0/0","0/0","0/0","0/0","0/0","0/0","0/0","0/0","0/0","0/0","0/0","0/0","0/0","0/0","0/0","0/0","0/0","0/0","0/0","0/0","0/0","0/0","0/0","0/0","0/0","0/0","0/0","0/0","0/0","0/0","0/0","0/0","0/0","0/0","0/0","0/0","0/0","0/0","0/0","0/0","0/0","0/0","0/0","0/0","0/0","0/0","0/0","0/0","0/0","0/0","0/0","0/0","0/0","0/0","0/0","0/0","0/0","0/0","0/0","0/0","0/0","0/0","0/0","0/0","0/0","0/0","0/0","0/0","0/0","0/0","0/0","0/0","0/0","0/0","0/0","0/0","0/0","0/0","0/0","0/0","0/0","0/0","0/0","0/0","0/0","0/0","0/0","0/0","0/0","0/0","0/0","0/0","0/0","0/0","0/0","0/0","0/0"
"chr7:40220553_CA/C_SUGCT","0/0","0/0","0/0","0/0","0/0","0/0","0/0","0/0","0/0","0/0","0/0","0/0","0/0","0/0","0/0","0/0","0/0","0/0","0/0","0/0","0/0","0/0","0/0","0/0","0/0","0/0","0/0","0/0","0/0","0/0","0/0","0/0","0/0","0/0","0/0","0/0","0/0","0/0","0/0","0/0","0/0","0/0","0/0","0/1","0/0","0/0","0/0","0/0","0/0","0/0","0/0","0/0","0/0","0/0","0/0","0/0","0/0","0/0","0/0","0/0","0/0","0/0","0/0","0/0","0/0","0/0","0/0","0/0","0/0","0/0","0/0","0/0","0/0","0/0","0/0","0/0","0/0","0/0","0/0","0/0","0/0","0/0","0/0","0/0","0/0","0/0","0/0","0/0","0/0","0/0","0/0","0/0","0/0","0/0","0/0","0/0","0/0","0/0","0/0","0/0","0/0","0/0","0/0","0/0","0/0","0/0","0/0","0/0","0/0","0/0","0/0","0/0","0/0","0/0","0/0","0/0","0/0","0/0","0/0","0/0","0/0","0/0","0/0","0/0","0/0","0/0","0/0","0/0","0/0","0/0","0/0","0/0","0/0","0/0","0/0","0/0","0/0","0/0","0/0","0/0","0/0","0/0","0/0","0/0","0/0","0/0","0/0","0/0","0/0","0/0","0/0","0/0","0/0"
"chr7:45123782_ACAAGCGTGGCTGCAGCCACAGGCTTTGGGGCTGACGAGAGTTCTGTGTCTTGTAGGGGCAGAGGCGGTGTCATAACG/A_NACAD","0/0","0/0","0/0","0/0","0/0","0/0","0/0",".","0/0",".","0/0","0/0","0/0","0/0","0/0","0/0","0/0","0/0","0/0","0/0",".","0/0","0/0","0/0","0/0",".","0/0",".","0/0",".","0/0","0/0","0/0",".","0/0","0/0","0/0","0/0","0/0","0/0","0/0","0/0","0/0","0/0","0/0","0/0",".","0/0","0/0",".","0/0","0/0","0/0","0/0","0/0","0/0",".","0/0","0/0",".","0/0","0/0",".","0/0",".",".","0/0","0/0","0/0","0/0","0/0","0/0","0/0","0/0","0/0","0/0",".","0/0","0/0","0/0","0/0","0/0",".","0/0","0/0","0/0","0/0",".","0/0","0/0","1/1","0/0","0/0","0/0","0/0","0/0","0/0","0/0","0/0","0/0","0/0","0/0",".",".",".","0/0",".",".","0/0",".","0/0","0/0","0/0","0/0","0/0",".","0/0",".","0/0",".","0/0","0/0",".",".","0/0","0/0","0/0",".","0/0","0/0","0/0","0/0","0/0","0/0","0/0","0/0","0/0","0/0",".","0/0",".","0/0","0/0","0/0","0/0","0/0","0/0","0/0","0/0","0/0","0/0","0/0","0/0"
"chr7:47317705_TTTGATACGAAG/T_TNS3","0/0","0/0","0/0","0/0","0/0","0/0","0/0","0/0","0/0","0/0","0/0","0/0","0/0","0/0","0/0","0/0","0/0","0/0","0/0","0/0","0/0","0/0","0/0","0/0","0/0","0/0","0/0","0/0","0/0","0/0","0/0","0/0","0/0","0/0","0/0","0/0","0/0","0/0","0/0","0/0","0/0","0/0","0/0","0/0","0/0","0/0","0/0","0/0","0/0","0/0","0/0","0/0","0/0","0/0","0/0","0/0","0/0","0/0","0/0","0/0","0/0","0/1","0/0","0/0","0/0","0/0","0/0","0/0","0/0","0/0","0/0","0/0","0/0","0/0","0/0","0/0","0/0","0/0","0/0","0/0","0/0","0/0","0/0","0/0","0/0","0/0","0/0","0/0","0/0","0/0","0/0","0/0","0/0","0/0","0/0","0/0","0/0","0/0","0/0","0/0","0/0","0/0","0/0","0/0","0/0","0/0","0/0","0/0","0/0","0/0","0/0","0/0","0/0","0/0","0/0","0/0","0/0","0/0","0/0","0/0","0/0","0/0","0/0","0/0","0/0","0/0","0/0","0/0","0/0","0/0","0/0","0/0","0/0","0/0","0/0","0/0","0/0","0/0","0/0","0/0","0/0","0/0","0/0","0/0","0/0","0/0","0/0","0/0","0/0","0/0","0/0","0/0","0/0"
"chr7:48318518_T/TA_ABCA13","0/0","0/0","0/0","0/0","0/0","0/0","0/0","0/0","0/0","0/0","0/0","0/0","0/0","0/0","0/0","0/0","0/0","0/0","0/0","0/0","0/0","0/0","0/0","0/0","0/0","0/0","0/0","0/0","0/0","0/0","0/0","0/1","0/0","0/0","0/0","0/0","0/0","0/0","0/0","0/0","0/0","0/0","0/0","0/0","0/0","0/0","0/0","0/0","0/0","0/0","0/0","0/0","0/0","0/0","0/0","0/0","0/0","0/0","0/0","0/0","0/0","0/0","0/0","0/0","0/0","0/0","0/0","0/0","0/0","0/0","0/0","0/0","0/0","0/0","0/0","0/0","0/0","0/0","0/0","0/0","0/0","0/0","0/0","0/0","0/0","0/0","0/0","0/0","0/0","0/0","0/0","0/0","0/0","0/0","0/0","0/0","0/0","0/0","0/0","0/0","0/0","0/0","0/0","0/0","0/0","0/0","0/0","0/0","0/0","0/0","0/0","0/0","0/0","0/0","0/0","0/0","0/0","0/0","0/0","0/0","0/0","0/0","0/0","0/0","0/0","0/0","0/0","0/0","0/0","0/0","0/0","0/0","0/0","0/0","0/0","0/0","0/0","0/0","0/0","0/0","0/0","0/0","0/0","0/0","0/0","0/0","0/0","0/0","0/0","0/0","0/0","0/0","0/0"
"chr7:51098567_GTCT/G_COBL","0/0","0/0","0/0","0/1","1/1","1/1","0/1","0/1","0/1","0/1","0/1","1/1","1/1","1/1","1/1","1/1","0/0","0/0","0/0","0/1","0/1","1/1","1/1","0/0","0/0","1/1","0/1","0/0","0/1","0/0","0/1","0/1","0/0","1/1","0/0","0/1","0/1","0/1","0/0","0/0","0/0","0/0","0/1","0/1","0/0","1/1","0/1","0/1","0/1","0/1","0/1","0/0","1/1","0/0","0/0","1/1","0/1","1/1","0/1","0/1","0/1","0/0","0/1","1/1","1/1","0/0","1/1","0/1","0/1","1/1","0/0","0/0","0/0","0/1","0/1","1/1","1/1","0/1","0/1","0/1","0/1","0/0","0/1","1/1","1/1","1/1","1/1","0/0","0/0","0/0","0/1","0/1","0/1","0/0","0/0","0/1","0/0","1/1","1/1","1/1","0/1","0/1","0/1","0/1","0/1","0/1","0/1","0/1","0/1","0/1","0/1","0/1","0/1","0/1","0/0","0/1","0/1","0/0","0/1","0/0","0/1","0/1","0/1","0/0","0/0","0/0","0/1","0/1","0/1","0/1","0/1","0/1","0/1","0/1","0/1","0/1","0/1","0/1","0/1","0/1","0/1","0/1","0/1","0/0","0/0","0/0","0/1","0/1","0/1","0/0","0/0","0/0","0/0"
"chr7:51150840_GTA/G_COBL","0/0","0/0","0/0","0/0","0/0","0/0","0/0","0/0","0/0","0/0","0/0","0/0","0/0","0/0","0/0","0/0","0/0","0/0","0/0","0/0","0/0","0/0","0/0","0/0","0/0","0/0","0/0","0/0","0/0","0/0","0/0","0/0","0/0","0/0","0/0","0/0","0/0","0/0","0/0","0/0","0/0","0/0","0/0","0/0","0/0","0/0","0/0","0/0","0/0","0/0","0/0","0/0","0/0","0/0","0/0","0/0","0/0","0/0","0/0","0/0","0/0","0/0","0/0","0/0","0/0","0/0","0/0","0/0","0/0","0/0","0/0","0/0","0/0","0/0","0/0","0/0","0/0","0/0","0/0","0/0","0/0","0/0","0/0","0/0","0/0","0/0","0/0","0/0","0/0","0/0","0/0","0/0","0/0","0/0","0/0","0/0","0/0","0/0","0/0","0/0","0/0","0/0","0/0","0/0","0/0","0/0","0/0","0/0","0/0","0/0","0/0","0/0","0/0","0/0","0/0","0/0","0/0","0/0","0/0","0/0","0/0","0/0","0/0","0/0","0/0","0/0","0/0","0/0","0/0","0/0","0/1","0/0","0/0","0/0","0/0","0/0","0/0","0/0","0/0","0/0","0/0","0/0","0/0","0/0","0/0","0/0","0/0","0/0","0/0","0/0","0/0","0/0","0/0"
"chr7:53103727_A/AG_POM121L12","0/0","0/0","0/0","0/0","0/0","0/0","0/0","0/0","0/0","0/0","0/0","0/0","0/0","0/0","0/0","0/0","0/0","0/0","0/0","0/0","0/0","0/0","0/0","0/0","0/0","0/0","0/0","0/0","0/0","0/0","0/0","0/0","0/0","0/0","0/0","0/0","0/0","0/0","0/0","0/0","0/0","0/0","0/0","0/0","0/0","0/0","0/0","0/0","0/0","0/0","0/0","0/0","0/0","0/0","0/0","0/0","0/0","0/0","0/0","0/0","0/0","0/0","0/0","0/0","0/0","0/0","0/0","0/0","0/0","0/0","0/0","0/1","0/1","0/0","0/0","0/0","0/0","0/0","0/0","0/0","0/0","0/0","0/0","0/0","0/0","0/0","0/0","0/0","0/0","0/0","0/0","0/0","0/0","0/0","0/0","0/0","0/0","0/0","0/0","0/0","0/0","0/0","0/0","0/0","0/0","0/0","0/0","0/0","0/0","0/0","0/0","0/0","0/0","0/1","0/0","0/0","0/0","0/0","0/0","0/0","0/0","0/0","0/0","0/0","0/0","0/0","0/1","0/1","0/0","0/0","0/0","0/0","0/0","0/0","0/0","0/0","0/0","0/0","0/0","0/0","0/0","0/0","0/0","0/0","0/0","0/0","0/0","0/0","0/0","0/0","0/0","0/0","0/0"
"chr7:64169017_G/GA_ZNF107","0/0","0/0","0/0","0/0","0/0","0/0","0/0","0/0","0/0","0/0","1/1","0/0","0/1","0/1","0/1","0/1","0/1","0/0","0/0","0/0","0/1","0/0","0/1","0/0","0/0","0/0","0/1","0/0","0/1","0/0","0/0","0/0","0/0","0/0","0/0","0/0","0/0","0/0","0/0","0/0","0/0","0/0","0/1","0/1","0/0","0/1","0/1","0/0","0/0","0/0","0/0","0/0","0/0","0/0","0/0","0/0","0/0","0/1","1/1","0/0","0/0","1/1","0/0","0/1","0/1","0/0","0/0","0/0","0/0","0/0","0/0","0/1","0/1","0/1","0/1","0/0","0/0","0/1","0/1","0/0","0/0","0/0","0/0","0/1","0/1","0/0","0/0","0/1","0/0","0/0","0/1","0/0","0/0","0/0","0/0","0/1","0/1","0/0","0/0","0/0","0/1","0/1","0/1","0/0","0/0","0/1","0/1","0/0","0/0","0/1","0/0","0/0","0/0","1/1","0/1","0/0","0/0","0/1","0/0","0/1","0/0","0/0","0/0","0/1","0/1","0/1","1/1","1/1","0/1","0/1","0/1","0/1","0/1","0/0","0/1","0/1","0/0","0/0","0/0","0/0","0/0","0/1","0/1","0/0","0/0","0/0","0/0","0/0","0/0","0/1","0/1","0/1","0/1"
"chr7:65419353_TTTA/TTTATTA_VKORC1L1","0/0","0/0","0/0","1/2","1/1","1/1","0/0","0/0","0/0","0/0","0/1","0/1","0/0","0/1","0/0","0/0","0/0","1/1","0/0","0/0","0/0","0/1","0/0","0/1","0/0","0/0","0/1","1/1","0/0","0/1","0/1","0/0","1/1","0/1","0/1","1/1","0/1","0/0","0/0","0/0","0/0","0/1","0/0","0/1","0/0","0/0","0/1","0/1","0/1","0/2","0/0","0/1","0/0","0/0","0/1","0/1","0/0","0/0","0/1","0/1","0/0","0/0","0/0","0/1","0/1","0/1","0/1","0/0","0/0","0/1","0/1","0/0","0/0","0/1","0/1","0/0","0/0","0/0","0/0","0/0","0/0","1/1","0/0","0/0","0/0","0/1","0/1","0/1","0/0","0/0","0/0","1/1","1/1","0/1","0/1","0/0","0/1","0/1","0/1","0/1","0/3","0/1","0/0","0/1","0/1","0/0","0/0","0/1","0/1","0/1","1/2","0/1","0/1","0/3","0/1","0/1","0/1","0/1","0/0","0/1","0/0","0/0","0/1","0/1","0/1","0/1","0/0","0/0","0/1","0/1","0/1","0/1","0/0","0/2","0/0","0/0","0/2","0/2","0/1","0/1","0/1","0/1","0/1","0/1","0/1","0/1","0/1","0/1","0/1","0/1","0/1","0/1","0/1"
"chr7:65419354_T/TTATTAG_VKORC1L1","0/0","0/0","0/0","0/0","0/0",".","0/0","0/0","0/0","0/0",".","0/0","0/0","0/0","0/0","0/0","0/0","0/0","0/0","0/0","0/0","0/2","0/0","0/0","0/0","0/0","0/0",".","0/0","0/0","0/0","0/0",".","0/0","0/0",".","0/0","0/0","0/0","0/0","0/0","0/2","0/0",".","0/0","0/0","0/0","0/0","0/0","0/0","0/0",".","0/0","0/0","0/0","0/0","0/0","0/0","0/0","0/0","0/0","0/0","0/0","0/0","0/0",".","0/0","0/0","0/0","0/0",".","0/0","0/0","0/0","0/0","0/0","0/0","0/0","0/0","0/0","0/0",".","0/0","0/0","0/0","0/1","0/0","0/0","0/0","0/0","0/0",".",".","0/0","0/0","0/0","0/2","0/0","0/0","0/0","0/2","0/0","0/0","0/0","0/0","0/0","0/0","0/0","0/0","0/2",".","0/0","0/0","0/2","0/0","0/0","0/2","0/0","0/0","0/0","0/0","0/0","0/2","0/0","0/0","0/0","0/0","0/0","0/0","0/0","0/0","0/0","0/0","0/0","0/0","0/0","0/0","0/0","0/2","0/0","0/0","0/0","0/0","0/0","0/0","0/0","0/0","0/0","0/0","0/0","0/0","0/0","0/0"
"chr7:69064924_CTT/C_AUTS2","0/0","0/0","0/0","0/0","0/0","0/0","0/0","0/0","0/0","0/0","0/0","0/0","0/0","0/0","0/0","0/0","0/0","0/0","0/0","0/0","0/0","0/0","0/0","0/0","0/0","0/0","0/0","0/0","0/0","0/0","0/0","0/0","0/0","0/0","0/0","0/0","0/0","0/0","0/0","0/0","0/0","0/0","0/0","0/0","0/0","0/0","0/0","0/0","0/0","0/0","0/0","0/0","0/0","0/0","0/0","0/0","0/0","0/0","0/0","0/0","0/0","0/0","0/0","0/0","0/0","0/0","0/0","0/0","0/0","0/0","0/0","0/0","0/0","0/0","0/0","0/0","0/0","0/0","0/0","0/0","0/0","0/0","0/0","0/0","0/0","0/1","0/0","0/0","0/0","0/0","0/0","0/0","0/0","0/0","0/0","0/0","0/0","0/0","0/0","0/0","0/0","0/0","0/0","0/0","0/0","0/0","0/0","0/0","0/0","0/0","0/0","0/0","0/0","0/0","0/0","0/0","0/0","0/0","0/0","0/0","0/0","0/0","0/0","0/0","0/0","0/0","0/0","0/0","0/0","0/0","0/0","0/0","0/0","0/0","0/0","0/0","0/0","0/0","0/0","0/0","0/0","0/0","0/0","0/0","0/0","0/0","0/0","0/0","0/0","0/0","0/0","0/0","0/0"
"chr7:70255576_GCCA/GCCACCACCA_AUTS2","0/0","0/0","0/0","0/0","0/0","0/0","0/1","0/1","0/1","0/0","0/0","0/0","0/0","0/1","0/0","0/0","0/0","0/0","0/0","0/0","0/0","0/0","0/0","0/0","0/0","0/0","0/0","0/0","0/0","0/1","0/0","0/0","0/0","0/1","0/0","0/0","0/0","0/0","0/0","0/0","0/0","0/0","0/0","0/1","0/0","0/0","0/0","0/1","0/0","0/1","0/1","0/0","0/0","0/0","0/0","0/0","0/0","0/0","0/0","0/1","0/0","0/0","0/0","0/1","0/1","0/1","0/0","0/0","0/0","0/0","0/1","0/0","0/0","0/0","0/0","0/0","0/0","0/0","0/0","0/0","0/0","0/0","0/1","0/0","0/0","0/1","0/1","0/0","0/0","0/0","0/0","0/0","0/0","0/0","0/0","0/0","0/0","0/0","0/0","0/0","0/0","0/2","0/0","0/0","0/0","0/0","0/0","0/0","0/0","0/2","0/0","0/0","0/0","0/0","0/0","0/0","0/0","0/0","0/0","0/0","0/0","0/0","0/0","0/0","0/0","0/0","0/0","0/0","0/0","0/0","0/0","0/0","0/0","0/0","0/0","0/0","0/0","0/0","0/1","0/1","0/1","0/0","0/0","0/0","0/0","0/0","0/0","0/0","0/0","0/0","0/0","0/0","0/0"
"chr7:72722448_GCTT/G_NSUN5","0/0","0/0","0/0","0/0","0/0","0/0","0/0","0/0","0/0","0/0","0/0","0/0","0/0","0/0","0/0","0/0","0/0","0/0","0/0","0/0","0/0","0/0","0/0","0/0","0/0","0/0","0/0","0/0","0/0","0/0","0/0","0/0","0/0","0/0","0/0","0/0","0/0","0/0","0/0","0/0","0/0","0/0","0/0","0/0","0/0","0/0","0/0","0/0","0/0","0/0","0/0","0/0","0/0","0/0","0/0","0/0","0/0","0/0","0/0","0/0","0/0","0/0","0/0","0/0","0/0","0/0","0/0","0/0","0/0","0/0","0/0","0/0","0/0","0/0","0/0","0/0","0/0","0/0","0/0","0/0","0/0","0/0","0/0","0/0","0/0","0/0","0/0","0/0","0/0","0/0","0/0","0/0","0/0","0/0","0/0","0/0","0/0","0/0","0/0","0/0","0/0","0/0","0/0","0/0","0/0","0/0","0/0","0/0","0/0","0/0","0/0","0/0","0/0","0/0","0/0","0/0","0/0","0/1","0/0","0/1","0/0","0/0","0/0","0/1","0/0","0/0","0/0","0/0","0/0","0/0","0/0","0/0","0/0","0/0","0/0","0/0","0/0","0/0","0/0","0/0","0/0","0/0","0/0","0/0","0/0","0/0","0/0","0/0","0/0","0/0","0/0","0/0","0/0"
"chr7:72984917_CGTT/C_TBL2","0/1","0/1","0/1","0/0","0/0","0/0","0/0","0/0","0/0","0/0","0/0","0/0","0/0","0/0","0/0","0/0","0/0","0/0","0/0","0/0","0/0","0/0","0/0","0/0","0/0","0/0","0/0","0/0","0/0","0/0","0/0","0/0","0/0","0/0","0/0","0/0","0/0","0/0","0/0","0/0","0/1","0/0","0/0","0/0","0/0","0/0","0/0","0/0","0/0","0/0","0/0","0/0","0/0","0/0","0/0","0/0","0/0","0/0","0/0","0/0","0/0","0/0","0/0","0/0","0/0","0/0","0/0","0/0","0/0","0/0","0/0","0/1","0/1","0/0","0/0","0/0","0/0","0/0","0/0","0/0","0/0","0/0","0/0","0/0","0/0","0/0","0/0","0/0","0/0","0/0","0/0","0/0","0/0","0/0","0/0","0/0","0/0","0/0","0/0","0/0","0/0","0/0","0/0","0/0","0/0","0/0","0/0","0/0","0/0","0/0","0/0","0/0","0/0","0/0","0/0","0/0","0/0","0/0","0/0","0/0","0/0","0/0","0/0","0/0","0/0","0/0","0/0","0/0","0/0","0/0","0/0","0/0","0/0","0/0","0/0","0/0","0/0","0/0","0/0","0/0","0/0","0/0","0/0","0/0","0/0","0/0","0/0","0/0","0/0","0/0","0/0","0/0","0/0"
"chr7:73183809_ACTT/A_CLDN3","0/0","0/0","0/0","0/0","0/0","0/0","0/0","0/0","0/0","0/0","0/0","0/0","0/0","0/0","0/0","0/0","0/0","0/0","0/0","0/0","0/0","0/0","0/0","0/0","0/0","0/0","0/0","0/0","0/0","0/0","0/0","0/0","0/0","0/0","0/0","0/0","0/0","0/0","0/0","0/0","0/0","0/0","0/0","0/0","0/0","0/0","0/0","0/0","0/0","0/0","0/0","0/0","0/0","0/0","0/0","0/0","0/0","0/0","0/0","0/0","0/0","0/0","0/0","0/0","0/0","0/0","0/0","0/0","0/0","0/0","0/0","0/0","0/0","0/0","0/0","0/0","0/0","0/0","0/0","0/0","0/0","0/0","0/0","0/0","0/0","0/0","0/0","0/0","0/0","0/0","0/1","0/0","0/0","0/0","0/0","0/0","0/0","0/0","0/0","0/0","0/0","0/0","0/0","0/0","0/0","0/0","0/0","0/0","0/0","0/0","0/0","0/0","0/0","0/0","0/0","0/0","0/0","0/0","0/0","0/0","0/0","0/0","0/0","0/0","0/0","0/0","0/0","0/0","0/0","0/0","0/0","0/0","0/0","0/0","0/0","0/0","0/0","0/0","0/0","0/0","0/0","0/0","0/0","0/0","0/0","0/0","0/0","0/0","0/0","0/0","0/0","0/0","0/0"
"chr7:75583461_AAAG/A_POR","0/0","0/0","0/0","0/0","0/0","0/0","0/0","0/0","0/0","0/0","0/0","0/0","0/0","0/0","0/0","0/0","0/0","0/0","0/0","0/0","0/0","0/0","0/0","0/0","0/0","0/0","0/0","0/0","0/0","0/0","0/0","0/0","0/0","0/0","0/0","0/0","0/0","0/0","0/0","0/0","0/0","0/0","0/0","0/0","0/0","0/0","0/0","0/0","0/0","0/0","0/0","0/0","0/0","0/0","0/0","0/0","0/0","0/0","0/0","0/0","0/0","0/0","0/0","0/0","0/0","0/0","0/0","0/0","0/0","0/0","0/0","0/0","0/0","0/0","0/0","0/0","0/0","0/0","0/0","0/0","0/0","0/0","0/0","0/0","0/0","0/0","0/0","0/0","0/0","0/0","0/0","0/0","0/0","0/0","0/0","0/0","0/0","0/0","0/0","0/0","0/0","0/0","0/0","0/0","0/0","0/0","0/0","0/0","0/0","0/0","0/0","0/0","0/0","0/0","0/0","0/0","0/0","0/0","0/0","0/0","0/0","0/0","0/0","0/0","0/0","0/0","0/0","0/0","0/0","0/0","0/0","0/0","0/1","0/0","0/1","0/1","0/0","0/0","0/0","0/0","0/0","0/0","0/0","0/0","0/0","0/0","0/0","0/0","0/0","0/0","0/0","0/0","0/0"
"chr7:75914934_G/GC_SRRM3","1/1","1/1","1/1","1/1","1/1","1/1","1/1","1/1","1/1","1/1","1/1","1/1","1/1","1/1","1/1","1/1","1/1","1/1","1/1","1/1",".","1/1","1/1","1/1","1/1","1/1","1/1","1/1","1/1","1/1","1/1","1/1","1/1","1/1","1/1","1/1","1/1","1/1","1/1","1/1","1/1","1/1","1/1","1/1","1/1","1/1","1/1","1/1","1/1","1/1","1/1","1/1","1/1","1/1","1/1","1/1","1/1","1/1","1/1","1/1","1/1","1/1","1/1","1/1","1/1","1/1","1/1","1/1","1/1","1/1","1/1","1/1","1/1","1/1","1/1","1/1","1/1","1/1","1/1","1/1","1/1","1/1","1/1","1/1","1/1","1/1","1/1","1/1","1/1","1/1","1/1","1/1","1/1","1/1","1/1","1/1","1/1","1/1","1/1","1/1","1/1","1/1","1/1","1/1","1/1","1/1","1/1","1/1","1/1","1/1","1/1","1/1","1/1","1/1","1/1","1/1","1/1","1/1","1/1","1/1","1/1","1/1","1/1","1/1","1/1","1/1","1/1","1/1","1/1","1/1","1/1","1/1","1/1","1/1","1/1","1/1","1/1","1/1","1/1","1/1","1/1","1/1","1/1","1/1","1/1","1/1","1/1","1/1","1/1","1/1","1/1","1/1","1/1"
"chr7:76254895_TTTC/T_POMZP3","0/0","0/0","0/0","0/0","0/0","0/0","0/0","0/0","0/0","0/0","0/0","0/0","0/0","0/0","0/0","0/1","0/0","0/0","0/0","0/0","0/0","0/0","0/0","0/0","0/0","0/0","0/0","0/0","0/0","0/0","0/0","0/0","0/0","0/0","0/0","0/0","0/0","0/0","0/0","0/0","0/0","0/0","0/0","0/0","0/0","0/0","0/0","0/0","0/0","0/0","0/0","0/0","0/0","0/0","0/0","0/0","0/0","0/0","0/0","0/0","0/0","0/0","0/0","0/0","0/0","0/0","0/0","0/0","0/0","0/0","0/0","0/0","0/0","0/0","0/0","0/0","0/0","0/0","0/0","0/0","0/0","0/0","0/0","0/0","0/0","0/0","0/0","0/0","0/0","0/0","0/0","0/0","0/0","0/0","0/0","0/0","0/0","0/1","0/0","0/0","0/0","0/0","0/0","0/0","0/0","0/0","0/0","0/0","0/0","0/0","0/0","0/0","0/0","0/0","0/0","0/0","0/0","0/0","0/0","0/0","0/0","0/0","0/0","0/0","0/0","0/0","0/0","0/0","0/0","0/0","0/0","0/0","0/0","0/0","0/0","0/0","0/0","0/0","0/0","0/0","0/0","0/0","0/0","0/0","0/0","0/0","0/0","0/0","0/0","0/0","0/0","0/0","0/0"
"chr7:76885684_GC/G_CCDC146","0/0","0/0","0/0","0/0","0/0","0/0","0/0","0/0","0/0","0/0","0/0","0/0","0/0","0/0","0/0","0/0","0/0","0/0","0/0","0/0","0/0","0/0","0/0","0/0","0/0","0/0","0/0","0/0","0/0","0/0","0/0","0/0","0/0","0/0","0/0","0/0","0/0","0/0","0/0","0/0","0/0","0/0","0/0","0/0","0/0","0/1","0/0","0/0","0/0","0/0","0/0","0/0","0/0","0/0","0/0","0/0","0/0","0/0","0/0","0/0","0/0","0/0","0/0","0/0","0/0","0/0","0/0","0/0","0/0","0/0","0/0","0/0","0/0","0/0","0/0","0/0","0/0","0/0","0/0","0/0","0/0","0/0","0/0","0/0","0/0","0/0","0/0","0/0","0/0","0/0","0/0","0/0","0/0","0/0","0/0","0/0","0/0","0/0","0/0","0/0","0/0","0/0","0/0","0/0","0/0","0/0","0/0","0/0","0/0","0/0","0/0","0/0","0/0","0/0","0/0","0/0","0/0","0/0","0/0","0/0","0/0","0/0","0/0","0/0","0/0","0/0","0/0","0/0","0/0","0/0","0/0","0/0","0/0","0/0","0/0","0/0","0/0","0/0","0/0","0/0","0/0","0/0","0/0","0/0","0/0","0/0","0/0","0/0","0/0","0/0","0/0","0/0","0/0"
"chr7:80302697_ATATTGTGCCTAT/A_CD36","0/0","0/0","0/0","0/0","0/0","0/0","0/0","0/0","0/0","0/0","0/0","0/0","0/0","0/0","0/0","0/0","0/0","0/0","0/0","0/0","0/0","0/0","0/0","0/0","0/0","0/0","0/0","0/0","0/0","0/0","0/0","0/0","0/0","0/0","0/0","0/0","0/0","0/0","0/0","0/0","0/0","0/0","0/0","0/0","0/0","0/0","0/1","0/0","0/0","0/0","0/0","0/0","0/0","0/0","0/0","0/0","0/0","0/0","0/0","0/0","0/0","0/0","0/0","0/0","0/0","0/0","0/0","0/0","0/0","0/0","0/0","0/0","0/0","0/0","0/0","0/0","0/0","0/0","0/0","0/0","0/0","0/0","0/0","0/0","0/0","0/0","0/0","0/0","0/0","0/0","0/0","0/0","0/0","0/0","0/0","0/0","0/0","0/0","0/0","0/0","0/0","0/0","0/0","0/0","0/0","0/0","0/0","0/0","0/0","0/0","0/0","0/0","0/0","0/0","0/0","0/0","0/0","0/0","0/0","0/0","0/0","0/0","0/0","0/0","0/0","0/0","0/0","0/0","0/0","0/0","0/0","0/0","0/0","0/0","0/0","0/0","0/0","0/0","0/0","0/0","0/0","0/0","0/0","0/0","0/0","0/0","0/0","0/0","0/0","0/0","0/0","0/0","0/0"
"chr7:82581488_T/TTCA_PCLO","1/1","1/1","1/1","1/1","1/1","1/1","1/1","1/1","1/1","1/1","1/1","1/1","1/1","1/1","1/1","1/1","1/1","1/1","1/1","1/1","1/1","1/1","1/1","1/1","1/1","1/1","1/1","1/1","1/1","1/1","1/1","1/1","1/1","1/1","1/1","1/1","1/1","1/1","1/1","1/1","1/1","1/1","1/1","1/1","1/1","1/1","1/1","1/1","1/1","1/1","1/1","1/1","1/1","1/1","1/1","1/1","1/1","1/1","1/1","1/1","1/1","1/1","1/1","1/1","1/1","1/1","1/1","1/1","1/1","1/1","1/1","1/1","1/1","1/1","1/1","1/1","1/1","1/1","1/1","1/1","1/1","1/1","1/1","1/1","1/1","1/1","1/1","1/1","1/1","1/1","1/1","1/1","1/1","1/1","1/1","1/1","1/1","1/1","1/1","1/1","1/1","1/1","1/1","1/1","1/1","1/1","1/1","1/1","1/1","1/1","1/1","1/1","1/1","1/1","1/1","1/1","1/1","1/1","1/1","1/1","1/1","1/1","1/1","1/1","1/1","1/1","1/1","1/1","1/1","1/1","1/1","1/1","1/1","1/1","1/1","1/1","1/1","1/1","1/1","1/1","1/1","1/1","1/1","1/1","1/1","1/1","1/1","1/1","1/1","1/1","1/1","1/1","1/1"
"chr7:82784831_T/TGTG_PCLO","0/0","0/0","0/0","0/0","0/0","0/0","0/0","0/0","0/0","0/0","0/0","0/0","0/1","0/1","0/1","0/0","1/1","0/0","0/0","0/1","0/0","0/1","0/0","0/1","0/0","0/0","0/0","0/0","0/1","0/0","0/1","0/1","0/0","0/1","0/0","0/0","0/1","0/0","0/0","0/0","0/1","0/0","0/1","0/0","0/0","0/0","0/0","0/0","0/0","0/1","0/0","0/1","0/1","0/1","0/0","0/1","0/1","0/0","0/1","0/0","0/1","0/0","0/1","0/1","0/1","0/1","0/1","0/0","0/0","0/1","0/1","0/0","0/0","0/0","0/0","0/1","0/1","0/1","0/1","1/1","1/1","0/0","0/0","0/0","0/0","0/0","0/0","0/0","0/0","0/0","0/1","0/1","0/1","0/1","0/1","0/1","0/0","0/0","0/1","0/1","0/1","0/1","0/1","0/0","0/0","0/1","0/1","0/1","0/0","0/1","0/0","0/0","0/0","0/1","0/0","0/0","0/0","0/0","0/0","0/0","0/0","0/0","0/0","0/0","0/0","0/0","0/1","0/1","0/1","0/1","0/1","0/0","0/0","0/0","0/0","0/0","0/0","0/0","0/0","0/0","0/0","0/0","0/0","0/1","0/1","0/1","0/0","0/0","0/0","0/0","0/0","0/0","0/0"
"chr7:82784833_T/TGAGCTGGAGGCTTAGCAGGACCAAGAG_PCLO","0/0","0/0","0/0","0/0","0/0","0/0","0/0","0/0","0/0","0/0","0/0","0/0","0/1","0/1","0/1","0/0","1/1","0/0","0/0","0/1","0/0","0/1","0/0","0/1","0/0","0/0","0/0","0/0","0/1","0/0","0/1","0/1","0/0","0/1","0/0","0/0","0/1","0/0","0/0","0/0","0/1","0/0","0/1","0/0","0/0","0/0","0/0","0/0","0/0","0/1","0/0","0/1","0/1","0/1","0/0","0/1","0/1","0/0","0/1","0/0","0/1","0/0","0/1","0/1","0/1","0/1","0/1","0/0","0/0","0/1","0/1","0/0","0/0","0/0","0/0","0/1","0/1","0/1","0/1","1/1","1/1","0/0","0/0","0/0","0/0","0/0","0/0","0/0","0/0","0/0","0/1","0/1","0/1","0/1","0/1","0/1","0/0","0/0","0/1","0/1","0/1","0/1","0/1","0/0","0/0","0/1","0/1","0/1","0/1","0/1","0/0","0/0","0/0","0/1","0/0","0/0","0/0","0/0","0/0","0/0","0/0","0/0","0/0","0/0","0/0","0/0","0/1","0/1","0/1","0/1","0/1","0/0","0/0","0/0","0/0","0/0","0/0","0/0","0/0","0/0","0/0","0/0","0/0","0/1","0/1","0/1","0/0","0/0","0/0","0/0","0/0","0/0","0/0"
"chr7:89906561_G/GCA_CFAP69","0/0","0/0","0/0","0/0","0/0","0/0","0/0","0/0","0/0","0/0","0/0","0/0","0/0","0/0","0/0","0/0","0/0","0/0","0/0","0/0","0/0","0/0","0/0","0/0","0/0","0/0","0/0","0/0","0/0","0/0","0/0","0/0","0/0","0/0","0/0","0/0","0/0","0/0","0/0","0/0","0/0","0/1","0/0","0/0","0/0","0/0","0/0","0/0","0/0","0/0","0/0","0/0","0/0","0/0","0/0","0/0","0/0","0/0","0/0","0/0","0/0","0/0","0/0","0/0","0/0","0/0","0/0","0/0","0/0","0/0","0/0","0/0","0/0","0/0","0/0","0/0","0/0","0/0","0/0","0/0","0/0","0/0","0/0","0/0","0/0","0/0","0/0","0/0","0/0","0/0","0/0","0/0","0/0","0/0","0/0","0/0","0/0","0/0","0/0","0/0","0/0","0/0","0/0","0/0","0/0","0/0","0/0","0/0","0/0","0/0","0/0","0/0","0/0","0/0","0/0","0/0","0/0","0/0","0/0","0/0","0/0","0/0","0/0","0/0","0/0","0/0","0/0","0/0","0/0","0/0","0/0","0/0","0/0","0/0","0/0","0/0","0/0","0/0","0/0","0/0","0/0","0/0","0/0","0/0","0/0","0/0","0/0","0/0","0/0","0/0","0/0","0/0","0/0"
"chr7:90894459_A/ACCG_FZD1","0/1","0/1","0/1","0/0","0/1","0/1","0/0","0/0","0/0","0/1","0/0","1/1","1/1","0/1","0/1","0/0","0/0","0/1","0/1","0/0","0/1","0/0","1/1","0/0","0/0","0/0","0/0","0/0","0/0","0/0","0/0","0/0","0/1","0/0","0/0","0/0","0/0","1/1","0/0","0/0","1/1","0/0","1/1","0/1","0/0","0/0","0/1","1/1","0/1","0/1","0/1","0/1","0/1","0/1","0/0","0/1","0/1","0/0","0/1","0/1","0/0","0/1","0/0","1/1","1/1","0/1","0/0","0/0","0/0","0/0","0/1","0/0","0/0","0/1","0/1","0/0","0/0","1/1","1/1","0/1","0/1","0/0","0/1","0/0","0/0","0/0","0/0","0/1","0/1","0/1","0/0","0/0","0/0","0/0","0/0","0/0","0/1","0/0","0/0","0/0","0/0","0/1","0/0","0/1","0/1","0/1","0/1","0/0","0/0","0/1","0/0","0/1","0/1","0/0","0/0","0/0","0/0","0/0","0/0","0/0","0/0","0/0","0/0","0/0","0/0","0/0","0/0","0/0","0/1","0/1","0/1","0/1","0/1","0/1","0/1","0/1","0/1","0/1","0/0","0/0","0/0","0/1","0/1","0/0","0/0","0/0","0/1","0/1","0/1","0/0","0/0","0/0","0/0"
"chr7:91502989_CAA/C_MTERF1","0/0","0/0","0/0","0/0","0/0","0/0","0/0","0/0","0/0","0/0","0/0","0/0","0/0","0/0","0/0","0/0","0/0","0/0","0/0","0/0","0/0","0/0","0/0","0/0","0/0","0/0","0/0","0/0","0/0","0/0","0/0","0/0","0/0","0/0","0/0","0/0","0/0","0/0","0/0","0/0","0/0","0/0","0/0","0/0","0/0","0/0","0/0","0/0","0/0","0/0","0/0","0/0","0/0","0/0","0/0","0/0","0/0","0/0","0/0","0/0","0/0","0/0","0/0","0/0","0/0","0/0","0/0","0/0","0/0","0/0","0/0","0/0","0/0","0/0","0/0","0/0","0/0","0/0","0/0","0/0","0/0","0/0","0/0","0/0","0/0","0/0","0/0","0/0","0/0","0/0","0/0","0/0","0/0","0/0","0/0","0/0","0/0","0/1","0/0","0/0","0/0","0/0","0/0","0/0","0/0","0/0","0/0","0/0","0/0","0/0","0/0","0/0","0/0","0/0","0/0","0/0","0/0","0/0","0/0","0/0","0/0","0/0","0/0","0/0","0/0","0/0","0/0","0/0","0/0","0/0","0/0","0/0","0/0","0/0","0/0","0/0","0/0","0/0","0/0","0/0","0/0","0/0","0/0","0/0","0/0","0/0","0/0","0/0","0/0","0/0","0/0","0/0","0/0"
"chr7:91652178_A/AAAC_AKAP9","0/1","0/1","0/1","0/0","0/0","0/0","0/1","0/1","0/1","0/0","0/1","0/0","0/0","0/1","0/1","0/1","0/0","0/0","0/1","0/0","0/1","0/0","0/0","0/0","0/1","0/0","0/0","0/1","0/1","0/0","0/0","0/1","0/1","1/1","0/1","0/0","0/0","0/0","0/1","0/1","0/0","0/0","0/1","0/0","0/1","0/0","0/1","0/0","0/1","0/0","0/1","0/1","0/0","0/0","0/1","0/0","0/1","0/0","0/0","0/0","0/0","0/0","0/0","0/0","0/0","0/0","0/0","1/1","1/1","0/0","0/0","0/1","0/1","0/0","0/0","1/1","1/1","0/0","0/0","0/0","0/0","0/0","0/1","0/0","0/0","0/0","0/0","0/0","0/0","0/0","0/0","0/0","0/0","0/0","0/0","0/0","0/0","0/0","0/1","0/1","0/0","0/0","0/0","0/1","0/1","1/1","1/1","0/0","0/0","0/0","0/0","0/1","0/1","0/1","0/1","0/0","0/0","0/1","0/1","0/1","0/1","0/1","0/0","0/1","0/1","0/1","0/1","0/1","0/1","0/1","0/1","0/1","0/1","0/1","0/1","0/1","0/1","0/1","0/0","0/0","0/0","0/1","0/1","0/0","0/0","0/0","0/0","0/0","0/0","0/0","0/0","0/0","0/0"
"chr7:91722487_CAG/C_AKAP9","0/0","0/0","0/0","0/0","0/0","0/0","0/0","0/0","0/0","0/0","0/0","0/0","0/0","0/0","0/0","0/0","0/0","0/0","0/0","0/0","0/0","0/0","0/0","0/0","0/0","0/0","0/0","0/0","0/0","0/0","0/0","0/0","0/0","0/0","0/0","0/0","0/1","0/0","0/0","0/0","0/0","0/0","0/0","0/0","0/0","0/0","0/0","0/0","0/0","0/0","0/0","0/0","0/0","0/0","0/0","0/0","0/0","0/0","0/0","0/0","0/0","0/0","0/0","0/0","0/0","0/0","0/0","0/0","0/0","0/0","0/0","0/0","0/0","0/0","0/0","0/0","0/0","0/0","0/0","0/0","0/0","0/0","0/0","0/0","0/0","0/0","0/0","0/0","0/0","0/0","0/0","0/0","0/0","0/0","0/0","0/0","0/0","0/0","0/0","0/0","0/0","0/0","0/0","0/0","0/0","0/0","0/0","0/0","0/0","0/0","0/0","0/0","0/0","0/0","0/0","0/0","0/0","0/0","0/0","0/0","0/0","0/0","0/0","0/0","0/0","0/0","0/0","0/0","0/0","0/0","0/0","0/0","0/0","0/0","0/0","0/0","0/0","0/0","0/0","0/0","0/0","0/0","0/0","0/0","0/0","0/0","0/0","0/0","0/0","0/0","0/0","0/0","0/0"
"chr7:91732034_CG/C_AKAP9","0/0","0/0","0/0","0/0","0/0","0/0","0/0","0/0","0/0","0/0","0/0","0/0","0/0","0/0","0/0","0/0","0/0","0/0","0/0","0/0","0/0","0/0","0/0","0/0","0/0","0/0","0/0","0/0","0/0","0/0","0/0","0/0","0/0","0/0","0/0","0/0","0/0","0/0","0/0","0/0","0/0","0/0","0/0","0/0","0/0","0/0","0/0","0/0","0/0","0/0","0/0","0/0","0/0","0/0","0/0","0/0","0/0","0/0","0/0","0/0","0/0","0/0","0/0","0/0","0/0","0/0","0/0","0/0","0/0","0/0","0/0","0/0","0/0","0/0","0/0","0/0","0/0","0/0","0/0","0/0","0/0","0/0","0/0","0/0","0/0","0/0","0/0","0/0","0/0","0/0","0/0","0/0","0/0","0/0","0/0","0/0","0/0","0/0","0/0","0/0","0/0","0/0","0/0","0/1","0/1","0/0","0/0","0/0","0/0","0/0","0/0","0/0","0/0","0/0","0/0","0/0","0/0","0/0","0/0","0/0","0/0","0/0","0/0","0/0","0/0","0/0","0/0","0/0","0/0","0/0","0/0","0/0","0/0","0/0","0/0","0/0","0/0","0/0","0/0","0/0","0/0","0/0","0/0","0/0","0/0","0/0","0/0","0/0","0/0","0/0","0/0","0/0","0/0"
"chr7:95045559_TA/T_PON2","0/0","0/0","0/0","0/0","0/0","0/0","0/0","0/0","0/0","0/0","0/0","0/0","0/0","0/0","0/0","0/0","0/0","0/0","0/0","0/0","0/0","0/0","0/0","0/0","0/0","0/0","0/0","0/0","0/0","0/0","0/0","0/0","0/0","0/0","0/0","0/0","0/1","0/0","0/0","0/0","0/0","0/0","0/0","0/0","0/0","0/0","0/0","0/0","0/0","0/0","0/0","0/0","0/0","0/0","0/0","0/0","0/0","0/0","0/0","0/0","0/0","0/0","0/0","0/0","0/0","0/0","0/0","0/0","0/0","0/0","0/0","0/0","0/0","0/0","0/0","0/0","0/0","0/0","0/0","0/0","0/0","0/0","0/0","0/0","0/0","0/0","0/0","0/0","0/0","0/0","0/0","0/0","0/0","0/0","0/0","0/0","0/0","0/0","0/0","0/0","0/0","0/0","0/0","0/0","0/0","0/0","0/0","0/0","0/0","0/0","0/0","0/0","0/0","0/0","0/0","0/0","0/0","0/0","0/0","0/0","0/0","0/0","0/0","0/0","0/0","0/0","0/0","0/0","0/0","0/0","0/0","0/0","0/0","0/0","0/0","0/0","0/0","0/0","0/0","0/0","0/0","0/0","0/0","0/0","0/0","0/0","0/0","0/0","0/0","0/0","0/0","0/0","0/0"
"chr7:96635420_AGCC/AGCCGCC_DLX6","0/1","0/1","0/1","0/1","0/0","0/0","0/0","0/0","0/0","0/0","0/1","0/1","0/1","0/0","0/0","0/0","0/0","0/0","0/1","0/0","0/0","0/0","0/0","0/0","0/0","0/0","0/1","0/0","0/0","0/1","0/0","0/2","0/0","0/0","0/0","0/0","0/0","0/0","0/1","0/1","0/0","0/1","0/0","0/1","0/0","0/0","0/0","0/0","0/0","0/0","0/0","0/0","0/0","0/0","0/1","0/0","0/0","0/0","0/0","0/0","0/0","0/0","0/0","0/0","0/0","0/0","0/0","0/0","0/0","0/0","0/0","0/0","0/0","0/0","0/0","0/0","0/0","0/1","0/1","0/1","0/1","0/1","0/0","0/0","0/0","0/0","0/0","0/0","0/0","0/0","0/1","0/0","0/0","0/0","0/0","0/1","0/0","0/0","0/0","0/0","0/0","0/0","0/0","0/0","0/0","0/0","0/0","0/1","0/1","0/0","0/1","0/1","0/1","0/1","0/0","0/0","0/0","0/0","0/0","0/0","0/0","0/0","0/0","0/0","0/0","0/0","0/1","0/1","0/0","0/0","0/0","0/0","0/0","0/0","0/0","0/0","0/0","0/0","0/0","0/0","0/0","0/0","0/0","0/0","0/0","0/0","1/1","1/1","1/1","0/1","0/1","0/1","0/1"
"chr7:96635544_GCAC/G_DLX6","0/0","0/0","0/0","0/1","0/0","0/0","0/0","0/0","0/0","0/0","0/0","0/0","0/0","0/0","0/0","0/0","0/0","0/0","0/0","0/0","0/0","0/0","0/0","0/0","0/0","0/0","0/0","0/0","0/0","0/0","0/0","0/0","0/0","0/0","0/0","0/0","0/0","0/0","0/0","0/1","0/0","0/0","0/0","0/0","0/0","0/0","0/0","0/0","0/0","0/0","0/0","0/0","0/0","0/0","0/0","0/0","0/0","0/0","0/0","0/0","0/0","0/0","0/0","0/0","0/0","0/0","0/0","0/0","0/0","0/0","0/0","0/0","0/0","0/0","0/0","0/0","0/0","0/0","0/0","0/0","0/0","0/0","0/0","0/0","0/0","0/0","0/0","0/0","0/0","0/0","0/0","0/0","0/0","0/0","0/0","0/0","0/0","0/0","0/0","0/0","0/0","0/0","0/0","0/0","0/0","0/0","0/0","0/0","0/0","0/0","0/1","0/0","0/0","0/0","0/0","0/0","0/0","0/0","0/0","0/0","0/0","0/0","0/0","0/0","0/0","0/0","0/0","0/0","0/0","0/0","0/0","0/0","0/0","0/0","0/0","0/0","0/0","0/0","0/0","0/0","0/0","0/0","0/0","0/0","0/0","0/0","0/0","0/0","0/0","0/1","0/1","0/1","0/1"
"chr7:99662511_GTAGT/G_ZNF3","0/1","0/1","0/1","0/1","1/1","1/1","0/1","0/1","0/1","0/1","0/1","0/0","0/1","0/1","0/1","0/1","0/0","0/1","0/1","0/1","0/0","0/1","0/0","0/1","0/0","0/0","1/1","0/1","1/1","0/0","0/1","0/0","0/0","0/1","0/1","0/0","0/0","0/1","0/1","0/1","1/1","0/1","0/0","0/1","0/1","0/0","0/1","0/1","0/0","0/1","0/1","0/1","0/0","0/1","0/1","1/1","0/1","0/1","0/1","0/1","0/1","0/1","0/1","0/0","0/0","0/0","0/1","0/0","0/0","0/1","0/0","0/0","0/0","0/1","0/1","1/1","1/1","1/1","1/1","1/1","1/1","0/1","0/1","0/0","0/0","0/0","0/0","0/0","1/1","1/1","0/0","0/1","0/1","1/1","1/1","0/0","0/0","0/1","0/0","0/0","0/1","0/0","0/1","0/1","0/1","0/0","0/0","0/0","0/0","0/0","0/1","0/1","0/1","0/1","0/1","0/0","0/0","0/1","0/1","0/1","0/1","0/1","0/0","0/1","0/1","0/1","0/1","0/1","0/0","0/0","0/0","1/1","0/1","0/1","0/1","0/1","0/1","0/1","0/1","0/1","0/1","1/1","1/1","0/0","0/0","0/0","0/1","0/1","0/1","0/1","0/1","0/1","0/1"
"chr7:99817847_TG/T_PVRIG","0/0","0/0","0/0","0/0","0/0","0/0","0/0","0/0","0/0","0/0","0/0","0/0","0/0","0/0","0/0","0/0","0/0","0/0","0/0","0/0","0/0","0/0","0/0","0/0","0/0","0/0","0/0","0/0","0/0","0/0","0/0","0/0","0/0","0/0","0/0","0/0","0/1","0/0","0/0","0/0","0/0","0/0","0/0","0/0","0/0","0/0","0/0","0/0","0/0","0/0","0/0","0/0","0/0","0/0","0/0","0/0","0/0","0/0","0/0","0/0","0/0","0/0","0/0","0/0","0/0","0/0","0/0","0/0","0/0","0/0","0/0","0/0","0/0","0/0","0/0","0/0","0/0","0/0","0/0","0/0","0/0","0/0","0/0","0/0","0/0","0/0","0/0","0/0","0/0","0/0","0/0","0/0","0/0","0/0","0/0","0/0","0/0","0/0","0/0","0/0","0/0","0/0","0/0","0/0","0/0","0/0","0/0","0/0","0/0","0/0","0/0","0/0","0/0","0/0","0/0","0/0","0/0","0/0","0/0","0/0","0/0","0/0","0/0","0/0","0/0","0/0","0/0","0/0","0/0","0/0","0/0","0/0","0/0","0/0","0/0","0/0","0/0","0/0","0/0","0/0","0/0","0/0","0/0","0/0","0/0","0/0","0/0","0/0","0/0","0/0","0/0","0/0","0/0"
"chr7:99818815_A/ACT_PVRIG","0/0","0/0","0/0","0/0","0/0","0/0","0/1","0/1","0/1","0/0","0/1","0/0","0/0","0/0","0/0","0/0","0/0","0/0","0/1","0/0","0/0","0/0","0/0","0/1","0/0","0/0","0/0","0/0","0/0","0/0","0/0","0/0","0/0","0/0","0/0","0/0","0/0","0/0","0/0","0/0","0/0","0/0","0/0","0/0","0/0","0/0","0/0","0/0","0/0","0/0","0/0","0/0","0/0","0/0","0/0","0/0","0/0","0/0","0/0","0/0","0/0","0/0","0/0","0/0","0/0","0/0","0/0","0/0","0/0","0/0","0/0","0/0","0/0","0/0","0/0","0/0","0/0","0/0","0/0","0/0","0/0","0/0","0/0","0/0","0/0","0/0","0/0","0/0","0/0","0/0","0/0","0/0","0/0","0/0","0/0","0/0","0/0","0/0","0/0","0/0","0/0","0/0","0/0","0/0","0/0","0/0","0/0","0/0","0/0","0/0","0/0","0/0","0/0","0/0","0/0","0/0","0/0","0/0","0/0","0/0","0/0","0/0","0/0","0/0","0/0","0/0","0/0","0/0","0/0","0/0","0/0","0/0","0/0","0/0","0/0","0/0","0/0","0/0","0/0","0/0","0/0","0/0","0/0","0/0","0/0","0/0","0/0","0/0","0/0","0/0","0/0","0/0","0/0"
"chr7:99957128_GCCT/G_PILRB","0/0","0/0","0/0","0/0","0/1","0/1","0/0","0/0","0/0","0/0","0/0","0/0","0/0","0/0","0/0","0/0","0/0","0/0","0/0","0/0","0/0","0/0","0/0","0/0","0/0","0/0","0/0","0/0","0/0","0/0","0/0","0/1","0/0","0/0","0/0","0/0","0/0","0/0","0/0","0/0","0/0","0/0","0/0","0/0","0/0","0/0","0/0","0/0","0/0","0/0","0/0","0/0","0/0","0/0","0/1","0/0","0/0","0/0","0/0","0/0","0/0","0/1","0/0","0/0","0/0","0/0","0/0","0/0","0/0","0/0","0/0","0/0","0/0","0/0","0/0","0/0","0/0","0/0","0/0","0/0","0/0","0/0","0/0","0/0","0/0","0/0","0/0","0/0","0/0","0/0","0/0","0/0","0/0","0/0","0/0","0/0","0/0","0/0","0/0","0/0","0/0","0/1","0/0","0/0","0/0","0/0","0/0","0/0","0/0","0/1","0/0","0/0","0/0","0/0","0/0","0/0","0/0","0/0","0/0","0/0","0/0","0/0","0/0","0/0","0/0","0/0","0/0","0/0","0/0","0/0","0/0","0/0","0/0","0/0","0/0","0/0","0/0","0/0","0/0","0/0","0/0","0/0","0/0","0/0","0/0","0/0","0/0","0/0","0/0","0/0","0/0","0/0","0/0"
"chr7:100085878_GTCCTGCCCCCCAGGCCCCTC/G_NYAP1","0/0","0/0","0/0","0/0","0/0","0/0","0/0","0/0","0/0","0/0","0/0","0/1","0/0","0/0","0/0","0/0","0/0","0/0","0/0","0/0","0/0","0/0","0/0","0/0","0/0","0/0","0/0","0/0","0/0","0/0","0/0","0/0","0/0","0/0","0/0","0/0","0/0","0/0","0/0","0/0","0/0","0/0","0/0","0/0","0/0","0/0","0/0","0/0","0/0","0/0","0/0","0/0","0/0","0/0","0/0","0/0","0/0","0/0","0/0","0/0","0/0","0/0","0/0","0/0","0/0","0/0","0/0","0/0","0/0","0/0","0/0","0/0","0/0","0/0","0/0","0/0","0/0","0/0","0/0","0/0","0/0","0/0","0/0","0/0","0/0","0/0","0/0","0/0","0/0","0/0","0/0","0/0","0/0","0/0","0/0","0/0","0/0","0/0","0/0","0/0","0/0","0/0","0/0","0/0","0/0","0/0","0/0","0/0","0/0","0/0","0/0","0/0","0/0","0/0","0/0","0/0","0/0","0/0","0/0","0/0","0/0","0/0","0/0","0/0","0/0","0/0","0/0","0/0","0/0","0/0","0/0","0/0","0/0","0/0","0/0","0/0","0/0","0/0","0/0","0/0","0/0","0/0","0/0","0/0","0/0","0/0","0/0","0/0","0/0","0/0","0/0","0/0","0/0"
"chr7:100281685_AGCT/A_GIGYF1","0/0","0/0","0/0","0/0","0/0","0/0","0/0","0/0","0/0","0/0","0/0","0/0","0/0","0/0","0/0","0/0","0/0","0/0","0/0","0/0","0/0","0/0","0/0","0/0","0/0","0/0","0/0","0/0","0/0","0/0","0/0","0/0","0/0","0/0","0/0","0/0","0/0","0/0","0/0","0/0","0/0","0/0","0/0","0/0","0/0","0/0","0/0","0/0","0/0","0/0","0/0","0/0","0/0","0/0","0/0","0/0","0/0","0/0","0/0","0/0","0/0","0/0","0/0","0/0","0/0","0/0","0/0","0/0","0/0","0/0","0/0","0/0","0/0","0/0","0/0","0/0","0/0","0/0","0/0","0/0","0/0","0/0","0/0","0/0","0/0","0/0","0/0","0/0","0/0","0/0","0/0","0/0","0/0","0/0","0/0","0/0","0/0","0/0","0/0","0/0","0/0","0/0","0/0","0/0","0/0","0/0","0/0","0/0","0/0","0/0","0/0","0/0","0/0","0/0","0/0","0/0","0/0","0/0","0/0","0/0","0/0","0/0","0/0","0/0","0/0","0/0","0/0","0/0","0/0","0/0","0/1","0/0","0/0","0/0","0/0","0/0","0/0","0/0","0/0","0/0","0/0","0/0","0/0","0/0","0/0","0/0","0/0","0/0","0/0","0/0","0/0","0/0","0/0"
"chr7:100283066_TCTC/T_GIGYF1","0/0","0/0","0/0","0/0","0/0","0/0","0/0","0/0","0/0","0/0","0/0","0/0","0/0","0/0","0/0","0/0","0/0","0/0","0/0","0/0","0/0","0/0","0/0","0/0","0/0","0/0","0/0","0/0","0/0","0/0","0/0","0/0","0/0","0/0","0/0","0/0","0/0","0/0","0/0","0/0","0/0","0/0","0/0","0/0","0/0","0/0","0/0","0/0","0/0","0/0","0/0","0/0","0/0","0/0","0/0","0/0","0/0","0/0","0/0","0/0","0/0","0/0","0/0","0/0","0/0","0/0","0/0","0/0","0/0","0/0","0/0","0/0","0/0","0/0","0/0","0/0","0/0","0/0","0/0","0/0","0/0","0/1","0/0","0/0","0/0","0/0","0/0","0/0","0/0","0/0","0/0","0/0","0/0","0/0","0/0","0/0","0/0","0/0","0/0","0/0","0/0","0/0","0/0","0/0","0/0","0/0","0/0","0/0","0/0","0/0","0/0","0/0","0/0","0/0","0/0","0/0","0/0","0/0","0/0","0/0","0/0","0/0","0/0","0/0","0/0","0/0","0/0","0/0","0/0","0/0","0/0","0/0","0/0","0/0","0/0","0/0","0/0","0/0","0/0","0/0","0/0","0/0","0/0","0/0","0/0","0/0","0/0","0/0","0/0","0/0","0/0","0/0","0/0"
"chr7:100320750_CA/C_EPO","0/0","0/0","0/0","0/0","0/0","0/0","0/0","0/0","0/0","0/0","0/0","0/0","0/0","0/0","0/0","0/0","0/0","0/0","0/0","0/0","0/0","0/0","0/0","0/0","0/1","0/0","0/0","0/0","0/0","0/0","0/0","0/0","0/0","0/0","0/0","0/0","0/0","0/0","0/0","0/0","0/0","0/0","0/0","0/0","0/0","0/0","0/0","0/0","0/0","0/0","0/0","0/0","0/0","0/0","0/0","0/0","0/0","0/0","0/0","0/0","0/0","0/0","0/0","0/0","0/0","0/0","0/0","0/0","0/0","0/0","0/0","0/0","0/0","0/0","0/0","0/0","0/0","0/0","0/0","0/0","0/0","0/0","0/0","0/0","0/0","0/0","0/0","0/0","0/0","0/0","0/0","0/0","0/0","0/0","0/0","0/0","0/0","0/0","0/0","0/0","0/0","0/0","0/0","0/0","0/0","0/0","0/0","0/0","0/0","0/0","0/0","0/0","0/0","0/0","0/0","0/0","0/0","0/0","0/0","0/0","0/0","0/0","0/0","0/0","0/0","0/0","0/0","0/0","0/0","0/0","0/0","0/0","0/0","0/0","0/0","0/0","0/0","0/0","0/0","0/0","0/0","0/0","0/0","0/0","0/0","0/0","0/0","0/0","0/0","0/0","0/0","0/0","0/0"
"chr7:100364266_G/GT_ZAN","0/0","0/0","0/0","0/0","0/0","0/0","0/0","0/0","0/0","0/0","0/0","0/0","0/0","0/0","0/0","0/0","0/0","0/0","0/0","0/0","0/0","0/0","0/0","0/0","0/0","0/0","0/0","0/0","0/0","0/0","0/0","0/0","0/0","0/0","0/0","0/0","0/0","0/0","0/0","0/0","0/0","0/0","0/0","0/0","0/0","0/0","0/0","0/0","0/1","0/0","0/0","0/0","0/0","0/0","0/0","0/0","0/0","0/0","0/0","0/0","0/0","0/0","0/0","0/0","0/0","0/0","0/0","0/0","0/0","0/0","0/0","0/0","0/0","0/0","0/0","0/0","0/0","0/0","0/0","0/0","0/0","0/0","0/0","0/0","0/0","0/0","0/0","0/0","0/0","0/0","0/0","0/0","0/0","0/0","0/0","0/0","0/0","0/0","0/0","0/0","0/0","0/0","0/0","0/0","0/0","0/0","0/0","0/0","0/0","0/0","0/0","0/0","0/0","0/0","0/0","0/0","0/0","0/0","0/0","0/0","0/0","0/0","0/0","0/0","0/0","0/0","0/0","0/0","0/0","0/0","0/0","0/0","0/0","0/0","0/0","0/0","0/0","0/0","0/0","0/0","0/0","0/0","0/0","0/0","0/0","0/0","0/0","0/0","0/0","0/0","0/0","0/0","0/0"
"chr7:100364851_AT/A_ZAN","0/0","0/0","0/0","0/0","0/0","0/0","0/0","0/0","0/0","0/0","0/0","0/0","0/0","0/0","0/0","0/0","0/1","0/0","0/0","0/0","0/0","0/0","0/0","0/0","0/0","0/0","0/0","0/0","0/0","0/0","0/0","0/0","0/0","0/0","0/0","0/0","0/0","0/0","0/0","0/0","0/0","0/0","0/0","0/0","0/0","0/0","0/0","0/0","0/0","0/0","0/0","0/0","0/0","0/0","0/0","0/0","0/0","0/0","0/0","0/0","0/0","0/0","0/0","0/0","0/0","0/0","0/0","0/0","0/0","0/0","0/0","0/0","0/0","0/0","0/0","0/0","0/0","0/0","0/0","0/0","0/0","0/0","0/0","0/0","0/0","0/0","0/0","0/1","0/0","0/0","0/0","0/0","0/0","0/0","0/0","0/0","0/1","0/0","0/0","0/0","0/0","0/0","0/0","0/0","0/0","0/0","0/0","0/0","0/0","0/0","0/0","0/0","0/0","0/0","0/0","0/0","0/0","0/0","0/0","0/0","0/0","0/0","0/0","0/0","0/0","0/0","0/0","0/0","0/0","0/0","0/0","0/0","0/0","0/0","0/0","0/0","0/0","0/0","0/0","0/0","0/0","0/0","0/0","0/0","0/0","0/0","0/0","0/0","0/0","0/0","0/0","0/0","0/0"
"chr7:100371476_T/TG_ZAN","1/1","1/1","1/1","1/1","1/1","1/1","0/0","0/0","0/0","0/1","1/1","1/1","1/1","1/1","0/1","1/1","1/1","0/1","1/1","1/1","1/1","0/1","0/1","0/1","1/1","1/1","0/1","1/1","1/1","1/1","1/1","0/1","0/0","1/1","1/1","1/1","0/1","1/1","1/1","1/1","1/1","0/1","1/1","1/1","1/1","0/1","0/0","0/0","1/1","1/1","1/1","1/1","1/1","1/1","1/1","0/1","0/1","0/0","1/1","0/1","0/1","0/1","1/1","1/1","1/1","0/1","0/1","0/0","0/0","0/1","0/1","1/1","1/1","1/1","1/1","1/1","1/1","0/1","0/1","1/1","1/1","1/1","1/1","1/1","1/1","1/1","1/1","1/1","1/1","1/1","1/1","0/1","0/1","1/1","1/1","1/1","1/1","1/1","0/1","0/1","0/1","0/1","0/1","0/1","0/1","1/1","1/1","1/1","1/1","0/1","1/1","0/1","0/1","1/1","0/1","0/1","0/1","1/1","0/1","1/1","0/1","0/1","0/1","1/1","0/1","0/1","1/1","1/1","0/0","0/0","0/0","0/1","0/1","1/1","0/1","0/1","1/1","1/1","1/1","1/1","1/1","0/1","0/1","1/1","1/1","1/1","0/0","0/0","0/0","0/1","0/1","0/1","0/1"
"chr7:100377138_A/AGGGC_ZAN","0/0","0/0","0/0","0/0","0/0","0/0","0/0","0/0","0/0","0/1","0/0","0/0","0/0","0/0","0/1","0/0","0/0","0/0","0/0","0/0","0/0","0/1","0/1","0/1","0/0","0/0","0/0","0/0","0/0","0/0","0/0","0/0","0/1","0/0","0/0","0/0","0/0","0/0","0/0","0/0","0/0","0/0","0/0","0/0","0/0","0/0","0/1","0/0","0/0","0/0","0/0","0/0","0/0","0/0","0/0","0/1","0/0","0/0","0/0","0/1","0/0","0/0","0/0","0/0","0/0","0/0","0/0","0/1","0/1","0/0","0/0","0/0","0/0","0/0","0/0","0/0","0/0","0/1","0/1","0/0","0/0","0/0","0/0","0/0","0/0","0/0","0/0","0/0","0/0","0/0","0/0","0/1","0/1","0/0","0/0","0/0","0/0","0/0","0/1","0/1","0/1","0/1","0/1","0/0","0/0","0/0","0/0","0/0","0/0","0/1","0/0","0/1","0/1","0/0","0/1","0/1","0/1","0/0","0/0","0/0","0/0","0/0","0/1","0/0","0/1","0/1","0/0","0/0","0/0","0/0","0/0","0/1","0/0","0/0","0/0","0/0","0/0","0/0","0/0","0/0","0/0","0/1","0/1","0/0","0/0","0/0","1/1","1/1","1/1","0/1","0/1","0/1","0/1"
"chr7:100385561_GGCTTCAGCTACCGCTTGCAAGGCCGCATGACCTAT/G_ZAN","0/0","0/0","0/0","0/0","0/0","0/0","0/0","0/0","0/0","0/0","0/0","0/0","0/0","0/0","0/0","0/0","0/0","0/1","0/0","0/0","0/0","0/0","0/0","0/0","0/0","0/0","0/1","0/0","0/0","0/0","0/0","0/0","0/1","0/0","0/0","0/0","0/0","0/0","0/0","0/0","0/0","0/0","0/0","0/0","0/0","0/1","0/0","0/1","0/0","0/0","0/0","0/0","0/0","0/0","0/0","0/0","0/0","0/1","0/0","0/0","0/1","0/0","0/0","0/0","0/0","0/1","0/0","0/0","0/0","0/0","0/1","0/0","0/0","0/0","0/0","0/0","0/0","0/0","0/0","0/0","0/0","0/0","0/0","0/0","0/0","0/0","0/0","0/0","0/0","0/0","0/0","0/0","0/0","0/0","0/0","0/0","0/0","0/0","0/0","0/0","0/0","0/0","0/0","0/0","0/0","0/0","0/0","0/0","0/0","0/0","0/0","0/0","0/0","0/0","0/0","0/0","0/0","0/0","0/1","0/0","0/1","0/1","0/0","0/0","0/0","0/0","0/0","0/0","0/1","0/1","0/1","0/0","0/0","0/0","0/0","0/0","0/0","0/0","0/0","0/0","0/0","0/0","0/0","0/0","0/0","0/0","0/0","0/0","0/0","0/0","0/0","0/0","0/0"
"chr7:100424587_GCAAGGAAACTCACC/CCAAGGAAACTCACC_EPHB4","1/1","1/1","1/1",".","1/1","1/1","0/1","0/1","0/1","0/1","1/1","0/1","0/1","0/1","1/1","1/1","0/1","0/2","1/1","1/1","0/0","0/1","1/1","1/1","1/1","1/1","0/2","1/1","0/1","0/0","1/1","0/1","0/1","1/1","1/1","0/1","0/1","0/1","0/1","1/1","1/1","1/1","1/1","0/0","1/1","0/1","0/1","0/2","0/1","0/1","0/1","0/1","1/1","1/1","0/1","0/1","1/1","0/1","0/1","0/1","0/1","1/1","1/1","0/1","0/1","0/1","0/1","1/1","1/1","0/1","0/1","0/1","0/1","0/1","0/1","0/1","0/1","0/1","0/1","0/1","0/1","0/1","0/1","1/1","1/1","0/1","0/1","0/1","0/1","0/1","1/1","1/1","1/1","0/0","0/0","1/1","0/1","0/1","0/1","0/1","1/1","0/1","1/1","0/1","0/1","1/1","1/1","0/1","0/0","0/1","0/1","0/0","0/0","0/1","0/0","0/1","0/1","0/1","0/1","0/1","0/1","0/1","0/1","0/1","0/0","0/0","0/1","0/1","0/1","0/1","0/1","0/1","1/1","0/0","1/1","1/1","0/0","0/0","0/0","0/0","0/0","0/1","0/1","0/0","0/0","0/0","1/1","1/1","1/1","1/1","1/1","1/1","1/1"
"chr7:100550032_C/CCCT_MUC3A","0/1","0/1","0/1","0/1","0/1","0/1","0/1","0/1","0/1","0/1","0/1","0/1","0/1","0/1","0/1","0/1","0/1","0/1","0/1","0/1","0/1","0/1","0/1","0/1","0/1","0/1","0/1","0/1","0/1","0/1","0/1","0/1","0/1","0/1","0/1","0/1","0/2","0/1","0/1","0/1","0/1","0/1","0/1","0/1","0/1","0/1","0/1","0/1","0/1","0/1","0/1","0/1","0/1","0/1","0/1","0/1","0/1","0/1","0/1","0/1","0/1","0/1","0/1","0/1","0/1","0/1","0/1","0/1","0/1","0/1","0/1","0/1","0/1","0/1","0/1","0/1","0/1","0/1","0/1","0/1","0/1","0/1","0/1","0/1","0/1","0/1","0/1","0/1","0/1","0/1","0/1","0/1","0/1","0/1","0/1","0/1","0/1","0/1","0/1","0/1","0/1","0/1","0/1","0/1","0/1","0/1","0/1","0/1","0/1","0/1","0/1","0/1","0/1","0/1","0/1","0/1","0/1","0/1","0/1","0/1","0/1","0/1","0/1","0/1","0/1","0/1","0/1","0/1","0/1","0/2","0/1","0/1","0/1","0/1","0/1","0/1","0/1","0/1","0/1","0/1","0/1","0/1","0/1","0/1","0/1","0/1","0/1","0/1","0/1","0/1","0/1","0/1","0/1"
"chr7:100551637_C/CCAA_MUC3A","0/1","0/1","0/1","0/1","0/1","0/1","0/1","0/1","0/1","0/1","0/1","0/1","0/1","0/1","0/1","0/1","0/1","0/1","0/1","0/1","0/1","0/1","0/1","0/1","0/1","0/1","0/1","0/1","0/1","0/1","0/1","0/1","0/1","0/1","0/1","0/1","0/1","0/1","0/1","0/1","0/1","0/1","0/1","0/1","0/1","0/1","0/1","0/1","0/1","0/1","0/1","0/1","0/1","0/1","0/1","0/1","0/1","0/1","0/1","0/1","0/1","0/1","0/1","0/1","0/1","0/1","0/1","0/1","0/1","0/1","0/1","0/1","0/1","0/1","0/1","0/1","0/1","0/1","0/1","0/1","0/1","0/1","0/1","0/1","0/1","0/1","0/1","0/1","0/1","0/1","0/1","0/1","0/1","0/1","0/1","0/1","0/1","0/1","0/1","0/1","0/1","0/1","0/1","0/1","0/1","0/1","0/1","0/1","0/1","0/1","0/1","0/1","0/1","0/1","0/1","0/1","0/1","0/1","0/1","0/1","0/1","0/1","0/1","0/1","0/1","0/1","0/1","0/1","0/1","0/1","0/1","0/1","0/1","0/1","0/1","0/1","0/1","0/1","0/1","0/1","0/1","0/1","0/1","0/1","0/1","0/1","0/1","0/1","0/1","0/1","0/1","0/1","0/1"
"chr7:100552710_ATC/A_MUC3A","0/0","0/0","0/0","0/1","0/1","0/1","0/1","0/1","0/1","0/1","0/1","0/1","0/1","0/0","0/0","0/1","0/1","0/1","0/1","0/1","0/0","0/0","0/1","0/0","0/1","0/0","0/1","0/0","0/1","0/1","0/0","0/1","0/0","0/1","0/1","0/1","0/0","0/1","0/1","0/0","0/1","0/1","0/1","0/1","0/1","0/0","0/1","0/0","0/0","0/0","0/1","0/0","0/1","0/1","0/1","0/1","0/0","0/1","0/1","0/0","0/1","0/0","0/1","0/1","0/1","0/1","0/0","0/0","0/0","0/0","0/1","0/0","0/0","0/0","0/0","0/1","0/1","0/0","0/0","0/1","0/1","0/0","0/1","0/1","0/1","0/0","0/0","0/1","0/1","0/1","0/1","0/1","0/1","0/0","0/0","0/1","0/1","0/0","0/1","0/1","0/1","0/1","0/1","0/0","0/0","0/1","0/1","0/1","0/0","0/1","0/1","0/0","0/0","0/1","0/0","0/1","0/1","0/1","0/1","0/1","0/1","0/1","0/1","0/1","0/0","0/0","0/1","0/1","0/0","0/0","0/0","0/1","0/0","0/1","0/0","0/0","0/1","0/1","0/1","0/1","0/1","0/1","0/1","0/1","0/1","0/1","0/0","0/0","0/0","0/1","0/1","0/1","0/1"
"chr7:100552714_C/CGT_MUC3A","0/0","0/0","0/0","0/1","0/1","0/1","0/1","0/1","0/1","0/1","0/1","0/1","0/1","0/0","0/0","0/1","0/1","0/1","0/1","0/1","0/0","0/0","0/1","0/0","0/1","0/0","0/1","0/0","0/1","0/1","0/0","0/1","0/0","0/1","0/1","0/1","0/0","0/1","0/1","0/0","0/1","0/1","0/1","0/1","0/1","0/0","0/1","0/0","0/0","0/0","0/1","0/0","0/1","0/1","0/1","0/1","0/0","0/1","0/1","0/0","0/1","0/0","0/1","0/1","0/1","0/1","0/0","0/0","0/0","0/0","0/1","0/0","0/0","0/0","0/0","0/1","0/1","0/0","0/0","0/1","0/1","0/0","0/1","0/1","0/1","0/0","0/0","0/1","0/1","0/1","0/1","0/1","0/1","0/0","0/0","0/1","0/1","0/0","0/1","0/1","0/1","0/1","0/1","0/0","0/0","0/1","0/1","0/1","0/0","0/1","0/1","0/0","0/0","0/1","0/0","0/1","0/1","0/1","0/1","0/1","0/1","0/1","0/1","0/1","0/0","0/0","0/1","0/1","0/0","0/0","0/0","0/1","0/0","0/1","0/0","0/0","0/1","0/1","0/1","0/1","0/1","0/1","0/1","0/1","0/1","0/1","0/0","0/0","0/0","0/1","0/1","0/1","0/1"
"chr7:100612955_A/ACTG_MUC12","0/1","0/1","0/1","0/1","0/1","0/1","0/1","0/1","0/1","0/1","0/1","0/1","0/1","0/1","0/1","0/1","0/1","0/1","0/1","0/1","0/1","0/1","0/1","0/1","0/1","0/1","0/1","0/1","0/1","0/1","0/1","0/1","0/1","0/1","0/1","0/1","0/1","0/1","0/1","0/1","0/1","0/1","0/1","0/1","0/1","0/1","0/1","0/1","0/1","0/1","0/1","0/1","0/1","0/1","0/1","0/1","0/1","0/1","0/1","0/1","0/1","0/1","0/1","0/1","0/1","0/1","0/1","0/1","0/1","0/1","0/1","0/1","0/1","0/1","0/1","0/1","0/1","0/1","0/1","0/1","0/1","0/1","0/1","0/1","0/1","0/1","0/1","0/1","0/1","0/1","0/1","0/1","0/1","0/1","0/1","0/1","0/1","0/1","0/1","0/1","0/1","0/1","0/1","0/1","0/1","0/1","0/1","0/1","0/1","0/1","0/1","0/1","0/1","0/1","0/1","0/1","0/1","0/1","0/1","0/1","0/1","0/1","0/1","0/1","0/1","0/1","0/1","0/1","0/1","0/1","0/1","0/1","0/1","0/1","0/1","0/1","0/1","0/1","0/1","0/1","0/1","0/1","0/1","0/1","0/1","0/1","0/1","0/1","0/1","0/1","0/1","0/1","0/1"
"chr7:100679234_AG/A_MUC17","0/0","0/0","0/0","0/0","0/0","0/0","0/0","0/0","0/0","0/0","0/0","0/0","0/0","0/0","0/0","0/0","0/0","0/0","0/0","0/0","0/0","0/0","0/0","0/0","0/0","0/0","0/0","0/0","0/0","0/1","0/0","0/0","0/0","0/0","0/0","0/0","0/0","0/0","0/1","0/0","0/0","0/0","0/0","0/0","0/0","0/0","0/0","0/0","0/0","0/0","0/0","0/0","0/0","0/0","0/0","0/0","0/0","0/0","0/0","0/0","0/0","0/0","0/0","0/0","0/1","0/0","0/0","0/0","0/0","0/0","0/1","0/0","0/0","0/0","0/0","0/0","0/0","0/1","0/0","0/0","0/0","0/0","0/0","0/0","0/1","0/0","0/0","0/0","0/0","0/0","0/0","0/0","0/0","0/1","0/0","0/0","0/0","0/0","0/0","0/0","0/0","0/1","0/0","0/0","0/0","0/0","0/0","0/0","0/0","0/0","0/0","0/0","0/0","0/0","0/0","0/1","0/0","0/1","0/0","0/0","0/0","0/0","0/0","0/0","0/0","0/0","0/1","0/0","0/0","0/0","0/0","0/1","0/1","0/0","0/0","0/1","0/0","0/0","0/0","0/0","0/1","0/0","0/0","0/0","0/0","0/0","0/0","0/0","0/0","0/0","0/0","0/0","0/0"
"chr7:100679237_A/AC_MUC17","0/0","0/0","0/0","0/0","0/0","0/0","0/0","0/0","0/0","0/0","0/0","0/0","0/0","0/0","0/0","0/0","0/0","0/0","0/0","0/0","0/0","0/0","0/0","0/0","0/0","0/0","0/0","0/0","0/0","0/1","0/0","0/0","0/0","0/0","0/0","0/0","0/0","0/0","0/1","0/0","0/0","0/0","0/0","0/0","0/0","0/0","0/0","0/0","0/0","0/0","0/0","0/0","0/0","0/0","0/0","0/0","0/0","0/0","0/0","0/0","0/0","0/0","0/0","0/0","0/1","0/0","0/0","0/0","0/0","0/0","0/1","0/0","0/0","0/0","0/0","0/0","0/0","0/1","0/0","0/0","0/0","0/0","0/0","0/0","0/1","0/0","0/0","0/0","0/0","0/0","0/0","0/0","0/0","0/1","0/0","0/0","0/0","0/0","0/0","0/0","0/0","0/1","0/0","0/0","0/0","0/0","0/0","0/0","0/0","0/0","0/0","0/0","0/0","0/0","0/0","0/1","0/0","0/1","0/0","0/0","0/0","0/0","0/0","0/0","0/0","0/0","0/1","0/0","0/0","0/0","0/0","0/1","0/1","0/0","0/0","0/1","0/0","0/0","0/0","0/0","0/1","0/0","0/0","0/0","0/0","0/0","0/0","0/0","0/0","0/0","0/0","0/0","0/0"
"chr7:100680228_CAGTCAGTTCATCTCCTACACCTGCTGAAGGTACCAGCATAGCAACCTCAACGCCTAGTGAAGGAAGCACTGCATTAACAAGTATACCTGTCAGCACCACAACAGTGGCCAGTTCTGAAACCAACACCCTTTCAACAACTCCCGCTGTCACCAGCACACCTGTGACCACTTATGCTCA/AAGTCAGTTCATCTCCTACACCTGCTGAAGGTACCAGCATAGCAACCTCAACGCCTAGTGAAGGAAGCACTGCATTAACAAGTATACCTGTCAGCACCACAACAGTGGCCAGTTCTGAAACCAACACCCTTTCAACAACTCCCGCTGTCACCAGCACACCTGTGACCACTTATGCTCA_MUC17","0/0","0/0","0/0","0/0","0/0","0/0","0/0","0/0","0/0","0/0","0/1","0/0","0/1","0/0","0/1","0/0","0/0","0/0","0/0","0/0","0/0","0/0","0/0","0/0","0/0","0/0","0/0","0/0","0/1","0/0","0/0","0/0","0/0","0/2","0/1","0/0","0/0","0/1","0/1","0/0","0/0","0/0","0/0","0/0","0/1","0/0","0/0","0/0","0/0","0/1","0/1","0/0","0/1","0/0","0/0","0/0","0/0","0/0","0/0","0/0","0/0","0/0","0/0","0/2","0/1","0/1","0/0","0/0","0/0","0/0","0/2","0/1","0/2","0/0","0/1","0/1","0/2","0/1","0/0","0/0","0/0","0/0","0/1","0/1","0/0","0/0","0/0","0/0","0/0","0/0","0/0","0/0","0/0","0/0","0/0","0/0","0/0","0/1","0/1","0/2","0/0","0/1","0/0","0/0","0/0","0/0","0/0","0/1","0/1","0/0","0/0","0/0","0/0","0/2","0/0","0/1","0/1","0/0","0/0","0/0","0/0","0/0","0/1","0/1","0/0","0/0","0/0","0/0","0/0","0/0","0/0","0/0","0/0","0/0","0/1","0/1","0/0","0/0","0/0","0/0","0/2","0/2","0/1","0/1","0/2","0/1","0/0","0/0","0/0","0/0","0/0","0/0","0/0"
"chr7:100680296_A/AC_MUC17","0/0","0/1","0/1","0/0","0/0","0/0","0/0","0/0","0/0","0/0","0/1","0/0","0/1","0/0","0/1","0/0","0/0","2/2","0/0","0/0","0/0","0/0","0/0","0/0","0/0","0/0","0/0","0/0","1/2","0/0","0/0","0/0","0/0","0/3","0/1","0/0","0/0","0/1","0/1","0/0","0/0","0/0","0/0","0/0","0/2","0/0","0/0","0/0","0/0","0/1","0/1","0/0","0/1","0/0","0/0","0/0","0/0","0/0","0/0","0/0","0/0","0/1","0/0","0/3","0/1","0/1","0/0","0/0","0/0","0/0","0/3","0/1","0/3","0/0","0/1","0/1","0/3","1/2","0/1","0/0","0/0","0/0","0/1","0/1","0/1","0/0","0/0","0/0","0/0","0/0","0/0","0/0","0/0","0/1","0/1","0/0","0/0","0/1","0/1","0/3","0/0","1/1","0/0","0/0","0/0","0/0","0/0","0/1","0/1","2/2","0/0","0/0","0/0","0/3","0/0","0/1","0/1","0/2","0/0","0/0","0/0","0/0","0/1","0/1","0/0","0/0","0/0","0/1","0/0","0/0","0/0","0/1","0/0","0/0","0/1","0/1","0/0","0/0","0/2","0/2","0/3","0/3","0/1","0/1","0/3","0/1","0/0","0/0","0/0","0/0","0/0","0/0","0/0"
"chr7:100696668_TG/T_MUC17","0/0","0/0","0/0","0/0","0/0","0/0","0/0","0/0","0/0","0/0","0/0","0/0","0/0","0/0","0/0","0/0","0/0","0/0","0/0","0/0","0/0","0/0","0/0","0/0","0/0","0/0","0/0","0/0","0/0","0/0","0/0","0/0","0/0","0/0","0/0","0/0","0/0","0/0","0/0","0/0","0/0","0/0","0/0","0/0","0/0","0/0","0/0","0/0","0/0","0/0","0/0","0/0","0/0","0/0","0/0","0/0","0/0","0/0","0/0","0/0","0/1","0/0","0/1","0/0","0/0","0/0","0/0","0/0","0/0","0/0","0/0","0/0","0/0","0/0","0/0","0/0","0/0","0/0","0/0","0/0","0/0","0/0","0/0","0/0","0/0","0/0","0/0","0/0","0/0","0/0","0/0","0/0","0/0","0/0","0/0","0/0","0/0","0/0","0/0","0/0","0/0","0/0","0/0","0/0","0/0","0/0","0/0","0/0","0/0","0/0","0/0","0/0","0/0","0/0","0/0","0/0","0/0","0/0","0/0","0/0","0/0","0/0","0/0","0/0","0/0","0/0","0/0","0/0","0/0","0/0","0/0","0/0","0/0","0/0","0/0","0/0","0/0","0/0","0/0","0/0","0/0","0/0","0/0","0/0","0/0","0/0","0/0","0/0","0/0","0/0","0/0","0/0","0/0"
"chr7:100815650_GGC/G_NAT16","0/0","0/0","0/0","0/0","0/0","0/0","0/0","0/0","0/0","0/0","0/0","0/0","0/0","0/0","0/0","0/0","0/0","0/0","0/0","0/0","0/0","0/0","0/0","0/0","0/0","0/0","0/0","0/0","0/0","0/0","0/0","0/1","0/0","0/0","0/0","0/0","0/0","0/0","0/0","0/0","0/0","0/0","0/0","0/0","0/0","0/0","0/0","0/0","0/0","0/0","0/0","0/0","0/0","0/0","0/0","0/0","0/0","0/0","0/0","0/0","0/0","0/0","0/0","0/0","0/0","0/0","0/0","0/0","0/0","0/0","0/0","0/0","0/0","0/0","0/0","0/0","0/0","0/0","0/0","0/0","0/0","0/0","0/0","0/0","0/0","0/0","0/0","0/0","0/0","0/0","0/0","0/0","0/0","0/0","0/0","0/0","0/0","0/0","0/0","0/0","0/0","0/0","0/0","0/0","0/0","0/0","0/0","0/0","0/0","0/0","0/0","0/0","0/0","0/0","0/0","0/0","0/0","0/0","0/0","0/0","0/0","0/0","0/0","0/0","0/0","0/0","0/0","0/0","0/0","0/0","0/0","0/0","0/0","0/0","0/0","0/0","0/0","0/0","0/0","0/0","0/0","0/0","0/0","0/0","0/0","0/0","0/0","0/0","0/0","0/0","0/0","0/0","0/0"
"chr7:101200669_A/AG_COL26A1","1/1","1/1","1/1","1/1","1/1","1/1","1/1","1/1","1/1","1/1","1/1","1/1","1/1","1/1","1/1","1/1","1/1","1/1","1/1","1/1","1/1","1/1","1/1","1/1","1/1","1/1","1/1","1/1","1/1","1/1","1/1","1/1","1/1","1/1","1/1","1/1","1/1","1/1","1/1","1/1","1/1","1/1","1/1","1/1","1/1","1/1","1/1","1/1","1/1","1/1","1/1","1/1","1/1","1/1","1/1","1/1","1/1","1/1","1/1","1/1","1/1","1/1","1/1","1/1","1/1","1/1","1/1","1/1","1/1","1/1","1/1","1/1","1/1","1/1","1/1","1/1","1/1","1/1","1/1","1/1","1/1","1/1","1/1","1/1","1/1","1/1","1/1","1/1","1/1","1/1","1/1","1/1","1/1","1/1","1/1","1/1","1/1","1/1","1/1","1/1","1/1","1/1","1/1","1/1","1/1","1/1","1/1","1/1","1/1","1/1","1/1","1/1","1/1","1/1","1/1","1/1","1/1","1/1","1/1","1/1","1/1","1/1","1/1","1/1","1/1","1/1","1/1","1/1","1/1","1/1","1/1","1/1","1/1","1/1","1/1","1/1","1/1","1/1","1/1","1/1","1/1","1/1","1/1","1/1","1/1","1/1","1/1","1/1","1/1","1/1","1/1","1/1","1/1"
"chr7:101892095_G/GGCCCCGCGGCCCCGA_CUX1","0/0","0/0","0/0","0/0","0/0","0/0","0/0","0/0","0/0","0/0","0/0","0/0","0/0","0/0","0/0","0/0","0/0","0/0","0/0","0/0","0/0","0/0","0/0","0/0","0/0","0/0","0/0","0/0","0/0","0/0","0/0","0/0","0/0","0/0","0/0","0/0","0/0","0/0","0/0","0/0","0/0","0/0","0/0","0/0","0/0","0/0","0/0","0/0","0/0","0/0","0/0","0/0","0/0","0/0","0/0","0/0","0/0","0/0","0/0","0/0","0/0","0/0","0/0","0/0","0/0","0/0","0/0","0/0","0/0","0/0","0/0","0/0","0/0","0/0","0/0","0/0","0/0","0/0","0/0","0/0","0/0","0/0","0/0","0/0","0/0","0/0","0/0","0/0","0/0","0/0","0/0","0/0","0/0","0/0","0/0","0/0","0/0","0/0","0/0","0/0","0/0","0/0","0/0","0/0","0/0","0/1","1/1","0/0","0/0","0/0","0/0","0/0","0/0","0/0","0/0","0/0","0/0","0/0","0/0","0/0","0/0","0/0","0/0","0/0","0/0","0/0","0/0","0/0","0/0","0/0","0/0","0/0","0/0","0/0","0/0","0/0","0/0","0/0","0/0","0/0","0/0","0/0","0/0","0/0","0/0","0/0","0/0","0/0","0/0","0/0","0/0","0/0","0/0"
"chr7:101892132_ACAG/A_CUX1","0/0","0/0","0/0","0/0","0/0","0/0","0/0","0/0","0/0","0/0","0/0","0/0","0/0","0/0","0/0","0/0","0/0","0/0","0/0","0/0","0/0","0/1","0/0","0/0","0/0","0/0","0/0","0/0","0/0","0/0","0/0","0/0","0/0","0/0","0/0","0/0","0/0","0/0","0/0","0/0","0/0","0/0","0/0","0/0","0/0","0/0","0/0","0/0","0/0","0/0","0/0","0/0","0/1","0/1","0/0","0/0","0/0","0/0","0/0","0/0","0/0","0/0","0/0","0/0","0/0","0/0","0/0","0/0","0/0","0/0","0/0","0/0","0/0","0/0","0/0","0/1","0/0","0/0","0/0","0/0","0/0","0/0","0/0","0/0","0/0","0/0","0/0","0/0","0/0","0/0","0/0","0/0","0/0","0/0","0/0","0/0","0/0","0/0","0/0","0/0","0/0","0/0","0/0","0/0","0/0","0/0","0/0","0/0","0/0","0/0","0/0","0/0","0/0","0/0","0/0","0/0","0/0","0/0","0/0","0/0","0/0","0/0","0/0","0/0","0/0","0/0","0/0","0/0","0/0","0/0","0/0","0/0","0/0","0/0","0/0","0/1","0/0","0/0","0/0","0/0","0/0","0/0","0/0","0/0","0/0","0/0","0/0","0/0","0/0","0/0","0/0","0/0","0/0"
"chr7:102108541_C/CGTCCCA_LRWD1","0/0","0/0","0/0","0/0","0/0","0/0","0/0","0/0","0/0","0/0","0/0","0/0","0/0","0/0","0/0","0/0","0/0","0/0","0/0","0/0","0/0","0/0","0/0","0/0","0/0","0/0","0/0","0/0","0/0","0/0","0/0","0/0","0/0","0/0","0/0","0/0","0/0","0/0","0/0","0/0","0/0","0/0","0/0","0/0","0/0","0/0","0/0","0/0","0/0","0/0","0/0","0/0","0/0","0/0","0/0","0/0","0/0","0/0","0/0","0/0","0/0","0/0","0/0","0/0","0/0","0/0","0/0","0/0","0/0","0/0","0/0","0/0","0/0","0/0","0/0","0/0","0/0","0/0","0/0","0/0","0/0","0/0","0/0","0/0","0/0","0/0","0/0","0/0","0/0","0/0","0/0","0/0","0/0","0/0","0/0","0/0","0/0","0/0","0/0","0/0","0/0","0/0","0/0","0/0","0/0","0/0","0/0","0/0","0/0","0/0","0/0","0/0","0/0","0/0","0/0","0/0","0/0","0/0","0/0","0/0","0/0","0/0","0/0","0/0","0/0","0/0","0/0","0/0","0/1","0/1","0/1","0/0","0/0","0/0","0/0","0/0","0/0","0/0","0/0","0/0","0/0","0/0","0/0","0/0","0/0","0/0","0/0","0/0","0/0","0/0","0/0","0/0","0/0"
"chr7:102137056_TGCCCTGG/T_RASA4B",".",".","0/0",".",".",".",".","0/0","0/0","0/0",".","0/0",".","0/0",".",".",".",".","0/0","0/0",".","0/0",".","0/0",".",".","0/0",".","0/0","0/0","0/0","0/0",".",".","0/0","0/0",".","0/0",".",".","0/0","0/0",".","0/0",".","0/0","0/0","0/0",".","0/0","0/0",".",".","0/0","0/0","0/0",".",".",".",".",".",".",".","0/0","0/0","0/0",".","0/0",".","0/0","0/0",".",".","0/0","0/0","1/1",".","0/0",".",".",".","0/0","0/0","0/0",".","0/0","0/0",".","0/0","0/0",".","0/0","0/0",".",".",".",".","0/0",".",".","0/0",".","0/0","0/0","0/0","0/0","0/0",".",".","0/0","0/0",".","0/0",".","0/0","0/0","0/0",".","0/0","0/0","0/0","0/0","0/0",".","0/0","0/0",".",".",".","0/0",".",".",".",".",".",".",".",".","0/0","0/0","0/0",".",".","0/0","0/0","0/0",".","0/0",".",".",".",".","0/0"
"chr7:102574999_TGAA/T_LRRC17","0/0","0/0","0/0","0/1","0/0","0/0","0/1","0/1","0/1","0/0","1/1","0/1","0/0","1/1","0/1","0/1","0/1","0/0","0/1","0/0","0/0","0/0","0/1","0/0","0/1","0/0","0/0","0/1","0/0","0/1","0/0","0/1","0/1","1/1","0/1","0/0","0/0","0/0","0/0","0/0","0/1","0/0","0/0","1/1","0/1","0/1","0/0","0/1","1/1","0/1","0/1","0/1","0/1","0/0","0/0","0/1","0/1","0/1","0/1","0/1","0/1","0/1","0/0","0/1","0/1","0/1","0/1","0/1","0/1","0/1","0/1","0/0","0/0","0/0","0/0","1/1","1/1","0/0","0/0","0/1","0/1","1/1","0/1","0/1","0/1","0/0","0/0","0/1","0/0","0/0","0/1","0/1","0/1","0/1","0/1","0/1","0/1","0/1","0/1","0/1","1/1","1/1","1/1","0/1","0/1","0/1","0/1","1/1","1/1","1/1","0/1","0/1","0/1","1/1","0/0","0/1","0/1","0/1","0/1","0/1","0/1","0/1","0/1","0/1","0/0","0/0","1/1","1/1","0/0","0/0","0/0","0/0","0/0","0/1","0/0","0/0","0/1","0/1","0/0","0/0","0/0","0/0","0/0","0/0","0/0","0/0","0/1","0/1","0/1","1/1","1/1","1/1","1/1"
"chr7:102584992_GA/G_LRRC17","0/0","0/0","0/0","0/0","0/0","0/0","0/0","0/0","0/0","0/0","0/0","0/0","0/0","0/0","0/0","0/0","0/0","0/0","0/0","0/0","0/0","0/0","0/0","0/0","0/0","0/0","0/0","0/0","0/0","0/0","0/0","0/0","0/0","0/0","0/0","0/0","0/0","0/0","0/0","0/0","0/0","0/0","0/0","0/0","0/0","0/0","0/0","0/0","0/0","0/0","0/0","0/0","0/0","0/0","0/0","0/0","0/0","0/0","0/0","0/0","0/0","0/0","0/0","0/0","0/0","0/0","0/0","0/0","0/0","0/0","0/0","0/0","0/0","0/0","0/0","0/0","0/0","0/0","0/0","0/0","0/0","0/0","0/0","0/0","0/0","0/0","0/0","0/0","0/0","0/0","0/0","0/0","0/0","0/0","0/0","0/0","0/0","0/0","0/0","0/0","0/0","0/0","0/0","0/0","0/0","0/0","0/0","0/0","0/0","0/0","0/0","0/0","0/0","0/0","0/0","0/0","0/0","0/0","0/0","0/0","0/0","0/0","0/0","0/0","0/0","0/1","0/0","0/0","0/0","0/0","0/0","0/0","0/0","0/0","0/0","0/0","0/0","0/0","0/0","0/0","0/0","0/0","0/0","0/0","0/0","0/0","0/0","0/0","0/0","0/0","0/0","0/0","0/0"
"chr7:103393641_GCA/G_RELN","0/0","0/0","0/0","0/0","0/0","0/0","0/0","0/0","0/0","0/0","0/0","0/0","0/0","0/0","0/0","0/0","0/0","0/0","0/0","0/0","0/0","0/0","0/0","0/0","0/0","0/0","0/0","0/0","0/0","0/0","0/0","0/0","0/0","0/0","0/0","0/0","0/0","0/0","0/0","0/0","0/0","0/0","0/0","0/0","0/0","0/0","0/0","0/0","0/0","0/0","0/0","0/0","0/0","0/0","0/0","0/0","0/0","0/0","0/0","0/0","0/0","0/0","0/0","0/0","0/0","0/0","0/0","0/0","0/0","0/0","0/0","0/0","0/0","0/0","0/0","0/0","0/0","0/0","0/0","0/0","0/0","0/0","0/0","0/0","0/0","0/0","0/0","0/0","0/0","0/0","0/0","0/0","0/0","0/0","0/0","0/0","0/0","0/0","0/0","0/0","0/0","0/0","0/0","0/0","0/0","0/0","0/0","0/0","0/0","0/0","0/0","0/0","0/0","0/0","0/0","0/0","0/0","0/0","0/0","0/0","0/0","0/1","0/0","0/0","0/0","0/0","0/0","0/0","0/0","0/0","0/0","0/0","0/0","0/0","0/0","0/0","0/0","0/0","0/0","0/0","0/0","0/0","0/0","0/0","0/0","0/0","0/0","0/0","0/0","0/0","0/0","0/0","0/0"
"chr7:105122809_GT/G_PUS7","0/0","0/0","0/0","0/0","0/0","0/0","0/0","0/0","0/0","0/0","0/0","0/0","0/0","0/0","0/0","0/0","0/0","0/0","0/0","0/0","0/0","0/0","0/0","0/0","0/0","0/0","0/0","0/0","0/0","0/0","0/0","0/0","0/0","0/0","0/0","0/0","0/1","0/0","0/0","0/0","0/0","0/0","0/0","0/0","0/0","0/0","0/0","0/0","0/0","0/0","0/0","0/0","0/0","0/0","0/0","0/0","0/0","0/0","0/0","0/0","0/0","0/0","0/0","0/0","0/0","0/0","0/0","0/0","0/0","0/0","0/0","0/0","0/0","0/0","0/0","0/0","0/0","0/0","0/0","0/0","0/0","0/0","0/0","0/0","0/0","0/0","0/0","0/0","0/0","0/0","0/0","0/0","0/0","0/0","0/0","0/0","0/0","0/0","0/0","0/0","0/0","0/0","0/0","0/0","0/0","0/0","0/0","0/0","0/0","0/0","0/0","0/0","0/0","0/0","0/0","0/0","0/0","0/0","0/0","0/0","0/0","0/0","0/0","0/0","0/0","0/0","0/0","0/0","0/0","0/0","0/0","0/0","0/0","0/0","0/0","0/0","0/0","0/0","0/0","0/0","0/0","0/0","0/0","0/0","0/0","0/0","0/0","0/0","0/0","0/0","0/0","0/0","0/0"
"chr7:105254801_AGAGGAG/AGAG_ATXN7L1","0/0","0/0","0/0","0/1","0/0","0/0","0/0","0/0","0/0","0/0","0/0","0/2","0/2","0/0","0/0","0/0","0/0","0/0","0/0","0/0","0/0","0/0","0/0","0/0","0/2","0/0","0/0","0/0","0/0","0/0","0/0","0/0","0/0","0/0","0/0","0/0","0/0","0/0","0/0","0/0","0/1","0/0","0/0","0/0","0/0","0/0","0/0","0/0","0/0","0/0","0/0","0/0","0/0","0/0","0/0","0/0","0/0","0/0","0/0","0/0","0/0","0/0","0/0","0/0","0/1","0/0","0/0","0/0","0/0","0/0","0/0","0/0","0/0","0/0","0/0","0/0","0/0","0/0","0/0","0/0","0/0","0/0","0/0","0/0","0/0","0/0","0/0","0/0","0/2","0/2","0/0","0/2","0/2","0/0","0/0","0/0","0/0","0/0","0/1","0/0","0/0","0/0","0/0","0/0","0/0","0/0","0/0","0/0","0/0","0/0","0/0","0/2","0/2","0/0","0/0","0/0","0/0","0/0","0/0","0/0","0/0","0/0","0/0","0/0","0/0","0/0","0/0","0/0","0/0","0/0","0/0","0/0","0/0","0/0","0/0","0/1","0/0","0/0","0/0","0/0","0/0","0/1","0/0","0/0","0/0","0/0","0/0","0/0","0/0","0/0","0/0","0/0","0/0"
"chr7:106826380_A/ATT_HBP1","0/0","0/0","0/0","0/0","0/0","0/0","0/0","0/0","0/0","0/0","0/0","0/0","0/0","0/0","0/0","0/0","0/0","0/0","0/0","0/1","0/0","0/0","0/0","0/0","0/0","0/0","0/0","0/0","0/0","0/0","0/0","0/0","0/0","0/0","0/0","0/1","0/0","0/0","0/1","0/0","0/0","0/0","0/0","0/0","0/0","0/0","0/1","0/0","0/0","0/0","0/0","0/0","0/0","0/0","0/0","0/0","0/0","0/0","0/0","0/0","0/0","0/0","0/0","0/0","0/0","0/0","0/0","0/0","0/0","0/0","0/0","0/0","0/0","0/0","0/0","0/0","0/0","0/0","0/0","0/0","0/0","0/0","0/0","0/0","0/0","0/0","0/0","0/0","0/0","0/0","0/0","0/1","0/1","0/0","0/0","0/0","0/0","0/0","0/0","0/0","0/0","0/0","0/0","0/0","0/0","0/0","0/0","0/0","0/0","0/0","0/0","0/0","0/0","0/1","0/0","0/0","0/0","0/0","0/0","0/0","0/0","0/0","0/0","0/0","0/0","0/0","0/1","0/1","0/0","0/0","0/0","0/0","0/0","0/0","0/0","0/0","0/0","0/0","0/1","0/1","0/1","0/0","0/0","0/0","0/0","0/0","0/0","0/0","0/0","0/0","0/0","0/0","0/0"
"chr7:106829813_CTT/C_HBP1","0/0","0/0","0/0","0/0","0/0","0/0","0/0","0/0","0/0","0/0","0/0","0/0","0/0","0/0","0/0","0/0","0/0","0/0","0/0","0/0","0/0","0/0","0/0","0/0","0/0","0/0","0/0","0/0","0/0","0/0","0/0","0/1","0/0","0/0","0/0","0/0","0/0","0/0","0/0","0/0","0/0","0/0","0/0","0/0","0/0","0/0","0/0","0/0","0/0","0/0","0/0","0/0","0/0","0/0","0/0","0/0","0/0","0/0","0/0","0/0","0/0","0/0","0/0","0/0","0/0","0/0","0/0","0/0","0/0","0/0","0/0","0/0","0/0","0/0","0/0","0/0","0/0","0/0","0/0","0/0","0/0","0/0","0/0","0/0","0/0","0/0","0/0","0/0","0/0","0/0","0/0","0/0","0/0","0/0","0/0","0/0","0/0","0/0","0/0","0/0","0/0","0/0","0/0","0/0","0/0","0/0","0/0","0/0","0/0","0/0","0/0","0/0","0/0","0/0","0/0","0/0","0/0","0/0","0/0","0/0","0/0","0/0","0/0","0/0","0/0","0/0","0/0","0/0","0/0","0/0","0/0","0/0","0/0","0/0","0/0","0/0","0/0","0/0","0/0","0/0","0/0","0/0","0/0","0/0","0/0","0/0","0/0","0/0","0/0","0/0","0/0","0/0","0/0"
"chr7:107546755_T/TA_DLD","0/0","0/0","0/0","0/0","0/0","0/0","0/0","0/0","0/0","0/0","0/0","0/0","0/0","0/0","0/0","0/0","0/0","0/0","0/0","0/0","0/0","0/0","0/0","0/0","0/0","0/0","0/0","0/0","0/0","0/0","0/0","0/0","0/0","0/0","0/0","0/0","0/1","0/0","0/0","0/0","0/0","0/0","0/0","0/0","0/0","0/0","0/0","0/0","0/0","0/0","0/0","0/0","0/0","0/0","0/0","0/0","0/0","0/0","0/0","0/0","0/0","0/0","0/0","0/0","0/0","0/0","0/0","0/0","0/0","0/0","0/0","0/0","0/0","0/0","0/0","0/0","0/0","0/0","0/0","0/0","0/0","0/0","0/0","0/0","0/0","0/0","0/0","0/0","0/0","0/0","0/0","0/0","0/0","0/0","0/0","0/0","0/0","0/0","0/0","0/0","0/0","0/0","0/0","0/0","0/0","0/0","0/0","0/0","0/0","0/0","0/0","0/0","0/0","0/0","0/0","0/0","0/0","0/0","0/0","0/0","0/0","0/0","0/0","0/0","0/0","0/0","0/0","0/0","0/0","0/0","0/0","0/0","0/0","0/0","0/0","0/0","0/0","0/0","0/0","0/0","0/0","0/0","0/0","0/0","0/0","0/0","0/0","0/0","0/0","0/0","0/0","0/0","0/0"
"chr7:112407793_TC/T_TMEM168","0/0","0/0","0/0","0/0","0/0","0/0","0/0","0/0","0/0","0/0","0/0","0/0","0/0","0/0","0/0","0/0","0/0","0/0","0/0","0/0","0/0","0/0","0/0","0/0","0/0","0/0","0/0","0/0","0/0","0/0","0/0","0/0","0/0","0/0","0/0","0/0","0/0","0/0","0/0","0/0","0/0","0/0","0/0","0/0","0/0","0/0","0/0","0/0","0/0","0/0","0/0","0/0","0/0","0/0","0/0","0/0","0/0","0/0","0/0","0/0","0/0","0/0","0/0","0/0","0/0","0/0","0/0","0/0","0/0","0/0","0/0","0/0","0/0","0/0","0/0","0/0","0/0","0/0","0/0","0/0","0/0","0/0","0/0","0/0","0/0","0/0","0/0","0/0","0/0","0/0","0/0","0/0","0/0","0/0","0/0","0/0","0/0","0/0","0/0","0/0","0/0","0/0","0/0","0/0","0/0","0/0","0/0","0/0","0/0","0/0","0/0","0/0","0/0","0/0","0/0","0/0","0/0","0/0","0/0","0/0","0/0","0/0","0/0","0/0","0/0","0/0","0/0","0/0","0/1","0/0","0/0","0/0","0/0","0/0","0/0","0/0","0/0","0/0","0/0","0/0","0/0","0/0","0/0","0/0","0/0","0/0","0/0","0/0","0/0","0/0","0/0","0/0","0/0"
"chr7:112423823_CA/C_TMEM168","0/0","0/0","0/0","0/0","0/0","0/0","0/0","0/0","0/0","0/0","0/0","0/0","0/0","0/0","0/0","0/0","0/0","0/0","0/0","0/0","0/0","0/0","0/0","0/0","0/0","0/0","0/0","0/0","0/0","0/0","0/0","0/0","0/0","0/0","0/0","0/0","0/1","0/0","0/0","0/0","0/0","0/0","0/0","0/0","0/0","0/0","0/0","0/0","0/0","0/0","0/0","0/0","0/0","0/0","0/0","0/0","0/0","0/0","0/0","0/0","0/0","0/0","0/0","0/0","0/0","0/0","0/0","0/0","0/0","0/0","0/0","0/0","0/0","0/0","0/0","0/0","0/0","0/0","0/0","0/0","0/0","0/0","0/0","0/0","0/0","0/0","0/0","0/0","0/0","0/0","0/0","0/0","0/0","0/0","0/0","0/0","0/0","0/0","0/0","0/0","0/0","0/0","0/0","0/0","0/0","0/0","0/0","0/0","0/0","0/0","0/0","0/0","0/0","0/0","0/0","0/0","0/0","0/0","0/0","0/0","0/0","0/0","0/0","0/0","0/0","0/0","0/0","0/0","0/0","0/0","0/0","0/0","0/0","0/0","0/0","0/0","0/0","0/0","0/0","0/0","0/0","0/0","0/0","0/0","0/0","0/0","0/0","0/0","0/0","0/0","0/0","0/0","0/0"
"chr7:114562638_AGAG/A_MDFIC","0/0","0/0","0/0","0/0","0/1","0/0","0/0","0/0","0/0","0/0","0/0","0/0","0/0","0/0","0/0","0/0","0/1","0/1","0/0","0/0","0/0","0/0","0/0","0/0","0/0","0/0","0/0","0/0","0/0","0/0","0/0","0/0","0/0","0/0","0/0","0/0","0/0","0/0","0/0","0/0","0/0","0/0","0/0","0/0","0/0","0/0","0/0","0/0","0/0","0/0","0/0","0/0","0/0","0/0","0/0","0/0","0/0","0/0","0/0","0/0","0/0","0/0","0/0","0/0","0/0","0/0","0/0","0/0","0/0","0/0","0/0","0/0","0/0","0/0","0/0","0/0","0/0","0/0","0/0","0/0","0/0","0/0","0/0","0/0","0/0","0/0","0/0","0/0","0/0","0/0","0/0","0/0","0/0","0/0","0/0","0/0","0/0","0/0","0/0","0/0","0/0","0/0","0/0","0/0","0/0","0/0","0/0","0/0","0/0","0/0","0/0","0/0","0/1","0/0","0/0","0/0","0/0","0/0","0/0","0/0","0/0","0/0","0/0","0/0","0/0","0/0","0/0","0/0","0/0","0/0","0/0","0/0","0/0","0/0","0/0","0/0","0/0","0/0","0/0","0/0","0/0","0/0","0/0","0/0","0/0","0/0","0/0","0/0","0/0","0/0","0/0","0/1","0/0"
"chr7:119914980_CT/C_KCND2","0/0","0/0","0/0","0/0","0/0","0/0","0/0","0/0","0/0","0/0","0/0","0/0","0/0","0/0","0/0","0/0","0/0","0/0","0/0","0/0","0/0","0/0","0/0","0/0","0/0","0/0","0/0","0/0","0/0","0/0","0/0","0/0","0/0","0/0","0/0","0/0","0/0","0/0","0/0","0/0","0/0","0/0","0/0","0/0","0/0","0/0","0/0","0/0","0/0","0/0","0/0","0/0","0/0","0/0","0/0","0/0","0/0","0/0","0/0","0/0","0/0","0/0","0/0","0/0","0/0","0/0","0/0","0/0","0/0","0/0","0/0","0/0","0/0","0/0","0/0","0/0","0/0","0/1","0/0","0/0","0/0","0/0","0/0","0/0","0/0","0/0","0/0","0/0","0/0","0/0","0/0","0/0","0/0","0/0","0/0","0/0","0/0","0/0","0/0","0/0","0/0","0/0","0/0","0/0","0/0","0/0","0/0","0/0","0/0","0/0","0/0","0/0","0/0","0/0","0/0","0/0","0/0","0/0","0/0","0/0","0/0","0/0","0/0","0/0","0/0","0/0","0/0","0/0","0/0","0/0","0/0","0/0","0/0","0/0","0/0","0/0","0/0","0/0","0/0","0/0","0/0","0/0","0/0","0/0","0/0","0/0","0/0","0/0","0/0","0/0","0/0","0/0","0/0"
"chr7:120971878_TG/T_WNT16","0/0","0/0","0/0","0/0","0/0","0/0","0/0","0/0","0/0","0/0","0/0","0/0","0/0","0/0","0/0","0/0","0/0","0/0","0/0","0/0","0/0","0/0","0/0","0/0","0/0","0/0","0/0","0/0","0/0","0/0","0/0","0/1","0/0","0/0","0/0","0/0","0/0","0/0","0/0","0/0","0/0","0/0","0/0","0/0","0/0","0/0","0/0","0/0","0/0","0/0","0/0","0/0","0/0","0/0","0/0","0/0","0/0","0/0","0/0","0/0","0/0","0/0","0/0","0/0","0/0","0/0","0/0","0/0","0/0","0/0","0/0","0/0","0/0","0/0","0/0","0/0","0/0","0/0","0/0","0/0","0/0","0/0","0/0","0/0","0/0","0/0","0/0","0/0","0/0","0/0","0/0","0/0","0/0","0/0","0/0","0/0","0/0","0/0","0/0","0/0","0/0","0/0","0/0","0/0","0/0","0/0","0/0","0/0","0/0","0/0","0/0","0/0","0/0","0/0","0/0","0/0","0/0","0/0","0/0","0/0","0/0","0/0","0/0","0/0","0/0","0/0","0/0","0/0","0/0","0/0","0/0","0/0","0/0","0/0","0/0","0/0","0/0","0/0","0/0","0/0","0/0","0/0","0/0","0/0","0/0","0/0","0/0","0/0","0/0","0/0","0/0","0/0","0/0"
"chr7:121653374_GTGA/G_PTPRZ1","0/0","0/0","0/0","0/1","0/0","0/0","0/0","0/0","0/0","0/0","0/1","0/0","0/0","0/0","0/1","0/0","0/1","0/0","0/1","0/1","0/0","0/0","0/1","0/0","0/0","0/1","0/1","0/1","0/0","0/0","0/0","0/1","0/1","0/0","0/1","0/1","1/1","1/1","0/1","0/1","0/0","0/1","0/1","0/0","0/1","1/1","0/1","0/1","0/0","1/1","0/1","0/0","0/0","0/1","0/1","1/1","0/1","0/1","0/0","0/0","0/1","0/1","0/0","0/0","0/0","0/0","0/1","0/1","0/1","0/1","0/0","0/0","0/0","0/1","0/1","0/0","0/0","0/1","0/1","0/1","0/1","0/1","0/1","0/0","0/0","0/1","0/1","1/1","0/1","0/1","0/0","0/1","0/1","0/0","0/0","0/0","1/1","0/0","0/0","0/0","0/0","0/1","0/0","0/0","0/0","1/1","1/1","0/0","0/0","0/1","0/1","0/0","0/0","1/1","0/1","1/1","1/1","0/1","0/0","0/1","0/0","0/0","1/1","0/1","0/1","0/1","1/1","1/1","0/1","0/1","0/1","0/1","0/1","0/0","0/1","0/1","0/0","0/0","0/1","0/1","0/1","0/1","0/1","0/1","0/1","0/1","1/1","1/1","1/1","0/1","0/1","0/1","0/1"
"chr7:123332838_C/CAGGAGG_WASL","0/0","0/0","0/0","0/0","0/0","0/0","0/0","0/0","0/0","0/0","0/0","0/0","0/0","0/0","0/0","0/0","0/0","0/0","0/0","0/0","0/0","0/0","0/0","0/0","0/0","0/0","0/0","0/0","0/0","0/0","0/0","0/0","0/0","0/0","0/0","0/0","0/0","0/0","0/0","0/0","0/0","0/0","0/0","0/0","0/0","0/0","0/0","0/0","0/0","0/0","0/0","0/0","0/0","0/0","0/0","0/0","0/0","0/0","0/0","0/0","0/0","0/0","0/0","0/0","0/0","0/0","0/0","0/0","0/0","0/0","0/0","0/0","0/0","0/0","0/0","0/0","0/0","0/0","0/0","0/0","0/0","0/0","0/0","0/1","0/1","0/0","0/0","0/0","0/0","0/0","0/0","0/0","0/0","0/0","0/0","0/0","0/0","0/0","0/0","0/0","0/0","0/0","0/0","0/0","0/0","0/0","0/0","0/0","0/0","0/0","0/0","0/0","0/0","0/0","0/0","0/0","0/0","0/0","0/0","0/0","0/0","0/0","0/0","0/0","0/0","0/0","0/0","0/0","0/0","0/0","0/0","0/0","0/0","0/0","0/0","0/0","0/0","0/0","0/0","0/0","0/0","0/0","0/0","0/0","0/0","0/0","0/0","0/0","0/0","0/0","0/0","0/0","0/0"
"chr7:128434430_GGAGGAA/G_CCDC136","0/0","0/0","0/0","0/0","0/0","0/0","0/0","0/0","0/0","0/0","0/0","0/0","0/0","0/0","0/0","0/0","0/1","0/0","0/1","0/0","0/0","0/0","0/1","0/0","0/0","0/0","0/0","0/0","0/0","0/0","0/0","0/0","0/0","0/1","0/0","0/0","0/0","0/0","0/1","0/0","0/0","0/0","0/0","0/0","0/0","0/0","0/0","0/0","0/0","0/0","0/0","0/0","0/0","0/0","0/0","0/0","0/0","0/0","0/0","0/0","0/0","0/0","0/0","0/0","0/0","0/0","0/0","0/0","0/0","0/0","0/0","0/1","0/1","0/0","0/0","0/0","0/0","0/0","0/0","0/0","0/0","0/0","0/0","0/0","0/0","0/0","0/0","0/0","0/0","0/0","0/1","0/0","0/0","0/0","0/0","0/1","0/0","0/0","0/0","0/0","0/0","0/0","0/0","0/0","0/0","0/0","0/0","0/0","0/0","0/0","0/0","0/0","0/0","0/0","0/0","0/0","0/0","0/0","0/0","0/0","0/0","0/0","0/0","0/0","0/0","0/0","0/0","0/0","0/0","0/0","0/0","0/0","0/0","0/0","0/0","0/0","0/0","0/0","0/0","0/0","0/0","0/0","0/0","0/0","0/0","0/0","0/0","0/0","0/0","0/0","0/0","0/0","0/0"
"chr7:128455825_AT/A_CCDC136","0/0","0/0","0/0","0/0","0/0","0/0","0/0","0/0","0/0","0/0","0/0","0/0","0/0","0/0","0/0","0/0","0/0","0/0","0/0","0/0","0/0","0/0","0/0","0/0","0/0","0/0","0/0","0/0","0/0","0/0","0/0","0/0","0/0","0/0","0/0","0/0","0/0","0/0","0/0","0/0","0/0","0/1","0/0","0/0","0/0","0/0","0/0","0/0","0/0","0/0","0/0","0/0","0/0","0/0","0/0","0/0","0/0","0/0","0/0","0/0","0/0","0/0","0/0","0/0","0/0","0/0","0/0","0/0","0/0","0/0","0/0","0/0","0/0","0/0","0/0","0/0","0/0","0/0","0/0","0/0","0/0","0/0","0/0","0/0","0/0","0/0","0/0","0/0","0/0","0/0","0/0","0/0","0/0","0/0","0/0","0/0","0/0","0/0","0/0","0/0","0/0","0/0","0/0","0/0","0/0","0/0","0/0","0/0","0/0","0/0","0/0","0/0","0/0","0/0","0/0","0/0","0/0","0/0","0/0","0/0","0/0","0/0","0/0","0/0","0/0","0/0","0/0","0/0","0/0","0/0","0/0","0/0","0/0","0/0","0/0","0/0","0/0","0/0","0/0","0/0","0/0","0/0","0/0","0/0","0/0","0/0","0/0","0/0","0/0","0/0","0/0","0/0","0/0"
"chr7:128533514_T/TC_KCP","1/1","1/1","1/1","1/1","1/1","1/1","1/1","1/1","1/1","1/1","1/1","1/1","1/1","1/1","1/1","1/1","1/1","1/1","1/1","1/1","1/1","1/1","1/1","1/1","1/1","1/1","1/1","1/1","1/1","1/1","1/1","1/1","1/1","1/1","1/1","1/1","1/1","1/1","1/1","1/1","1/1","1/1","1/1","1/1","1/1","1/1","1/1","1/1","1/1","1/1","1/1","1/1","1/1","1/1","1/1","1/1","1/1","1/1","1/1","1/1","1/1","1/1","1/1","1/1","1/1","1/1","1/1","1/1","1/1","1/1","1/1","1/1","1/1","1/1","1/1","1/1","1/1","1/1","1/1","1/1","1/1","1/1","1/1","1/1","1/1","1/1","1/1","1/1","1/1","1/1","1/1","1/1","1/1","1/1","1/1","1/1","1/1","1/1","1/1","1/1","1/1","1/1","1/1","1/1","1/1","1/1","1/1","1/1","1/1","1/1","1/1","1/1","1/1","1/1","1/1","1/1","1/1","1/1","1/1","1/1","1/1","1/1","1/1","1/1","1/1","1/1","1/1","1/1","1/1","1/1","1/1","1/1","1/1","1/1","1/1","1/1","1/1","1/1","1/1","1/1","1/1","1/1","1/1","1/1","1/1","1/1","1/1","1/1","1/1","1/1","1/1","1/1","1/1"
"chr7:128829074_C/CG_SMO","0/0","0/0","0/0","0/0","0/0","0/0","0/0","0/0","0/0","0/0","0/0","0/0","0/0","0/0","0/0","0/0","0/0","0/0","0/0","0/0","0/0","0/0","0/0","0/0","0/0","0/0","0/0","0/0","0/0","0/0","0/0","0/0","0/0","0/0","0/0","0/0","0/1","0/0","0/0","0/0","0/0","0/0","0/0","0/0","0/0","0/0","0/0","0/0","0/0","0/0","0/0","0/0","0/0","0/0","0/0","0/0","0/0","0/0","0/0","0/0","0/0","0/0","0/0","0/0","0/0","0/0","0/0","0/0","0/0","0/0","0/0","0/0","0/0","0/0","0/0","0/0","0/0","0/0","0/0","0/0","0/0","0/0","0/0","0/0","0/0","0/0","0/0","0/0","0/0","0/0","0/0","0/0","0/0","0/0","0/0","0/0","0/0","0/0","0/0","0/0","0/0","0/0","0/0","0/0","0/0","0/0","0/0","0/0","0/0","0/0","0/0","0/0","0/0","0/0","0/0","0/0","0/0","0/0","0/0","0/0","0/0","0/0","0/0","0/0","0/0","0/0","0/0","0/0","0/0","0/0","0/0","0/0","0/0","0/0","0/0","0/0","0/0","0/0","0/0","0/0","0/0","0/0","0/0","0/0","0/0","0/0","0/0","0/0","0/0","0/0","0/0","0/0","0/0"
"chr7:131241029_GGGCGACGGCGAC/GGGCGAC_PODXL","0/1","0/1","0/1","0/1","1/1","1/1","1/2","1/2","1/2","0/3","0/1","0/3","1/3","0/1","0/3","0/3","0/3","0/0","1/1","1/3","0/3","1/1","0/1","1/1","0/3","1/3","0/1","0/0","3/3","0/3","0/1","0/1","3/3","0/3","0/1","0/0","0/0","1/1","0/3","0/1","1/3","0/1","0/1","0/1","0/1","0/0","1/1","3/3","0/1","1/3","0/1","0/3","1/3","0/1","0/0","3/3","0/3","0/3","0/3","0/1","3/3","1/1","1/3","0/3","0/3","3/3","1/3","0/3","0/3","1/3","3/3","0/1","0/0","0/1","0/1","0/0","0/0","1/3","1/3","0/1","0/1","0/1","0/1","0/0","0/0","0/1","0/1","1/1","1/3","1/3","0/3","1/1","1/1","0/1","0/1","0/3","1/1","1/1","0/1","0/1","1/3","0/0","1/3","0/1","0/1","0/1","0/0","1/1","1/1","0/0","0/1","1/1","1/1","0/1","1/1","0/1","0/1","1/1","3/3","1/1","3/3","3/3","0/1","1/1","1/1","1/1","0/1","0/0","1/3","1/3","1/3","0/1","0/3","1/3","0/3","0/3","1/3","1/3","0/1","0/1","0/1","0/1","0/1","0/3","0/3","0/3","1/3","1/3","1/3","1/1","1/1","0/1","1/1"
"chr7:137612913_CTGG/C_CREB3L2","1/1","1/1","1/1","1/1","1/1","1/1","0/1","0/1","0/1","0/1","1/1","1/1","1/1","0/1","1/1","1/1","0/1","1/1","0/1","0/1","1/1","1/1","0/1","1/1","1/1","1/1","1/1","1/1","1/1","1/1","0/0","1/1","1/1","0/1","1/1","1/1","1/1","0/1","1/1","1/1","1/1","1/1","1/1","1/1","1/1","1/1","1/1","0/1","1/1","1/1","1/1","1/1","1/1","1/1","0/1","1/1","1/1","1/1","0/1","1/1","1/1","0/1","0/1","1/1","1/1","1/1","0/1","1/1","1/1","0/1","1/1","1/1","1/1","1/1","1/1","1/1","1/1","1/1","1/1","1/1","1/1","1/1","1/1","1/1","1/1","0/1","0/1","1/1","0/1","0/1","1/1","0/1","0/1","1/1","1/1","1/1","1/1","0/1","0/1","0/1","1/1","0/1","1/1","0/1","0/1","1/1","1/1","1/1","1/1","0/1","1/1","1/1","1/1","1/1","1/1","1/1","1/1","1/1","0/1","1/1","0/1","0/1","1/1","1/1","1/1","1/1","1/1","1/1","1/1","1/1","1/1","1/1","1/1","1/1","1/1","1/1","1/1","1/1","1/1","0/1","1/1","1/1","1/1","1/1","1/1","1/1","1/1","1/1","1/1","1/1","1/1","1/1","1/1"
"chr7:139094364_AAG/A_C7orf55-LUC7L2_LUC7L2","0/0","0/0","0/0","0/0","0/0","0/0","0/0","0/0","0/0","0/0","0/0","0/0","0/0","0/0","0/0","0/0","0/0","0/0","0/0","0/0","0/0","0/0","0/0","0/0","0/0","0/1","0/0","0/0","0/0","0/0","0/0","0/1","0/0","0/0","0/0","0/0","0/0","0/0","0/0","0/0","0/0","0/0","0/0","0/0","0/0","0/0","0/0","0/0","0/0","0/0","0/0","0/0","0/0","0/0","0/0","0/0","0/0","0/0","0/0","0/0","0/0","0/0","0/0","0/0","0/0","0/0","0/0","0/0","0/0","0/0","0/0","0/0","0/0","0/0","0/0","0/0","0/0","0/0","0/0","0/0","0/0","0/0","0/0","0/0","0/0","0/1","0/0","0/1","0/1","0/0","0/0","0/0","0/1","0/0","0/0","0/0","0/0","0/0","0/0","0/0","0/0","0/0","0/0","0/0","0/0","0/0","0/0","0/0","0/0","0/0","0/0","0/0","0/0","0/0","0/0","0/0","0/0","0/0","0/0","0/0","0/0","0/0","0/0","0/0","0/0","0/0","0/0","0/0","0/0","0/0","0/0","0/1","0/0","0/0","0/0","0/0","0/0","0/0","0/0","0/0","0/0","0/0","0/0","0/0","0/0","0/0","0/0","0/0","0/0","0/0","0/0","0/0","0/0"
"chr7:139661848_A/ACCAGC_TBXAS1","0/0","0/0","0/0","0/0","0/0","0/0","0/0","0/0","0/0","0/0","0/0","0/0","0/0","0/0","0/1","0/0","0/0","0/0","0/0","0/0","0/0","0/0","0/0","0/0","0/0","0/0","0/0","0/0","0/0","0/0","0/0","0/0","0/0","0/0","0/0","0/0","0/0","0/0","0/0","0/0","0/0","0/0","0/0","0/0","0/0","0/0","0/0","0/0","0/0","0/0","0/0","0/0","0/0","0/0","0/0","0/0","0/0","0/0","0/0","0/0","0/0","0/0","0/0","0/0","0/0","0/0","0/0","0/0","0/0","0/0","0/0","0/0","0/0","0/0","0/0","0/0","0/0","0/0","0/0","0/0","0/0","0/0","0/0","0/0","0/0","0/0","0/0","0/0","0/0","0/0","0/0","0/0","0/0","0/0","0/0","0/0","0/0","0/0","0/0","0/0","0/0","0/0","0/0","0/0","0/0","0/0","0/0","0/0","0/0","0/0","0/0","0/0","0/0","0/0","0/0","0/0","0/0","0/0","0/0","0/0","0/0","0/0","0/0","0/0","0/0","0/0","0/0","0/0","0/0","0/0","0/0","0/0","0/0","0/0","0/0","0/0","0/0","0/0","0/0","0/0","0/0","0/0","0/0","0/0","0/0","0/0","0/0","0/0","0/0","0/0","0/0","0/0","0/0"
"chr7:140624403_G/GCGGCGC_BRAF","0/0","0/0","0/0","0/0","0/0","0/0","0/0","0/0","0/0","0/0","0/0","0/0","0/0","0/0","0/0","0/0","0/0","0/0","0/0","0/0","0/1","0/0","0/0","0/0","0/0","0/0","0/0","0/0","0/0","0/0","0/0","0/0","0/0","0/0","0/0","0/0","0/0","0/0","0/0","0/0","0/0","0/0","0/0","0/0","0/0","0/0","0/0","0/0","0/0","0/0","0/0","0/0","0/0","0/0","0/0","0/0","0/0","0/0","0/0","0/0","0/0","0/0","0/0","0/0","0/0","0/0","0/0","0/0","0/0","0/0","0/0","0/0","0/0","0/0","0/0","0/0","0/0","0/0","0/0","0/0","0/0","0/0","0/0","0/0","0/0","0/0","0/0","0/0","0/0","0/0","0/0","0/0","0/0","0/0","0/0","0/0","0/0","0/0","0/0","0/0","0/0","0/0","0/0","0/0","0/0","0/0","0/0","0/0","0/0","0/0","0/0","0/0","0/0","0/0","0/0","0/0","0/0","0/0","0/0","0/0","0/0","0/0","0/0","0/0","0/0","0/0","0/0","0/0","0/0","0/0","0/0","0/0","0/0","0/0","0/0","0/0","0/0","0/0","0/0","0/0","0/0","0/0","0/0","0/0","0/0","0/0","0/0","0/0","0/0","0/0","0/0","0/0","0/0"
"chr7:143140930_GTCT/G_TAS2R60","0/1","0/1","0/1","0/0","0/0","0/0","0/0","0/0","0/0","0/0","0/0","0/0","0/0","0/0","0/0","0/0","0/0","0/1","0/0","0/0","0/0","0/0","0/0","0/0","0/0","0/0","0/0","0/0","0/0","0/0","0/1","0/0","0/0","0/0","0/0","0/0","0/0","0/0","0/0","0/0","0/1","0/0","0/0","0/0","0/0","0/0","0/0","0/0","0/0","0/0","0/0","0/0","0/0","0/0","0/0","0/0","0/0","0/0","0/0","0/0","0/0","0/0","0/0","0/0","0/0","0/0","1/1","0/0","0/0","1/1","0/0","0/0","0/0","0/0","0/0","0/1","0/1","0/0","0/0","0/0","0/0","0/0","0/0","0/1","0/1","0/1","0/1","0/1","0/0","0/0","0/1","0/0","0/0","0/1","0/1","0/1","0/1","0/0","0/0","0/0","0/0","0/0","0/0","0/0","0/0","0/0","0/0","0/1","0/1","0/0","0/0","0/0","0/0","0/1","0/1","0/0","0/0","0/0","0/0","0/0","0/0","0/0","0/0","0/0","0/1","0/1","0/1","0/1","0/0","0/0","0/0","0/0","0/0","0/0","0/0","0/0","0/0","0/0","0/0","0/0","0/0","0/0","0/0","0/1","0/1","0/1","0/0","0/0","0/0","0/1","0/1","0/1","0/1"
"chr7:143657158_TG/T_OR2F1","0/0","0/0","0/0","0/0","0/0","0/0","0/0","0/0","0/0","0/0","0/0","0/0","0/0","0/0","0/0","0/0","0/0","0/0","0/0","0/0","0/0","0/0","0/0","0/0","0/0","0/0","0/0","0/0","0/0","0/0","0/1","0/0","0/0","0/0","0/0","0/0","0/0","0/0","0/0","0/0","0/0","0/0","0/0","0/0","0/0","0/0","0/0","0/0","0/0","0/0","0/0","0/0","0/0","0/0","0/0","0/0","0/0","0/0","0/0","0/0","0/0","0/0","0/0","0/0","0/0","0/0","0/0","0/0","0/0","0/0","0/0","0/0","0/0","0/0","0/0","0/0","0/0","0/0","0/0","0/0","0/0","0/0","0/0","0/0","0/0","0/0","0/0","0/0","0/0","0/0","0/0","0/0","0/0","0/0","0/0","0/0","0/0","0/0","0/0","0/0","0/0","0/0","0/0","0/0","0/0","0/0","0/0","0/0","0/0","0/0","0/0","0/0","0/0","0/0","0/0","0/0","0/0","0/0","0/0","0/0","0/0","0/0","0/0","0/0","0/0","0/0","0/0","0/0","0/0","0/0","0/0","0/0","0/0","0/0","0/0","0/0","0/0","0/0","0/0","0/0","0/0","0/0","0/0","0/0","0/0","0/0","0/0","0/0","0/0","0/0","0/0","0/0","0/0"
"chr7:143826729_ACTT/A_OR2A14","0/0","0/0","0/0","1/1","1/1","1/1","1/1","1/1","1/1","0/1","1/1","1/1","1/1","1/1","0/1","1/1","0/1","0/1","1/1","1/1","0/0","1/1","0/1","0/1","0/1","1/1","0/0","0/1","1/1","1/1","1/1","1/1","1/1","0/0","0/1","1/1","0/1","1/1","1/1","0/0","0/1","1/1","0/1","1/1","1/1","0/0","1/1","0/1","0/1","1/1","1/1","0/1","0/0","1/1","0/0","0/1","0/1","0/1","1/1","0/1","0/1","0/1","1/1","1/1","1/1","0/0","0/1","1/1","1/1","0/1","0/0","1/1","1/1","1/1","1/1","1/1","1/1","1/1","1/1","0/1","0/1","1/1","1/1","1/1","1/1","1/1","1/1","1/1","0/1","0/1","1/1","1/1","1/1","1/1","1/1","1/1","1/1","1/1","1/1","1/1","0/1","0/1","0/1","0/1","0/1","1/1","1/1","0/1","0/1","0/1","1/1","1/1","1/1","0/1","0/1","0/1","0/1","1/1","0/1","1/1","0/1","0/1","0/1","1/1","0/1","0/1","0/1","0/1","1/1","1/1","1/1","1/1","1/1","1/1","1/1","1/1","1/1","1/1","0/1","0/1","0/1","1/1","1/1","1/1","1/1","1/1","0/1","0/1","0/1","1/1","1/1","1/1","1/1"
"chr7:148873601_CAAG/C_ZNF398","0/0","0/0","0/0","0/0","0/0","0/0","0/0","0/0","0/0","0/0","0/0","0/0","0/0","0/0","0/0","0/0","0/0","0/0","0/0","0/0","0/0","0/0","0/0","0/0","0/0","0/0","0/0","0/0","0/0","0/0","0/0","0/0","0/0","0/0","0/0","0/0","0/0","0/0","0/0","0/0","0/0","0/0","0/0","0/0","0/0","0/0","0/0","0/0","0/0","0/0","0/0","0/0","0/0","0/0","0/0","0/0","0/0","0/0","0/0","0/0","0/0","0/0","0/0","0/0","0/0","0/0","0/0","0/0","0/0","0/0","0/0","0/0","0/0","0/0","0/0","0/0","0/0","0/0","0/0","0/0","0/0","0/0","0/0","0/0","0/0","0/0","0/0","0/0","0/0","0/0","0/0","0/0","0/0","0/0","0/0","0/0","0/0","0/0","0/0","0/0","0/0","0/0","0/0","0/0","0/0","0/0","0/0","0/0","0/0","0/0","0/0","0/0","0/0","0/0","0/0","0/0","0/0","0/0","0/0","0/0","0/0","0/0","0/0","0/0","0/0","0/0","0/0","0/0","0/0","0/0","0/0","0/0","0/0","0/0","0/0","0/0","0/0","0/0","0/0","0/0","0/0","0/0","0/0","0/0","0/0","0/0","0/1","0/1","0/1","0/0","0/0","0/0","0/0"
"chr7:149171484_CCCG/C_ZNF746","0/0","0/0","0/0","0/0","0/0","0/0","0/0","0/0","0/0","0/0","0/0","0/0","0/0","0/0","0/0","0/0","0/0","0/0","0/0","0/0","0/0","0/0","0/0","0/0","0/0","0/0","0/0","0/0","0/0","0/0","0/0","0/0","0/0","0/0","0/0","0/0","0/0","0/0","0/0","0/0","0/0","0/0","0/0","0/0","0/0","0/0","0/0","0/0","0/0","0/0","0/0","0/0","0/0","0/0","0/0","0/0","0/0","0/0","0/0","0/0","0/0","0/0","0/0","0/0","0/0","0/0","0/0","0/0","0/0","0/0","0/0","0/0","0/0","0/0","0/0","0/0","0/0","0/0","0/0","0/0","0/0","0/0","0/0","0/0","0/0","0/0","0/0","0/0","0/0","0/0","0/0","0/1","0/1","0/0","0/0","0/0","0/0","0/0","0/1","0/1","0/0","0/0","0/0","0/0","0/0","0/0","0/0","0/0","0/0","0/0","0/0","0/0","0/0","0/0","0/0","0/0","0/0","0/0","0/0","0/0","0/0","0/0","0/0","0/0","0/0","0/0","0/0","0/0","0/0","0/0","0/0","0/0","0/0","0/0","0/0","0/0","0/0","0/0","0/0","0/0","0/0","0/0","0/0","0/0","0/0","0/0","0/0","0/0","0/0","0/0","0/0","0/0","0/0"
"chr7:149174772_GC/G_ZNF746","0/0","0/0","0/0","0/0","0/0","0/0","0/0","0/0","0/0","0/0","0/0","0/0","0/0","0/0","0/0","0/0","0/0","0/0","0/0","0/0","0/0","0/0","0/0","0/0","0/0","0/0","0/0","0/0","0/0","0/0","0/0","0/0","0/0","0/0","0/0","0/0","0/0","0/0","0/0","0/0","0/0","0/0","0/0","0/0","0/0","0/0","0/0","0/0","0/0","0/0","0/0","0/0","0/0","0/0","0/0","0/0","0/0","0/0","0/0","0/0","0/0","0/0","0/0","0/0","0/0","0/0","0/0","0/0","0/0","0/0","0/0","0/0","0/0","0/0","0/0","0/0","0/0","0/0","0/0","0/0","0/0","0/0","0/0","0/0","0/0","0/0","0/0","0/0","0/0","0/0","0/0","0/0","0/0","0/0","0/0","0/0","0/0","0/0","0/0","0/0","0/0","0/0","0/0","0/0","0/0","0/0","0/0","0/0","0/0","0/0","0/0","0/0","0/0","0/0","0/0","0/0","0/0","0/0","0/0","0/0","0/0","0/1","0/0","0/0","0/0","0/0","0/0","0/0","0/0","0/0","0/0","0/0","0/0","0/0","0/0","0/0","0/0","0/0","0/0","0/0","0/0","0/0","0/0","0/0","0/0","0/0","0/0","0/0","0/0","0/0","0/0","0/0","0/0"
"chr7:149426305_G/GC_KRBA1","1/1","1/1","1/1","1/1","1/1","1/1","1/1","1/1","1/1","1/1","1/1","1/1","1/1","1/1","1/1","1/1","1/1","1/1","1/1","1/1","1/1","1/1","1/1","1/1","1/1","1/1","1/1","1/1","1/1","1/1","1/1","1/1","1/1","1/1","1/1","1/1","1/1","1/1","1/1","1/1","1/1","1/1","1/1","1/1","1/1","1/1","1/1","1/1","1/1","1/1","1/1","1/1","1/1","1/1","1/1","1/1","1/1","1/1","1/1","1/1","1/1","1/1","1/1","1/1","1/1","1/1","1/1","1/1","1/1","1/1","1/1","1/1","1/1","1/1","1/1","1/1","1/1","1/1","1/1","1/1","1/1","1/1","1/1","1/1","1/1","1/1","1/1","1/1","1/1","1/1","1/1","1/1","1/1","1/1","1/1","1/1","1/1","1/1","1/1","1/1","1/1","1/1","1/1","1/1","1/1","1/1","1/1","1/1","1/1","1/1","1/1","0/1","1/1","1/1","1/1","1/1","1/1","1/1","1/1","1/1","1/1","1/1","1/1","1/1","1/1","1/1","1/1","1/1","1/1","1/1","1/1","1/1","1/1","1/1","1/1","1/1","1/1","1/1","1/1","1/1","1/1","1/1","1/1","1/1","1/1","1/1","1/1","1/1","1/1","1/1","1/1","1/1","1/1"
"chr7:149503916_GGATA/G_SSPO","0/1","0/1","0/1","0/0","0/0","0/0","1/1","1/1","1/1","0/1","0/1","0/0","0/1","0/0","0/1","0/0","0/1","0/0","0/1","0/0","0/0","0/0","0/1","0/1","0/0","0/0","0/1","0/0","0/0","0/0","0/1","0/0","0/0","0/0","0/1","0/0","0/0","0/1","0/0","0/0","0/1","0/0","0/0","0/0","0/0","0/1","0/1","0/0","1/1","0/0","0/0","0/1","0/0","0/0","0/1","0/0","0/1","0/0","0/0","0/0","0/0","0/1","0/1","0/0","0/0","0/0","0/0","0/0","0/0","0/0","0/0","0/0","0/0","0/0","0/0","0/0","0/0","0/0","0/0","0/1","0/1","0/0","0/0","0/0","0/0","0/1","0/1","0/0","0/1","0/1","0/1","0/1","0/1","0/0","0/0","0/1","0/0","0/0","0/0","0/0","0/0","0/1","0/0","0/0","0/0","0/1","0/1","0/0","0/0","0/1","0/0","0/0","0/0","0/0","0/0","0/0","0/0","0/1","0/0","0/1","0/0","0/0","0/0","0/1","0/0","0/0","0/0","0/0","0/1","0/1","0/1","0/0","0/0","0/1","0/0","0/0","0/1","0/1","0/0","0/0","0/0","0/0","0/0","0/0","0/0","0/0","0/0","0/0","0/0","0/0","0/0","0/0","0/0"
"chr7:149506211_G/GC_SSPO","1/1","1/1","1/1","1/1","1/1","1/1","1/1","1/1","1/1","1/1","1/1","1/1","1/1","1/1","1/1","1/1","1/1","1/1","1/1","1/1","1/1","1/1","1/1","1/1","1/1","1/1","1/1","1/1","1/1","1/1","1/1","1/1","1/1","1/1","1/1","1/1","1/1","1/1","1/1","1/1","1/1","1/1","1/1","1/1","1/1","1/1","1/1","1/1","1/1","1/1","1/1","1/1","1/1","1/1","1/1","1/1","1/1","1/1","1/1","1/1","1/1","1/1","1/1","1/1","1/1","1/1","1/1","1/1","1/1","1/1","1/1","1/1","1/1","1/1","1/1","1/1","1/1","1/1","1/1","1/1","1/1","1/1","1/1","1/1","1/1","1/1","1/1","1/1","1/1","1/1","1/1","1/1","1/1","1/1","1/1","1/1","1/1","1/1","1/1","1/1","1/1","1/1","1/1","1/1","1/1","1/1","1/1","1/1","1/1","1/1","1/1","1/1","1/1","1/1","1/1","1/1","1/1","1/1","1/1","1/1","1/1","1/1","1/1","1/1","1/1","1/1","1/1","1/1","1/1","1/1","1/1","1/1","1/1","1/1","1/1","1/1","1/1","1/1","1/1","1/1","1/1","1/1","1/1","1/1","1/1","1/1","1/1","1/1","1/1","1/1","1/1","1/1","1/1"
"chr7:149518532_TC/T_SSPO","0/0","0/0","0/0","0/0","0/0","0/0","0/1","0/1","0/1","1/1","0/1","0/0","0/1","0/0","1/1","0/0","0/1","0/0","0/1","0/0","0/0","0/0","0/1","0/1","0/0","0/0",".","0/0","0/0","0/0","0/1","0/0","0/0","0/0","0/0","0/0","0/0","0/1","0/0","0/0","0/1","0/0","0/0","0/0","0/0","1/1","0/1","0/0","1/1","0/0","0/0","0/1","0/0","0/0","0/1","0/0","0/1","0/0","0/0","0/0","0/0","0/1","0/0","0/0","0/0","0/0","0/0","0/0","0/0","0/0","0/0","0/0","0/0","0/0","0/0","0/0","0/0","0/0","0/0","0/1","0/0","0/0","0/0","0/0","0/0","0/1","0/1","0/0","0/1","0/1","0/1","0/0","0/0","0/0","0/0","0/1","0/0","0/0","0/0","0/0","0/0","0/1","0/0","0/0","0/0","0/1","0/1","0/0","0/0","0/0","0/0","0/0","0/0","0/0","0/0","0/0","0/0","0/1","0/0","0/1","0/0","0/0","0/0","0/1","0/0","0/0","0/0","0/0","0/1","0/1","0/1","0/0","0/0","0/1","0/0","0/0","0/1","0/1","0/0","0/0","0/0","0/0","0/0","0/0","0/0","0/0","0/0","0/0","0/0","0/0","0/0","0/0","0/0"
"chr7:150028157_GC/G_ZBED6CL","0/1","0/1","0/1","0/0","0/0","0/0","0/0","0/0","0/0","0/0","0/0","0/0","0/0","0/0","0/0","0/0","1/1","0/0","0/0","0/0","0/0","0/1","1/1","0/0","0/0","0/0","0/0","0/1","0/0","0/0","0/1","0/0","0/1","0/0","0/0","0/0","0/0","0/1","0/0","0/0","0/1","0/0","0/0","0/0","0/0","0/0","0/1","0/0","0/0","0/1","0/0","0/0","0/0","0/0","0/1","0/0","0/0","0/1","0/0","0/0","0/1","0/0","0/0","0/0","0/0","0/0","0/0","0/0","0/0","0/0","0/0","0/0","0/0","0/0","0/0","0/0","0/0","0/0","0/0","0/0","0/0","0/1","0/0","0/1","0/1","0/1","0/1","0/1","0/0","0/0","0/0","0/1","0/1","0/1","0/1","0/0","0/1","0/0","0/0","0/0","0/1","0/1","0/1","0/0","0/0","0/0","0/0","0/1","0/1","0/1","0/0","0/0","0/0","0/0","0/0","0/0","0/0","0/0","0/1","0/0","0/1","0/1","0/0","0/0","0/0","0/0","0/0","0/0","0/0","0/0","0/0","0/0","0/0","0/1","0/0","0/0","0/1","0/1","0/0","0/0","0/0","0/0","0/0","0/0","0/0","0/0","0/0","0/0","0/0","0/0","0/0","0/0","0/0"
"chr7:150713028_TG/T_ATG9B","0/0","0/0","0/0","0/0","0/0","0/0","0/0","0/0","0/0","0/0","0/0","0/0","0/0","0/0","0/0","0/0","0/0","0/0","0/0","0/0","0/0","0/0","0/0","0/0","0/0","0/0","0/0","0/0","0/0","0/0","0/0","0/0","0/0","0/0","0/0","0/0","0/0","0/0","0/0","0/0","0/0","0/0","0/0","0/0","0/0","0/0","0/0","0/0","0/0","0/0","0/0","0/0","0/0","0/0","0/0","0/0","0/0","0/0","0/0","0/0","0/0","0/0","0/0","0/0","0/0","0/0","0/0","0/0","0/0","0/0","0/0","0/0","0/0","0/0","0/0","0/0","0/0","0/0","0/0","0/0","0/0","0/0","0/0","0/0","0/0","0/0","0/0","0/0","0/0","0/0","0/0","0/0","0/0","0/0","0/0","0/0","0/0","1/1","0/0","0/0","0/0","0/0","0/0","0/0","0/0","0/0","0/0","0/0","0/0","0/0","0/0","0/0","0/0","0/0","0/0","0/0","0/0","0/0","0/0","0/0","0/0","0/0","0/0","0/0","0/0","0/0","0/0","0/0","0/0","0/0","0/0","0/0","0/0","0/0","0/0","0/0","0/0","0/0","0/0","0/0","0/0","0/0","0/0","0/0","0/0","0/0","0/0","0/0","0/0","0/0","0/0","0/0","0/0"
"chr7:150713299_CCTG/C_ATG9B","0/0","0/0","0/0","0/0","0/0","0/0","0/0","0/0","0/0","0/0","0/0","0/0","0/0","0/0","0/0","0/0","0/0","0/0","0/0","0/0","0/0","0/0","0/0","0/1","0/0","0/0","0/0","0/0","0/0","0/0","0/0","0/0","0/0","0/0","0/0","0/0","0/0","0/0","0/0","0/0","0/0","0/0","0/0","0/0","0/0","0/0","0/0","0/0","0/0","0/0","0/0","0/0","0/0","0/0","0/0","0/0","0/0","0/0","0/0","0/0","0/0","0/0","0/0","0/0","0/0","0/0","0/0","0/0","0/0","0/0","0/0","0/0","0/0","0/0","0/0","0/0","0/0","0/0","0/0","0/0","0/0","0/0","0/0","0/1","0/0","0/0","0/0","0/0","0/0","0/0","0/0","0/0","0/0","0/0","0/0","0/0","0/0","0/0","0/0","0/0","0/0","0/0","0/0","0/0","0/0","0/0","0/0","0/0","0/0","0/0","0/0","0/0","0/0","0/0","0/0","0/0","0/0","0/0","0/0","0/0","0/0","0/0","0/0","0/0","0/0","0/0","0/0","0/0","0/0","0/0","0/0","0/0","0/1","0/0","0/0","0/0","0/0","0/0","0/0","0/0","0/0","0/0","0/0","0/0","0/0","0/0","0/0","0/0","0/0","0/0","0/0","0/0","0/0"
"chr7:150713902_G/GC_ATG9B","1/1","1/1","1/1","1/1","1/1","1/1","1/1","1/1","1/1","1/1","1/1","1/1","1/1","1/1","1/1","1/1","1/1","1/1","1/1","1/1","1/1","1/1","1/1","1/1","1/1","1/1","1/1","1/1","1/1","1/1","1/1","1/1","1/1","1/1","1/1","1/1","1/1","1/1","1/1","1/1","1/1","1/1","1/1","1/1","1/1","1/1","1/1","1/1","1/1","1/1","1/1","1/1","1/1","1/1","1/1","1/1","1/1","1/1","1/1","1/1","1/1","1/1","1/1","1/1","1/1","1/1","1/1","1/1","1/1","1/1","1/1","1/1","1/1","1/1","1/1","1/1","1/1","1/1","1/1","1/1","1/1","1/1","1/1","1/1","1/1","1/1","1/1","1/1","1/1","1/1","1/1","1/1","1/1","1/1","1/1","1/1","1/1","1/1","1/1","1/1","1/1","1/1","1/1","1/1","1/1","1/1","1/1","1/1","1/1","1/1","1/1","1/1","1/1","1/1","1/1","1/1","1/1","1/1","1/1","1/1","1/1","1/1","1/1","1/1","1/1","1/1","1/1","1/1","1/1","1/1","1/1","1/1","1/1","1/1","1/1","1/1","1/1","1/1","1/1","1/1","1/1","1/1","1/1","1/1","1/1","1/1","1/1","1/1","1/1","1/1","1/1","1/1","1/1"
"chr7:150716445_ACC/A_ATG9B","0/0","0/0","0/0","0/0","0/0","0/0","0/0","0/0","0/0","0/0","0/0","0/0","0/0","0/0","0/0","0/0","0/0","0/0","0/0","0/0","0/0","0/0","0/0","0/0","0/0","0/0","0/0","0/0","0/0","0/0","0/0","0/0","0/0","0/0","0/0","0/0","0/0","0/0","0/0","0/0","0/0","0/0","0/0","0/0","0/0","0/0","0/0","0/0","0/0","0/0","0/0","0/0","0/0","0/0","0/1","0/0","0/0","0/0","0/0","0/0","0/0","0/0","0/0","0/0","0/0","0/0","0/0","0/0","0/0","0/0","0/0","0/0","0/0","0/0","0/0","0/0","0/0","0/0","0/0","0/0","0/0","0/0","0/0","0/0","0/0","0/0","0/0","0/0","0/0","0/0","0/0","0/0","0/0","0/0","0/0","0/0","0/0","0/0","0/0","0/0","0/0","0/0","0/0","0/0","0/0","0/0","0/0","0/0","0/0","0/0","0/0","0/0","0/0","0/0","0/0","0/0","0/0","0/0","0/0","0/0","0/0","0/0","0/0","0/0","0/0","0/0","0/0","0/0","0/0","0/0","0/0","0/0","0/0","0/0","0/0","0/0","0/0","0/0","0/0","0/0","0/0","0/0","0/0","0/0","0/0","0/0","0/0","0/0","0/0","0/0","0/0","0/0","0/0"
"chr7:150747933_CCCCCAG/C_ASIC3","0/0","0/0","0/0","0/1","0/0","0/0","0/0","0/0","0/0","0/0","0/0","0/1","0/0","0/1","0/0","0/0","0/0","0/0","0/0","0/0","0/0","0/0","0/0","0/0","0/0","0/0","0/1","0/1","0/0","0/0","0/0","0/0","0/0","0/0","0/1","0/0","0/0","0/0","0/0","0/0","0/1","0/1","0/1","0/0","0/0","0/0","0/0","0/0","0/0","0/0","0/0","0/0","0/0","0/0","0/0","0/0","0/0","0/0","0/0","0/0","0/0","0/0","0/0","0/1","0/1","0/0","0/0","0/0","0/0","0/0","0/0","0/1","0/1","0/0","0/0","0/0","0/0","0/0","0/0","0/0","0/0","0/0","0/0","0/0","0/0","0/0","0/0","0/0","0/0","0/0","0/0","0/0","0/0","0/1","0/1","0/0","0/0","0/0","0/0","0/0","0/0","0/0","0/0","0/0","0/0","0/0","0/0","0/0","0/0","0/0","0/1","0/0","0/0","0/0","0/0","0/0","0/0","0/0","0/0","0/0","0/0","0/0","0/0","0/0","0/0","0/0","0/0","0/0","0/0","0/0","0/0","0/0","0/0","0/0","0/0","0/0","0/0","0/0","0/0","0/0","0/0","0/0","0/0","0/0","0/0","0/0","0/0","0/0","0/0","0/0","0/0","0/0","0/0"
"chr7:150783900_C/CG_AGAP3","1/1","1/1","1/1","1/1","1/1","0/0","0/0","1/1","1/1","1/1","1/1","1/1","1/1","1/1","1/1","1/1","1/1","1/1","1/1","1/1","1/1","1/1","1/1","1/1","1/1","1/1","1/1","1/1","1/1","1/1","1/1","1/1","1/1","1/1","1/1","1/1","1/1","1/1","1/1","1/1","1/1","1/1","1/1","1/1","1/1","1/1","1/1","1/1","1/1","1/1","1/1","1/1","1/1","1/1","1/1","1/1","1/1","1/1","1/1","1/1","1/1","1/1","1/1","1/1","1/1","1/1","1/1","1/1","1/1","1/1","0/1","1/1","1/1","1/1","1/1","1/1","1/1","1/1","1/1","1/1","1/1","1/1","1/1","1/1","1/1","1/1","1/1","1/1","1/1","1/1","1/1","1/1","1/1","1/1","1/1","1/1","1/1","1/1","1/1","1/1","1/1","1/1","1/1","1/1","1/1","1/1","1/1","1/1","1/1","1/1","1/1","1/1","1/1","0/1","1/1","1/1","1/1","1/1","1/1","1/1","1/1","1/1","1/1","1/1","1/1","1/1","0/1","0/1","1/1","1/1","1/1","1/1","1/1","1/1","1/1","1/1","1/1","1/1","1/1","1/1","1/1","1/1","1/1","1/1","1/1","1/1","1/1","1/1","1/1","1/1","1/1","1/1","1/1"
"chr7:150783908_C/CG_AGAP3","1/1","1/1","1/1","1/1","1/1",".",".","1/1","1/1","1/1","1/1","1/1","1/1","1/1","1/1","1/1","1/1","1/1","1/1","1/1","1/1","1/1","1/1","1/1","1/1","1/1","1/1","1/1","1/1","1/1","1/1","1/1","1/1","1/1","1/1","1/1","1/1","1/1","1/1","1/1","1/1","1/1","1/1","1/1","1/1","1/1","1/1","1/1","1/1","1/1","1/1","1/1","1/1","1/1","1/1","1/1","1/1","1/1","1/1","1/1","1/1","1/1","1/1","1/1","1/1","1/1","1/1","1/1","1/1","1/1","1/1","1/1","1/1","1/1","1/1","1/1","1/1","1/1","1/1","1/1","1/1","1/1","1/1","1/1","1/1","1/1","1/1","1/1","1/1","1/1","1/1","1/1","1/1","1/1","1/1","1/1","1/1","1/1","1/1","1/1","1/1","1/1","1/1","1/1","1/1","1/1","1/1","1/1","1/1","1/1","1/1","1/1","1/1","0/1","1/1","1/1","1/1","1/1","1/1","1/1","1/1","1/1","1/1","1/1","1/1","1/1","0/1","0/1","1/1","1/1","1/1","1/1","1/1","1/1","1/1","1/1","1/1","1/1","1/1","1/1","1/1","1/1","1/1","1/1","1/1","1/1","1/1","1/1","1/1","1/1","1/1","1/1","1/1"
"chr7:150783909_GCA/G_AGAP3",".",".",".",".",".",".",".",".",".",".",".",".",".",".",".",".",".",".",".",".",".","0/0",".",".",".",".",".",".",".",".",".",".",".",".",".",".",".",".",".",".",".",".",".",".",".",".",".",".",".",".",".",".",".",".",".",".",".",".",".",".",".",".",".",".",".",".",".",".",".",".",".",".",".",".",".",".",".",".",".",".",".",".",".",".",".",".",".",".",".",".",".",".",".",".",".",".",".",".",".",".",".",".",".",".",".",".",".",".",".",".",".",".",".","0/1",".",".",".",".",".",".",".",".",".",".",".",".","0/1","0/1",".",".",".",".",".",".",".",".",".",".",".",".",".",".",".",".",".",".",".",".",".",".",".",".","."
"chr7:150783919_GTCT/G_AGAP3","1/1","1/1","1/1","1/1","1/1","0/0","0/0","1/1","1/1","1/1","1/1","1/1","1/1","1/1","1/1","1/1","1/1","1/1","1/1","1/1","1/1","1/1","1/1","1/1","1/1","1/1","1/1","1/1","1/1","1/1","1/1","1/1","1/1","1/1","1/1","1/1","1/1","1/1","1/1","1/1","1/1","1/1","1/1","1/1","1/1","1/1","1/1","1/1","1/1","1/1","1/1","1/1","1/1","1/1","1/1","1/1","1/1","1/1","1/1","1/1","1/1","1/1","1/1","1/1","1/1","1/1","1/1","1/1","1/1","1/1","1/1","1/1","1/1","1/1","1/1","1/1","1/1","1/1","1/1","1/1","1/1","1/1","1/1","1/1","1/1","1/1","1/1","1/1","1/1","1/1","1/1","1/1","1/1","1/1","1/1","1/1","1/1","1/1","1/1","1/1","1/1","1/1","1/1","1/1","1/1","1/1","1/1","1/1","1/1","1/1","1/1","1/1","1/1","1/1","1/1","1/1","1/1","1/1","1/1","1/1","1/1","1/1","1/1","1/1","1/1","1/1","1/1","1/1","1/1","1/1","1/1","1/1","1/1","1/1","1/1","1/1","1/1","1/1","1/1","1/1","1/1","1/1","1/1","1/1","1/1","1/1","1/1","1/1","1/1","1/1","1/1","1/1","1/1"
"chr7:150783922_T/TGGGG_AGAP3","1/1","1/1","1/1","1/1","1/1",".",".","1/1","1/1","1/1","1/1","1/1","1/1","1/1","1/1","1/1","1/1","1/1","1/1","1/1","1/1","1/1","1/1","1/1","1/1","1/1","1/1","1/1","1/1","1/1","1/1","1/1","1/1","1/1","1/1","1/1","1/1","1/1","1/1","1/1","1/1","1/1","1/1","1/1","1/1","1/1","1/1","1/1","1/1","1/1","1/1","1/1","1/1","1/1","1/1","1/1","1/1","1/1","1/1","1/1","1/1","1/1","1/1","1/1","1/1","1/1","1/1","1/1","1/1","1/1","1/1","1/1","1/1","1/1","1/1","1/1","1/1","1/1","1/1","1/1","1/1","1/1","1/1","1/1","1/1","1/1","1/1","1/1","1/1","1/1","1/1","1/1","1/1","1/1","1/1","1/1","1/1","1/1","1/1","1/1","1/1","1/1","1/1","1/1","1/1","1/1","1/1","1/1","1/1","1/1","1/1","1/1","1/1","1/1","1/1","1/1","1/1","1/1","1/1","1/1","1/1","1/1","1/1","1/1","1/1","1/1","1/1","1/1","1/1","1/1","1/1","1/1","1/1","1/1","1/1","1/1","1/1","1/1","1/1","1/1","1/1","1/1","1/1","1/1","1/1","1/1","1/1","1/1","1/1","1/1","1/1","1/1","1/1"
"chr7:150892684_T/TC_IQCA1L","1/1","1/1","1/1","0/0","0/0","0/0","0/1","0/1","0/1","1/1","1/1","1/1","1/1","0/1","1/1","1/1",".","1/1","0/1","0/0","1/1","1/1","0/1","0/0","1/1",".",".","0/0","1/1","0/1","1/1","1/1","0/0","1/1","1/1","0/1",".","1/1","1/1",".","0/1","1/1","1/1","0/0","1/1",".","0/0","1/1","1/1",".","1/1","1/1","0/1","0/1","1/1","1/1","1/1","0/1","1/1","0/1","1/1","0/1","0/1","0/0","0/1","1/1","1/1","1/1","1/1","1/1","1/1","1/1","1/1",".","1/1","1/1","1/1","1/1","1/1","1/1","1/1","1/1","1/1","1/1","1/1","0/1","0/0",".","1/1","1/1","1/1","0/0","0/0","0/1","0/1","1/1","0/1","1/1",".","1/1","1/1","1/1","1/1","1/1","1/1","1/1","1/1","0/1","0/0","1/1","0/1","0/1","0/1","1/1","0/1","1/1","1/1","0/1","1/1","0/1","0/1","0/1","1/1","0/1","0/0","0/0","1/1","1/1","1/1","1/1","1/1","0/1","1/1","1/1","0/1","0/0","1/1","1/1","1/1","1/1","1/1",".","1/1","1/1",".","1/1","1/1","1/1",".","1/1","1/1","1/1","1/1"
"chr7:150921877_CAAT/C_ABCF2","0/0","0/0","0/0","0/0","0/0","0/0","0/0","0/0","0/0","0/0","0/0","0/0","0/0","0/0","0/0","0/0","0/0","0/0","0/0","0/0","0/0","0/0","0/0","0/0","0/0","0/0","0/0","0/0","0/0","0/0","0/0","0/0","0/0","0/0","0/0","0/0","0/0","0/0","0/0","0/0","0/0","0/0","0/0","0/0","0/0","0/0","0/0","0/0","0/0","0/0","0/0","0/0","0/0","0/0","0/0","0/0","0/0","0/0","0/0","0/0","0/0","0/0","0/0","0/0","0/0","0/0","0/0","0/0","0/0","0/0","0/0","0/0","0/0","0/0","0/0","0/0","0/0","0/0","0/0","0/0","0/0","0/1","0/0","0/0","0/0","0/0","0/0","0/0","0/0","0/0","0/0","0/0","0/0","0/0","0/0","0/0","0/0","0/0","0/0","0/0","0/0","0/0","0/0","0/0","0/0","0/0","0/0","0/0","0/0","0/0","0/0","0/0","0/0","0/0","0/0","0/0","0/0","0/0","0/0","0/0","0/0","0/0","0/0","0/0","0/0","0/0","0/0","0/0","0/0","0/0","0/0","0/0","0/0","0/0","0/0","0/0","0/0","0/0","0/0","0/0","0/0","0/0","0/0","0/0","0/0","0/0","0/0","0/0","0/0","0/0","0/0","0/0","0/0"
"chr7:154760266_TCTG/T_PAXIP1","0/0","0/0","0/0","0/0","0/0","0/0","0/0","0/0","0/0","0/0","0/1","0/0","0/0","0/0","0/0","0/0","0/0","0/0","0/0","0/0","0/0","0/0","0/0","0/0","0/0","0/0","0/0","0/0","0/1","0/0","0/0","0/0","0/0","0/0","0/0","0/0","0/0","0/0","0/0","0/0","0/0","0/0","0/0","0/0","0/0","0/0","0/0","0/0","0/0","0/0","0/0","0/0","0/0","0/0","0/0","0/0","0/0","0/0","0/0","0/0","0/0","0/0","0/0","0/0","0/0","0/0","0/0","0/0","0/0","0/0","0/0","0/0","0/0","0/0","0/0","0/0","0/0","0/0","0/1","0/0","0/0","0/0","0/0","0/0","0/0","0/0","0/0","0/0","0/0","0/0","0/0","0/0","0/0","0/0","0/0","0/0","0/0","0/0","0/0","0/0","0/0","0/0","0/0","0/0","0/0","0/0","0/0","0/0","0/0","0/0","0/0","0/0","0/0","0/0","0/0","0/0","0/0","0/0","0/0","0/0","0/0","0/0","0/0","0/0","0/0","0/0","0/0","0/0","0/0","0/0","0/0","0/0","0/0","0/0","0/0","0/0","0/0","0/0","0/0","0/0","0/1","0/0","0/0","0/0","0/0","0/0","0/0","0/0","0/0","0/0","0/0","0/0","0/0"
"chr7:154760669_G/GTGCTGC_PAXIP1","0/0","0/0","0/0","0/0","0/0","0/0","0/0","0/0","0/0","0/0","0/0","0/0","0/0","0/0","0/0","0/0","0/0","0/0","0/0","0/0","0/0","0/0","0/0","0/0","0/0","0/0","0/0","0/0","0/1","0/0","0/0","0/0","0/0","0/0","0/0","0/0","0/0","0/0","0/1","0/0","0/0","0/0","0/0","0/0","0/0","0/0","0/0","0/0","0/0","0/0","0/0","0/0","0/0","0/0","0/0","0/0","0/0","0/1","0/0","0/0","0/0","0/0","0/0","0/0","0/0","0/0","0/0","0/0","0/0","0/0","0/0","0/0","0/0","0/0","0/0","0/0","0/0","0/0","0/0","0/0","0/0","0/0","0/0","0/0","0/0","0/0","0/0","0/0","0/0","0/0","0/0","0/0","0/0","0/0","0/0","0/0","0/0","0/0","0/0","0/0","0/0","0/0","0/0","0/0","0/0","0/1","0/1","0/0","0/0","0/0","0/0","0/0","0/0","0/0","1/1","0/0","0/0","0/0","0/0","0/0","0/0","0/0","0/0","0/0","1/1","1/1","0/0","0/0","0/0","0/0","0/0","0/0","0/0","0/0","0/0","0/0","0/0","0/0","0/0","0/0","0/0","0/0","0/0","0/0","0/0","0/0","0/0","0/0","0/0","0/0","0/0","0/0","0/0"
"chr7:156802652_GGCGGCGGCGGCGGCGGCGGCA/G_MNX1","0/0","0/0",".",".","0/0",".","0/0",".","0/0","0/0","0/0","0/0","0/0","0/0","0/0","0/0","0/0","0/0","0/0","0/0","0/0","0/0","0/0","0/0","0/0","0/0",".","0/0","0/0","0/0","0/0","0/0","0/0","0/0","0/0","0/0","0/0","0/0","0/0","0/0","0/0","0/0","0/0","0/0","0/0","0/0","0/0","0/0","0/0","0/0","0/0","0/0","0/0","0/0","0/0","0/0","0/0","0/0",".","0/0","0/0","0/0","0/0",".","0/0","0/0","0/0","0/0","0/0","0/0","0/0","0/0","0/0","0/0","0/0","0/0","0/0","0/0","0/0","0/0","0/0","0/0","0/0","0/0","0/0","0/0","0/0","0/0","0/0","0/0","0/0","0/0","0/0","0/1","0/1","0/0","0/0","0/0","0/0","0/0","0/0","0/0","0/0","0/0","0/0",".",".","0/0","0/0","0/0","0/0",".","0/0","0/0","0/0","0/0","0/0","0/0","0/0","0/0","0/0",".","0/0","0/0","0/0","0/0","0/0",".","0/0","0/0",".","0/0","0/0","0/0",".",".",".","0/0","0/0","0/0","0/0","0/0","0/0","0/0","0/0","0/0","0/0","0/0","0/0","0/0","0/0",".","0/0"
"chr7:156802729_TGCC/T_MNX1","0/0","0/0","0/0","0/0","0/0",".","0/0","0/0","0/0",".","0/0","0/0","0/0","0/0","0/0","0/0","0/0","0/0","0/0","0/0","0/0","0/0","0/0","0/0","0/0","0/0","0/0","0/0","0/0","0/0","0/0","0/0","0/0","0/0","0/0","0/0","0/0","0/0","0/0","0/0","0/0","0/0","0/0","0/0","0/0","0/0","0/0","0/0","0/0","0/0","0/0","0/0","0/0","0/0","0/0","0/0","0/0","0/0","0/0",".","0/0","0/0","0/0","0/0","0/0","0/0","0/0","0/0",".","0/0","0/0","0/0","0/0","0/0","0/0","0/0",".","0/0","0/0","0/0","0/0","0/0","0/0","0/0","0/0","0/0",".",".","0/0","0/0","0/0","0/0","0/0","0/0","0/0","0/0","0/0","0/0","0/0","0/0","0/0","0/0","0/0","0/0","0/0","0/0",".",".","0/0","0/0",".","0/0",".","0/0","0/0","0/0","0/0","0/0","0/0","0/1","0/0","0/0","0/0","0/0","0/0","0/0","0/0","0/0",".","0/0","0/0","0/0","0/0","0/0",".","0/0",".","0/0","0/0","0/0","0/0",".","0/0","0/0","0/0","0/0","0/0","0/0","0/0","0/0","0/0","0/0","."
"chr7:158664074_TGAA/T_WDR60","0/0","0/0","0/0","0/0","0/0","0/0","0/0","0/0","0/0","0/0","0/0","0/1","0/1","0/0","0/0","0/0","0/0","0/0","0/0","0/0","0/0","0/0","0/0","0/0","0/0","0/0","0/0","0/0","0/0","0/0","0/0","0/0","0/0","0/1","0/0","0/0","0/0","0/0","0/0","0/0","0/1","0/0","0/0","0/0","0/0","0/0","0/0","0/0","0/0","0/1","0/0","0/0","0/0","0/0","0/0","0/0","0/0","0/1","0/1","0/0","0/0","0/1","0/0","0/0","0/0","0/0","0/0","0/0","0/0","0/0","0/0","0/1","0/1","0/0","0/0","0/0","0/0","0/0","0/0","0/0","0/0","0/0","0/0","0/0","0/0","0/0","0/0","0/0","0/0","0/0","0/0","0/0","0/0","0/0","0/0","0/0","0/0","0/0","0/0","0/0","0/0","0/0","0/0","0/0","0/0","0/0","0/0","0/0","0/0","0/0","0/0","0/0","0/0","0/0","0/0","0/0","0/0","0/1","0/1","0/1","0/1","0/1","0/0","0/1","0/0","0/0","0/0","0/0","0/1","0/1","0/1","0/0","0/1","0/1","0/1","0/1","0/1","0/1","0/0","0/0","0/0","0/0","0/0","0/1","0/1","0/1","0/0","0/0","0/0","0/0","0/0","0/0","0/0"
"chr8:494658_GGGCGGC/G_TDRP","0/0","0/0","0/0","0/0","0/0","0/0","0/0","0/0","0/0","0/0","0/1","0/0","0/0","0/1","1/1","0/1","0/1","0/0","0/0","0/0","0/1","1/1","0/0","0/1","0/1","0/0","0/1","0/0","0/0","0/1","0/1","0/1","0/1","0/1","0/0","1/1","0/0","0/0","0/0","0/1","0/0","0/1","0/0","0/0","0/0","0/0","0/1","1/1","1/1","0/0","0/1","1/1","0/0","0/0","0/1","0/0","0/1","0/0","1/1","1/1","0/0","0/0","0/0","1/1","1/1","0/1","0/0","0/1","0/1","0/0","0/0","0/0","0/0","0/1","0/1","0/1","0/0","0/0","0/0","0/1","0/1","0/0","0/0","0/0","0/0","1/1","1/1","0/1","0/1","0/1","0/0","0/0","0/0","0/0","0/0","0/0","0/1","0/0","0/1","0/1","0/0","0/0","0/0","0/1","0/1","0/0","0/0","0/0","0/1","0/0","0/1","0/1","0/1","0/0","0/1","0/0","0/0","0/0","0/0","0/1","0/0","0/0","0/0","0/1","0/0","0/1","0/0","0/1","0/0","0/0","0/0","0/0","0/0","1/1","0/0","0/0","1/1","1/1","0/0","0/0","0/0","0/1","0/1","0/0","0/0","0/0","0/0","0/0","0/0","0/1","0/1","0/0","0/1"
"chr8:6289098_TA/T_MCPH1","0/0","0/0","0/0","0/0","0/0","0/0","0/0","0/0","0/0","0/0","0/0","0/0","0/0","0/0","0/0","0/0","0/0","0/0","0/0","0/0","0/0","0/0","0/0","0/0","0/0","0/0","0/0","0/0","0/0","0/0","0/0","0/0","0/0","0/0","0/0","0/0","0/1","0/0","0/0","0/0","0/0","0/0","0/0","0/0","0/0","0/0","0/0","0/0","0/0","0/0","0/0","0/0","0/0","0/0","0/0","0/0","0/0","0/0","0/0","0/0","0/0","0/0","0/0","0/0","0/0","0/0","0/0","0/0","0/0","0/0","0/0","0/0","0/0","0/0","0/0","0/0","0/0","0/0","0/0","0/0","0/0","0/0","0/0","0/0","0/0","0/0","0/0","0/0","0/0","0/0","0/0","0/0","0/0","0/0","0/0","0/0","0/0","0/0","0/0","0/0","0/0","0/0","0/0","0/0","0/0","0/0","0/0","0/0","0/0","0/0","0/0","0/0","0/0","0/0","0/0","0/0","0/0","0/0","0/0","0/0","0/0","0/0","0/0","0/0","0/0","0/0","0/0","0/0","0/0","0/0","0/0","0/0","0/0","0/0","0/0","0/0","0/0","0/0","0/0","0/0","0/0","0/0","0/0","0/0","0/0","0/0","0/0","0/0","0/0","0/0","0/0","0/0","0/0"
"chr8:8176387_C/CGGGGCG_SGK223","0/0","0/0","0/0","1/1","0/1","0/1","0/0","0/0","0/0","0/1","0/1","0/1","0/1","0/1","1/1","1/1","0/1","0/1","1/1","0/1","1/1","0/0","1/1","1/1","0/1","1/1","1/1","1/1","1/1","0/1","0/0","0/0","0/1","0/1","1/1","0/1","1/1","1/1","0/1","0/1","0/0","1/1","0/1","0/0","0/1","0/1","1/1","0/1","0/1","0/1","0/1","0/1","1/1","1/1","0/0","0/1","0/1","0/1","0/1","0/0","1/1","1/1","0/1","0/1","0/1","1/1","1/1","1/1","1/1","1/1","1/1","1/1","1/1","0/0","0/0","1/1","1/1","1/1","1/1","0/1","0/1","1/1","0/1","1/1","1/1","0/0","0/1","1/1","0/0","0/0","1/1","1/1","1/1","1/1","1/1","1/1","1/1","1/1","1/1","1/1","1/1","1/1","1/1","0/0","0/0","1/1","1/1","0/1","0/1","1/1","1/1","0/1","0/1","1/1","0/1","0/1","0/1","0/1","0/1","0/1","0/1","0/1","0/1","0/1","0/1","0/1","1/1","1/1","1/1","1/1","1/1","1/1","1/1","0/1","1/1","1/1","0/1","0/1","1/1","0/1","1/1","1/1","1/1","0/1","0/1","0/1","0/0","0/0","0/0","1/1","1/1","1/1","1/1"
"chr8:8234868_C/CGCCGCT_SGK223","0/0","0/0","0/0","1/1","1/1","1/1","1/1","1/1","1/1","1/1","0/0","0/1","1/1","1/1","1/1","1/1","1/1","1/1","1/1","1/1","1/1","0/1","0/1","1/1","1/1","1/1","1/1","1/1","1/1","1/1","0/1","0/1","1/1","0/1","1/1","0/1","1/1","1/1","1/1","1/1","0/1","1/1","0/1","0/0","0/1","0/1","1/1","1/1","1/1","0/0","0/1","0/1","0/1","1/1","1/1","1/1","0/1","1/1","0/1","1/1","1/1","0/1","0/1","1/1","1/1","1/1","1/1","1/1","1/1","1/1","1/1","1/1","1/1","0/1","0/1","1/1","1/1","1/1","1/1","0/1","0/1","1/1","0/1","1/1","1/1","0/1","0/1","1/1","0/1","0/1","1/1","1/1","1/1","1/1","1/1","1/1","1/1","0/1","1/1","1/1","0/0","1/1","0/0","0/1","0/1","1/1","1/1","1/1","1/1","1/1","1/1","0/1","0/1","0/0","0/1","1/1","1/1","1/1","0/1","1/1","0/1","0/1","1/1","1/1","0/1","0/1","0/0","0/0","0/1","0/1","0/1","1/1","0/1","1/1","0/1","0/1","1/1","1/1","1/1","1/1","1/1","1/1","1/1","0/1","0/1","0/1","0/1","0/1","0/1","1/1","1/1","1/1","1/1"
"chr8:8887542_TAAC/T_ERI1","1/1","1/1","1/1","1/1","1/1","1/1","0/0","0/0","0/0","0/0","1/1","1/1","0/1","0/1","0/0","1/1","0/1","0/1","1/1","1/1","0/1","1/1","1/1","1/1","1/1","1/1","0/1","0/1","1/1","1/1","1/1","0/1","0/0","0/1","0/1","0/1","1/1","1/1","0/0","1/1","1/1","0/1","1/1","1/1","0/1","1/1","1/1","1/1","0/1","1/1","1/1","1/1","0/1","1/1","0/1","1/1","1/1","1/1","0/1","0/0","1/1","0/1","1/1","0/0","0/0","1/1","1/1","0/1","0/1","1/1","1/1","0/1","0/1","0/1","0/1","0/1","0/1","1/1","1/1","1/1","1/1","0/0","1/1","1/1","1/1","1/1","1/1","0/1","0/1","0/1","0/0","0/1","0/1","1/1","1/1","0/0","0/1","1/1","1/1","1/1","1/1","1/1","1/1","0/1","0/1","1/1","1/1","0/1","0/1","1/1","1/1","0/1","0/1","1/1","0/1","0/1","0/1","1/1","1/1","1/1","1/1","1/1","0/1","1/1","0/1","0/1","1/1","1/1","1/1","1/1","1/1","1/1","0/0","1/1","0/0","0/0","1/1","1/1","1/1","0/1","1/1","1/1","1/1","0/0","0/0","0/0","1/1","1/1","1/1","1/1","1/1","1/1","1/1"
"chr8:10469300_TC/T_RP1L1","0/0","0/0","0/0","0/0","0/0","0/0","0/0","0/0","0/0","0/0","0/0","0/0","0/0","0/0","0/0","0/0","0/0","0/0","0/0","0/0","0/0","0/0","0/0","0/0","0/0","0/0","0/0","0/0","0/0","0/0","0/0","0/0","0/0","0/0","0/0","0/0","0/1","0/0","0/0","0/0","0/0","0/0","0/0","0/0","0/0","0/0","0/0","0/0","0/0","0/0","0/0","0/0","0/0","0/0","0/0","0/0","0/0","0/0","0/0","0/0","0/0","0/0","0/0","0/0","0/0","0/0","0/0","0/0","0/0","0/0","0/0","0/0","0/0","0/0","0/0","0/0","0/0","0/0","0/0","0/0","0/0","0/0","0/0","0/0","0/0","0/0","0/0","0/0","0/0","0/0","0/0","0/0","0/0","0/0","0/0","0/0","0/0","0/0","0/0","0/0","0/0","0/0","0/0","0/0","0/0","0/0","0/0","0/0","0/0","0/0","0/0","0/0","0/0","0/0","0/0","0/0","0/0","0/0","0/0","0/0","0/0","0/0","0/0","0/0","0/0","0/0","0/0","0/0","0/0","0/0","0/0","0/0","0/0","0/0","0/0","0/0","0/0","0/0","0/0","0/0","0/0","0/0","0/0","0/0","0/0","0/0","0/0","0/0","0/0","0/0","0/0","0/0","0/0"
"chr8:10469363_CA/C_RP1L1","0/0","0/0","0/0","0/0","0/0","0/0","0/0","0/0","0/0","0/0","0/1","0/0","0/0","0/0","0/0","0/0","0/0","0/0","0/0","0/0","0/0","0/0","0/0","0/0","0/0","0/0","0/0","0/0","0/0","0/0","0/0","0/0","0/0","0/0","0/0","0/0","0/0","0/0","0/0","0/0","0/0","0/0","0/0","0/0","0/0","0/0","0/0","0/0","0/0","0/0","0/0","0/0","0/0","0/0","0/0","0/0","0/0","0/0","0/0","0/0","0/0","0/0","0/0","0/0","0/0","0/0","0/0","0/0","0/0","0/0","0/0","0/0","0/0","0/0","0/0","0/0","0/0","0/0","0/0","0/0","0/0","0/0","0/0","0/0","0/0","0/0","0/0","0/0","0/0","0/0","0/0","0/0","0/0","0/0","0/0","0/0","0/0","0/0","0/0","0/0","0/0","0/0","0/0","0/0","0/0","0/0","0/0","0/0","0/0","0/0","0/0","0/0","0/0","0/0","0/0","0/0","0/0","0/0","0/0","0/0","0/0","0/0","0/0","0/0","0/0","0/0","0/0","0/0","0/0","0/0","0/0","0/0","0/0","0/0","0/0","0/0","0/0","0/0","0/0","0/0","0/0","0/0","0/0","0/0","0/0","0/0","0/0","0/0","0/0","0/0","0/0","0/0","0/0"
"chr8:10480295_T/TG_RP1L1","0/0","0/0","0/0","0/0","0/0","0/0","0/0","0/0","0/0","0/0","0/0","0/0","0/0","0/0","0/0","0/0","0/0","0/0","0/0","0/0","0/0","0/0","0/0","0/0","0/0","0/0","0/1","0/0","0/0","0/0","0/0","0/0","0/0","0/0","0/0","0/0","0/0","0/0","0/0","0/0","0/0","0/1","0/0","0/0","0/0","0/0","0/0","0/1","0/1","0/1","0/1","0/0","0/0","0/0","0/0","0/0","0/0","0/0","0/1","0/0","0/0","0/0","0/0","0/1","0/1","0/0","0/0","0/0","0/0","0/0","0/0","0/1","0/1","0/1","0/1","0/0","0/0","0/0","0/0","0/0","0/0","0/0","0/1","0/0","0/0","0/0","0/0","0/0","0/0","0/0","0/0","0/0","0/0","0/0","0/0","0/0","0/0","0/0","0/0","0/0","0/0","0/0","0/0","0/0","0/0","0/0","0/0","0/0","0/0","0/0","0/0","0/0","0/0","0/0","0/0","0/0","0/0","0/0","0/0","0/0","0/0","0/0","0/0","0/0","0/0","0/0","0/0","0/0","0/0","0/0","0/0","0/0","0/0","0/0","0/0","0/0","0/0","0/0","0/1","0/1","0/1","0/0","0/0","0/0","0/0","0/0","0/0","0/0","0/0","0/0","0/0","0/0","0/0"
"chr8:11162508_CA/C_MTMR9","0/0","0/0","0/0","0/0","0/0","0/0","0/0","0/0","0/0","0/0","0/0","0/0","0/0","0/0","0/0","0/0","0/0","0/0","0/0","0/0","0/0","0/0","0/0","0/0","0/0","0/0","0/0","0/0","0/0","0/0","0/0","0/0","0/0","0/0","0/0","0/0","0/1","0/0","0/0","0/0","0/0","0/0","0/0","0/0","0/0","0/0","0/0","0/0","0/0","0/0","0/0","0/0","0/0","0/0","0/0","0/0","0/0","0/0","0/0","0/0","0/0","0/0","0/0","0/0","0/0","0/0","0/0","0/0","0/0","0/0","0/0","0/0","0/0","0/0","0/0","0/0","0/0","0/0","0/0","0/0","0/0","0/0","0/0","0/0","0/0","0/0","0/0","0/0","0/0","0/0","0/0","0/0","0/0","0/0","0/0","0/0","0/0","0/0","0/0","0/0","0/0","0/0","0/0","0/0","0/0","0/0","0/0","0/0","0/0","0/0","0/0","0/0","0/0","0/0","0/0","0/0","0/0","0/0","0/0","0/0","0/0","0/0","0/0","0/0","0/0","0/0","0/0","0/0","0/0","0/0","0/0","0/0","0/0","0/0","0/0","0/0","0/0","0/0","0/0","0/0","0/0","0/0","0/0","0/0","0/0","0/0","0/0","0/0","0/0","0/0","0/0","0/0","0/0"
"chr8:11666218_GTCCCACTCCCAC/GTCCCAC_FDFT1","1/1","1/1","1/1","1/1","1/1","1/1","1/1","1/1","1/1","1/1","1/1","1/1","1/1","1/1","1/1","1/1","1/1","1/1","1/1","1/1","1/1","1/1","1/1","1/1","1/1","1/1","1/1","1/2","1/1","1/1","1/1","1/1","1/1","1/1","1/1","1/1","1/1","1/1","1/3","1/1","1/1","1/1","1/1","1/1","1/1","1/1","1/1","1/3","1/1","1/1","1/1","1/1","1/1","1/1","0/1","1/1","1/1","1/1","0/1","1/1","1/1","1/1","1/1","1/1","1/1","1/1","1/1","1/1","1/1","1/1","1/1","1/1","1/1","1/1","1/1","1/1","1/1","1/1","1/1","1/1","1/1","1/1","1/1","1/1","1/1","1/1","1/1","1/1","1/1","1/1","1/1","1/1","1/1","1/1","1/1","1/1","1/1","1/1","1/1","1/1","1/1","1/1","1/1","1/1","1/1","1/1","1/1","1/1","1/1","1/1","1/1","1/3","1/3","1/1","1/1","1/1","1/1","1/1","1/1","1/1","1/1","1/1","1/1","1/1","1/1","1/1","1/1","1/1","1/1","1/1","1/1","1/1","1/1","1/1","1/1","1/1","1/1","1/1","1/1","1/1","1/1","1/1","1/1","1/1","1/1","1/1","1/1","1/1","1/1","1/1","1/1","1/1","1/1"
"chr8:11705262_TC/T_CTSB","0/0","0/0","0/0","0/0","0/0","0/0","0/0","0/0","0/0","0/0","0/0","0/0","0/0","0/0","0/0","0/0","0/0","0/0","0/0","0/0","0/0","0/0","0/0","0/0","0/0","0/0","0/0","0/0","0/0","0/0","0/0","0/1","0/0","0/0","0/0","0/0","0/0","0/0","0/0","0/0","0/0","0/0","0/0","0/0","0/0","0/0","0/0","0/0","0/0","0/0","0/0","0/0","0/0","0/0","0/0","0/0","0/0","0/0","0/0","0/0","0/0","0/0","0/0","0/0","0/0","0/0","0/0","0/0","0/0","0/0","0/0","0/0","0/0","0/0","0/0","0/0","0/0","0/0","0/0","0/0","0/0","0/0","0/0","0/0","0/0","0/0","0/0","0/0","0/0","0/0","0/0","0/0","0/0","0/0","0/0","0/0","0/0","0/0","0/0","0/0","0/0","0/0","0/0","0/0","0/0","0/0","0/0","0/0","0/0","0/0","0/0","0/0","0/0","0/0","0/0","0/0","0/0","0/0","0/0","0/0","0/0","0/0","0/0","0/0","0/0","0/0","0/0","0/0","0/0","0/0","0/0","0/0","0/0","0/0","0/0","0/0","0/0","0/0","0/0","0/0","0/0","0/0","0/0","0/0","0/0","0/0","0/0","0/0","0/0","0/0","0/0","0/0","0/0"
"chr8:17402080_AT/A_SLC7A2","0/0","0/0","0/0","0/0","0/0","0/0","0/0","0/0","0/0","0/0","0/0","0/0","0/0","0/0","0/0","0/0","0/0","0/0","0/0","0/0","0/0","0/0","0/0","0/0","0/0","0/0","0/0","0/0","0/0","0/0","0/0","0/0","0/0","0/0","0/0","0/0","0/1","0/0","0/0","0/0","0/0","0/0","0/0","0/0","0/0","0/0","0/0","0/0","0/0","0/0","0/0","0/0","0/0","0/0","0/0","0/0","0/0","0/0","0/0","0/0","0/0","0/0","0/0","0/0","0/0","0/0","0/0","0/0","0/0","0/0","0/0","0/0","0/0","0/0","0/0","0/0","0/0","0/0","0/0","0/0","0/0","0/0","0/0","0/0","0/0","0/0","0/0","0/0","0/0","0/0","0/0","0/0","0/0","0/0","0/0","0/0","0/0","0/0","0/0","0/0","0/0","0/0","0/0","0/0","0/0","0/0","0/0","0/0","0/0","0/0","0/0","0/0","0/0","0/0","0/0","0/0","0/0","0/0","0/0","0/0","0/0","0/0","0/0","0/0","0/0","0/0","0/0","0/0","0/0","0/0","0/0","0/0","0/0","0/0","0/0","0/0","0/0","0/0","0/0","0/0","0/0","0/0","0/0","0/0","0/0","0/0","0/0","0/0","0/0","0/0","0/0","0/0","0/0"
"chr8:17726470_A/AT_FGL1","0/0","0/0","0/0","0/0","0/0","0/0","0/0","0/0","0/0","0/0","0/0","0/0","0/0","0/0","0/0","0/0","0/0","0/0","0/1","0/0","0/0","0/0","0/0","0/0","0/0","0/0","0/0","0/0","0/0","0/0","0/0","0/0","0/0","0/0","0/0","0/0","0/0","0/0","0/0","0/0","0/0","0/0","0/0","0/0","0/0","0/0","0/0","0/0","0/0","0/0","0/0","0/0","0/0","0/0","0/0","0/0","0/0","0/0","0/0","0/0","0/0","0/0","0/0","0/0","0/0","0/0","0/0","0/0","0/0","0/0","0/0","0/0","0/0","0/0","0/0","0/0","0/0","0/0","0/0","0/0","0/0","0/0","0/0","0/0","0/0","0/0","0/0","0/0","0/0","0/0","0/0","0/0","0/0","0/0","0/0","0/0","0/0","0/0","0/0","0/0","0/0","0/0","0/0","0/0","0/0","0/0","0/0","0/0","0/0","0/0","0/0","0/0","0/0","0/0","0/0","0/0","0/0","0/0","0/0","0/0","0/0","0/0","0/0","0/0","0/0","0/0","0/0","0/0","0/0","0/0","0/0","0/0","0/0","0/0","0/0","0/0","0/0","0/0","0/0","0/0","0/0","0/0","0/0","0/0","0/0","0/0","0/0","0/0","0/0","0/0","0/0","0/0","0/0"
"chr8:21891669_GGAGGAA/G_NPM2","0/0","0/0","0/0","0/0","0/0","0/0","0/0","0/0","0/0","0/0","0/0","0/0","0/0","0/0","0/0","0/0","0/0","0/0","0/0","0/0","0/0","0/0","0/0","0/0","0/0","0/0","0/0","0/0","0/0","0/0","0/0","0/0","0/0","0/0","0/0","0/0","0/0","0/0","0/0","0/0","0/0","0/0","0/0","0/0","0/0","0/0","0/0","0/0","0/0","0/0","0/0","0/0","0/0","0/0","0/0","0/0","0/0","0/0","0/0","0/0","0/0","0/0","0/0","0/0","0/0","0/0","0/0","0/0","0/0","0/0","0/0","0/0","0/0","0/0","0/0","0/0","0/0","0/0","0/0","0/0","0/0","0/0","0/0","0/0","0/0","0/0","0/0","0/0","0/0","0/0","0/0","0/0","0/0","0/0","0/0","0/0","0/0","0/0","0/0","0/0","0/0","0/0","0/0","0/0","0/0","0/0","0/0","0/0","0/0","0/0","0/0","0/0","0/0","0/1","0/0","0/0","0/0","0/0","0/0","0/0","0/0","0/0","0/0","0/0","0/0","0/0","0/1","0/1","0/0","0/0","0/0","0/0","0/0","0/0","0/0","0/0","0/0","0/0","0/0","0/0","0/0","0/0","0/0","0/0","0/0","0/0","0/0","0/0","0/0","0/0","0/0","0/0","0/0"
"chr8:21966700_GC/G_NUDT18","1/1","1/1","1/1","1/1","1/1","1/1","1/1","1/1","1/1","1/1","1/1","1/1","1/1","1/1","1/1","1/1","1/1","1/1","1/1","1/1","1/1","1/1","1/1","1/1","1/1","1/1","1/1","1/1","1/1","1/1","1/1","1/1","1/1","1/1","1/1","1/1","1/1","1/1","1/1","1/1","1/1","1/1","1/1","1/1","1/1","1/1","1/1","1/1","1/1","1/1","1/1","1/1","1/1","1/1","1/1","1/1","1/1","1/1","1/1","1/1","1/1","1/1","1/1","1/1","1/1","1/1","1/1","1/1","1/1","1/1","1/1","1/1","1/1","1/1","1/1","1/1","1/1","1/1","1/1","1/1","1/1","1/1","1/1","1/1","1/1","1/1","1/1",".","1/1","1/1","1/1","1/1","1/1","1/1","1/1","1/1","1/1","1/1","1/1","1/1","1/1","1/1","1/1","1/1","1/1","1/1","1/1","1/1","1/1","1/1",".","1/1","1/1","1/1","1/1","1/1","1/1","1/1","1/1","1/1","1/1","1/1","1/1","1/1","1/1","1/1","1/1","1/1","1/1","1/1","1/1","1/1","1/1","1/1","1/1","1/1","1/1","1/1","1/1","1/1","1/1","1/1","1/1","1/1","1/1","1/1","1/1","1/1","1/1","1/1","1/1","1/1","1/1"
"chr8:21976474_A/AGCG_HR","0/0","0/0","0/0","0/0","0/0","0/0","0/0","0/0","0/0","0/0","0/0","0/0","0/0","0/0","0/0","0/0","0/0","0/0","0/0","0/0","0/0","0/0","0/0","0/0","0/0","0/0","0/0","0/0","0/0","0/0","0/0","0/0","0/0","0/0","0/0","0/0","0/0","0/0","0/0","0/0","0/0","0/0","0/0","0/0","0/0","0/0","0/0","0/0","0/0","0/0","0/0","0/0","0/0","0/0","0/0","0/0","0/0","0/0","0/0","0/0","0/0","0/0","0/0","0/0","0/0","0/0","0/0","0/0","0/0","0/0","0/0","0/0","0/0","0/0","0/0","0/0","0/0","0/0","0/0","0/0","0/0","0/0","0/0","0/0","0/0","0/0","0/0","0/0","0/0","0/0","0/0","0/0","0/0","0/0","0/0","0/0","0/0","0/0","0/0","0/0","0/0","0/0","0/0","0/0","0/0","0/0","0/0","0/0","0/1","0/0","0/0","0/0","0/0","0/0","0/0","0/0","0/0","0/0","0/0","0/0","0/0","0/0","0/0","0/0","0/0","0/0","0/0","0/0","0/0","0/0","0/0","0/0","0/0","0/0","0/0","0/0","0/0","0/0","0/0","0/0","0/0","0/0","0/0","0/0","0/0","0/0","0/0","0/0","0/0","0/0","0/0","0/0","0/0"
"chr8:22014029_GC/G_LGI3","0/0","0/0","0/0","0/0","0/0","0/0","0/0","0/0","0/0","0/0","0/0","0/0","0/0",".","0/0","0/0","0/0","0/0","0/0","0/0","0/0","0/0","0/0","0/0","0/0","0/0","0/1","0/0","0/0","0/0","0/0","0/0","0/0","0/0","0/0","0/0","0/0","0/0","0/0","0/0","0/0","0/0","0/0","0/0","0/0","0/0","0/0",".","0/0","0/0","0/0","0/0","0/0","0/0","0/0","0/0","0/0","0/0","0/0","0/0","0/0","0/0","0/0","0/0","0/0","0/0","0/0","0/0","0/1","0/0","0/0","0/0","0/0","0/0","0/0","0/0",".","0/0","0/0","0/0","0/0","0/0","0/0","0/0","0/0",".","0/0","0/0","0/0","0/0","0/0","0/0","0/0","0/0","0/0","0/0","0/0","0/0","0/0","0/0","0/0","0/0","0/0","0/0",".","0/0","0/0",".","0/0","0/0","0/0","0/0","0/0","0/0","0/0","0/0","0/0","0/0","0/0","0/0","0/0","0/0","0/0","0/0","0/0","0/0","0/0","0/0","0/0","0/0","0/0","0/0","0/0","0/0","0/0","0/0","0/0","0/0","0/0","0/0","0/0","0/0","0/0","0/0","0/0",".","0/0",".","0/0","0/0","0/0","0/0","0/0"
"chr8:22262228_AGCTGCT/A_SLC39A14","0/1","0/1","0/1","0/1","0/1","0/1","0/1","0/1","0/1","0/0","0/0","0/0","0/0","0/0","0/0","0/0","0/1","0/1","0/0","0/0","0/0","0/0","0/1","0/0","0/0","0/1","0/1","0/0","0/0","0/1","0/1","0/1","0/0","0/1","0/0","0/1","0/0","0/0","0/0","0/1","0/0","0/0","0/1","0/0","0/1","0/0","0/1","0/1","0/1","0/0","0/0","0/0","0/0","0/0","0/0","0/0","0/0","0/0","0/1","0/0","0/1","0/0","0/1","0/0","0/0","0/0","0/1","0/1","0/1","0/1","0/0","0/1","0/1","0/0","0/0","0/0","0/0","0/1","0/1","0/0","0/0","0/0","0/0","0/1","0/1","1/1","1/1","0/0","0/1","0/1","0/0","0/0","0/0","0/0","0/0","0/0","0/0","0/0","0/1","0/1","0/1","0/0","0/1","0/1","0/1","0/0","0/0","1/1","1/1","0/0","0/1","0/1","0/1","0/0","0/1","0/0","0/0","0/0","0/0","0/0","0/0","0/0","0/0","0/0","0/1","0/1","0/0","0/0","0/0","0/0","0/0","0/1","0/1","0/0","0/1","0/1","0/0","0/0","0/1","0/1","0/1","0/1","0/1","0/0","0/0","0/0","0/0","0/0","0/0","0/1","0/1","0/1","0/1"
"chr8:22570907_GT/G_PEBP4","0/1","0/1","0/1","1/1","0/1","0/1","0/0","0/0","0/0","0/1","0/1","0/0","0/1","0/1","0/1","1/1","0/0","0/0","0/1","0/0","0/0","0/0","0/1","0/0","0/0","0/1","0/0","0/1","0/0","0/0","0/0","0/1","0/0","0/0","0/1","0/0","0/0","0/0","0/0","1/1","0/0","0/0","0/0","0/0","0/0","0/0","0/0","0/0","0/0","0/0","0/1","0/1","1/1","0/0","1/1","0/0","0/1","0/1","0/1","0/1","0/0","1/1","0/0","0/1","0/1","1/1","0/0","0/0","0/0","0/0","1/1","0/0","0/0","0/0","0/0","0/0","0/0","1/1","1/1","0/1","0/1","0/0","0/1","1/1","1/1","0/1","0/1","0/0","0/1","0/1","0/0","0/1","0/1","0/0","0/0","0/0","0/0","0/0","0/1","0/1","0/0","0/0","0/0","0/1","0/1","1/1","1/1","0/1","0/1","0/0","1/1","0/1","0/1","0/1","0/0","0/1","0/1","0/1","0/1","0/1","0/1","0/1","0/1","0/1","0/0","0/0","0/1","0/1","0/0","0/0","0/0","0/0","0/0","0/1","0/0","0/0","0/1","0/1","0/0","0/0","0/0","0/0","0/0","0/0","0/0","0/0","0/0","0/0","0/0","0/1","0/1","0/1","0/1"
"chr8:24167472_G/GA_ADAM28","0/0","0/0","0/0","0/0","0/0","0/0","0/0","0/0","0/0","0/0","0/0","0/0","0/0","0/0","0/0","0/0","0/0","0/0","0/0","0/0","0/0","0/0","0/0","0/0","0/0","0/0","0/0","0/0","0/0","0/0","0/0","0/0","0/0","0/0","0/0","0/0","0/1","0/0","0/0","0/0","0/0","0/0","0/0","0/0","0/0","0/0","0/0","0/0","0/0","0/0","0/0","0/0","0/0","0/0","0/0","0/0","0/0","0/0","0/0","0/0","0/0","0/0","0/0","0/0","0/0","0/0","0/0","0/0","0/0","0/0","0/0","0/0","0/0","0/0","0/0","0/0","0/0","0/0","0/0","0/0","0/0","0/0","0/0","0/0","0/0","0/0","0/0","0/0","0/0","0/0","0/0","0/0","0/0","0/0","0/0","0/0","0/0","0/0","0/0","0/0","0/0","0/0","0/0","0/0","0/0","0/0","0/0","0/0","0/0","0/0","0/0","0/0","0/0","0/0","0/0","0/0","0/0","0/0","0/0","0/0","0/0","0/0","0/0","0/0","0/0","0/0","0/0","0/0","0/0","0/0","0/0","0/0","0/0","0/0","0/0","0/0","0/0","0/0","0/0","0/0","0/0","0/0","0/0","0/0","0/0","0/0","0/0","0/0","0/0","0/0","0/0","0/0","0/0"
"chr8:24209550_GC/G_ADAM28","0/0","0/0","0/0","0/0","0/0","0/0","0/0","0/0","0/0","0/0","0/0","0/0","0/0","0/0","0/0","0/0","0/0","0/0","0/0","0/0","0/0","0/0","0/0","0/0","0/0","0/0","0/0","0/0","0/0","0/0","0/0","0/0","0/0","0/0","0/0","0/0","0/1","0/0","0/0","0/0","0/0","0/0","0/0","0/0","0/0","0/0","0/0","0/0","0/0","0/0","0/0","0/0","0/0","0/0","0/0","0/0","0/0","0/0","0/0","0/0","0/0","0/0","0/0","0/0","0/0","0/0","0/0","0/0","0/0","0/0","0/0","0/0","0/0","0/0","0/0","0/0","0/0","0/0","0/0","0/0","0/0","0/0","0/0","0/0","0/0","0/0","0/0","0/0","0/0","0/0","0/0","0/0","0/0","0/0","0/0","0/0","0/0","0/0","0/0","0/0","0/0","0/0","0/0","0/0","0/0","0/0","0/0","0/0","0/0","0/0","0/0","0/0","0/0","0/0","0/0","0/0","0/0","0/0","0/0","0/0","0/0","0/0","0/0","0/0","0/0","0/0","0/0","0/0","0/0","0/0","0/0","0/0","0/0","0/0","0/0","0/0","0/0","0/0","0/0","0/0","0/0","0/0","0/0","0/0","0/0","0/0","0/0","0/0","0/0","0/0","0/0","0/0","0/0"
"chr8:24257685_T/TA_ADAMDEC1","0/0","0/0","0/0","0/0","0/0","0/0","0/0","0/0","0/0","0/0","0/0","0/0","0/0","0/0","0/0","0/0","0/0","0/0","0/0","0/0","0/0","0/0","0/0","0/0","0/0","0/0","0/0","0/0","0/0","0/0","0/0","0/0","0/0","0/0","0/0","0/0","0/0","0/0","0/0","0/0","0/0","0/0","0/0","0/0","0/0","0/0","0/0","0/0","0/0","0/0","0/0","0/0","0/0","0/0","0/0","0/0","0/0","0/0","0/0","0/0","0/0","0/0","0/0","0/0","0/0","0/0","0/0","0/0","0/0","0/0","0/0","0/0","0/0","0/0","0/0","0/0","0/0","0/0","0/0","0/0","0/0","0/0","0/0","0/0","0/0","0/0","0/0","0/0","0/0","0/0","0/0","0/0","0/0","0/0","0/0","0/0","0/0","0/0","0/0","0/0","0/0","0/0","0/0","0/0","0/0","0/0","0/0","0/0","0/0","0/0","0/0","0/0","0/0","0/0","0/0","0/0","0/0","0/0","0/0","0/0","0/0","0/0","0/0","0/0","0/0","0/0","0/0","0/0","0/0","0/0","0/0","0/0","0/0","0/0","0/0","0/1","0/0","0/0","0/0","0/0","0/0","0/0","0/0","0/0","0/0","0/0","0/0","0/0","0/0","0/0","0/0","0/0","0/0"
"chr8:25240189_GA/G_DOCK5","0/0","0/0","0/0","0/0","0/0","0/0","0/0","0/0","0/0","0/0","0/0","0/0","0/0","0/0","0/0","0/0","0/0","0/0","0/0","0/0","0/0","0/0","0/0","0/0","0/0","0/0","0/0","0/0","0/0","0/0","0/0","0/0","0/0","0/0","0/0","0/0","0/1","0/0","0/0","0/0","0/0","0/0","0/0","0/0","0/0","0/0","0/0","0/0","0/0","0/0","0/0","0/0","0/0","0/0","0/0","0/0","0/0","0/0","0/0","0/0","0/0","0/0","0/0","0/0","0/0","0/0","0/0","0/0","0/0","0/0","0/0","0/0","0/0","0/0","0/0","0/0","0/0","0/0","0/0","0/0","0/0","0/0","0/0","0/0","0/0","0/0","0/0","0/0","0/0","0/0","0/0","0/0","0/0","0/0","0/0","0/0","0/0","0/0","0/0","0/0","0/0","0/0","0/0","0/0","0/0","0/0","0/0","0/0","0/0","0/0","0/0","0/0","0/0","0/0","0/0","0/0","0/0","0/0","0/0","0/0","0/0","0/0","0/0","0/0","0/0","0/0","0/0","0/0","0/0","0/0","0/0","0/0","0/0","0/0","0/0","0/0","0/0","0/0","0/0","0/0","0/0","0/0","0/0","0/0","0/0","0/0","0/0","0/0","0/0","0/0","0/0","0/0","0/0"
"chr8:25319574_GTCA/G_CDCA2","0/0","0/0","0/0","0/0","0/0","0/0","0/0","0/0","0/0","0/0","0/0","0/0","0/0","0/0","0/0","0/0","0/0","0/0","0/0","0/0","0/0","0/0","0/0","0/0","0/0","0/0","0/0","0/0","0/0","0/0","0/0","0/0","0/0","0/0","0/0","0/0","0/1","0/0","0/0","0/0","0/0","0/0","0/0","0/0","0/0","0/0","0/0","0/0","0/0","0/0","0/0","0/0","0/0","0/0","0/0","0/0","0/0","0/0","0/0","0/0","0/0","0/0","0/0","0/0","0/0","0/0","0/0","0/0","0/0","0/0","0/0","0/0","0/0","0/0","0/0","0/0","0/0","0/0","0/0","0/0","0/0","0/0","0/0","0/0","0/0","0/0","0/0","0/0","0/0","0/0","0/0","0/0","0/0","0/0","0/0","0/0","0/0","0/0","0/0","0/0","0/0","0/0","0/0","0/0","0/0","0/0","0/0","0/0","0/0","0/0","0/0","0/0","0/0","0/0","0/0","0/0","0/0","0/0","0/0","0/0","0/0","0/0","0/0","0/0","0/0","0/0","0/0","0/0","0/0","0/0","0/0","0/0","0/0","0/0","0/0","0/0","0/0","0/0","0/0","0/0","0/0","0/0","0/0","0/0","0/0","0/0","0/0","0/0","0/0","0/0","0/0","0/0","0/0"
"chr8:27364392_GT/G_EPHX2","0/0","0/0","0/0","0/0","0/0","0/0","0/0","0/0","0/0","0/0","0/0","0/0","0/0","0/0","0/0","0/0","0/0","0/0","0/0","0/0","0/0","0/0","0/0","0/0","0/0","0/0","0/0","0/0","0/0","0/0","0/0","0/0","0/0","0/0","0/0","0/0","0/1","0/0","0/0","0/0","0/0","0/0","0/0","0/0","0/0","0/0","0/0","0/0","0/0","0/0","0/0","0/0","0/0","0/0","0/0","0/0","0/0","0/0","0/0","0/0","0/0","0/0","0/0","0/0","0/0","0/0","0/0","0/0","0/0","0/0","0/0","0/0","0/0","0/0","0/0","0/0","0/0","0/0","0/0","0/0","0/0","0/0","0/0","0/0","0/0","0/0","0/0","0/0","0/0","0/0","0/0","0/0","0/0","0/0","0/0","0/0","0/0","0/0","0/0","0/0","0/0","0/0","0/0","0/0","0/0","0/0","0/0","0/0","0/0","0/0","0/0","0/0","0/0","0/0","0/0","0/0","0/0","0/0","0/0","0/0","0/0","0/0","0/0","0/0","0/0","0/0","0/0","0/0","0/0","0/0","0/0","0/0","0/0","0/0","0/0","0/0","0/0","0/0","0/0","0/0","0/0","0/0","0/0","0/0","0/0","0/0","0/0","0/0","0/0","0/0","0/0","0/0","0/0"
"chr8:27634466_GA/G_ESCO2","0/0","0/0","0/0","0/0","0/0","0/0","0/0","0/0","0/0","0/0","0/0","0/0","0/0","0/0","0/0","0/0","0/0","0/0","0/0","0/0","0/0","0/0","0/0","0/0","0/0","0/0","0/0","0/0","0/0","0/0","0/0","0/0","0/0","0/0","0/0","0/0","0/0","0/0","0/0","0/0","0/0","0/0","0/0","0/0","0/0","0/0","0/0","0/0","0/0","0/0","0/0","0/0","0/0","0/0","0/0","0/0","0/0","0/0","0/0","0/0","0/0","0/0","0/0","0/0","0/0","0/0","0/0","0/0","0/0","0/0","0/0","0/0","0/0","0/0","0/0","0/0","0/0","0/0","0/0","0/0","0/0","0/0","0/0","0/0","0/0","0/0","0/0","0/0","0/0","0/0","0/0","0/0","0/0","0/0","0/0","0/0","0/0","0/0","0/0","0/0","0/0","0/0","0/0","0/0","0/0","0/0","0/0","0/0","0/0","0/0","0/0","0/0","0/0","0/0","0/0","0/0","0/0","0/0","0/0","0/0","0/0","0/0","0/0","0/0","0/0","0/0","0/0","0/0","0/0","0/0","0/0","0/0","0/0","0/0","0/0","0/0","0/0","0/0","0/0","0/0","0/0","0/0","0/0","0/0","0/0","0/0","0/1","0/1","0/1","0/0","0/0","0/0","0/0"
"chr8:27667984_TTCA/T_PBK","0/0","0/0","0/0","0/0","0/0","0/0","0/0","0/0","0/0","0/0","0/0","0/0","0/0","0/0","0/0","0/0","0/0","0/0","0/0","0/0","0/0","0/0","0/0","0/0","0/0","0/0","0/0","0/0","0/0","0/0","0/0","0/0","0/0","0/0","0/0","0/0","0/0","0/0","0/0","0/0","0/0","0/0","0/0","0/0","0/0","0/0","0/0","0/0","0/0","0/0","0/0","0/0","0/1","0/0","0/0","0/0","0/0","0/0","0/0","0/0","0/0","0/0","0/0","0/0","0/0","0/0","0/0","0/0","0/0","0/0","0/0","0/0","0/0","0/0","0/0","0/0","0/0","0/0","0/0","0/0","0/0","0/0","0/0","0/0","0/0","0/0","0/0","0/0","0/0","0/0","0/0","0/0","0/0","0/0","0/0","0/0","0/0","0/0","0/0","0/0","0/0","0/0","0/0","0/0","0/0","0/0","0/0","0/0","0/0","0/0","0/0","0/0","0/0","0/0","0/0","0/0","0/0","0/0","0/0","0/0","0/0","0/0","0/0","0/0","0/0","0/0","0/0","0/0","0/0","0/0","0/0","0/0","0/0","0/0","0/0","0/0","0/0","0/0","0/0","0/0","0/0","0/0","0/0","0/0","0/0","0/0","0/0","0/0","0/0","0/0","0/0","0/0","0/0"
"chr8:30620840_G/GT_UBXN8","1/1","1/1","1/1","1/1","1/1","1/1","1/1","1/1","1/1","1/1","1/1","1/1","1/1","1/1","1/1","1/1","1/1","1/1","1/1","1/1","1/1","1/1","1/1","1/1","1/1","1/1","1/1","1/1","1/1","1/1","1/1","1/1","1/1","1/1","1/1","1/1","1/1","1/1","1/1","1/1","1/1","1/1","1/1","1/1","1/1","1/1","1/1","1/1","1/1","1/1","1/1","1/1","1/1","1/1","1/1","1/1","1/1","1/1","1/1","1/1","1/1","1/1","1/1","1/1","1/1","1/1","1/1","1/1","1/1","1/1","1/1","1/1","1/1","1/1","1/1","1/1","1/1","1/1","1/1","1/1","1/1","1/1","1/1","1/1","1/1","1/1","1/1","1/1","1/1","1/1","1/1","1/1","1/1","1/1","1/1","1/1","1/1","1/1","1/1","1/1","1/1","1/1","1/1","1/1","1/1","1/1","1/1","1/1","1/1","1/1","1/1","1/1","1/1","1/1","1/1","1/1","1/1","1/1","1/1","1/1","1/1","1/1","1/1","1/1","1/1","1/1","1/1","1/1","1/1","1/1","1/1","1/1","1/1","1/1","1/1","1/1","1/1","1/1","1/1","1/1","1/1","1/1","1/1","1/1","1/1","1/1","1/1","1/1","1/1","1/1","1/1","1/1","1/1"
"chr8:30705629_GTAATTAATATTTTATCACAGCTTTTCCCAAAAGAA/G_TEX15","0/0","0/0","0/0","0/0","0/0","0/0","0/0","0/0","0/0","0/0","0/0","0/0","0/0","0/0","0/0","0/0","0/0","0/0","0/0","0/0","0/0","0/0","0/0","0/0","0/0","0/0","0/0","0/0","0/0","0/0","0/0","0/0","0/0","0/0","0/0","0/0","0/0","0/0","0/0","0/0","0/0","0/0","0/0","0/1","0/0","0/0","0/0","0/0","0/0","0/0","0/0","0/0","0/0","0/0","0/0","0/0","0/0","0/0","0/0","0/0","0/0","0/0","0/0","0/0","0/0","0/0","0/0","0/0","0/0","0/0","0/0","0/0","0/0","0/0","0/0","0/0","0/0","0/0","0/0","0/0","0/0","0/0","0/0","0/0","0/0","0/0","0/0","0/0","0/0","0/0","0/0","0/0","0/0","0/0","0/0","0/0","0/0","0/0","0/0","0/0","0/0","0/0","0/0","0/0","0/0","0/0","0/0","0/0","0/0","0/0","0/0","0/0","0/0","0/0","0/0","0/0","0/0","0/0","0/0","0/0","0/0","0/0","0/0","0/0","0/0","0/0","0/0","0/0","0/0","0/0","0/0","0/0","0/0","0/0","0/0","0/0","0/0","0/0","0/0","0/0","0/0","0/0","0/0","0/0","0/0","0/0","0/0","0/0","0/0","0/0","0/0","0/0","0/0"
"chr8:31497799_AGGC/A_NRG1","0/0","0/0","0/0","0/0","0/0","0/0","0/0","0/0","0/0","0/0","0/0","0/0","0/0","0/0","0/0","0/0","0/0","0/0","0/0","0/0","0/0","0/0","0/0","0/0","0/0","0/0","0/0","0/0","0/0","0/0","0/0","0/0","0/0","0/0","0/0","0/0","0/0","0/0","0/0","0/0","0/0","0/0","0/0","0/0","0/0","0/0","0/0","0/0","0/0","0/0","0/0","0/0","0/0","0/0","0/0","0/0","0/0","0/0","0/0","0/0","0/0","0/0","0/0","0/0","0/0","0/0","0/0","0/0","0/0","0/0","0/0","0/0","0/0","0/0","0/0","0/0","0/0","0/0","0/0","0/0","0/0","0/0","0/0","0/0","0/0","0/0","0/0","0/0","0/0","0/0","0/0","0/0","0/0","0/0","0/0","0/0","0/0","0/1","0/0","0/0","0/0","0/0","0/0","0/0","0/0","0/0","0/0","0/0","0/0","0/0","0/0","0/0","0/0","0/0","0/0","0/1","0/0","0/0","0/0","0/0","0/0","0/0","0/0","0/0","0/0","0/0","0/0","0/0","0/0","0/0","0/0","0/0","0/0","0/0","0/0","0/0","0/0","0/0","0/0","0/0","0/0","0/0","0/0","0/0","0/0","0/0","0/0","0/0","0/0","0/0","0/0","0/0","0/0"
"chr8:36768517_T/TC_KCNU1","0/0","0/0","0/0","0/0","0/0","0/0","0/0","0/0","0/0","0/0","0/0","0/0","0/0","0/0","0/0","0/0","0/0","0/0","0/0","0/0","0/0","0/0","0/0","0/0","0/0","0/0","0/0","0/0","0/0","0/0","0/0","0/0","0/0","0/0","0/0","0/0","0/1","0/0","0/0","0/0","0/0","0/0","0/0","0/0","0/0","0/0","0/0","0/0","0/0","0/0","0/0","0/0","0/0","0/0","0/0","0/0","0/0","0/0","0/0","0/0","0/0","0/0","0/0","0/0","0/0","0/0","0/0","0/0","0/0","0/0","0/0","0/0","0/0","0/0","0/0","0/0","0/0","0/0","0/0","0/0","0/0","0/0","0/0","0/0","0/0","0/0","0/0","0/0","0/0","0/0","0/0","0/0","0/0","0/0","0/0","0/0","0/0","0/0","0/0","0/0","0/0","0/0","0/0","0/0","0/0","0/0","0/0","0/0","0/0","0/0","0/0","0/0","0/0","0/0","0/0","0/0","0/0","0/0","0/0","0/0","0/0","0/0","0/0","0/0","0/0","0/0","0/0","0/0","0/0","0/0","0/0","0/0","0/0","0/0","0/0","0/0","0/0","0/0","0/0","0/0","0/0","0/0","0/0","0/0","0/0","0/0","0/0","0/0","0/0","0/0","0/0","0/0","0/0"
"chr8:37735024_T/TC_RAB11FIP1","0/0","0/0","0/0","0/0","0/0","0/0","0/0","0/0","0/0","0/0","0/0","0/0","0/0","0/0","0/0","0/0","0/0","0/0","0/0","0/0","0/0","0/0","0/0","0/0","0/0","0/0","0/0","0/0","0/0","0/0","0/0","0/0","0/0","0/0","0/0","0/0","0/0","0/0","0/0","0/0","0/0","0/0","0/0","0/0","0/0","0/0","0/0","0/0","0/0","0/0","0/0","0/0","0/0","0/0","0/1","0/0","0/0","0/0","0/0","0/0","0/0","0/0","0/0","0/0","0/0","0/0","0/0","0/0","0/0","0/0","0/0","0/0","0/0","0/0","0/0","0/0","0/0","0/0","0/0","0/0","0/0","0/0","0/0","0/0","0/0","0/0","0/0","0/0","0/0","0/0","0/0","0/0","0/0","0/0","0/0","0/0","0/0","0/0","0/0","0/0","0/0","0/0","0/0","0/0","0/0","0/0","0/0","0/0","0/0","0/0","0/0","0/0","0/0","0/0","0/0","0/0","0/0","0/0","0/0","0/0","0/0","0/0","0/0","0/0","0/0","0/0","0/0","0/0","0/0","0/0","0/0","0/0","0/0","0/0","0/0","0/0","0/0","0/0","0/0","0/0","0/0","0/0","0/0","0/0","0/0","0/0","0/0","0/0","0/0","0/0","0/0","0/0","0/0"
"chr8:37791988_GT/G_GOT1L1","0/0","0/0","0/0","0/0","0/0","0/0","0/0","0/0","0/0","0/0","0/0","0/0","0/0","0/0","0/0","0/0","0/0","0/0","0/0","0/0","0/0","0/0","0/0","0/0","0/0","0/0","0/0","0/0","0/0","0/0","0/0","0/0","0/0","0/0","0/0","0/0","0/0","0/0","0/0","0/0","0/0","0/0","0/0","0/0","0/0","0/0","0/0","0/0","0/0","0/0","0/0","0/0","0/0","0/1","0/0","0/0","0/0","0/0","0/0","0/0","0/0","0/0","0/0","0/0","0/0","0/0","0/0","0/0","0/0","0/0","0/0","0/0","0/0","0/0","0/0","0/0","0/0","0/0","0/0","0/0","0/0","0/0","0/0","0/0","0/0","0/0","0/0","0/0","0/0","0/0","0/0","0/1","0/1","0/0","0/0","0/0","0/0","0/0","0/0","0/0","0/1","0/0","0/1","0/0","0/0","0/0","0/0","0/0","0/0","0/0","0/0","0/0","0/0","0/0","0/0","0/0","0/0","0/0","0/0","0/0","0/0","0/0","0/0","0/0","0/0","0/0","0/0","0/0","0/0","0/0","0/0","0/0","0/0","0/0","0/0","0/0","0/0","0/0","0/1","0/1","0/1","0/0","0/0","0/0","0/0","0/0","0/0","0/0","0/0","0/0","0/0","0/0","0/0"
"chr8:39114703_TAGG/T_ADAM32","0/0","0/0","0/1","0/0","0/0","0/0","0/0","0/0","0/0","0/0","0/0","0/0","0/0","0/0","0/0","0/0","0/0","0/0","0/0","0/0","0/0","0/0","0/0","0/0","0/0","0/0","0/0","0/0","0/0","0/0","0/0","0/0","0/0","0/0","0/0","0/0","0/0","0/0","0/0","0/0","0/0","0/0","0/0","0/0","0/0","0/0","0/0","0/0","0/0","0/0","0/0","0/0","0/0","0/0","0/0","0/0","0/0","0/0","0/0","0/0","0/0","0/0","0/0","0/0","0/0","0/0","0/0","0/0","0/0","0/0","0/0","0/0","0/0","0/0","0/0","0/0","0/0","0/0","0/0","0/0","0/0","0/0","0/0","0/0","0/0","0/0","0/0","0/0","0/0","0/0","0/0","0/0","0/1","0/0","0/0","0/0","0/0","0/0","0/0","0/0","0/0","0/0","0/0","0/0","0/0","0/0","0/0","0/0","0/0","0/0","0/0","0/0","0/0","0/0","0/0","0/0","0/0","0/0","0/0","0/0","0/0","0/0","0/0","0/0","0/0","0/0","0/0","0/0","0/0","0/0","0/0","0/0","0/0","0/0","0/0","0/0","0/0","0/0","0/0","0/0","0/0","0/0","0/0","0/0","0/0","0/0","0/0","0/0","0/0","0/0","0/0","0/0","0/0"
"chr8:39613315_A/ATT_ADAM2","0/0","0/0","0/0","0/0","0/0","0/0","0/0","0/0","0/0","0/1","0/0","0/0","0/0","0/0","0/0","0/0","0/0","0/0","0/0","0/0","0/0","0/0","0/0","0/0","0/0","0/0","0/0","0/0","0/0","0/0","0/0","0/0","0/0","0/0","0/0","0/0","0/0","0/0","0/0","0/0","0/0","0/0","0/0","0/0","0/0","0/0","0/0","0/0","0/0","0/0","0/0","0/0","0/0","0/0","0/0","0/0","0/0","0/0","0/0","0/0","0/0","0/0","0/0","0/0","0/0","0/0","0/0","0/0","0/0","0/0","0/0","0/0","0/0","0/0","0/0","0/0","0/0","0/0","0/0","0/0","0/0","0/0","0/0","0/0","0/0","0/0","0/0","0/0","0/0","0/0","0/0","0/0","0/0","0/0","0/0","0/0","0/0","0/0","0/0","0/0","0/0","0/0","0/0","0/0","0/0","0/0","0/0","0/0","0/0","0/0","0/0","0/0","0/0","0/0","0/0","0/0","0/0","0/0","0/0","0/0","0/0","0/0","0/0","0/0","0/0","0/0","0/0","0/0","0/0","0/0","0/0","0/0","0/0","0/0","0/0","0/0","0/0","0/0","0/0","0/0","0/0","0/0","0/0","0/0","0/0","0/0","0/0","0/0","0/0","0/0","0/0","0/0","0/0"
"chr8:41166637_GGCT/G_SFRP1","0/1","0/1","0/1","0/1","0/0","0/0","0/0","0/0","0/0","0/0","0/0","0/0","0/1","0/0","1/1","0/1","0/1","1/1","0/1","0/1","0/1","0/0","0/0","0/0","1/1","0/0","0/1","0/0","0/1","0/0","0/0","0/1","0/1","0/1","0/0","0/1","0/1","0/0","1/1","0/1","0/0","0/0","0/0","0/0","1/1","1/1","0/1","0/0","0/1","0/1","0/0","0/1","1/1","0/0","1/1","0/1","0/1","0/0","0/1","1/1","1/1","0/0","0/0","0/1","0/1","0/1","0/0","0/0","0/0","0/0","0/1","0/0","0/0","0/0","0/0","0/1","0/1","0/0","0/0","1/1","1/1","0/1","0/0","0/0","0/0","0/1","0/1","0/1","0/1","0/1","0/1","0/1","0/1","0/1","0/1","0/1","0/1","0/1","0/0","0/0","1/1","0/0","1/1","0/0","0/0","1/1","1/1","0/0","0/0","0/0","0/1","0/1","0/1","0/0","0/0","0/0","0/0","0/0","0/1","0/0","0/1","0/1","0/0","0/0","0/0","0/0","0/0","0/0","0/0","0/0","0/0","0/1","1/1","1/1","1/1","1/1","1/1","0/1","0/0","0/0","0/0","0/1","0/1","0/1","0/1","0/1","1/1","1/1","1/1","0/1","0/1","0/1","0/1"
"chr8:41794796_ATCT/A_KAT6A","0/0","0/0","0/0","0/0","0/0","0/0","0/0","0/0","0/0","0/0","0/0","0/0","0/0","0/0","0/0","0/0","0/0","0/0","0/0","0/0","0/0","0/0","0/0","0/1","0/0","0/0","0/1","0/0","0/0","0/0","0/0","0/0","0/0","0/0","0/0","0/0","0/0","0/0","0/0","0/0","0/0","0/0","0/0","0/0","0/0","0/0","0/0","0/0","0/0","0/0","0/0","0/0","0/0","0/0","0/0","0/0","0/0","0/0","0/0","0/0","0/0","0/0","0/0","0/0","0/0","0/0","0/0","0/0","0/0","0/0","0/0","0/0","0/0","0/0","0/0","0/0","0/0","0/0","0/0","0/1","0/1","0/0","0/0","0/0","0/0","0/1","0/1","0/0","0/0","0/0","0/0","0/0","0/0","0/0","0/0","0/0","0/0","0/0","0/0","0/0","0/0","0/0","0/0","0/0","0/0","0/0","0/0","0/1","0/1","0/0","0/0","0/0","0/0","0/0","0/0","0/0","0/0","0/0","0/0","0/0","0/0","0/0","0/0","0/0","0/0","0/0","0/0","0/0","0/0","0/0","0/0","0/1","0/0","0/0","0/0","0/0","0/0","0/0","0/0","0/0","0/0","0/1","0/1","0/0","0/0","0/0","0/0","0/0","0/0","0/0","0/0","0/0","0/0"
"chr8:42958837_CTG/C_POMK","0/0","0/0","0/0","0/0","0/0","0/0","0/0","0/0","0/0","0/0","0/0","0/0","0/0","0/0","0/0","0/0","0/0","0/0","0/0","0/0","0/0","0/0","0/0","0/0","0/0","0/0","0/0","0/0","0/0","0/0","0/0","0/0","0/0","0/0","0/0","0/0","0/0","0/0","0/0","0/0","0/0","0/0","0/0","0/0","0/0","0/0","0/0","0/0","0/0","0/0","0/0","0/0","0/0","0/0","0/0","0/0","0/0","0/0","0/0","0/0","0/0","0/0","0/0","0/0","0/0","0/0","0/0","0/0","0/0","0/0","0/0","0/0","0/0","0/0","0/0","0/0","0/0","0/0","0/0","0/0","0/0","0/1","0/0","0/0","0/0","0/0","0/0","0/0","0/0","0/0","0/0","0/0","0/0","0/0","0/0","0/0","0/0","0/0","0/0","0/0","0/0","0/0","0/0","0/0","0/0","0/0","0/0","0/0","0/0","0/0","0/0","0/0","0/0","0/0","0/0","0/0","0/0","0/0","0/0","0/0","0/0","0/0","0/0","0/0","0/0","0/0","0/0","0/0","0/0","0/0","0/0","0/0","0/0","0/0","0/0","0/0","0/0","0/0","0/0","0/0","0/0","0/0","0/0","0/0","0/0","0/0","0/0","0/0","0/0","0/0","0/0","0/0","0/0"
"chr8:48771414_TCTC/T_PRKDC","0/0","0/0","0/0","0/0","0/0","0/0","0/0","0/0","0/0","0/0","0/0","0/0","0/0","0/0","0/0","0/0","0/1","0/0","0/0","0/0","0/0","0/0","0/0","0/0","0/0","0/0","0/0","0/0","0/0","0/0","0/0","0/0","0/0","0/0","0/0","0/0","0/0","0/0","0/0","0/0","0/0","0/0","0/0","0/1","0/0","0/0","0/0","0/0","0/0","0/0","0/0","0/0","0/0","0/0","0/0","0/0","0/0","0/0","0/0","0/1","0/0","0/0","0/0","0/0","0/0","0/0","0/0","0/0","0/0","0/0","0/0","1/1","1/1","0/0","0/0","0/0","0/0","0/0","0/0","0/0","0/0","0/0","0/0","0/0","0/0","0/0","0/0","0/0","0/0","0/0","0/0","0/0","0/0","0/0","0/0","0/0","0/0","0/0","0/0","0/0","0/0","0/0","0/0","0/0","0/0","0/0","0/0","0/0","0/0","0/0","0/0","0/1","0/1","0/0","0/0","0/0","0/0","0/0","0/0","0/0","0/0","0/0","0/0","0/0","0/0","0/0","0/0","0/0","0/0","0/0","0/0","0/0","0/0","0/0","0/0","0/0","0/0","0/0","0/0","0/0","0/0","0/0","0/0","0/0","0/0","0/0","0/0","0/0","0/0","0/0","0/0","0/0","0/0"
"chr8:48805816_A/AG_PRKDC","1/1","1/1","1/1","1/1","1/1","1/1","1/1","1/1","1/1","1/1","1/1","1/1","1/1","1/1","1/1","1/1","1/1","1/1","1/1","1/1","1/1","1/1","1/1","1/1","1/1","1/1","1/1","1/1","1/1","1/1","1/1","1/1","1/1","1/1","1/1","1/1","1/1","1/1","1/1","1/1","1/1","1/1","1/1","1/1","1/1","1/1","1/1","1/1","1/1","1/1","1/1","1/1","1/1","1/1","1/1","1/1","1/1","1/1","1/1","1/1","1/1","1/1","1/1","1/1","1/1","1/1","1/1","1/1","1/1","1/1","1/1","1/1","1/1","1/1","1/1","1/1","1/1","1/1","1/1","1/1","1/1","1/1","1/1","1/1","1/1","1/1","1/1","1/1","1/1","1/1","1/1","1/1","1/1","1/1","1/1","1/1","1/1","1/1","1/1","1/1","1/1","1/1","1/1","1/1","1/1","1/1","1/1","1/1","1/1","1/1","1/1","1/1","1/1","1/1","1/1","1/1","1/1","1/1","1/1","1/1","1/1","1/1","1/1","1/1","1/1","1/1","1/1","1/1","1/1","1/1","1/1","1/1","1/1","1/1","1/1","1/1","1/1","1/1","1/1","1/1","1/1","1/1","1/1","1/1","1/1","1/1","1/1","1/1","1/1","1/1","1/1","1/1","1/1"
"chr8:53084848_G/GTCA_ST18","0/0","0/0","0/0","0/0","0/0","0/0","0/0","0/0","0/0","0/0","0/0","0/0","0/0","0/0","0/0","0/0","0/0","0/0","0/0","0/0","0/0","0/0","0/0","0/0","0/0","0/0","0/0","0/0","0/0","0/0","0/0","0/0","0/0","0/0","0/1","0/0","0/0","0/0","0/0","0/0","0/0","0/0","0/0","0/0","0/0","0/0","0/0","0/0","0/0","0/0","0/0","0/0","0/0","0/0","0/0","0/0","0/0","0/0","0/0","0/0","0/0","0/0","0/0","0/0","0/0","0/0","0/0","0/0","0/0","0/0","0/0","0/0","0/0","0/0","0/0","0/0","0/0","0/0","0/0","0/0","0/0","0/0","0/0","0/0","0/0","0/0","0/0","0/0","0/0","0/0","0/0","0/0","0/0","0/0","0/0","0/0","0/0","0/0","0/0","0/0","0/0","0/0","0/0","0/0","0/0","0/0","0/0","0/0","0/0","0/0","0/0","0/0","0/0","0/0","0/0","0/0","0/0","0/0","0/0","0/0","0/0","0/0","0/0","0/0","0/0","0/0","0/0","0/0","0/0","0/0","0/0","0/0","0/0","0/0","0/0","0/0","0/0","0/0","0/0","0/0","0/0","0/0","0/0","0/0","0/0","0/0","0/0","0/0","0/0","0/0","0/0","0/0","0/0"
"chr8:54852183_C/CAGGTGT_RGS20","0/0","0/0","0/0","0/0","0/0","0/0","0/0","0/0","0/0","0/0","0/0","0/0","0/0","0/0","0/0","0/0","0/0","0/0","0/0","0/0","0/0","0/0","0/0","0/0","0/0","0/0","0/0","0/0","0/0","0/0","0/0","0/0","0/0","0/0","0/0","0/0","0/0","0/0","0/0","0/0","0/0","0/0","0/0","0/0","0/0","0/0","0/0","0/0","0/0","0/0","0/0","0/0","0/0","0/0","0/0","0/0","0/0","0/0","0/0","0/0","0/0","0/0","0/0","0/0","0/0","0/0","0/0","0/0","0/0","0/0","0/0","0/0","0/0","0/0","0/0","0/0","0/0","0/0","0/0","0/0","0/0","0/0","0/0","0/0","0/0","0/0","0/0","0/0","0/0","0/0","0/0","0/0","0/0","0/0","0/0","0/0","0/0","0/0","0/0","0/0","0/0","0/0","0/0","0/0","0/0","0/0","0/0","0/0","0/0","0/0","0/0","0/0","0/0","0/0","0/1","0/0","0/0","0/0","0/0","0/0","0/0","0/0","0/0","0/0","0/1","0/1","0/0","0/0","0/0","0/0","0/0","0/0","0/0","0/0","0/0","0/0","0/0","0/0","0/0","0/0","0/0","0/0","0/0","0/0","0/0","0/0","0/0","0/0","0/0","0/0","0/0","0/0","0/0"
"chr8:54852184_GC/G_RGS20","0/0","0/0","0/0","0/0","0/0","0/0","0/0","0/0","0/0","0/0","0/0","0/0","0/0","0/0","0/0","0/0","0/0","0/0","0/0","0/0","0/0","0/0","0/0","0/0","0/0","0/0","0/0","0/0","0/0","0/0","0/0","0/0","0/0","0/0","0/0","0/0","0/0","0/0","0/0","0/0","0/0","0/0","0/0","0/0","0/0","0/0","0/0","0/0","0/0","0/0","0/0","0/0","0/0","0/0","0/0","0/0","0/0","0/0","0/0","0/0","0/0","0/0","0/0","0/0","0/0","0/0","0/0","0/0","0/0","0/0","0/0","0/0","0/0","0/0","0/0","0/0","0/0","0/0","0/0","0/0","0/0","0/0","0/0","0/0","0/0","0/0","0/0","0/0","0/0","0/0","0/0","0/0","0/0","0/0","0/0","0/0","0/0","0/0","0/0","0/0","0/0","0/0","0/0","0/0","0/0","0/0","0/0","0/0","0/0","0/0","0/0","0/0","0/0","0/0","0/1","0/0","0/0","0/0","0/0","0/0","0/0","0/0","0/0","0/0","0/1","0/1","0/0","0/0","0/0","0/0","0/0","0/0","0/0","0/0","0/0","0/0","0/0","0/0","0/0","0/0","0/0","0/0","0/0","0/0","0/0","0/0","0/0","0/0","0/0","0/0","0/0","0/0","0/0"
"chr8:54978322_AT/A_LYPLA1","0/0","0/0","0/0","0/0","0/0","0/0","0/0","0/0","0/0","0/0","0/0","0/0","0/0","0/0","0/0","0/0","0/0","0/0","0/0","0/0","0/0","0/0","0/0","0/0","0/0","0/0","0/1","0/0","0/0","0/0","0/0","0/0","0/0","0/0","0/0","0/0","0/0","0/0","0/0","0/0","0/0","0/0","0/0","0/0","0/0","0/0","0/0","0/0","0/0","0/0","0/0","0/0","0/0","0/0","0/0","0/0","0/0","0/0","0/0","0/0","0/0","0/0","0/0","0/0","0/0","0/0","0/0","0/0","0/0","0/0","0/0","0/0","0/0","0/0","0/0","0/0","0/0","0/0","0/0","0/0","0/0","0/0","0/0","0/0","0/0","0/0","0/0","0/0","0/0","0/0","0/0","0/0","0/0","0/0","0/0","0/0","0/0","0/0","0/0","0/0","0/0","0/0","0/0","0/0","0/0","0/0","0/0","0/0","0/0","0/0","0/0","0/0","0/0","0/0","0/0","0/0","0/0","0/0","0/0","0/0","0/0","0/0","0/0","0/0","0/0","0/0","0/0","0/0","0/0","0/0","0/0","0/0","0/0","0/0","0/0","0/0","0/0","0/0","0/0","0/0","0/0","0/0","0/0","0/0","0/0","0/0","0/0","0/0","0/0","0/0","0/0","0/0","0/0"
"chr8:55541917_TGACTCA/T_RP1","0/0","0/0","0/0","0/0","0/0","0/0","0/0","0/0","0/0","0/0","0/0","0/0","0/0","0/0","0/0","0/0","0/0","0/1","0/0","0/0","0/0","0/0","0/0","0/0","0/0","0/0","0/0","0/0","0/0","0/0","0/0","0/0","0/0","0/0","0/0","0/0","0/0","0/0","0/0","0/0","0/0","0/0","0/0","0/0","0/0","0/0","0/0","0/0","0/0","0/0","0/0","0/0","0/0","0/0","0/0","0/0","0/0","0/0","0/0","0/0","0/0","0/0","0/0","0/0","0/0","0/0","0/0","0/0","0/0","0/0","0/0","0/0","0/0","0/0","0/0","0/0","0/0","0/0","0/0","0/0","0/0","0/0","0/0","0/0","0/0","0/0","0/0","0/0","0/0","0/0","0/0","0/0","0/0","0/0","0/0","0/0","0/0","0/0","0/0","0/0","0/0","0/0","0/0","0/0","0/0","0/0","0/0","0/0","0/0","0/0","0/0","0/0","0/0","0/0","0/0","0/0","0/0","0/0","0/0","0/0","0/0","0/0","0/0","0/0","0/0","0/0","0/0","0/0","0/0","0/0","0/0","0/0","0/0","0/0","0/0","0/0","0/0","0/0","0/0","0/0","0/0","0/0","0/0","0/0","0/0","0/0","0/0","0/0","0/0","0/0","0/0","0/0","0/0"
"chr8:59346940_TCTATACCCAAAAGGTTCAGA/T_UBXN2B","0/0","0/0","0/0","0/0","0/0","0/0","0/0","0/0","0/0","0/0","0/0","0/0","0/0","0/0","0/0","0/0","0/0","0/0","0/0","0/0","0/0","0/0","0/0","0/0","0/0","0/1","0/0","0/0","0/0","0/0","0/0","0/0","0/0","0/0","0/0","0/0","0/0","0/0","0/0","0/0","0/0","0/0","0/0","0/0","0/0","0/0","0/0","0/0","0/0","0/0","0/0","0/0","0/0","0/0","0/0","0/0","0/0","0/0","0/0","0/0","0/0","0/0","0/0","0/0","0/0",".","0/0","0/0","0/0","0/0","0/0","0/0","0/0","0/0","0/0","0/0","0/0","0/1","0/0","0/0","0/0","0/0",".","0/0","0/0","0/0","0/0","0/0","0/0","0/0","0/1","0/0","0/0",".","0/0","0/0","0/0","0/0","0/0","0/0","0/0","0/0","0/0","0/0","0/0","0/0","0/0",".","0/0","0/0","0/0","0/0","0/0","0/0","0/0","0/0","0/0","0/0","0/0","0/0","0/0","0/0","0/0","0/0","0/0","0/0","0/0","0/0","0/0","0/0","0/0","0/0","0/0","0/0","0/0","0/0","0/0","0/0","0/0","0/0","0/0","0/0","0/0","0/0","0/0","0/0","1/1",".","0/0","0/0","0/0","0/0","0/0"
"chr8:62588723_T/TTTC_ASPH","0/0","0/0","0/0","0/0","0/0","0/0","0/0","0/0","0/0","0/0","0/0","0/0","0/0","0/0","0/0","0/0","0/0","0/0","0/0","0/0","0/0","0/0","0/0","0/0","0/0","0/0","0/0","0/0","0/0","0/0","0/0","0/0","0/0","0/0","0/0","0/0","0/0","0/0","0/0","0/0","0/0","0/1","0/0","0/0","0/0","0/0","0/0","0/0","0/0","0/0","0/0","0/0","0/0","0/0","0/0","0/0","0/0","0/0","0/0","0/0","0/0","0/0","0/0","0/0","0/0","0/0","0/0","0/0","0/0","0/0","0/0","0/0","0/0","0/0","0/0","0/0","0/0","0/0","0/0","0/0","0/0","0/0","0/0","0/0","0/0","0/0","0/0","0/0","0/0","0/0","0/0","0/0","0/0","0/0","0/0","0/0","0/0","0/0","0/0","0/0","0/0","0/0","0/0","0/0","0/0","0/0","0/0","0/0","0/0","0/0","0/0","0/0","0/0","0/0","0/0","0/0","0/0","0/0","0/0","0/0","0/0","0/0","0/0","0/0","0/0","0/0","0/0","0/0","0/0","0/0","0/0","0/0","0/0","0/0","0/0","0/0","0/0","0/0","0/0","0/0","0/0","0/0","0/0","0/0","0/0","0/0","0/0","0/0","0/0","0/0","0/0","0/0","0/0"
"chr8:64098729_A/AG_YTHDF3","1/1","1/1","1/1","1/1","1/1","1/1","1/1","1/1","1/1","1/1","1/1","1/1","1/1","1/1","1/1","1/1","1/1","1/1","1/1","1/1","1/1","1/1","1/1","1/1","1/1","1/1","1/1","1/1","1/1","1/1","1/1","1/1","1/1","1/1","1/1","1/1","1/1","1/1","1/1","1/1","1/1","1/1","1/1","1/1","1/1","1/1","1/1","1/1","1/1","1/1","1/1","1/1","1/1","1/1","1/1","1/1","1/1","1/1","1/1","1/1","1/1","1/1","1/1","1/1","1/1","1/1","1/1","1/1","1/1","1/1","1/1","1/1","1/1","1/1","1/1","1/1","1/1","1/1","1/1","1/1","1/1","1/1","1/1","1/1","1/1","1/1","1/1","1/1","1/1","1/1","1/1","1/1","1/1","1/1","1/1","1/1","1/1","1/1","1/1","1/1","1/1","1/1","1/1","1/1","1/1","1/1","1/1","1/1","1/1","1/1","1/1","1/1","1/1","1/1","1/1","1/1","1/1","1/1","1/1","1/1","1/1","1/1","1/1","1/1","1/1","1/1","1/1","1/1","1/1","1/1","1/1","1/1","1/1","1/1","1/1","1/1","1/1","1/1","1/1","1/1","1/1","1/1","1/1","1/1","1/1","1/1","1/1","1/1","1/1","1/1","1/1","1/1","1/1"
"chr8:65494020_GGCA/GGCAGCA_BHLHE22","0/0","0/0","0/0","0/0","0/0","0/0","0/0","0/0","0/0","0/0","0/0","0/0","0/0","0/0","0/0","0/1","0/0","0/0","0/0","0/0","0/0","0/0","0/0","0/0","0/0","0/0","0/0","0/0","0/0","0/0","0/0","0/2","0/0","0/1","0/0","0/0","0/0","0/0","0/0","0/0","0/1","0/0","0/0","0/0","0/0","0/0","0/0","0/0","0/0","0/0","0/0","0/0","0/0","0/0","0/0","0/0","0/1","0/0","0/0","0/0","0/0","0/0","0/0","0/0","0/0","0/0","0/0","0/0","0/0","0/0","0/0","0/0","0/0","0/0","0/0","0/0","0/0","0/0","0/0","0/0","0/0","0/0","0/0","0/0","0/0","0/0","0/0","0/0","0/0","0/0","0/0","0/0","0/0","0/0","0/0","0/0","0/0","0/0","0/0","0/0","0/1","0/0","0/1","0/0","0/0","0/0","0/0","0/0","0/0","0/0","0/0","0/0","0/0","0/0","0/0","0/0","0/0","0/0","0/0","0/0","0/0","0/0","0/0","0/0","0/0","0/0","0/0","0/0","0/0","0/0","0/0","0/0","0/0","0/0","0/0","0/0","0/0","0/0","0/0","0/0","0/0","0/0","0/0","0/0","0/0","0/0","0/0","0/0","0/0","0/0","0/0","0/0","0/0"
"chr8:66582208_CCTA/C_MTFR1","0/0","0/0","0/0","0/0","0/0","0/0","0/0","0/0","0/0","0/0","0/0","0/0","0/0","0/0","0/0","0/0","0/0","0/0","0/0","0/0","0/0","0/0","0/0","0/0","0/0","0/0","0/1","0/0","0/0","0/0","0/0","0/0","0/0","0/0","0/0","0/0","0/0","0/0","0/0","0/0","0/0","0/0","0/0","0/0","0/0","0/0","0/0","0/0","0/0","0/0","0/0","0/0","0/0","0/0","0/0","0/0","0/0","0/0","0/0","0/0","0/0","0/0","0/0","0/0","0/0","0/0","0/0","0/0","0/0","0/0","0/0","0/0","0/0","0/0","0/0","0/0","0/0","0/0","0/0","0/0","0/0","0/0","0/0","0/0","0/0","0/0","0/0","0/0","0/0","0/0","0/0","0/0","0/0","0/0","0/0","0/0","0/0","0/0","0/0","0/0","0/0","0/0","0/0","0/0","0/0","0/0","0/0","0/0","0/0","0/0","0/0","0/0","0/0","0/0","0/0","0/0","0/0","0/0","0/0","0/0","0/0","0/0","0/0","0/0","0/0","0/0","0/0","0/0","0/0","0/0","0/0","0/0","0/0","0/0","0/0","0/0","0/0","0/0","0/0","0/0","0/0","0/0","0/0","0/0","0/0","0/0","0/0","0/0","0/0","0/0","0/0","0/0","0/0"
"chr8:66582213_T/TTGGCC_MTFR1","0/0","0/0","0/0","0/0","0/0","0/0","0/0","0/0","0/0","0/0","0/0","0/0","0/0","0/0","0/0","0/0","0/0","0/0","0/0","0/0","0/0","0/0","0/0","0/0","0/0","0/0","0/1","0/0","0/0","0/0","0/0","0/0","0/0","0/0","0/0","0/0","0/0","0/0","0/0","0/0","0/0","0/0","0/0","0/0","0/0","0/0","0/0","0/0","0/0","0/0","0/0","0/0","0/0","0/0","0/0","0/0","0/0","0/0","0/0","0/0","0/0","0/0","0/0","0/0","0/0","0/0","0/0","0/0","0/0","0/0","0/0","0/0","0/0","0/0","0/0","0/0","0/0","0/0","0/0","0/0","0/0","0/0","0/0","0/0","0/0","0/0","0/0","0/0","0/0","0/0","0/0","0/0","0/0","0/0","0/0","0/0","0/0","0/0","0/0","0/0","0/0","0/0","0/0","0/0","0/0","0/0","0/0","0/0","0/0","0/0","0/0","0/0","0/0","0/0","0/0","0/0","0/0","0/0","0/0","0/0","0/0","0/0","0/0","0/0","0/0","0/0","0/0","0/0","0/0","0/0","0/0","0/0","0/0","0/0","0/0","0/0","0/0","0/0","0/0","0/0","0/0","0/0","0/0","0/0","0/0","0/0","0/0","0/0","0/0","0/0","0/0","0/0","0/0"
"chr8:67579167_A/AGGCGGC_VCPIP1","0/0","0/0","0/0","0/0","0/0","0/0","0/0","0/0","0/0","0/0","0/0","0/0","0/0","0/0","0/0","0/0","0/0","0/0","0/0","0/0","0/0","0/0","0/0","0/0","0/0","0/0","0/0","0/0","0/0","0/0","0/0","0/0","0/0","0/0","0/0","0/0","0/0","0/0","0/0","0/0","0/0","0/0","0/0","0/0","0/0","0/0","0/0","0/0","0/0","0/0","0/0","0/0","0/0","0/0","0/0","0/0","0/0","0/0","0/0","0/0","0/0","0/0","0/0","0/0","0/0","0/0","0/0","0/0","0/0","0/0","0/0","0/0","0/0","0/0","0/0","0/0","0/0","0/0","0/0","0/1","0/1","0/0","0/0","0/0","0/0","0/0","0/0","0/0","0/0","0/0","0/0","0/0","0/0","0/0","0/0","0/0","0/0","0/0","0/0","0/0","0/0","0/0","0/0","0/0","0/0","0/0","0/0","0/0","0/0","0/0","0/0","0/0","0/0","0/0","0/0","0/0","0/0","0/0","0/0","0/0","0/0","0/0","0/0","0/0","0/0","0/0","0/0","0/0","0/0","0/0","0/0","0/0","0/1","0/0","0/1","0/1","0/0","0/0","0/0","0/0","0/0","0/0","0/0","0/0","0/0","0/0","0/0","0/0","0/0","0/0","0/0","0/0","0/0"
"chr8:67873969_AG/A_TCF24","0/0","0/0","0/0","0/0","0/0","0/0","0/0","0/0","0/0","0/0","0/0","0/0","0/0","0/0","0/0","0/0","0/0","0/0","0/0","0/0","0/0","0/0","0/0","0/0","0/0","0/0","0/0","0/0",".","0/0","0/0","0/0","0/0","0/0","0/0","0/0","0/0","0/0","0/0","0/0","0/0","0/0","0/0","0/0","0/0","0/0","0/0","0/0","0/0","0/0","0/0","0/0",".","0/0","0/0","0/0","0/0","0/0","0/0","0/0","0/0","0/0","0/0","0/0","0/0","0/0","0/0","0/0","0/0","0/0","0/0","0/0","0/0","0/0","0/1","0/0","0/0","0/0","0/0",".","0/0","0/0","0/0","0/0","0/0","0/0","0/0","0/0","0/0","0/0",".","0/0","0/0","0/0","0/0","0/0","0/0","0/0","0/0","0/0",".",".","0/0","0/0","0/0","0/0","0/0","0/0","0/0","0/0","0/0","0/0","0/0","0/0","0/0","0/0","0/0","0/0","0/0","0/0",".","0/0","0/0","0/0","0/0","0/0",".","0/0","0/0","0/0","0/0","0/0","0/0",".",".","0/0","0/0","0/0","0/0","0/0","0/0","0/0","0/0","0/0","0/0","0/0","0/0","0/0","0/0","0/0","0/0",".","0/0"
"chr8:71619267_TATAG/T_XKR9","0/0","0/0","0/0","0/0","0/0","0/0","0/0","0/0","0/0","0/0","0/0","0/0","0/0","0/0","0/0","0/0","0/0","0/0","0/0","0/0","0/0","0/0","0/0","0/0","0/0","0/0","0/0","0/1","0/0","0/0","0/0","0/0","0/0","0/0","0/0","0/0","0/0","0/0","0/0","0/0","0/0","0/0","0/0","0/0","0/0","0/0","0/0","0/0","0/0","0/0","0/0","0/0","0/0","0/0","0/0","0/0","0/0","0/0","0/0","0/1","0/0","0/0","0/0","0/0","0/0","0/0","0/0","0/0","0/0","0/0","0/0","0/0","0/0","0/0","0/0","0/0","0/0","0/0","0/0","0/0","0/0","0/0","0/0","0/0","0/0","0/0","0/0","0/0","0/0","0/0","0/0","0/0","0/0","0/0","0/0","0/0","0/0","0/0","0/0","0/0","0/0","0/0","0/0","0/0","0/0","0/0","0/0","0/0","0/0","0/0","0/0","0/0","0/0","0/0","0/0","0/0","0/0","0/0","0/0","0/0","0/0","0/0","0/0","0/0","0/0","0/0","0/0","0/0","0/0","0/0","0/0","0/0","0/0","0/0","0/0","0/0","0/0","0/0","0/0","0/0","0/0","0/0","0/0","0/0","0/0","0/0","0/0","0/0","0/0","0/0","0/0","0/0","0/0"
"chr8:72963025_AG/A_TRPA1","0/0","0/0","0/0","0/0","0/0","0/0","0/0","0/0","0/0","0/0","0/0","0/0","0/0","0/0","0/0","0/0","0/0","0/0","0/0","0/0","0/0","0/0","0/0","0/0","0/0","0/0","0/0","0/0","0/0","0/0","0/0","0/0","0/0","0/0","0/0","0/0","0/0","0/0","0/0","0/0","0/0","0/0","0/0","0/0","0/0","0/0","0/0","0/0","0/0","0/0","0/0","0/0","0/0","0/0","0/0","0/0","0/0","0/0","0/0","0/0","0/0","0/0","0/0","0/0","0/0","0/0","0/0","0/0","0/0","0/0","0/0","0/0","0/0","0/0","0/0","0/0","0/0","0/0","0/0","0/0","0/0","0/0","0/0","0/0","0/0","0/0","0/0","0/0","0/0","0/0","0/0","0/0","0/0","0/0","0/0","0/0","0/0","0/0","0/0","0/0","0/0","0/0","0/0","0/0","0/0","0/0","0/0","0/0","0/0","0/0","0/0","0/0","0/0","0/0","0/0","0/0","0/0","0/0","0/0","0/0","0/0","0/0","0/0","0/0","0/0","0/0","0/0","0/0","0/0","0/0","0/0","0/0","0/0","0/1","0/0","0/0","0/0","0/0","0/0","0/0","0/0","0/0","0/0","0/0","0/0","0/0","0/0","0/0","0/0","0/0","0/0","0/0","0/0"
"chr8:74169342_AC/A_C8orf89","0/0","0/0","0/0","0/0","0/0","0/0","0/0","0/0","0/0","0/0","0/0","0/0","0/0","0/0","0/0","0/0","0/0","0/0","0/0","0/0","0/0","0/0","0/0","0/0","0/0","0/0","0/0","0/0","0/0","0/0","0/0","0/0","0/0","0/0","0/0","0/0","0/0","0/0","0/0","0/0","0/0","0/0","0/0","0/0","0/0","0/0","0/0","0/0","0/0","0/0","0/0","0/0","0/0","0/0","0/0","0/0","0/0","0/0","0/0","0/0","0/0","0/0","0/0","0/0","0/0","0/0","0/0","0/0","0/0","0/0","0/0","0/0","0/0","0/0","0/0","0/0","0/0","0/0","0/0","0/0","0/0","0/0","0/0","0/0","0/0","0/0","0/0","0/0","0/0","0/0","0/0","0/0","0/0","0/0","0/0","0/0","0/0","0/1","0/0","0/0","0/0","0/0","0/0","0/0","0/0","0/0","0/0","0/0","0/0","0/0","0/0","0/0","0/0","0/0","0/0","0/0","0/0","0/0","0/0","0/0","0/0","0/0","0/0","0/0","0/0","0/0","0/0","0/0","0/0","0/0","0/0","0/0","0/0","0/0","0/0","0/0","0/0","0/0","0/0","0/0","0/0","0/0","0/0","0/0","0/0","0/0","0/0","0/0","0/0","0/0","0/0","0/0","0/0"
"chr8:74507470_AT/A_STAU2","0/0","0/0","0/0","0/0","0/0","0/0","0/0","0/0","0/0","0/0","0/0","0/0","0/0","0/0","0/0","0/0","0/0","0/0","0/0","0/0","0/0","0/0","0/0","0/0","0/0","0/0","0/0","0/0","0/0","0/0","0/0","0/0","0/0","0/0","0/0","0/0","0/1","0/0","0/0","0/0","0/0","0/0","0/0","0/0","0/0","0/0","0/0","0/0","0/0","0/0","0/0","0/0","0/0","0/0","0/0","0/0","0/0","0/0","0/0","0/0","0/0","0/0","0/0","0/0","0/0","0/0","0/0","0/0","0/0","0/0","0/0","0/0","0/0","0/0","0/0","0/0","0/0","0/0","0/0","0/0","0/0","0/0","0/0","0/0","0/0","0/0","0/0","0/0","0/0","0/0","0/0","0/0","0/0","0/0","0/0","0/0","0/0","0/0","0/0","0/0","0/0","0/0","0/0","0/0","0/0","0/0","0/0","0/0","0/0","0/0","0/0","0/0","0/0","0/0","0/0","0/0","0/0","0/0","0/0","0/0","0/0","0/0","0/0","0/0","0/0","0/0","0/0","0/0","0/0","0/0","0/0","0/0","0/0","0/0","0/0","0/0","0/0","0/0","0/0","0/0","0/0","0/0","0/0","0/0","0/0","0/0","0/0","0/0","0/0","0/0","0/0","0/0","0/0"
"chr8:81399047_TGTC/T_ZBTB10","0/0","0/0","0/0","0/0","0/0","0/0","0/0","0/0","0/0","0/0","0/1","0/1","0/0",".","0/0","0/0","0/1","1/1","0/0","0/0","0/0","0/1","0/0","0/0","0/0","0/1","0/1","1/1","0/1","0/1","0/0","0/0","0/0","0/1","0/0","0/0","0/0","0/1","1/1","0/1","0/0","0/0","0/0","0/0","0/0","1/1","0/0","0/1","0/1","0/1","0/0","0/1","0/0","0/0","0/0","1/1","0/0","0/0","0/1","0/0","0/0","0/0","0/0","0/0","0/0","1/1","0/0","0/0","0/0","0/0","1/1","0/0","0/0","0/0","0/0","0/0","0/0","0/1","0/1","0/0","0/0","0/1","0/0","0/1","0/0","0/1","0/1","0/0","1/1","1/1","0/0","0/0","0/0","0/1","0/1","0/0","0/0","0/1","0/1","0/1",".","0/0","0/1","0/0","0/0","0/0","0/0","0/0","0/0","0/0","0/0","0/0","0/0","0/0","0/1","0/1","0/1","0/0","0/0","0/0","0/0","0/0","0/1","0/0","0/1","0/1","0/0","0/0","0/0","0/0","0/0","0/0","0/0","0/0","0/0","0/0","0/0","0/0","0/0","0/0","0/0","0/0","0/1","0/1","0/1","0/1","1/1","1/1","1/1","0/0","0/0","0/0","0/0"
"chr8:81733777_AT/A_ZNF704","0/0","0/0","0/0","0/0","0/0","0/0","0/0","0/0","0/0","0/0","0/0","0/0","0/0","0/0","0/0","0/0","0/0","0/0","0/0","0/0","0/0","0/0","0/0","0/0","0/0","0/0","0/0","0/0","0/0","0/0","0/0","0/0","0/0","0/0","0/0","0/0","0/1","0/0","0/0","0/0","0/0","0/0","0/0","0/0","0/0","0/0","0/0","0/0","0/0","0/0","0/0","0/0","0/0","0/0","0/0","0/0","0/0","0/0","0/0","0/0","0/0","0/0","0/0","0/0","0/0","0/0","0/0","0/0","0/0","0/0","0/0","0/0","0/0","0/0","0/0","0/0","0/0","0/0","0/0","0/0","0/0","0/0","0/0","0/0","0/0","0/0","0/0","0/0","0/0","0/0","0/0","0/0","0/0","0/0","0/0","0/0","0/0","0/0","0/0","0/0","0/0","0/0","0/0","0/0","0/0","0/0","0/0","0/0","0/0","0/0","0/0","0/0","0/0","0/0","0/0","0/0","0/0","0/0","0/0","0/0","0/0","0/0","0/0","0/0","0/0","0/0","0/0","0/0","0/0","0/0","0/0","0/0","0/0","0/0","0/0","0/0","0/0","0/0","0/0","0/0","0/0","0/0","0/0","0/0","0/0","0/0","0/0","0/0","0/0","0/0","0/0","0/0","0/0"
"chr8:86126827_C/CAACATT_C8orf59","1/1","1/1","1/1","1/1","1/1","1/1","1/1","1/1","1/1","1/1","1/1","1/1","1/1","1/1","1/1","1/1","1/1","1/1","1/1","1/1","1/1","1/1","1/1","1/1","1/1","1/1","1/1","1/1","1/1","1/1","1/1","1/1","1/1","1/1","1/1","1/1","1/1","1/1","1/1","1/1","1/1","1/1","1/1","1/1","1/1","1/1","1/1","1/1","1/1","1/1","1/1","1/1","1/1","1/1","1/1","1/1","1/1","1/1","1/1","1/1","1/1","1/1","1/1","1/1","1/1","1/1","1/1","1/1","1/1","1/1","1/1","1/1","1/1","1/1","1/1","1/1","1/1","1/1","1/1","1/1","1/1","1/1","1/1","1/1","1/1","1/1","1/1","1/1","1/1","1/1","1/1","1/1","1/1","1/1","1/1","1/1","1/1","1/1","1/1","1/1","1/1","1/1","1/1","1/1","1/1","1/1","1/1","1/2","1/2","1/1","1/1","1/1","1/1","1/1","1/1","1/1","1/1","1/1","1/1","1/1","1/1","1/1","1/1","1/1","1/1","1/1","1/1","1/1","1/1","1/1","1/1","1/1","1/1","1/1","1/1","1/1","1/1","1/1","1/1","1/1","1/1","1/1","1/1","1/1","1/1","1/1","1/1","1/1","1/1","1/1","1/1","1/1","1/1"
"chr8:87162502_A/AGC_ATP6V0D2","0/0","0/0","0/0","0/0","0/0","0/0","0/0","0/0","0/0","0/0","0/0","0/0","0/0","0/0","0/0","0/0","0/0","0/0","0/0","0/0","0/0","0/0","0/0","0/0","0/0","0/0","0/0","0/0","0/0","0/0","0/0","0/0","0/0","0/0","0/0","0/0","0/1","0/0","0/0","0/0","0/0","0/0","0/0","0/0","0/0","0/0","0/0","0/0","0/0","0/0","0/0","0/0","0/0","0/0","0/0","0/0","0/0","0/0","0/0","0/0","0/0","0/0","0/0","0/0","0/0","0/0","0/0","0/0","0/0","0/0","0/0","0/0","0/0","0/0","0/0","0/0","0/0","0/0","0/0","0/0","0/0","0/0","0/0","0/0","0/0","0/0","0/0","0/0","0/0","0/0","0/0","0/0","0/0","0/0","0/0","0/0","0/0","0/0","0/0","0/0","0/0","0/0","0/0","0/0","0/0","0/0","0/0","0/0","0/0","0/0","0/0","0/0","0/0","0/0","0/0","0/0","0/0","0/0","0/0","0/0","0/0","0/0","0/0","0/0","0/0","0/0","0/0","0/0","0/0","0/0","0/0","0/0","0/0","0/0","0/0","0/0","0/0","0/0","0/0","0/0","0/0","0/0","0/0","0/0","0/0","0/0","0/0","0/0","0/0","0/0","0/0","0/0","0/0"
"chr8:87226634_TCCGACATC/T_SLC7A13","0/0","0/0","0/0","0/0","0/1","0/1","0/0","0/0","0/0","0/0","0/0","0/1","0/1","0/0","0/0","0/0","0/0","0/0","0/1","0/1","0/1","0/0","0/1","0/0","0/1","0/1","0/1","0/0","1/1","0/0","0/0","0/0","0/0","0/0","1/1","1/1","1/1","0/0","0/1","0/1","0/0","0/0","0/0","1/1","0/0","0/0","0/1","0/0","1/1","0/0","0/0","0/1","0/0","0/0","0/1","0/0","0/1","0/1","0/0","0/0","0/1","0/1","0/1","0/0","0/0","0/0","0/0","0/0","0/0","0/0","0/0","0/0","0/0","0/1","0/1","0/1","0/1","0/1","0/1","0/1","0/1","0/0","0/0","0/1","0/1","0/0","0/0","0/0","0/1","0/1","0/0","1/1","1/1","0/0","0/0","0/0","0/0","0/1","0/1","0/1","0/0","0/0","0/0","0/0","0/0","0/1","0/1","0/0","0/0","0/0","0/0","0/0","0/0","0/0","0/0","0/1","0/1","0/0","0/0","0/0","0/0","0/0","0/1","0/0","0/0","0/0","0/0","0/0","0/1","0/1","0/1","0/0","1/1","0/0","1/1","1/1","0/0","0/0","0/1","0/1","0/1","0/0","0/0","0/0","0/0","0/0","0/0","0/0","0/0","0/0","0/0","0/0","0/0"
"chr8:92401630_C/CT_SLC26A7","0/0","0/0","0/0","0/0","0/0","0/0","0/0","0/0","0/0","0/0","0/0","0/0","0/0","0/0","0/0","0/0","0/0","0/0","0/0","0/0","0/0","0/0","0/0","0/0","0/0","0/0","0/1","0/0","0/0","0/0","0/0","0/0","0/0","0/0","0/0","0/0","0/0","0/0","0/0","0/0","0/0","0/0","0/0","0/0","0/0","0/0","0/0","0/0","0/0","0/0","0/0","0/0","0/0","0/0","0/0","0/0","0/0","0/0","0/0","0/0","0/0","0/0","0/0","0/0","0/0","0/0","0/0","0/0","0/0","0/0","0/0","0/0","0/0","0/0","0/0","0/0","0/0","0/0","0/0","0/0","0/0","0/0","0/0","0/0","0/0","0/0","0/0","0/0","0/0","0/0","0/0","0/0","0/0","0/0","0/0","0/0","0/0","0/0","0/0","0/0","0/0","0/0","0/0","0/0","0/0","0/0","0/0","0/0","0/0","0/0","0/0","0/0","0/0","0/0","0/0","0/0","0/0","0/0","0/0","0/0","0/0","0/0","0/0","0/0","0/0","0/0","0/0","0/0","0/0","0/0","0/0","0/0","0/0","0/0","0/0","0/0","0/0","0/0","0/0","0/0","0/0","0/0","0/0","0/0","0/0","0/0","0/0","0/0","0/0","0/0","0/0","0/0","0/0"
"chr8:92406217_AT/A_SLC26A7","0/0","0/0","0/0","0/0","0/0","0/0","0/0","0/0","0/0","0/0","0/0","0/0","0/0","0/0","0/0","0/0","0/0","0/0","0/0","0/0","0/0","0/0","0/0","0/0","0/0","0/0","0/0","0/0","0/0","0/0","0/0","0/0","0/0","0/0","0/0","0/0","0/1","0/0","0/0","0/0","0/0","0/0","0/0","0/0","0/0","0/0","0/0","0/0","0/0","0/0","0/0","0/0","0/0","0/0","0/0","0/0","0/0","0/0","0/0","0/0","0/0","0/0","0/0","0/0","0/0","0/0","0/0","0/0","0/0","0/0","0/0","0/0","0/0","0/0","0/0","0/0","0/0","0/0","0/0","0/0","0/0","0/0","0/0","0/0","0/0","0/0","0/0","0/0","0/0","0/0","0/0","0/0","0/0","0/0","0/0","0/0","0/0","0/0","0/0","0/0","0/0","0/0","0/0","0/0","0/0","0/0","0/0","0/0","0/0","0/0","0/0","0/0","0/0","0/0","0/0","0/0","0/0","0/0","0/0","0/0","0/0","0/0","0/0","0/0","0/0","0/0","0/0","0/0","0/0","0/0","0/0","0/0","0/0","0/0","0/0","0/0","0/0","0/0","0/0","0/0","0/0","0/0","0/0","0/0","0/0","0/0","0/0","0/0","0/0","0/0","0/0","0/0","0/0"
"chr8:95272723_CAG/C_GEM","0/0","0/0","0/0","0/0","0/0","0/0","0/0","0/0","0/0","0/0","0/0","0/0","0/0","0/0","0/0","0/0","0/0","0/0","0/0","0/0","0/0","0/0","0/0","0/0","0/0","0/0","0/0","0/0","0/0","0/0","0/0","0/0","0/0","0/0","0/0","0/0","0/0","0/0","0/0","0/0","0/0","0/0","0/0","0/0","0/0","0/0","0/0","0/1","0/0","0/0","0/0","0/0","0/0","0/0","0/0","0/0","0/0","0/0","0/0","0/0","0/0","0/0","0/0","0/0","0/0","0/0","0/0","0/0","0/0","0/0","0/0","0/0","0/0","0/0","0/0","0/0","0/0","0/0","0/0","0/0","0/0","0/0","0/0","0/0","0/0","0/0","0/0","0/0","0/0","0/0","0/0","0/0","0/0","0/0","0/0","0/0","0/0","0/0","0/0","0/0","0/0","0/0","0/0","0/0","0/0","0/0","0/0","0/0","0/0","0/0","0/0","0/0","0/0","0/0","0/0","0/0","0/0","0/0","0/0","0/0","0/0","0/0","0/0","0/0","0/0","0/0","0/0","0/0","0/0","0/0","0/0","0/0","0/0","0/0","0/0","0/0","0/0","0/0","0/0","0/0","0/0","0/0","0/0","0/0","0/0","0/0","0/0","0/0","0/0","0/0","0/0","0/0","0/0"
"chr8:95686610_TA/T_ESRP1","0/0","0/0","0/0","0/0","0/0","0/0","0/0","0/0","0/0","0/0","0/0","0/0","0/0","0/0","0/0","0/0","0/0","0/0","0/0","0/0","0/0","0/0","0/0","0/0","0/0","0/0","0/0","0/0","0/0","0/0","0/0","0/0","0/0","0/0","0/0","0/0","0/1","0/0","0/0","0/0","0/0","0/0","0/0","0/0","0/0","0/0","0/0","0/0","0/0","0/0","0/0","0/0","0/0","0/0","0/0","0/0","0/0","0/0","0/0","0/0","0/0","0/0","0/0","0/0","0/0","0/0","0/0","0/0","0/0","0/0","0/0","0/0","0/0","0/0","0/0","0/0","0/0","0/0","0/0","0/0","0/0","0/0","0/0","0/0","0/0","0/0","0/0","0/0","0/0","0/0","0/0","0/0","0/0","0/0","0/0","0/0","0/0","0/0","0/0","0/0","0/0","0/0","0/0","0/0","0/0","0/0","0/0","0/0","0/0","0/0","0/0","0/0","0/0","0/0","0/0","0/0","0/0","0/0","0/0","0/0","0/0","0/0","0/0","0/0","0/0","0/0","0/0","0/0","0/0","0/0","0/0","0/0","0/0","0/0","0/0","0/0","0/0","0/0","0/0","0/0","0/0","0/0","0/0","0/0","0/0","0/0","0/0","0/0","0/0","0/0","0/0","0/0","0/0"
"chr8:96037264_T/TG_NDUFAF6","0/0","0/0","0/0","0/0","0/0","0/0","0/0","0/0","0/0","0/0","0/0","0/0","0/0","0/0","0/0","0/0","0/0","0/0","0/0","0/0","0/0","0/0","0/0","0/0","0/0","0/0","0/0","0/0","0/0","0/0","0/0","0/0","0/0","0/0","0/0","0/0","0/0","0/0","0/0","0/0","0/0","0/0","0/0","0/0","0/0","0/0","0/0","0/0","0/0","0/0","0/0","0/0","0/0","0/0","0/0","0/0","0/0","0/0","0/0","0/0","0/0","0/0","0/0","0/0","0/0","0/0","0/0","0/0","0/0","0/0","0/0","0/0","0/0","0/0","0/0","0/0","0/0","0/0","0/0","0/0","0/0","0/0","0/0","0/0","0/0","0/0","0/0","0/0","0/0","0/0","0/0","0/0","0/0","0/0","0/0","0/0","0/0","0/0","0/0","0/0","0/0","0/0","0/0","0/0","0/0","0/0","0/0","0/0","0/0","0/0","0/0","0/0","0/0","0/0","0/0","0/0","0/0","0/0","0/0","0/0","0/0","0/0","0/0","0/0","0/0","0/0","0/0","0/0","0/0","0/0","0/0","0/1","0/0","0/0","0/0","0/0","0/0","0/0","0/0","0/0","0/0","0/1","0/1","0/0","0/0","0/0","0/0","0/0","0/0","0/0","0/0","0/0","0/0"
"chr8:97797287_T/TGTTTA_CPQ","0/0","0/0","0/0","0/1","0/0","0/0","0/0","0/0","0/0","0/0","0/0","0/0","0/0","0/0","0/0","0/0","0/0","0/0","0/0","0/0","0/0","0/0","0/0","0/0","0/0","0/0","0/0","0/0","0/0","0/0","0/0","0/0","0/0","0/0","0/0","0/0","0/0","0/0","0/0","0/0","0/0","0/0","0/0","0/0","0/0","0/0","0/0","0/0","0/0","0/0","0/0","0/0","0/0","0/0","0/0","0/0","0/0","0/0","0/0","0/0","0/0","0/0","0/0","0/0","0/0","0/0","0/0","0/0","0/0","0/0","0/0","0/0","0/0","0/0","0/0","0/0","0/0","0/0","0/0","0/0","0/0","0/0","0/0","0/1","0/1","0/0","0/0","0/0","0/0","0/0","0/0","0/0","0/0","0/0","0/0","0/0","0/0","0/0","0/0","0/0","0/0","0/0","0/0","0/0","0/0","0/0","0/0","0/0","0/0","0/0","0/1","0/0","0/0","0/0","0/0","0/0","0/0","0/0","0/0","0/0","0/0","0/0","0/0","0/0","0/0","0/0","0/0","0/0","0/0","0/0","0/0","0/0","0/0","0/0","0/0","0/0","0/0","0/0","0/0","0/0","0/0","0/0","0/0","0/0","0/0","0/0","0/0","0/0","0/0","0/0","0/0","0/0","0/0"
"chr8:98289671_AT/A_TSPYL5","0/0","0/0","0/0","0/0","0/0","0/0","0/0","0/0","0/0","0/0","0/0","0/0","0/0","0/0","0/0","0/0","0/0","0/0","0/0","0/0","0/0","0/0","0/0","0/0","0/0","0/0","0/0","0/0","0/0","0/0","0/0","0/0","0/0","0/0","0/0","0/0","0/1","0/0","0/0","0/0","0/0","0/0","0/0","0/0","0/0","0/0","0/0","0/0","0/0","0/0","0/0","0/0","0/0","0/0","0/0","0/0","0/0","0/0","0/0","0/0","0/0","0/0","0/0","0/0","0/0","0/0","0/0","0/0","0/0","0/0","0/0","0/0","0/0","0/0","0/0","0/0","0/0","0/0","0/0","0/0","0/0","0/0","0/0","0/0","0/0","0/0","0/0","0/0","0/0","0/0","0/0","0/0","0/0","0/0","0/0","0/0","0/0","0/0","0/0","0/0","0/0","0/0","0/0","0/0","0/0","0/0","0/0","0/0","0/0","0/0","0/0","0/0","0/0","0/0","0/0","0/0","0/0","0/0","0/0","0/0","0/0","0/0","0/0","0/0","0/0","0/0","0/0","0/0","0/0","0/0","0/0","0/0","0/0","0/0","0/0","0/0","0/0","0/0","0/0","0/0","0/0","0/0","0/0","0/0","0/0","0/0","0/0","0/0","0/0","0/0","0/0","0/0","0/0"
"chr8:101206459_A/AGAC_SPAG1","0/0","0/0","0/0","0/0","0/0","0/0","0/0","0/0","0/0","0/0","0/0","0/1","0/0","0/0","0/0","0/0","0/0","0/0","0/0","0/0","0/0","0/0","0/0","0/0","0/0","0/0","0/0","0/0","0/0","0/0","0/1","0/0","0/0","0/0","0/0","0/0","0/0","0/0","0/0","0/1","0/0","0/0","0/0","0/0","0/0","0/1","0/0","0/0","0/0","0/0","0/0","0/0","0/0","0/0","0/0","0/0","0/0","0/1","0/0","0/0","0/0","0/0","0/0","0/0","0/0","0/0","0/0","0/0","0/0","0/0","0/0","0/0","0/0","0/0","0/0","0/1","0/1","0/0","0/0","0/0","0/0","0/0","0/0","0/0","0/0","0/0","0/0","0/0","0/0","0/0","0/0","0/0","0/0","0/0","0/0","0/0","0/0","0/0","0/0","0/0","0/0","0/0","0/0","0/0","0/0","0/0","0/0","0/0","0/0","0/0","0/0","0/0","0/0","0/0","0/0","0/0","0/0","0/0","0/0","0/0","0/0","0/0","0/0","0/0","0/0","0/0","0/0","0/0","0/0","0/0","0/0","0/0","0/0","0/0","0/0","0/0","0/0","0/0","0/0","0/0","0/0","0/0","0/0","0/1","0/1","0/1","0/0","0/0","0/0","0/0","0/0","0/0","0/0"
"chr8:101642570_TAA/T_SNX31","0/0","0/0","0/0","0/0","0/0","0/0","0/0","0/0","0/0","0/1","0/0","0/0","0/0","0/0","0/0","0/0","0/0","0/0","0/0","0/0","0/0","0/0","0/0","0/0","0/0","0/0","0/0","0/0","0/0","0/0","0/0","0/0","0/0","0/0","0/0","0/0","0/0","0/0","0/0","0/0","0/0","0/0","0/0","0/0","0/0","0/0","0/0","0/0","0/0","0/0","0/0","0/0","0/1","0/0","0/0","0/0","0/0","0/0","0/0","0/0","0/0","0/0","0/0","0/0","0/0","0/0","0/0","0/0","0/0","0/0","0/0","0/0","0/0","0/0","0/0","0/0","0/0","0/0","0/0","0/0","0/0","0/0","0/0","0/0","0/0","0/0","0/0","0/0","0/0","0/0","0/0","0/0","0/0","0/0","0/0","0/0","0/0","0/0","0/0","0/0","0/0","0/0","0/0","0/0","0/0","0/0","0/0","0/0","0/0","0/0","0/0","0/0","0/0","0/0","0/0","0/1","0/1","0/0","0/0","0/0","0/0","0/0","0/1","0/0","0/0","0/0","0/0","0/0","0/0","0/0","0/0","0/0","0/0","0/0","0/0","0/0","0/0","0/0","0/0","0/0","0/0","0/0","0/0","0/0","0/0","0/0","0/0","0/0","0/0","0/0","0/0","0/0","0/0"
"chr8:103250839_C/CG_RRM2B","0/0","0/0","0/0","0/0","0/0","0/0","0/0","0/0","0/0","0/0","0/0","0/0","0/0","0/0","0/0","0/0","0/0","0/0","0/0","0/0","0/1","0/0","0/0","0/0","0/0","0/0","0/0","0/0","0/0","0/0","0/0","0/0","0/0","0/0","0/0","0/0","0/0","0/0","0/0","0/0","0/0","0/1","0/0","0/0","0/0","0/0","0/0","0/0","0/0","0/1","0/0","0/0","0/0","0/0","0/0","0/0","0/0","0/0","0/0","0/0","0/0","0/0","0/0","0/0","0/0","0/0","0/0","0/0","0/0","0/0","0/0","0/0","0/0","0/0","0/0","0/0","0/0","0/0","0/0","0/0","0/0","0/0","0/0","0/0","0/0","0/0","0/0","0/0","0/0","0/0","0/0","0/0","0/0","0/0","0/0","0/0","0/0","0/0","0/0","0/0","0/1","0/0","0/1","0/0","0/0","0/1","0/1","0/0","0/0","0/0","0/0","0/0","0/0","0/0","0/0","0/0","0/0","0/0","0/0","0/0","0/0","0/0","0/0","0/0","0/0","0/0","0/0","0/0","0/0","0/0","0/0","0/0","0/0","0/0","0/0","0/0","0/0","0/0","0/0","0/0","0/0","0/0","0/0","0/0","0/0","0/0","0/0","0/0","0/0","0/0","0/0","0/0","0/0"
"chr8:103289348_CT/C_UBR5","0/0","0/0","0/0","0/0","0/0","0/0","0/0","0/0","0/0","0/0","0/0","0/0","0/0","0/0","0/0","0/0","0/0","0/0","0/0","0/0","0/0","0/0","0/0","0/0","0/0","0/0","0/0","0/0","0/0","0/0","0/0","0/0","0/0","0/0","0/0","0/0","0/1","0/0","0/0","0/0","0/0","0/0","0/0","0/0","0/0","0/0","0/0","0/0","0/0","0/0","0/0","0/0","0/0","0/0","0/0","0/0","0/0","0/0","0/0","0/0","0/0","0/0","0/0","0/0","0/0","0/0","0/0","0/0","0/0","0/0","0/0","0/0","0/0","0/0","0/0","0/0","0/0","0/0","0/0","0/0","0/0","0/0","0/0","0/0","0/0","0/0","0/0","0/0","0/0","0/0","0/0","0/0","0/0","0/0","0/0","0/0","0/0","0/0","0/0","0/0","0/0","0/0","0/0","0/0","0/0","0/0","0/0","0/0","0/0","0/0","0/0","0/0","0/0","0/0","0/0","0/0","0/0","0/0","0/0","0/0","0/0","0/0","0/0","0/0","0/0","0/0","0/0","0/0","0/0","0/0","0/0","0/0","0/0","0/0","0/0","0/0","0/0","0/0","0/0","0/0","0/0","0/0","0/0","0/0","0/0","0/0","0/0","0/0","0/0","0/0","0/0","0/0","0/0"
"chr8:103312273_T/TG_UBR5","0/0","0/0","0/0","0/0","0/0","0/0","0/0","0/0","0/0","0/0","0/0","0/0","0/0","0/0","0/0","0/0","0/0","0/0","0/0","0/0","0/0","0/0","0/0","0/0","0/0","0/0","0/0","0/0","0/0","0/0","0/0","0/0","0/0","0/0","0/0","0/0","0/1","0/0","0/0","0/0","0/0","0/0","0/0","0/0","0/0","0/0","0/0","0/0","0/0","0/0","0/0","0/0","0/0","0/0","0/0","0/0","0/0","0/0","0/0","0/0","0/0","0/0","0/0","0/0","0/0","0/0","0/0","0/0","0/0","0/0","0/0","0/0","0/0","0/0","0/0","0/0","0/0","0/0","0/0","0/0","0/0","0/0","0/0","0/0","0/0","0/0","0/0","0/0","0/0","0/0","0/0","0/0","0/0","0/0","0/0","0/0","0/0","0/0","0/0","0/0","0/0","0/0","0/0","0/0","0/0","0/0","0/0","0/0","0/0","0/0","0/0","0/0","0/0","0/0","0/0","0/0","0/0","0/0","0/0","0/0","0/0","0/0","0/0","0/0","0/0","0/0","0/0","0/0","0/0","0/0","0/0","0/0","0/0","0/0","0/0","0/0","0/0","0/0","0/0","0/0","0/0","0/0","0/0","0/0","0/0","0/0","0/0","0/0","0/0","0/0","0/0","0/0","0/0"
"chr8:113241028_CA/C_CSMD3","0/0","0/0","0/0","0/0","0/0","0/0","0/0","0/0","0/0","0/0","0/0","0/0","0/0","0/0","0/0","0/0","0/0","0/0","0/0","0/0","0/0","0/0","0/0","0/0","0/0","0/0","0/0","0/0","0/0","0/0","0/0","0/0","0/0","0/0","0/0","0/0","0/1","0/0","0/0","0/0","0/0","0/0","0/0","0/0","0/0","0/0","0/0","0/0","0/0","0/0","0/0","0/0","0/0","0/0","0/0","0/0","0/0","0/0","0/0","0/0","0/0","0/0","0/0","0/0","0/0","0/0","0/0","0/0","0/0","0/0","0/0","0/0","0/0","0/0","0/0","0/0","0/0","0/0","0/0","0/0","0/0","0/0","0/0","0/0","0/0","0/0","0/0","0/0","0/0","0/0","0/0","0/0","0/0","0/0","0/0","0/0","0/0","0/0","0/0","0/0","0/0","0/0","0/0","0/0","0/0","0/0","0/0","0/0","0/0","0/0","0/0","0/0","0/0","0/0","0/0","0/0","0/0","0/0","0/0","0/0","0/0","0/0","0/0","0/0","0/0","0/0","0/0","0/0","0/0","0/0","0/0","0/0","0/0","0/0","0/0","0/0","0/0","0/0","0/0","0/0","0/0","0/0","0/0","0/0","0/0","0/0","0/0","0/0","0/0","0/0","0/0","0/0","0/0"
"chr8:113347573_C/CA_CSMD3","0/0","0/0","0/0","0/0","0/0","0/0","0/0","0/0","0/0","0/0","0/0","0/0","0/0","0/0","0/0","0/0","0/0","0/0","0/0","0/0","0/0","0/0","0/0","0/0","0/0","0/0","0/0","0/0","0/0","0/0","0/0","0/0","0/0","0/0","0/0","0/0","0/0","0/0","0/1","0/0","0/0","0/0","0/0","0/0","0/0","0/0","0/0","0/0","0/0","0/0","0/0","0/0","0/0","0/0","0/0","0/0","0/0","0/0","0/0","0/0","0/0","0/0","0/0","0/0","0/0","0/0","0/0","0/0","0/0","0/0","0/0","0/0","0/0","0/0","0/0","0/0","0/0","0/0","0/0","0/0","0/0","0/0","0/0","0/0","0/0","0/0","0/0","0/0","0/0","0/0","0/0","0/0","0/0","0/0","0/0","0/0","0/0","0/0","0/0","0/0","0/0","0/0","0/0","0/0","0/0","0/0","0/0","0/0","0/0","0/0","0/0","0/0","0/0","0/0","0/0","0/0","0/0","0/0","0/0","0/0","0/0","0/0","0/0","0/0","0/0","0/0","0/0","0/0","0/0","0/0","0/0","0/0","0/0","0/0","0/0","0/0","0/0","0/0","0/0","0/0","0/0","0/0","0/0","0/0","0/0","0/0","0/0","0/0","0/0","0/0","0/0","0/0","0/0"
"chr8:117950724_A/AGGC_AARD","0/0","0/0","0/0","0/0","0/0","0/0","0/0","0/0","0/0","0/0","0/0","0/0","0/0","0/0","0/0","0/0","0/0","0/0","0/0","0/0","0/0","0/0","0/0","0/0","0/0","0/0","0/0","0/0","0/0","0/0","0/0","0/0","0/1","0/0","0/1","0/0","0/0","0/0","0/0","0/0","0/0","0/0","0/0","0/0","0/0","0/0","0/0","0/0","0/0","0/1","0/0","0/0","0/0","0/0","0/0","0/0","0/0","0/0","0/0","0/0","0/0","0/0","0/0","0/1","0/1","0/0","0/0","0/0","0/0","0/0","0/0","0/0","0/0","0/0","0/0","0/0","0/0","0/0","0/0","0/0","0/0","0/0","0/0","0/0","0/0","0/0","0/0","0/0","0/0","0/0","0/0","0/0","0/0","0/0","0/0","0/0","0/0","0/0","0/0","0/0","0/0","0/0","0/0","0/1","0/1","0/0","0/0","0/0","0/0","0/0","0/0","0/0","0/0","0/0","0/0","0/0","0/0","0/0","0/0","0/0","0/0","0/0","0/0","0/0","0/0","0/0","0/0","0/0","0/0","0/0","0/0","0/0","0/0","0/0","0/0","0/0","0/0","0/0","0/0","0/0","0/0","0/0","0/0","0/0","0/0","0/0","0/0","0/0","0/0","0/0","0/0","0/0","0/0"
"chr8:119122538_A/AC_EXT1","0/0","0/0","0/0","0/0","0/0","0/0","0/0","0/0","0/0","0/0","0/0","0/0","0/0","0/0","0/0","0/0","0/0","0/0","0/0","0/0","0/0","0/0","0/0","0/0","0/0","0/0","0/0","0/0","0/0","0/0","0/0","0/1","0/0","0/0","0/0","0/0","0/0","0/0","0/0","0/0","0/0","0/0","0/0","0/0","0/0","0/0","0/0","0/0","0/0","0/0","0/0","0/0","0/0","0/0","0/0","0/0","0/0","0/0","0/0","0/0","0/0","0/0","0/0","0/0","0/0","0/0","0/0","0/0","0/0","0/0","0/0","0/0","0/0","0/0","0/0","0/0","0/0","0/0","0/0","0/0","0/0","0/0","0/0","0/0","0/0","0/0","0/0","0/0","0/0","0/0","0/0","0/0","0/0","0/0","0/0","0/0","0/0","0/0","0/0","0/0","0/0","0/0","0/0","0/0","0/0","0/0","0/0","0/0","0/0","0/0","0/0","0/0","0/0","0/0","0/0","0/0","0/0","0/0","0/0","0/0","0/0","0/0","0/0","0/0","0/0","0/0","0/0","0/0","0/0","0/0","0/0","0/0","0/0","0/0","0/0","0/0","0/0","0/0","0/0","0/0","0/0","0/0","0/0","0/0","0/0","0/0","0/0","0/0","0/0","0/0","0/0","0/0","0/0"
"chr8:124384892_CT/C_ATAD2","0/0","0/0","0/0","0/0","0/0","0/0","0/0","0/0","0/0","0/0","0/0","0/0","0/0","0/0","0/0","0/0","0/0","0/0","0/0","0/0","0/0","0/0","0/0","0/0","0/0","0/0","0/0","0/0","0/0","0/0","0/0","0/0","0/0","0/0","0/0","0/0","0/1","0/0","0/0","0/0","0/0","0/0","0/0","0/0","0/0","0/0","0/0","0/0","0/0","0/0","0/0","0/0","0/0","0/0","0/0","0/0","0/0","0/0","0/0","0/0","0/0","0/0","0/0","0/0","0/0","0/0","0/0","0/0","0/0","0/0","0/0","0/0","0/0","0/0","0/0","0/0","0/0","0/0","0/0","0/0","0/0","0/0","0/0","0/0","0/0","0/0","0/0","0/0","0/0","0/0","0/0","0/0","0/0","0/0","0/0","0/0","0/0","0/0","0/0","0/0","0/0","0/0","0/0","0/0","0/0","0/0","0/0","0/1","0/0","0/0","0/0","0/0","0/0","0/0","0/0","0/0","0/0","0/0","0/0","0/0","0/0","0/0","0/0","0/0","0/0","0/0","0/0","0/0","0/0","0/0","0/0","0/0","0/0","0/0","0/0","0/0","0/0","0/0","0/0","0/0","0/0","0/0","0/0","0/0","0/0","0/0","0/0","0/0","0/0","0/0","0/0","0/0","0/0"
"chr8:126056938_AT/A_KIAA0196","0/0","0/0","0/0","0/0","0/0","0/0","0/0","0/0","0/0","0/0","0/0","0/0","0/0","0/0","0/0","0/0","0/0","0/0","0/0","0/0","0/0","0/0","0/0","0/0","0/0","0/0","0/0","0/0","0/0","0/0","0/0","0/0","0/0","0/0","0/0","0/0","0/0","0/0","0/0","0/0","0/0","0/0","0/0","0/0","0/0","0/0","0/0","0/0","0/0","0/0","0/0","0/0","0/0","0/0","0/0","0/0","0/0","0/0","0/0","0/0","0/0","0/0","0/0","0/0","0/0","0/0","0/0","0/0","0/0","0/0","0/0","0/0","0/0","0/0","0/0","0/0","0/0","0/0","0/0","0/0","0/0","0/0","0/0","0/0","0/0","0/0","0/0","0/0","0/0","0/0","0/0","0/0","0/0","0/0","0/0","0/0","0/0","0/0","0/0","0/0","0/0","0/0","0/0","0/0","0/0","0/0","0/0","0/0","0/0","0/0","0/0","0/0","0/0","0/0","0/0","0/0","0/0","0/0","0/0","0/0","0/0","0/0","0/0","0/0","0/0","0/1","0/0","0/0","0/0","0/0","0/0","0/0","0/0","0/0","0/0","0/0","0/0","0/0","0/0","0/0","0/0","0/0","0/0","0/0","0/0","0/0","0/0","0/0","0/0","0/0","0/0","0/0","0/0"
"chr8:128428178_TG/T_POU5F1B","0/0","0/0","0/0","0/0","0/0","0/0","0/0","0/0","0/0","0/0","0/0","0/0","0/0","0/0","0/0","0/0","0/0","0/0","0/0","0/0","0/0","0/0","0/0","0/0","0/0","0/0","0/0","0/0","0/0","0/0","0/0","0/0","0/0","0/0","0/0","0/0","0/1","0/0","0/0","0/0","0/0","0/0","0/0","0/0","0/0","0/0","0/0","0/0","0/0","0/0","0/0","0/0","0/0","0/0","0/0","0/0","0/0","0/0","0/0","0/0","0/0","0/0","0/0","0/0","0/0","0/0","0/0","0/0","0/0","0/0","0/0","0/0","0/0","0/0","0/0","0/0","0/0","0/0","0/0","0/0","0/0","0/0","0/0","0/0","0/0","0/0","0/0","0/0","0/0","0/0","0/0","0/0","0/0","0/0","0/0","0/0","0/0","0/0","0/0","0/0","0/0","0/0","0/0","0/0","0/0","0/0","0/0","0/0","0/0","0/0","0/0","0/0","0/0","0/0","0/0","0/0","0/0","0/0","0/0","0/0","0/0","0/0","0/0","0/0","0/0","0/0","0/0","0/0","0/0","0/0","0/0","0/0","0/0","0/0","0/0","0/0","0/0","0/0","0/0","0/0","0/0","0/0","0/0","0/0","0/0","0/0","0/0","0/0","0/0","0/0","0/0","0/0","0/0"
"chr8:131414155_G/GA_ASAP1","0/0","0/0","0/0","0/0","0/0","0/0","0/0","0/0","0/0","0/0","0/0","0/0","0/0","0/0","0/0","0/0","0/0","0/0","0/0","0/0","0/0","0/0","0/0","0/0","0/0","0/0","0/0","0/0","0/0","0/0","0/0","0/1","0/0","0/0","0/0","0/0","0/0","0/0","0/0","0/0","0/0","0/0","0/0","0/0","0/0","0/0","0/0","0/0","0/0","0/0","0/0","0/0","0/0","0/0","0/0","0/0","0/0","0/0","0/0","0/0","0/0","0/0","0/0","0/0","0/0","0/0","0/0","0/0","0/0","0/0","0/0","0/0","0/0","0/0","0/0","0/0","0/0","0/0","0/0","0/0","0/0","0/0","0/0","0/0","0/0","0/0","0/0","0/0","0/0","0/0","0/0","0/0","0/0","0/0","0/0","0/0","0/0","0/0","0/0","0/0","0/0","0/0","0/0","0/0","0/0","0/0","0/0","0/0","0/0","0/0","0/0","0/0","0/0","0/0","0/0","0/0","0/0","0/0","0/0","0/0","0/0","0/0","0/0","0/0","0/0","0/0","0/0","0/0","0/0","0/0","0/0","0/0","0/0","0/0","0/0","0/0","0/0","0/0","0/0","0/0","0/0","0/0","0/0","0/0","0/0","0/0","0/0","0/0","0/0","0/0","0/0","0/0","0/0"
"chr8:133826908_GA/G_PHF20L1","0/0","0/0","0/0","0/0","0/0","0/0","0/0","0/0","0/0","0/0","0/0","0/0","0/0","0/0","0/0","0/0","0/0","0/0","0/0","0/0","0/0","0/0","0/0","0/0","0/0","0/0","0/0","0/0","0/0","0/0","0/0","0/0","0/0","0/0","0/0","0/0","0/1","0/0","0/0","0/0","0/0","0/0","0/0","0/0","0/0","0/0","0/0","0/0","0/0","0/0","0/0","0/0","0/0","0/0","0/0","0/0","0/0","0/0","0/0","0/0","0/0","0/0","0/0","0/0","0/0","0/0","0/0","0/0","0/0","0/0","0/0","0/0","0/0","0/0","0/0","0/0","0/0","0/0","0/0","0/0","0/0","0/0","0/0","0/0","0/0","0/0","0/0","0/0","0/0","0/0","0/0","0/0","0/0","0/0","0/0","0/0","0/0","0/0","0/0","0/0","0/0","0/0","0/0","0/0","0/0","0/0","0/0","0/0","0/0","0/0","0/0","0/0","0/0","0/0","0/0","0/0","0/0","0/0","0/0","0/0","0/0","0/0","0/0","0/0","0/0","0/0","0/0","0/0","0/0","0/0","0/0","0/0","0/0","0/0","0/0","0/0","0/0","0/0","0/0","0/0","0/0","0/0","0/0","0/0","0/0","0/0","0/0","0/0","0/0","0/0","0/0","0/0","0/0"
"chr8:133898964_CT/C_TG","0/0","0/0","0/0","0/0","0/0","0/0","0/0","0/0","0/0","0/0","0/0","0/0","0/0","0/0","0/0","0/0","0/0","0/0","0/0","0/0","0/0","0/0","0/0","0/0","0/0","0/1","0/0","0/0","0/0","0/0","0/0","0/0","0/0","0/0","0/0","0/0","0/0","0/0","0/0","0/0","0/0","0/0","0/0","0/0","0/0","0/0","0/0","0/0","0/0","0/0","0/0","0/0","0/0","0/0","0/0","0/0","0/0","0/0","0/0","0/0","0/0","0/0","0/0","0/0","0/0","0/0","0/0","0/0","0/0","0/0","0/0","0/0","0/0","0/0","0/0","0/0","0/0","0/0","0/0","0/0","0/0","0/0","0/0","0/0","0/0","0/0","0/0","0/0","0/0","0/0","0/0","0/0","0/0","0/0","0/0","0/0","0/0","0/0","0/0","0/0","0/0","0/0","0/0","0/0","0/0","0/0","0/0","0/0","0/0","0/0","0/0","0/0","0/0","0/0","0/0","0/0","0/0","0/1","0/0","0/1","0/0","0/0","0/0","0/1","0/0","0/0","0/0","0/0","0/0","0/0","0/0","0/0","0/0","0/0","0/0","0/0","0/0","0/0","0/0","0/0","0/0","0/0","0/0","0/0","0/0","0/0","0/0","0/0","0/0","0/0","0/0","0/0","0/0"
"chr8:143545613_ACTG/A_ADGRB1","0/0","0/0","0/0","0/0","0/0","0/0","0/0","0/0","0/0","0/0","0/0","0/0","0/0","0/0","0/0","0/0","0/0","0/0","0/0","0/0","0/0","0/0","0/0","0/0","0/0","0/0","0/0","0/0","0/0","0/0","0/0","0/0","0/0","0/0","0/0","0/0","0/0","0/0","0/0","0/0","0/0","0/0","0/0","0/0","0/0","0/0","0/0","0/0","0/0","0/0","0/0","0/0","0/0","0/0","0/0","0/0","0/0","0/0","0/0","0/0","0/0","0/0","0/0","0/0","0/0","0/0","0/0","0/0","0/0","0/0","0/0","0/0","0/0","0/1","0/0","0/0","0/0","0/0","0/0","0/0","0/0","0/0","0/0","0/0","0/0","0/0","0/0","0/0","0/0","0/0","0/0","0/0","0/0","0/0","0/0","0/0","0/0","0/0","0/0","0/0","0/0","0/0","0/0","0/0","0/0","0/0","0/0","0/0","0/0","0/0","0/0","0/0","0/1","0/0","0/0","0/0","0/0","0/0","0/0","0/0","0/0","0/0","0/0","0/0","0/0","0/0","0/0","0/0","0/0","0/0","0/0","0/0","0/0","0/0","0/0","0/0","0/0","0/0","0/0","0/0","0/0","0/0","0/0","0/0","0/0","0/0","0/0","0/0","0/0","0/0","0/0","0/0","0/0"
"chr8:144511953_ATGGTGG/A_MAFA","2/2","2/2","2/2","2/2","2/2","2/2","2/2","2/2","2/2","2/2","2/2","1/2","2/2","2/2","1/2","2/2","2/2","2/2","2/2","2/2","2/2","2/2","2/2","2/2","2/2","2/2","2/2","2/2","2/2","2/2","2/2","1/2","2/2","1/2","2/2","2/2","2/2","2/2","2/2","2/2","2/2","2/2","2/2","2/2","2/2","2/2","2/2","2/2","2/2","2/2","2/2","2/2","2/2","2/2","2/2","2/2","2/2","2/2","1/2","2/2","2/2","2/2","2/2","2/2","2/2","2/2","2/2","1/2","1/2","2/2","2/2","2/2","2/2","2/2","2/2","2/2","1/2","2/2","2/2","2/2","2/2","2/2","2/2","2/2","1/2","2/2","2/2","2/2","2/2","1/2","2/2","2/2","2/2","1/2","2/2","2/2","2/2","2/2","2/2","2/2","2/2","2/2","2/2","2/2","2/2","2/2","1/2","2/2","2/2","2/2","2/2","2/2","2/2","1/2","1/2","2/2","2/2","2/2","2/2","2/2","2/2","2/2","2/2","2/2","2/2","2/2","2/2","2/2","2/2","2/2","2/2","2/2","2/2","2/2","2/2","2/2","2/2","2/2","2/2","2/2","2/2","2/2","2/2","1/2","2/2","2/2","2/2","2/2","2/2","2/2","2/2","2/2","2/2"
"chr8:144522386_TGAGGAGGAG/TGAGGAG_ZC3H3","0/0","0/0","0/0","0/0","0/0","0/0","0/0","0/0","0/0","0/0","0/0","0/0","0/0","0/0","0/0","0/0","0/0","0/0","0/0","0/0","0/0","0/1","0/0","0/0","0/0","0/0","0/0","0/0","0/0","0/0","0/0","0/0","0/0","0/1","0/2","0/0","0/0","0/0","0/0","0/0","0/0","0/0","0/0","0/0","0/0","0/0","0/0","0/0","0/0","0/0","0/3","0/0","0/0","0/0","0/0","0/0","0/0","0/0","0/0","0/0","0/0","0/0","0/0","0/0","0/0","0/0","0/0","0/0","0/0","0/0","0/0","0/0","0/0","0/0","0/0","0/0","0/0","0/0","0/0","0/0","0/0","0/0","0/3","0/0","0/0","0/0","0/0","0/0","0/0","0/0","0/0","0/0","0/0","0/0","0/0","0/0","0/0","0/0","0/0","0/0","0/0","0/0","0/0","0/0","0/0","0/0","0/0","0/0","0/0","0/0","0/0","0/0","0/1","0/0","0/0","0/0","0/0","0/0","0/0","0/0","0/0","0/0","0/0","0/0","0/0","0/0","0/0","0/0","0/0","0/0","0/0","0/0","0/0","0/0","0/1","0/0","0/0","0/1","0/0","0/0","0/0","0/0","0/0","0/0","0/0","0/0","0/0","0/0","0/0","0/0","0/0","0/0","0/0"
"chr8:144649541_G/GC_MROH6","0/0","0/0","0/0","0/0","0/0","0/0","0/0","0/0","0/0","0/0","0/0","0/0","0/0","0/0","0/0","0/0","0/0","0/0","0/0","0/0","0/0","0/0","0/0","0/0","0/0","0/0","0/0","0/0","0/0","0/0","0/0","0/0","0/0","0/0","0/0","0/0","0/0","0/0","0/0","0/0","0/0","0/0","0/0","0/0","0/0","0/0","0/0","0/0","0/0","0/0","0/0","0/0","0/0","0/0","0/0","0/0","0/0","0/0","0/0","0/0","0/0","0/0","0/0","0/0","0/0","0/0","0/0","0/0","0/0","0/0","0/0","0/0","0/0","0/0","0/0","0/0","0/0","0/0","0/0","0/0","0/0","0/0","0/0","0/0","0/0","0/0","0/0","0/0","0/0","0/0","0/0","0/0","0/0","0/0","0/0","0/0","0/0","0/0","0/0","0/0","0/0","0/0","0/0","0/0","0/0","0/0","0/0","0/0","0/1","0/0","0/0","0/0","0/0","0/0","0/0","0/0","0/0","0/0","0/0","0/0","0/0","0/0","0/0","0/0","0/0","0/0","0/0","0/0","0/0","0/0","0/0","0/0","0/0","0/0",".","0/0","0/0","0/0","0/0","0/0","0/0","0/0","0/0","0/0","0/0","0/0","0/0","0/0","0/0","0/0","0/0","0/0","0/0"
"chr8:144940722_TGGC/T_EPPK1","0/0","0/0","0/0","0/0","0/0","0/0","0/0","0/0","0/0","0/0","0/0","0/0","0/0","0/0","0/0","0/0","0/0","0/0","0/0","0/0","0/0","0/0","0/0","0/0","0/0","0/0","0/0","0/0","0/0","0/0","0/0","0/0","0/0","0/0","0/0","0/0","0/0","0/0","0/0","0/0","0/0","0/0","0/0","0/0","0/0","0/0","0/0","0/0","0/0","0/0","0/0","0/0","0/0","0/0","0/0","0/0","0/0","0/0","0/0","0/0","0/0","0/0","0/0","0/0","0/0","0/0","0/0","0/0","0/0","0/0","0/0","0/0","0/0","0/0","0/0","0/0","0/0","0/0","0/0","0/0","0/0","0/0","0/0","0/0","0/0","0/0","0/0","0/0","0/0","0/0","0/0","0/0","0/0","0/0","0/0","0/0","0/0","0/0","0/0","0/0","0/0","0/0","0/0","0/0","0/0","0/0","0/0","0/1","0/1","0/0","0/0","0/0","0/0","0/0","0/0","0/0","0/0","0/0","0/0","0/0","0/0","0/0","0/0","0/0","0/0","0/0","0/0","0/0","0/0","0/0","0/0","0/0","0/0","0/0","0/0","0/0","0/0","0/0","0/0","0/0","0/0","0/0","0/0","0/0","0/0","0/0","0/0","0/0","0/0","0/0","0/0","0/0","0/0"
"chr8:144940779_G/GA_EPPK1",".",".",".",".",".",".",".","0/1","0/0",".",".","0/2","0/2","0/0",".",".",".",".",".",".",".",".",".","0/2",".",".","0/0",".",".",".",".","0/0",".",".",".",".","0/0","0/0",".","0/0","0/0",".","0/0",".",".",".",".",".",".",".",".",".",".",".","0/0",".","0/0",".","0/0",".",".",".",".","0/0",".",".",".",".","0/0",".",".",".",".",".",".",".","0/0",".",".","0/0",".",".",".",".","0/0",".",".","0/0",".",".",".",".",".","0/0",".",".",".",".","0/0",".","0/1",".",".",".","0/0","0/0",".","0/0","0/0",".",".","0/0",".","0/0","0/0",".",".","0/0",".",".",".",".","0/0",".",".",".","0/0",".","0/0",".","0/0","0/0",".",".","0/0","0/0",".","0/0",".","0/0","0/0",".",".","0/0","0/0","0/0",".",".",".","0/2","0/2","0/2","0/2"
"chr8:144947313_T/TG_EPPK1","0/0","0/0","0/0","0/0","0/0","0/0","0/0","0/0","0/0","0/0","0/0","0/0","0/0","0/0","0/0","0/0","0/0","0/0","0/0","0/0","0/0","0/0","0/0","0/0","0/0","0/0","0/0","0/0","0/0","0/0","0/1","0/0","0/0","0/0","0/0","0/0","0/0","0/0","0/0","0/0","0/0","0/0","0/0","0/0","0/0","0/0","0/0","0/0","0/0","0/0","0/0","0/0","0/0","0/0","0/0","0/0","0/0","0/0","0/0","0/0","0/0","0/0","0/0","0/0","0/0","0/0","0/0","0/0","0/0","0/0","0/0","0/0","0/0","0/0","0/0","0/0","0/0","0/0","0/0","0/0","0/0","0/0","0/0","0/0","0/0","0/0","0/0","0/0","0/0","0/0","0/0","0/0","0/0","0/0","0/0","0/0","0/0","0/0","0/0","0/0","0/0","0/0","0/0","0/0","0/0","0/0","0/0","0/0","0/0","0/0","0/0","0/0","0/0","0/0","0/0","0/0","0/0","0/0","0/0","0/0","0/0","0/0","0/0","0/0","0/0","0/0","0/0","0/0","0/0","0/0","0/0","0/0","0/0","0/0","0/0","0/0","0/0","0/0","0/0","0/0","0/0","0/0","0/0","0/0","0/0","0/0","0/0","0/0","0/0","0/0","0/0","0/0","0/0"
"chr8:145166865_TG/T_WDR97","0/0","0/0","0/0","0/0","0/0","0/0","0/0","0/0","0/0","0/0","0/0","0/0","0/0","0/0","0/0","0/0","0/0","0/0","0/0","0/1","0/0","0/0","0/0","0/0","0/0","0/0","0/1","0/0","0/0","0/0","0/0","0/0","0/0","0/0","0/0","0/0","0/0","0/0","1/1","0/1","0/0","0/0","0/0","0/0","0/0","0/0","0/0","0/0","0/0","0/0","0/0","0/0","0/0","0/0","0/0","0/0","0/0","0/0","0/1","0/0","0/0","0/0","0/0","0/0","0/0","0/1","0/0","0/0","0/0","0/0","0/1","0/0","0/0","0/0","0/0","0/0","0/0","0/0","0/0","0/1","0/1","0/0","0/0","0/0","0/0","0/0","0/0","0/0","0/0","0/0","0/0","0/0","0/0","0/0","0/0","0/0","0/0","0/0","0/1","0/1","0/0","0/0","0/0","0/0","0/0","0/0","0/0","0/0","0/0","0/0","0/0","0/0","0/0","0/0","0/0","0/0","0/0","0/1","0/0","0/1","0/0","0/0","0/0","0/1","0/0","0/0","0/0","0/0","0/0","0/0","0/0","0/0","0/0","0/0","0/0","0/0","0/0","0/0","0/0","0/0","0/0","0/0","0/0","0/0","0/0","0/0","0/0","0/0","0/0","0/0","0/0","0/0","0/0"
"chr8:145491088_CCCG/C_SCX","0/0",".",".","0/0",".",".","0/0","0/0","0/0",".","0/0","0/0",".","0/0",".","0/0","0/0",".","0/0","0/0","0/0","0/0","0/0","0/0","0/0","0/0","0/0","0/0","0/0",".","0/0","0/0","0/0","0/0","0/0","0/0","0/0",".",".","0/0","0/0","0/0","0/0","0/0",".","0/0","0/1","0/0","0/0","0/0",".","0/0","0/0",".","0/0","0/0","0/0","0/0","0/0",".","0/0",".",".","0/0","0/0",".","0/0","0/0","0/0","0/0",".","0/0","0/0","0/0","0/0","0/0","0/0","0/0",".",".","0/0","0/0",".","0/0","0/0",".","0/0","0/0","0/0","0/0","0/0","0/0","0/0","0/0","0/0","0/0","0/0",".",".","0/0","0/0","0/0",".",".",".","0/0","0/0",".","0/0",".","0/0",".",".",".","0/0","0/0","0/0",".","0/0","0/0","0/0","0/0",".","0/0","0/0","0/0","0/0","0/0","0/0",".","0/0",".","0/0","0/0",".","0/0","0/0","0/0","0/0","0/0","0/0",".",".",".",".",".",".",".",".","0/0","0/0",".","."
"chr8:145581690_ACC/A_FBXL6","0/0","0/0","0/0","0/0","0/0","0/0","0/0","0/0","0/0","0/0","0/0","0/0","0/0","0/0","0/0","0/0","0/0","0/0","0/0","0/0","0/0","0/0","0/0","0/0","0/0","0/0","0/0","0/0","0/0","0/0","0/0","0/0","0/0","0/0","0/0","0/0","0/0","0/0","0/0","0/0","0/0","0/0","0/0","0/0","0/0","0/0","0/0","0/0","0/0","0/0","0/0","0/0","0/0","0/0","0/0","0/0","0/0","0/0","0/0","0/0","0/0","0/0","0/0","0/0","0/0","0/0","0/0","0/0","0/0","0/0","0/0","0/0","0/0","0/0","0/0","0/0","0/0","0/0","0/0","0/0","0/0","0/0","0/0","0/0","0/0","0/0","0/0","0/0","0/0","0/0","0/0","0/0","0/0","0/0","0/0","0/0","0/0","0/0","0/0","0/0","0/0","0/0","0/0","0/0","0/0","0/0","0/0","0/0","0/0","0/0","0/0","0/0","0/0","0/0","0/0","0/0","0/0","0/0","0/0","0/0","0/0","0/0","0/0","0/0","0/0","0/0","0/0","0/0","0/1","0/1","0/1","0/0","0/0","0/0","0/0","0/0","0/0","0/0","0/0","0/0","0/0","0/0","0/0","0/0","0/0","0/0","0/0","0/0","0/0","0/0","0/0","0/0","0/0"
"chr8:145581933_CGCGGGGCCGG/C_FBXL6","0/0","0/0","0/0","0/0","0/0","0/0","0/0","0/0","0/0","0/0","0/0","0/0","0/0","0/0","0/0","0/0","0/0","0/0","0/0","0/0","0/0","0/0","0/0","0/0","0/0","0/0","0/0","0/0","0/0","0/0","0/0","0/0","0/0","0/0","0/0","0/0","0/0","0/0","0/0","0/0","0/1","0/0","0/0","0/0","0/0","0/0","0/0","0/0","0/0","0/0","0/0","0/0","0/0","0/0","0/0","0/0","0/0","0/0","0/0","0/0","0/0","0/0","0/0","0/0","0/0","0/0","0/0","0/0","0/0","0/0","0/0","0/0","0/0","0/0","0/0","0/0","0/0","0/0","0/0","0/0","0/0","0/0","0/0","0/0","0/0","0/0","0/0","0/0","0/0","0/0","0/0","0/0","0/0","0/0","0/0","0/0","0/0","0/0","0/0","0/0","0/0","0/0","0/0","0/0","0/0","0/0","0/0","0/0","0/0","0/0","0/0","0/0","0/0","0/0","0/0","0/0","0/0","0/0","0/0","0/0","0/0","0/0","0/0","0/0","0/0","0/0","0/0","0/0","0/0","0/0","0/0","0/0","0/0","0/0","0/0","0/0","0/0","0/0","0/0","0/0","0/0","0/0","0/0","0/0","0/0","0/0","0/0","0/0","0/0","0/0","0/0","0/0","0/0"
"chr8:145617534_TGGGGGTGCAAGGTGA/T_ADCK5","0/1","0/1","0/1","0/1","1/1","1/1","0/1","0/1","0/1","1/1","1/1","0/1","0/1","1/1","0/1","1/1","1/1","0/1","1/1","0/1","1/1","1/1","0/0","1/1","0/1","1/1","0/1","1/1","1/1","0/0","0/0","1/1","0/1","0/1","1/1","0/1","0/0","0/1","1/1","0/1","1/1","1/1","1/1","0/0","1/1","0/1","0/1","0/1","1/1","0/1","1/1","0/1","1/1","1/1","0/1","0/0","0/1","0/1","1/1","1/1","1/1","1/1","0/1","0/1","0/1","1/1","0/1","1/1","1/1","0/1","1/1","1/1","1/1","1/1","1/1","0/1","0/1","1/1","1/1","0/0","0/0","1/1","1/1","0/0","0/0","0/0","0/0","1/1","1/1","1/1","1/1","0/1","0/1","1/1","1/1","1/1","1/1","1/1","1/1","1/1","0/1","0/1","0/1","0/1","0/1","1/1","1/1","1/1","1/1","0/1","0/1","0/1","0/1","1/1","1/1","0/1","0/1","0/1","0/1","0/1","0/1","0/1","0/1","0/1","1/1","1/1","1/1","1/1","0/0","0/0","0/0","1/1","0/0","1/1","0/0","0/0","1/1","1/1","0/1","0/1","0/1","1/1","1/1","0/1","0/1","0/1","1/1","1/1","1/1","1/1","1/1","1/1","1/1"
"chr8:145689658_GC/GCC_CYHR1","0/0","0/0","0/0","0/0","0/0","0/0","0/0","0/0","0/0","0/0","0/0","0/0","0/0","0/0","0/0","0/0","0/0","0/0","0/0","0/0","0/0","0/0","0/0","0/0","0/0","0/0","0/0","0/0","0/0","0/0","0/0","0/0","0/0","0/0","0/0","0/1","0/2","0/0","0/0","0/0","0/0","0/0","0/0","0/0","0/0","0/0","0/0","0/0","0/0","0/0","0/0","0/0","0/0","0/0","0/0","0/0","0/0","0/0","0/0","0/0","0/0","0/0","0/0","0/0","0/0","0/0","0/0","0/0","0/0","0/0","0/0","0/0","0/0","0/0","0/0","0/0","0/0","0/0","0/0","0/0","0/0","0/0","0/0","0/0","0/0","0/0","0/0","0/0","0/0","0/0","0/0","0/0","0/0","0/0","0/0","0/0","0/0","0/0","0/0","0/0","0/0","0/0","0/0","0/0","0/0","0/0","0/0","0/0","0/0","0/0","0/0","0/0","0/0","0/0","0/0","0/0","0/0","0/0","0/0","0/0","0/0","0/0","0/0","0/0","0/0","0/1","0/0","0/0","0/0","0/0","0/0","0/0","0/0","0/0","0/0","0/0","0/0","0/0","0/0","0/0","0/0","0/0","0/0","0/0","0/0","0/0","0/0","0/0","0/0","0/0","0/0","0/0","0/0"
"chr8:145732212_CA/C_GPT","0/0","0/0","0/0","0/0","0/0","0/0","0/0","0/0","0/0","0/0","0/0","0/0","0/0","0/0","0/0","0/0","0/0","0/0","0/0","0/0","0/0","0/0","0/0","0/0","0/0","0/0","0/0","0/0","0/0","0/0","0/0","0/0","0/0","0/0","0/0","0/0","0/0","0/0","0/0","0/0","0/0","0/0","0/0","0/0","0/0","0/0","0/0","0/0","0/0","0/0","0/0","0/0","0/0","0/0","0/0","0/0","0/0","0/0","0/0","0/0","0/0","0/0","0/1","0/0","0/0","0/0","0/0","0/0","0/0","0/0","0/0","0/0","0/0","0/0","0/0","0/0","0/0","0/0","0/0","0/0","0/0","0/0","0/0","0/0","0/0","0/0","0/0","0/0","0/0","0/0","0/0","0/0","0/0","0/0","0/0","0/0","0/0","0/0","0/0","0/0","0/0","0/0","0/0","0/0","0/0","0/0","0/0","0/0","0/0","0/0","0/0","0/0","0/0","0/0","0/0","0/0","0/0","0/0","0/0","0/0","0/0","0/0","0/0","0/0","0/0","0/0","0/0","0/0","0/0","0/0","0/0","0/0","0/0","0/0","0/0","0/0","0/0","0/0","0/0","0/0","0/0","0/0","0/0","0/0","0/0","0/0","0/0","0/0","0/0","0/0","0/0","0/0","0/0"
"chr8:145734915_AGGGCCTGGGTGACGCGCAGCACGGC/A_MFSD3","0/0","0/0","0/0","0/0","0/0","0/0","0/0","0/0","0/0","0/0","0/1","0/0","0/0","0/0","0/0","0/0","0/0","0/0","0/0","0/0","0/0","0/0","0/0","0/0","0/0","0/0","0/0","0/0","0/0","0/0","0/0","0/0","0/0","0/0","0/0","0/0","0/0","0/0","0/0","0/0","0/0","0/0","0/0","0/0","0/0","0/0","0/0","0/0","0/0","0/0","0/0","0/0","0/0","0/0","0/0","0/0","0/0","0/0","0/0","0/0","0/0","0/0","0/0","0/0","0/0","0/0","0/0","0/0","0/0","0/0","0/0","0/0","0/0","0/0","0/0","0/0","0/0","0/0","0/0","0/0","0/0","0/0","0/0","0/0","0/0","0/0","0/0","0/0","0/0","0/0","0/0","0/0","0/0","0/0","0/0","0/0","0/0","0/0","0/0","0/0","0/0","0/0","0/0","0/0","0/0","0/0","0/0","0/0","0/0","0/0","0/0","0/0","0/0","0/0","0/0","0/0","0/0","0/0","0/0","0/0","0/0","0/0","0/0","0/0","0/0","0/0","0/0","0/0","0/0","0/0","0/0","0/0","0/0","0/0","0/0","0/0","0/0","0/0","0/0","0/0","0/0","0/0","0/0","0/0","0/0","0/0","0/0","0/0","0/0","0/0","0/0","0/0","0/0"
"chr8:145738410_TGGTGCA/T_RECQL4","0/0","0/0","0/0","0/0","0/0","0/0","0/0","0/0","0/0","0/0","0/0","0/0","0/0","0/0","0/0","0/0","0/0","0/0","0/0","0/0","0/0","0/0","0/0","0/0","0/0","0/0","0/0","0/0","0/0","0/0","0/0","0/0","0/0","0/0","0/0","0/0","0/0","0/0","0/0","0/0","0/0","0/0","0/0","0/0","0/0","0/0","0/0","0/0","0/0","0/0","0/1","0/0","0/1","0/0","0/0","0/0","0/0","0/0","0/0","0/0","0/0","0/0","0/0","0/0","0/0","0/0","0/0","0/0","0/0","0/0","0/0","0/0","0/0","0/0","0/0","0/0","0/0","0/0","0/0","0/0","0/0","0/0","0/1","0/0","0/0","0/0","0/0","0/1","0/0","0/0","0/0","0/0","0/0","0/0","0/0","0/0","0/1","0/0","0/0","0/0","0/0","0/0","0/0","0/0","0/0","0/0","0/0","0/0","0/0","0/0","0/0","0/1","0/1","0/0","0/0","0/0","0/0","0/0","0/0","0/0","0/0","0/0","0/0","0/0","0/0","0/0","0/0","0/0","0/0","0/0","0/0","0/0","0/0","0/0","0/0","0/0","0/0","0/0","0/0","0/0","0/0","0/0","0/0","0/0","0/0","0/0","0/0","0/0","0/0","0/0","0/0","0/0","0/0"
"chr8:145999586_AT/A_ZNF34","0/0","0/0","0/0","0/0","0/0","0/0","0/0","0/0","0/0","0/0","0/0","0/0","0/0","0/0","0/0","0/0","0/0","0/0","0/0","0/0","0/0","0/0","0/0","0/0","0/0","0/0","0/0","0/0","0/0","0/0","0/0","0/0","0/0","0/0","0/0","0/0","0/1","0/0","0/0","0/0","0/0","0/0","0/0","0/0","0/0","0/0","0/0","0/0","0/0","0/0","0/0","0/0","0/0","0/0","0/0","0/0","0/0","0/0","0/0","0/0","0/0","0/0","0/0","0/0","0/0","0/0","0/0","0/0","0/0","0/0","0/0","0/0","0/0","0/0","0/0","0/0","0/0","0/0","0/0","0/0","0/0","0/0","0/0","0/0","0/0","0/0","0/0","0/0","0/0","0/0","0/0","0/0","0/0","0/0","0/0","0/0","0/0","0/0","0/0","0/0","0/0","0/0","0/0","0/0","0/0","0/0","0/0","0/0","0/0","0/0","0/0","0/0","0/0","0/0","0/0","0/0","0/0","0/0","0/0","0/0","0/0","0/0","0/0","0/0","0/0","0/0","0/0","0/0","0/0","0/0","0/0","0/0","0/0","0/0","0/0","0/0","0/0","0/0","0/0","0/0","0/0","0/0","0/0","0/0","0/0","0/0","0/0","0/0","0/0","0/0","0/0","0/0","0/0"
"chr8:145999616_CTTT/C_ZNF34","0/1","0/1","0/1","0/1","0/1","0/1","0/0","0/0","0/0","1/1","0/0","0/0","0/1","1/1","0/0","0/1","1/1","0/1","0/1","0/1","0/1","0/1","0/0","0/1","0/1","1/1","0/1","0/0","0/0","0/0","0/1","0/1","0/0","0/1","0/1","0/0","0/1","0/0","0/1","0/1","1/1","0/0","0/1","0/0","0/1","1/1","1/1","0/1","0/0","0/1","0/0","0/1","0/1","0/0","0/0","0/0","0/1","0/0","1/1","1/1","0/1","1/1","0/0","0/1","0/1","0/1","0/0","1/1","1/1","0/0","0/1","0/1","0/1","0/0","0/0","0/0","0/0","0/1","0/1","0/0","0/0","0/0","0/0","0/0","0/0","0/0","0/0","0/1","0/1","0/1","0/1","0/0","0/0","1/1","1/1","0/1","0/1","0/1","0/1","0/1","0/1","0/1","0/1","0/1","0/1","0/1","0/1","0/0","0/0","0/1","0/1","0/1","0/1","0/0","0/1","0/1","0/1","0/1","0/1","0/1","0/1","0/1","0/1","0/1","0/1","0/1","0/0","0/0","0/0","0/0","0/0","0/1","0/1","1/1","0/1","0/1","1/1","1/1","1/1","0/1","1/1","0/1","0/1","0/0","0/0","0/0","0/1","0/1","0/1","0/0","0/0","0/0","0/0"
"chr9:214754_CT/C_C9orf66","0/0","0/0","0/0","0/0","0/0","0/0","0/0","0/0","0/0","0/0","0/0","0/0","0/0","0/0","0/0","0/0","0/0","0/0","0/0","0/0","0/0","0/0","0/0","0/0","0/0","0/0","0/0","0/0","0/0","0/0","0/0","0/0","0/0","0/0","0/0","0/0","0/0","0/0","0/0","0/0","0/0","0/0","0/0","0/0","0/0","0/0","0/0","0/0","0/0","0/0","0/0","0/0","0/0","0/0","0/0","0/0","0/0","0/0","0/0","0/0","0/0","0/0","0/0","0/0","0/0","0/0","0/0","0/0","0/0","0/0","0/0","0/0","0/0","0/0","0/0","0/0","0/0","0/0","0/0","0/0","0/0","0/0","0/0","0/0","0/0","0/0","0/0","0/0","0/0","0/0","0/0","0/0","0/0","0/0","0/0","0/0","0/0","0/0","0/0","0/0","0/0","0/0","0/0","0/0","0/0","0/0","0/0","0/0","0/0","0/0","0/0","0/0","0/0","0/0","0/0","0/0","0/0","0/0","0/0","0/0","0/0","0/0","0/0","0/0","0/0","0/0","0/0","0/0","0/0","0/0","0/0","0/0","0/0","0/1","0/0","0/0","0/0","0/0","0/0","0/0","0/0","0/0","0/0","0/0","0/0","0/0","0/0","0/0","0/0","0/0","0/0","0/0","0/0"
"chr9:2039776_ACAGCAG/A_SMARCA2","0/2","0/2","0/2","2/2","0/0","0/0","0/2","0/2","0/2","0/0","2/2","0/0","0/0","0/0","2/2","0/0","0/0","0/2","0/0","0/2","0/3","0/0","2/2","0/2","0/0","0/0","0/2","0/2","0/2","0/2","0/0","0/3","0/0","0/0","0/0","0/2","0/1","0/0","0/2","0/0","0/2","0/2","0/2","0/2","0/2","0/2","1/2","0/2","0/0","0/0","0/0","0/2","0/2","0/3","0/0","2/2","0/2","0/2","0/2","2/2","0/2","0/0","0/2","0/2","0/2","0/0","2/2","0/2","0/2","2/2","0/0","0/2","0/2","0/2","0/2","0/0","0/0","0/2","0/2","0/2","0/2","0/0","0/0","0/2","0/2","0/0","0/0","0/0","0/2","0/2","0/0","0/2","0/2","0/0","0/0","0/0","0/0","0/0","0/2","0/2","0/0","0/0","0/0","0/2","0/2","0/0","0/0","0/2","0/2","0/0","2/2","0/0","0/0","0/0","0/2","0/0","0/0","0/2","0/0","0/2","0/0","0/0","0/0","0/2","0/2","0/2","0/0","0/0","0/2","0/2","0/2","0/2","0/2","0/0","0/2","0/2","0/0","0/0","0/2","0/2","0/2","0/2","0/2","0/0","0/0","0/0","0/3","0/3","0/3","1/2","1/2","1/2","1/2"
"chr9:5335329_CT/C_RLN1","0/0","0/0","0/0","0/0","0/0","0/1","0/0","0/0","0/0","0/0","0/0","0/0","0/0","0/0","0/0","0/0","0/0","0/0","0/0","0/0","0/0","0/0","0/0","0/0","0/0","0/0","0/0","0/0","0/0","0/0","0/0","0/0","0/0","0/0","0/0","0/0","0/0","0/0","0/0","0/0","0/0","0/0","0/0","0/0","0/0","0/0","0/0","0/0","0/0","0/0","0/0","0/0","0/0","0/0","0/0","0/0","0/0","0/0","0/0","0/0","0/0","0/0","0/0","0/0","0/0","0/0","0/0","0/0","0/0","0/0","0/0","0/0","0/0","0/0","0/0","0/0","0/0","0/0","0/0","0/0","0/0","0/0","0/0","0/0","0/0","0/0","0/0","0/0","0/0","0/0","0/0","0/0","0/0","0/0","0/0","0/0","0/0","0/0","0/0","0/0","0/0","0/0","0/0","0/0","0/0","0/0","0/0","0/0","0/0","0/0","0/0","0/0","0/0","0/0","0/0","0/0","0/0","0/0","0/0","0/0","0/0","0/0","0/0","0/0","0/0","0/0","0/0","0/0","0/0","0/0","0/0","0/0","0/0","0/0","0/0","0/0","0/0","0/0","0/0","0/0","0/0","0/0","0/0","0/0","0/0","0/0","0/0","0/0","0/0","0/0","0/0","0/0","0/0"
"chr9:12775861_T/TGGCGGCGGC_LURAP1L","1/1","1/1","1/1","1/1","0/1","0/1","0/1","0/1","0/0","0/1","1/1","0/1","0/1","1/1","0/1","1/1","0/1","0/0","1/1","1/1","1/1","0/1","1/1","0/1","1/1","1/1","1/1","1/1","1/1","0/1","1/1","1/1","1/1","1/1","1/1","1/1","1/2","1/1","1/1","0/1","1/1","1/1","1/1","1/1","0/1","1/1","1/1","1/1","1/1","1/1","1/1","1/1","1/1","1/1","1/1","1/1","1/1","1/1","0/0","1/1","1/1","1/1","1/1","0/1","0/1","1/1","1/1","1/1","1/1","1/1","1/1","1/1","1/1","1/1","1/1","1/1","1/1","1/1","1/1","1/1","1/1","1/1","1/1","1/1","1/1","1/1","1/1","1/1","1/1","1/1","1/1","0/1","0/1","1/1","1/1","1/1","1/1","1/1","1/1","1/1","0/0","1/1","0/0","1/1","1/1","0/1","0/1","1/1","1/1","1/1","1/1","1/1","1/1","1/1","0/1","0/1","0/1","1/1","1/1","1/1","1/1","1/1","0/1","1/1","0/1","0/1","1/1","1/1","1/1","1/1","1/1","0/1","0/1","1/1","0/1","0/1","1/1","1/1","0/1","0/1","0/1","0/1","0/1","0/0","0/0","0/0","0/1","0/1","0/1","0/1","0/1","0/1","0/1"
"chr9:14102477_GT/G_NFIB","0/0","0/0","0/0","0/0","0/0","0/0","0/0","0/0","0/0","0/0","0/0","0/0","0/0","0/0","0/0","0/0","0/0","0/0","0/0","0/0","0/0","0/0","0/0","0/0","0/0","0/0","0/0","0/0","0/0","0/0","0/0","0/0","0/0","0/0","0/0","0/0","0/1","0/0","0/0","0/0","0/0","0/0","0/0","0/0","0/0","0/0","0/0","0/0","0/0","0/0","0/0","0/0","0/0","0/0","0/0","0/0","0/0","0/0","0/0","0/0","0/0","0/0","0/0","0/0","0/0","0/0","0/0","0/0","0/0","0/0","0/0","0/0","0/0","0/0","0/0","0/0","0/0","0/0","0/0","0/0","0/0","0/0","0/0","0/0","0/0","0/0","0/0","0/0","0/0","0/0","0/0","0/0","0/0","0/0","0/0","0/0","0/0","0/0","0/0","0/0","0/0","0/0","0/0","0/0","0/0","0/0","0/0","0/0","0/0","0/0","0/0","0/0","0/0","0/0","0/0","0/0","0/0","0/0","0/0","0/0","0/0","0/0","0/0","0/0","0/0","0/0","0/0","0/0","0/0","0/0","0/0","0/0","0/0","0/0","0/0","0/0","0/0","0/0","0/0","0/0","0/0","0/0","0/0","0/0","0/0","0/0","0/0","0/0","0/0","0/0","0/0","0/0","0/0"
"chr9:21971028_C/CCAGGCATCGCGCACGTCCAGCCGCG_CDKN2A","0/0","0/0","0/0","0/0","0/0","0/0","0/0","0/0","0/0","0/0","0/0","0/0","0/0","0/0","0/0","0/0","0/0","0/0","0/0","0/0","0/0","0/0","0/0","0/0","0/0","0/0","0/0","0/0","0/0","0/0","0/0","0/0","0/0","0/0","0/0","0/0","0/0","0/0","0/0","0/0","0/0","0/0","0/0","0/0","0/0","0/1","0/0","0/0","0/0","0/0","0/0","0/0","0/0","0/0","0/0","0/0","0/0","0/0","0/0","0/0","0/0","0/0","0/0","0/0","0/0","0/0","0/0","0/0","0/0","0/0","0/0","0/0","0/0","0/0","0/0","0/0","0/0","0/0","0/0","0/0","0/0","0/0","0/0","0/0","0/0","0/0","0/0","0/0","0/0","0/0","0/0","0/0","0/0","0/0","0/0","0/0","0/0","0/0","0/0","0/0","0/0","0/0","0/0","0/0","0/0","0/0","0/0","0/0","0/0","0/0","0/0","0/0","0/0","0/0","0/0","0/0","0/0","0/0","0/0","0/0","0/0","0/0","0/0","0/0","0/0","0/0","0/0","0/0","0/0","0/0","0/0","0/0","0/0","0/2","0/0","0/0","0/0","0/0","0/0","0/0","0/0","0/0","0/0","0/0","0/0","0/0","0/0","0/0","0/0","0/0","0/0","0/0","0/0"
"chr9:21971112_CACGGG/C_CDKN2A","0/0","0/0","0/0","0/0","0/0","0/0","0/0","0/0","0/0","0/0","0/0","0/0","0/0","0/0","0/0","0/0","0/0","0/0","0/0","0/0","0/0","0/0","0/0","0/0","0/0","0/0","0/0","0/0","0/0","0/0","0/0","0/0","0/0","0/0","0/0","0/0","0/0","0/0","0/0","0/0","0/0","0/0","0/0","0/0","0/0","0/0","0/0","0/0","0/0","0/0","0/0","0/0","0/0","0/0","0/0","0/0","0/0","0/0","0/0","0/0","0/0","0/0","0/0","0/0","0/0","0/0","0/0","0/0","0/0","0/0","0/0","0/0","0/0","0/0","0/0","0/0","0/0","0/0","0/0","0/0","0/0","0/0","0/0","0/0","0/0","0/0","0/0","0/0","0/0","0/0","0/0","0/0","0/0","0/0","0/0","0/0","0/0","0/0","0/0","0/0","0/0","0/0","0/0","0/0","0/0","0/0","0/0","0/0","0/0","0/0","0/0","0/0","0/0","0/0","0/0","0/1","0/0","0/0","0/0","0/0","0/0","0/0","0/0","0/0","0/0","0/0","0/0","0/0","0/0","0/0","0/0","0/0","0/0","0/0","0/0","0/0","0/0","0/0","0/0","0/0","0/0","0/0","0/0","0/0","0/0","0/0","0/0","0/0","0/0","0/0","0/0","0/0","0/0"
"chr9:21971123_TGA/T_CDKN2A","0/0","0/0","0/0","0/0","0/0","0/0","0/0","0/0","0/0","0/0","0/0","0/0","0/0","0/0","0/0","0/0","0/0","0/0","0/0","0/0","0/0","0/0","0/0","0/0","0/0","0/0","0/0","0/0","0/0","0/0","0/0","0/0","0/0","0/0","0/0","0/0","0/0","0/0","0/0","0/0","0/0","0/0","0/0","0/0","0/0","0/0","0/0","0/0","0/0","0/0","0/0","0/0","0/0","0/0","0/0","0/0","0/0","0/0","0/0","0/0","0/0","0/0","0/0","0/0","0/0","0/0","0/0","0/0","0/0","0/0","0/0","0/0","0/0","0/0","0/0","0/0","0/0","0/0","0/0","0/0","0/0","0/0","0/0","0/0","0/0","0/0","0/0","0/0","0/0","0/0","0/0","0/0","0/0","0/0","0/0","0/0","0/0","0/0","0/0","0/0","0/0","0/0","0/0","0/0","0/0","0/0","0/0","0/0","0/0","0/0","0/0","0/0","0/0","0/0","0/0","0/0","0/0","0/0","0/0","0/0","0/0","0/0","0/0","0/0","0/0","0/0","0/1","0/0","0/0","0/0","0/0","0/0","0/0","0/0","0/0","0/0","0/0","0/0","0/0","0/0","0/0","0/0","0/0","0/0","0/0","0/0","0/0","0/0","0/0","0/1","0/1","0/0","0/1"
"chr9:21971199_C/CA_CDKN2A","0/0","0/0","0/0","0/0","0/0","0/0","0/0","0/0","0/0","0/0","0/0","0/0","0/0","0/0","0/0","0/0","0/0","0/0","0/0","0/0","0/0","0/0","0/0","0/0","0/0","0/0","0/0","0/0","0/0","0/0","0/0","0/0","0/0","0/0","0/0","0/0","0/0","0/0","0/0","0/0","0/0","0/0","0/0","0/0","0/0","0/0","0/0","0/0","0/0","0/0","0/0","0/0","0/0","0/0","0/0","0/0","0/0","0/0","0/0","0/0","0/0","0/0","0/0","0/0","0/0","0/0","0/0","0/0","0/0","0/0","0/0","0/0","0/0","0/0","0/0","0/0","0/0","0/0","0/0","0/0","0/0","0/0","0/0","0/0","0/0","0/0","0/0","0/0","0/0","0/0","0/0","0/0","0/0","0/0","0/0","0/0","0/0","0/0","0/0","0/0","0/0","0/0","0/0","0/1","0/0","0/0","0/0","0/0","0/0","0/0","0/0","0/0","0/0","0/0","0/0","0/0","0/0","0/0","0/0","0/0","0/0","0/0","0/0","0/0","0/0","0/0","0/0","0/0","0/0","0/0","0/0","0/0","0/0","0/0","0/0","0/0","0/0","0/0","0/0","0/0","0/0","0/0","0/0","0/0","0/0","0/0","0/0","0/0","0/0","0/0","0/0","0/0","0/0"
"chr9:25678177_A/ACGC_TUSC1","0/0","0/0","0/0","0/0","0/1","0/1","0/0","0/0","0/0","0/0","0/0","0/0","0/0","0/0","0/0","0/0","0/0","0/1","0/0","0/0","0/1","0/0","0/0","0/0","0/0","0/0","0/0","0/0","0/0","0/0","0/1","0/0","0/0","0/0","0/0","0/0","0/0","0/0","0/0","0/0","0/1","0/0","0/0","0/0","0/0","0/0","0/0","0/0","0/0","0/0","0/0","0/0","0/0","0/0","0/0","0/0","0/0","0/0","0/0","0/0","0/0","0/0","0/0","0/0","0/0","0/1","0/0","0/0","0/0","0/0","0/1","0/0","0/0","0/0","0/0","0/0","0/0","0/0","0/0","0/0","0/0","1/1","0/0","0/0","0/0","0/0","0/0","0/0","0/0","0/0","0/1","0/0","0/0","0/1","0/1","0/1","0/0","0/0","0/1","0/1","0/0","0/0","0/0","0/0","0/0","0/0","0/0","0/0","0/0","0/0","0/0","0/0","0/0","0/0","0/0","0/0","0/0","0/0","0/0","0/0","0/0","0/0","0/0","0/0","0/0","0/0","0/0","0/0","0/0","0/0","0/0","0/0","0/0","0/0","0/0","0/0","0/0","0/0","0/0","0/0","0/0","0/0","0/0","0/0","0/0","0/0","0/0","0/0","0/0","0/0","0/0","0/0","0/0"
"chr9:27294356_A/AT_EQTN","0/0","0/0","0/0","0/0","0/0","0/0","0/0","0/0","0/0","0/0","0/0","0/0","0/0","0/0","0/0","0/0","0/0","0/0","0/0","0/0","0/0","0/0","0/0","0/0","0/0","0/0","0/0","0/1","0/0","0/0","0/0","0/0","0/0","0/0","0/0","0/0","0/0","0/0","0/0","0/0","0/0","0/0","0/0","0/0","0/0","0/0","0/0","0/0","0/0","0/0","0/0","0/0","0/0","0/0","0/0","0/0","0/0","0/0","0/0","0/0","0/0","0/0","0/0","0/0","0/0","0/0","0/0","0/0","0/0","0/0","0/0","0/0","0/0","0/0","0/0","0/0","0/0","0/0","0/0","0/0","0/0","0/0","0/0","0/0","0/0","0/0","0/0","0/0","0/0","0/0","0/0","0/0","0/0","0/0","0/0","0/0","0/0","0/0","0/0","0/0","0/0","0/0","0/0","0/0","0/0","0/0","0/0","0/0","0/0","0/0","0/0","0/0","0/0","0/0","0/0","0/0","0/0","0/0","0/0","0/0","0/0","0/0","0/0","0/0","0/0","0/0","0/0","0/0","0/0","0/0","0/0","0/0","0/0","0/0","0/0","0/0","0/0","0/0","0/0","0/0","0/0","0/0","0/0","0/0","0/0","0/0","0/0","0/0","0/0","0/0","0/0","0/0","0/0"
"chr9:33797928_G/GCC_PRSS3","0/1","0/1","0/1","0/1","0/1","0/1","0/1","0/1","0/1","0/1","0/1","0/1","0/1","0/1","0/1","0/1","0/1","0/1","0/1","0/1","0/1","0/1","0/1","0/1","0/1","0/1","0/1","0/1","0/1","0/1","0/1","0/1","0/1","0/1","0/1","0/1","0/1","0/1","0/1","0/1","0/1","0/1","0/1","0/1","0/1","0/1","0/1","0/1","0/1","0/1","0/1","0/1","0/1","0/1","0/1","0/1","0/1","0/1","0/1","0/1","0/1","0/1","0/1","0/1","0/1","0/1","0/1","0/1","0/1","0/1","0/1","0/1","0/1","0/1","0/1","0/1","0/1","0/1","0/1","0/1","0/1","0/1","0/1","0/1","0/1","0/1","0/1","0/1","0/1","0/1","0/1","0/1","0/1","0/1","0/1","0/1","0/1","0/1","0/1","0/1","0/1","0/1","0/1","0/1","0/1","0/1","0/1","0/1","0/1","0/1","0/1","0/1","0/1","0/1","0/1","0/1","0/1","0/1","0/1","0/1","0/1","0/1","0/1","0/1","0/1","0/1","0/1","0/1","0/1","0/1","0/1","0/1","0/1","0/1","0/1","0/1","0/1","0/1","0/1","0/1","0/1","0/1","0/1","0/1","0/1","0/1","0/1","0/1","0/1","0/1","0/1","0/1","0/1"
"chr9:33797930_GAC/G_PRSS3","0/1","0/1","0/1","0/1","0/1","0/1","0/1","0/1","0/1","0/1","0/1","0/1","0/1","0/1","0/1","0/1","0/1","0/1","0/1","0/1","0/1","0/1","0/1","0/1","0/1","0/1","0/1","0/1","0/1","0/1","0/1","0/1","0/1","0/1","0/1","0/1","0/1","0/1","0/1","0/1","0/1","0/1","0/1","0/1","0/1","0/1","0/1","0/1","0/1","0/1","0/1","0/1","0/1","0/1","0/1","0/1","0/1","0/1","0/1","0/1","0/1","0/1","0/1","0/1","0/1","0/1","0/1","0/1","0/1","0/1","0/1","0/1","0/1","0/1","0/1","0/1","0/1","0/1","0/1","0/1","0/1","0/1","0/1","0/1","0/1","0/1","0/1","0/1","0/1","0/1","0/1","0/1","0/1","0/1","0/1","0/1","0/1","0/1","0/1","0/1","0/1","0/1","0/1","0/1","0/1","0/1","0/1","0/1","0/1","0/1","0/1","0/1","0/1","0/1","0/1","0/1","0/1","0/1","0/1","0/1","0/1","0/1","0/1","0/1","0/1","0/1","0/1","0/1","0/1","0/1","0/1","0/1","0/1","0/1","0/1","0/1","0/1","0/1","0/1","0/1","0/1","0/1","0/1","0/1","0/1","0/1","0/1","0/1","0/1","0/1","0/1","0/1","0/1"
"chr9:34339045_T/TGA_NUDT2","0/0","0/0","0/0","0/0","0/0","0/0","0/0","0/0","0/0","0/0","0/0","0/0","0/0","0/0","0/0","0/0","0/1","0/0","0/0","0/0","0/0","0/0","0/0","0/0","0/0","0/0","0/0","0/0","0/0","0/0","0/0","0/0","0/0","0/0","0/0","0/0","0/0","0/0","0/0","0/0","0/0","0/0","0/0","0/0","0/0","0/0","0/0","0/0","0/0","0/0","0/0","0/0","0/0","0/0","0/0","0/0","0/0","0/0","0/0","0/0","0/0","0/0","0/0","0/0","0/0","0/0","0/0","0/0","0/0","0/0","0/0","0/0","0/0","0/0","0/0","0/0","0/0","0/0","0/0","0/0","0/0","0/0","0/0","0/0","0/0","0/0","0/0","0/0","0/0","0/0","0/0","0/0","0/0","0/0","0/0","0/0","0/0","0/0","0/0","0/0","0/0","0/0","0/0","0/0","0/0","0/0","0/0","0/0","0/0","0/0","0/0","0/0","0/0","0/0","0/0","0/0","0/0","0/0","0/0","0/0","0/0","0/0","0/0","0/0","0/0","0/0","0/0","0/0","0/0","0/0","0/0","0/0","0/0","0/0","0/0","0/0","0/0","0/0","0/0","0/0","0/0","0/0","0/0","0/0","0/0","0/0","0/0","0/0","0/0","0/0","0/0","0/0","0/0"
"chr9:34372901_C/CG_KIAA1161","0/0","0/0","0/0","0/1","0/0","0/0","0/0","0/0","0/0","0/0","0/0","0/0","0/0","0/0","0/0","0/0","0/0","0/0","0/0","0/0","0/0","0/0","0/0","0/0","0/0","0/0","0/0","0/0","0/0","0/0","0/0","0/0","0/0","0/1","0/0","0/0","0/0","0/0","0/0","0/0","0/0","0/0","0/0","0/0","0/0","0/0","0/0","0/0","0/0","0/0","0/0","0/0","0/0","0/0","0/0","0/0","0/0","0/0","0/0","0/0","0/0","0/0","0/0","0/0","0/0","0/0","0/0","0/0","0/0","0/0","0/0","0/0","0/0","0/0","0/0","0/0","0/0","0/0","0/0","0/0","0/0","0/0","0/0","0/0","0/0","0/0","0/0","0/0","0/0","0/0","0/0","0/0","0/0","0/0","0/0","0/0","0/0","0/0","0/0","0/0","0/0","0/0","0/0","0/0","0/0","0/0","0/0","0/0","0/0","0/0","0/1","0/0","0/0","0/0","0/0","0/0","0/0","0/0","0/0","0/0","0/0","0/0","0/0","0/0","0/0","0/0","0/0","0/0","0/0","0/0","0/0","0/0","0/0","0/0","0/0","0/0","0/0","0/0","0/0","0/0","0/0","0/0","0/0","0/0","0/0","0/0","0/0","0/0","0/0","0/0","0/0","0/0","0/0"
"chr9:34709501_TG/T_CCL21","0/0","0/0","0/0","0/0","0/0","0/0","0/0","0/0","0/0","0/0","0/0","0/0","0/0","0/0","0/0","0/0","0/0","0/0","0/0","0/0","0/0","0/0","0/0","0/0","0/0","0/0","0/0","0/0","0/0","0/0","0/0","0/0","0/0","0/0","0/0","0/0","0/0","0/0","0/0","0/0","0/0","0/0","0/0","0/0","0/0","0/0","0/0","0/0","0/0","0/0","0/0","0/0","0/0","0/0","0/0","0/0","0/0","0/0","0/0","0/0","0/0","0/0","0/0","0/0","0/0","0/0","0/0","0/0","0/0","0/0","0/0","0/0","0/0","0/0","0/0","0/0","0/0","0/0","0/0","0/0","0/0","0/0","0/0","0/0","0/0","0/0","0/0","0/0","0/0","0/0","0/0","0/0","0/0","0/0","0/0","0/0","0/0","0/0","0/0","0/0","0/0","0/0","0/0","0/0","0/0","0/0","0/0","0/0","0/0","0/0","0/0","0/0","0/0","0/0","0/0","0/1","0/1","0/0","0/0","0/0","0/0","0/0","0/1","0/0","0/0","0/0","0/0","0/0","0/0","0/0","0/0","0/0","0/0","0/0","0/0","0/0","0/0","0/0","0/0","0/0","0/0","0/0","0/0","0/0","0/0","0/0","0/0","0/0","0/0","0/0","0/0","0/0","0/0"
"chr9:34893045_GC/G_FAM205C","0/0","0/0","0/0","0/0","0/0","0/0","0/0","0/0","0/0","0/1","0/0","0/0","0/0","0/0","0/0","0/0","0/0","0/0","0/0","0/0","0/0","0/0","0/0","0/0","0/0","0/0","0/0","0/1","0/0","0/1","0/1","0/1","0/0","0/0","0/0","0/1","0/0","0/0","0/0","0/0","0/0","0/0","0/0","0/0","0/1","0/0","0/0","0/1","0/0","0/0","0/0","0/0","0/1","0/0","0/0","0/0","0/0","0/0","0/1","0/0","0/1","0/0","0/0","0/0","0/0","0/0","0/1","0/0","0/0","0/1","0/0","0/0","0/0","0/0","0/0","0/0","0/0","0/0","0/0","0/0","0/0","0/0","0/0","0/0","0/0","0/0","0/0","0/0","0/0","0/0","0/1","0/0","0/0","0/0","0/0","0/1","0/0","0/0","0/0","0/0","0/0","0/0","0/0","0/0","0/0","0/0","0/0","0/0","0/0","0/0","0/0","0/0","0/0","0/1","0/0","0/0","0/0","0/0","0/0","0/0","0/0","0/0","0/0","0/0","0/0","0/0","0/1","0/1","0/1","0/1","0/1","0/0","0/1","0/0","0/1","0/1","0/0","0/0","0/0","0/0","0/0","0/0","0/0","0/0","0/0","0/0","0/0","0/0","0/0","0/0","0/0","0/0","0/0"
"chr9:34996639_CTCAACCCTG/C_DNAJB5","0/0","0/0","0/0","0/0","0/0","0/0","0/0","0/0","0/0","0/0","0/0","0/0","0/0","0/0","0/0","0/0","0/0","0/0","0/0","0/0","0/0","0/0","0/0","0/0","0/0","0/0","0/0","0/0","0/0","0/0","0/0","0/0","0/0","0/0","0/0","0/0","0/0","0/0","0/0","0/0","0/0","0/0","0/0","0/0","0/0","0/0","0/0","0/0","0/0","0/0","0/0","0/0","0/0","0/0","0/0","0/0","0/0","0/0","0/0","0/0","0/0","0/0","0/0","0/0","0/0","0/0","0/0","0/0","0/0","0/0","0/0","0/0","0/0","0/0","0/0","0/0","0/0","0/0","0/0","0/0","0/0","0/0","0/0","0/0","0/0","0/0","0/0","0/0","0/0","0/0","0/0","0/0","0/0","0/0","0/0","0/0","0/0","0/0","0/0","0/0","0/0","0/0","0/0","0/1","0/0","0/0","0/0","0/0","0/0","0/0","0/0","0/0","0/0","0/0","0/0","0/0","0/0","0/0","0/0","0/0","0/0","0/0","0/0","0/0","0/0","0/0","0/0","0/0","0/0","0/0","0/0","0/0","0/0","0/0","0/0","0/0","0/0","0/0","0/0","0/0","0/0","0/0","0/0","0/0","0/0","0/0","0/0","0/0","0/0","0/0","0/0","0/0","0/0"
"chr9:35059646_AT/A_VCP","0/0","0/0","0/0","0/0","0/0","0/0","0/0","0/0","0/0","0/0","0/0","0/0","0/0","0/0","0/0","0/0","0/0","0/0","0/0","0/0","0/0","0/0","0/0","0/0","0/0","0/0","0/0","0/0","0/0","0/0","0/0","0/0","0/0","0/0","0/0","0/0","0/1","0/0","0/0","0/0","0/0","0/0","0/0","0/0","0/0","0/0","0/0","0/0","0/0","0/0","0/0","0/0","0/0","0/0","0/0","0/0","0/0","0/0","0/0","0/0","0/0","0/0","0/0","0/0","0/0","0/0","0/0","0/0","0/0","0/0","0/0","0/0","0/0","0/0","0/0","0/0","0/0","0/0","0/0","0/0","0/0","0/0","0/0","0/0","0/0","0/0","0/0","0/0","0/0","0/0","0/0","0/0","0/0","0/0","0/0","0/0","0/0","0/0","0/0","0/0","0/0","0/0","0/0","0/0","0/0","0/0","0/0","0/0","0/0","0/0","0/0","0/0","0/0","0/0","0/0","0/0","0/0","0/0","0/0","0/0","0/0","0/0","0/0","0/0","0/0","0/0","0/0","0/0","0/0","0/0","0/0","0/0","0/0","0/0","0/0","0/0","0/0","0/0","0/0","0/0","0/0","0/0","0/0","0/0","0/0","0/0","0/0","0/0","0/0","0/0","0/0","0/0","0/0"
"chr9:35547930_TG/T_RUSC2","0/0","0/0","0/0","0/0","0/0","0/0","0/0","0/0","0/0","0/0","0/0","0/0","0/0","0/0","0/0","0/0","0/0","0/0","0/0","0/0","0/0","0/0","0/0","0/1","0/0","0/0","0/0","0/0","0/0","0/0","0/0","0/0","0/0","0/0","0/0","0/0","0/0","0/0","0/0","0/0","0/0","0/0","0/0","0/0","0/0","0/0","0/0","0/0","0/0","0/0","0/0","0/0","0/0","0/0","0/0","0/0","0/0","0/0","0/0","0/0","0/0","0/0","0/0","0/0","0/0","0/0","0/0","0/0","0/0","0/0","0/0","0/0","0/0","0/0","0/0","0/0","0/0","0/0","0/0","0/0","0/0","0/0","0/0","0/0","0/0","0/0","0/0","0/0","0/0","0/0","0/0","0/0","0/0","0/0","0/0","0/0","0/0","0/0","0/0","0/0","0/0","0/0","0/0","0/0","0/0","0/0","0/0","0/0","0/0","0/0","0/0","0/0","0/0","0/0","0/0","0/0","0/0","0/0","0/0","0/0","0/0","0/0","0/0","0/0","0/0","0/0","0/0","0/0","0/0","0/0","0/0","0/0","0/0","0/0","0/0","0/0","0/0","0/0","0/0","0/0","0/0","0/0","0/0","0/0","0/0","0/0","0/0","0/0","0/0","0/0","0/0","0/0","0/0"
"chr9:35561919_CT/C_FAM166B","0/0","0/0","0/0","0/0","0/0","0/0","0/0",".","0/0","0/0","0/0",".","0/2","0/0","0/0","0/0","0/0","0/0","0/0","0/0","0/0","0/0","0/0","2/2","0/0","0/0",".",".","0/0","2/2","0/0",".",".","0/0","0/0",".","0/0",".","0/0","0/0","0/0","0/0","0/0","0/0","0/0","0/2","0/0",".","0/0","0/0","0/2","2/2","0/0","0/0","0/0","2/2","0/0","0/1",".","0/0","0/2","0/2",".",".","0/0","0/2",".","0/0","0/0","0/0","0/0","2/2","2/2","0/0","0/0","0/0","0/0","0/2","0/2",".","0/0","0/0",".",".","0/0","0/0","2/2","0/0","0/0","0/0","0/0","0/0","0/0","0/2","0/0","0/0","0/0","0/0","0/0","0/0","0/0","0/0","0/0","0/0",".","0/0","0/0","0/0","0/0","0/0","0/0",".","2/2","0/2","0/0","0/0","0/0","0/0",".","0/0","0/0","0/0","0/0","0/0","0/0","0/0","2/2",".","0/0","0/0","0/0",".","0/0","0/2","0/0","0/0","2/2",".","0/0","0/0","0/0",".",".","0/0","0/0","0/0","2/2","2/2","2/2","0/0","0/0",".","0/0"
"chr9:35562393_A/ATAGT_FAM166B","0/0","0/0","0/0","0/0","0/0","0/0","0/0","0/0","0/0","0/0","0/0","0/0","0/0","0/0","0/0","0/0","0/0","0/1","0/0","0/0","0/0","0/0","0/0","0/0","0/0","0/1","0/0","0/0","0/1","0/0","0/0","0/0","0/0","0/0","0/1","0/0","0/0","0/0","0/1","0/0","0/1","0/0","0/0","0/1","0/0","0/1","0/0","0/0","0/0","0/1","0/1","0/0","0/1","0/0","0/0","0/0","0/0","0/1","0/0","0/1","0/0","0/0","0/0","0/0","0/0","0/0","0/0","0/1","0/1","0/0","0/0","0/0","0/0","0/0","0/0","0/1","0/1","0/0","0/0","0/1","0/1","0/1","0/1","0/0","0/0","0/0","0/0","0/0","0/0","0/0","0/0","0/1","0/1","0/0","0/0","0/0","0/0","0/1","0/0","0/0","0/0","0/1","0/0","0/0","0/0","0/1","0/1","0/0","0/0","0/1","0/0","0/0","0/0","0/0","0/1","1/1","1/1","0/1","0/0","0/1","0/0","0/0","1/1","0/1","0/1","0/1","0/0","0/0","0/0","0/0","0/0","0/0","0/1","0/0","0/1","0/1","0/0","0/0","0/0","0/1","0/0","0/0","0/0","0/1","0/1","0/1","0/0","0/0","0/0","0/0","0/0","0/0","0/0"
"chr9:35736504_CTG/C_CREB3","0/0","0/0","0/0","0/0","0/0","0/0","0/0","0/0","0/0","0/0","0/0","0/0","0/0","0/0","0/0","0/0","0/0","0/0","0/0","0/0","0/0","0/0","0/0","0/0","0/0","0/0","0/0","0/0","0/0","0/0","0/0","0/0","0/0","0/0","0/0","0/0","0/1","0/0","0/0","0/0","0/0","0/0","0/0","0/0","0/0","0/0","0/0","0/0","0/0","0/0","0/0","0/0","0/0","0/0","0/0","0/0","0/0","0/0","0/0","0/0","0/0","0/0","0/0","0/0","0/0","0/0","0/0","0/0","0/0","0/0","0/0","0/0","0/0","0/0","0/0","0/0","0/0","0/0","0/0","0/0","0/0","0/0","0/0","0/0","0/0","0/0","0/0","0/0","0/0","0/0","0/0","0/0","0/0","0/0","0/0","0/0","0/0","0/0","0/0","0/0","0/0","0/0","0/0","0/0","0/0","0/0","0/0","0/0","0/0","0/0","0/0","0/0","0/0","0/0","0/0","0/0","0/0","0/0","0/0","0/0","0/0","0/0","0/0","0/0","0/0","0/0","0/0","0/0","0/0","0/0","0/0","0/0","0/0","0/0","0/0","0/0","0/0","0/0","0/0","0/0","0/0","0/0","0/0","0/0","0/0","0/0","0/0","0/0","0/0","0/0","0/0","0/0","0/0"
"chr9:35739318_C/CA_GBA2","0/0","0/0","0/0","0/0","0/0","0/0","0/0","0/0","0/0","0/0","0/0","0/0","0/0","0/0","0/0","0/0","0/0","0/0","0/0","0/0","0/0","0/0","0/0","0/0","0/0","0/0","0/0","0/0","0/0","0/0","0/0","0/0","0/0","0/0","0/0","0/0","0/0","0/0","0/0","0/0","0/0","0/0","0/0","0/0","0/0","0/0","0/0","0/0","0/0","0/0","0/0","0/0","0/0","0/0","0/0","0/0","0/0","0/0","0/0","0/0","0/0","0/0","0/0","0/0","0/0","0/0","0/0","0/0","0/0","0/0","0/0","0/0","0/0","0/0","0/0","0/0","0/0","0/0","0/0","0/0","0/0","0/0","0/0","0/0","0/0","0/0","0/0","0/0","0/0","0/0","0/0","0/0","0/0","0/0","0/0","0/0","0/0","0/0","0/0","0/0","0/0","0/0","0/0","0/0","0/0","0/0","0/0","0/0","0/0","0/0","0/0","0/0","0/0","0/0","0/0","0/0","0/0","0/0","0/0","0/0","0/0","0/0","0/0","0/0","0/0","0/0","0/0","0/0","0/0","0/0","0/0","0/0","0/0","0/0","0/0","0/1","0/0","0/0","0/0","0/0","0/0","0/0","0/0","0/0","0/0","0/0","0/0","0/0","0/0","0/0","0/0","0/0","0/0"
"chr9:35811485_ACCAGGACCAGAG/A_SPAG8","0/0","0/0","0/0","1/1","1/1","1/1","0/1","0/1","0/0","0/0","0/0","1/1","1/1","0/1","1/1","0/0","1/1","0/1","1/1","1/1","0/1","0/1","1/1","1/1","0/1","0/0","1/1","1/1","0/1","0/1","0/1","0/1","0/1","0/0","1/1","1/1","0/1","0/0","0/1","0/1","0/1","0/0","0/1","0/0","0/0","0/1","0/1","1/1","0/0","0/0","0/1","0/1","0/0","0/1","0/1","1/1","0/0","0/1","1/1","0/1","0/0","0/1","1/1","0/1","0/1","0/1","0/0","0/0","0/0","0/0","0/1","0/1","0/1","0/1","0/1","0/0","0/0","1/1","1/1","0/1","0/1","0/1","0/1","0/0","0/0","0/1","0/1","1/1","0/0","0/0","0/0","0/0","0/0","0/1","0/1","0/0","1/1","0/1","0/1","0/1","1/1","0/1","1/1","0/1","0/1","0/0","0/0","0/1","0/1","0/1","1/1","1/1","1/1","0/1","0/0","0/1","0/1","0/1","0/0","0/1","0/0","0/0","0/1","0/1","0/0","0/0","0/1","0/1","0/1","0/1","0/1","0/0","0/1","0/0","0/1","0/1","0/1","0/1","0/1","0/1","0/1","0/0","0/0","0/1","0/1","0/1","0/1","0/1","0/1","0/1","0/1","0/1","0/1"
"chr9:35812098_CACCGCG/C_SPAG8","0/0","0/0","0/0","0/0","0/0","0/0","0/0","0/0","0/0","0/0","0/0","0/0","0/0","0/0","0/0","0/0","0/0","0/0","0/0","0/0","0/0","0/0","0/0","0/0","0/0","0/0","0/0","0/0","0/1","0/0","0/0","0/0","0/0","0/1","0/0","0/0","0/1","0/0","0/1","0/0","0/0","0/0","0/0","0/0","0/0","0/0","0/0","0/0","0/0","0/0","0/0","0/0","0/0","0/0","0/0","0/0","0/1","0/0","0/0","0/1","0/0","0/0","0/0","0/1","0/1","0/1","0/1","0/0","0/0","0/1","0/1","0/0","0/0","0/1","0/1","0/1","0/1","0/0","0/0","0/1","0/1","0/0","0/0","0/0","0/0","0/0","0/0","0/0","0/0","0/0","0/0","0/1","0/1","0/0","0/0","0/0","0/0","0/1","0/0","0/0","0/0","0/0","0/0","0/0","0/0","0/0","0/0","0/0","0/0","0/0","0/0","0/0","0/0","0/0","0/0","0/0","0/0","0/0","0/1","0/0","0/1","0/1","0/0","0/0","0/0","0/0","0/0","0/0","0/0","0/0","0/0","0/0","0/0","0/0","0/0","0/0","0/0","0/0","0/0","0/0","0/0","0/0","0/0","0/0","0/0","0/0","0/0","0/0","0/0","0/0","0/0","0/0","0/0"
"chr9:35906347_CCTGCTG/CCTG_HRCT1","0/0","0/0","0/0","0/0","0/0","0/1","0/0","0/0","0/1","0/0","0/0","0/0","0/0","0/0","0/0","0/0","0/0","0/0","0/0","0/0","0/0","0/0","0/0","0/0","0/0","0/0","0/0","0/0","0/0","0/1","0/0","0/0","0/0","0/0","0/0","0/0","0/0","0/0","0/0","0/0","0/0","0/0","0/0","0/0","0/0","0/0","0/0","0/0","0/0","0/0","0/0","0/0","0/0","0/0","0/0","0/1","0/0","0/0","0/0","0/0","0/0","0/0","0/0","0/0","0/0","0/0","0/0","0/0","0/0","0/0","0/0","0/0","0/0","0/2","0/2","0/0","0/0","0/0","0/0","0/0","0/0","0/1","0/0","0/0","0/0","0/0","0/0","0/0","0/0","0/0","0/0","0/0","0/0","0/0","0/0","0/0","0/0","0/0","0/0","0/0","0/1","0/0","0/0","0/0","0/0","0/0","0/0","0/0","0/0","0/0","0/0","0/0","0/0","0/0","0/1","0/0","0/0","0/0","0/0","0/0","0/0","0/0","0/0","0/0","0/0","0/0","0/0","0/0","0/0","0/0","0/0","0/0","0/0","0/0","0/0","0/1","0/0","0/0","0/0","0/0","0/0","0/0","0/0","0/0","0/0","0/0","0/0","0/0","0/0","0/0","0/0","0/0","0/0"
"chr9:35906544_T/TCCACCACCACCACCACCCCCGCCACACCCCTCACCACCTCCA_HRCT1","0/0","0/0","0/0","0/0","0/0","0/0","0/0","0/0","0/0","0/0","0/0","0/0","0/0","0/0","0/0","0/0","0/0","0/0","0/0","0/0","0/0","0/0","0/0","0/0","0/0","0/0","0/0","0/0","0/0","0/0","0/0","0/0","0/0","0/0","0/0","0/0","0/0","0/0","0/0","0/0","0/0","0/0","0/0","0/0","0/0","0/0","0/0","0/0","0/0","0/0","0/0","0/0","0/0","0/0","0/0","0/0","0/0","0/0","0/0","0/0","0/0","0/0","0/0","0/0","0/0","0/0","0/0","0/0","0/0","0/1","0/0","0/0","0/0","0/0","0/0","0/0","0/0","0/0","0/0","0/0","0/0","0/0","0/0","0/0","0/0","0/0","0/0","0/0","0/0","0/0","0/0","0/0","0/0","0/0","0/0","0/0","0/0","0/0","0/0","0/0","0/0","0/0","0/0","0/0","0/0","0/0","0/0","0/0","0/0","0/0","0/0","0/0","0/0","0/0","0/0","0/0","0/0","0/0","0/0","0/0","0/0","0/0","0/0","0/0","0/2","0/0","0/0","0/0","0/0","0/0","0/0","0/1","0/0","0/0","0/0","0/0","0/0","0/0","0/0","0/0","0/0","0/0","0/0","0/0","0/0","0/0","0/0","0/0","0/0","0/0","0/0","0/0","0/0"
"chr9:35906583_TCCA/T_HRCT1","1/1","1/1","1/1","0/0","0/1","0/1","0/1","0/1","0/0","0/1","0/2","0/0","0/2","1/1","1/3","0/3","0/2","0/1","0/0","0/1","0/1","0/3","1/2","0/2","0/0","1/2","2/3","0/1","0/0","0/0","0/0","0/0","0/0","0/0","0/2","0/0","0/2","0/0","0/1","0/0","0/0","3/3","0/0","2/4","0/0","0/3","0/0",".","0/3","0/3","0/0","0/1","1/1","0/0","0/0","0/1","0/1","0/3","0/0","0/1","0/0","0/0","0/0","0/1","0/1","0/0","0/0","0/2","0/2","0/0","0/0","1/3","1/3","0/0","0/0","0/0","0/0","0/2","0/2","0/0","0/1","0/0","0/0","0/0","0/1","0/0","0/1","0/0","1/3","1/3","0/0","0/1","0/1","0/2","0/0","0/0","0/0","0/1","0/3","0/3","0/1","0/2","0/0","0/1","0/1","0/0","0/0","1/1","1/1","0/2","0/1","0/0","0/0","0/2","0/0","0/0","0/0","0/1","0/0","0/1","0/0","0/0","0/0","0/1","0/0","0/0",".","2/2","0/2","0/2","0/2","0/0","0/0","0/0","0/0","0/1","0/0","0/1","0/0","0/0","0/0","0/0","0/0","0/0","0/0","0/0","0/0","0/1","0/0","0/0","0/0","0/0","0/0"
"chr9:35906586_A/ACCACCACCACCACCCCCACCGCCACCATCCCCGCCACACCCCTCACCACCT_HRCT1","3/3","3/3","3/3","0/0","0/3","0/3","0/3","0/3","0/0","0/3","0/0","0/0","0/0","3/3","0/3","0/0",".","0/1","0/0","0/3","0/3","0/0","0/3","0/0","0/0","0/3","0/0","0/3","0/0","0/0","0/0","0/0","0/0","0/0","0/0","0/2","0/0","0/0","0/3","0/0","0/0","0/0","0/0","0/0",".","0/0","0/0","0/2","0/0","0/0","0/0","0/2","3/3","0/0","0/0","0/3","0/3","0/0","0/0","0/3","0/0","0/0","0/0","0/3","0/3","0/0","0/0","0/0","0/0","0/0","0/0","3/3","3/3","0/0","0/0","0/2","0/0","0/0","0/0","0/0","0/3","2/2","0/0","0/0","0/3","0/0","0/3","0/0","3/3","0/3","0/0","0/3","0/3","0/0","0/0",".","0/2","0/3","0/0","0/0","0/3","0/0","0/2","0/3","0/3","0/0","0/0","3/3","3/3","0/0","0/3","0/0","0/2","0/0","0/0","0/0","0/0","0/3","0/0","0/3","0/0","0/0","0/0","0/3","0/0","0/0",".","0/0","0/0","0/0","0/0","0/0","0/0","0/2","0/0","0/3","0/2","0/3","0/0","0/0","0/0","0/0","0/0","0/0","0/0","0/0","0/0","0/3","0/0","0/0","0/0","0/0","0/0"
"chr9:35906601_C/A_HRCT1","0/0","0/0","0/0","0/0","0/0","0/0","0/0","0/0","0/0","0/0","0/0","0/0","0/0","0/0","0/0","0/0","0/0","0/0","0/0","0/0","0/0","0/0","0/0","0/0","0/0","0/0","0/0","0/1","0/0","0/0","0/1","0/0","0/0","0/0","0/1","0/0","0/0","0/0","0/0","0/1","0/0","0/0","0/0","0/0","0/0","0/0","0/0","0/0","0/0","0/0","0/2","0/0","0/0","0/0","0/0","0/0","0/0","0/0","0/0","0/0","0/0","0/0","0/0","0/0","0/0","0/0","0/0","0/0","0/0","0/0","0/0","0/0","0/0","0/0","0/0","0/0","0/0","0/0","0/0","0/0","0/0","0/0","0/2","0/0","0/0","0/0","0/0","0/0","0/0","0/0","0/0","0/0","0/0","0/0","0/0","0/0","0/0","0/0","0/0","0/0","0/1","0/0","0/0","0/0","0/0","0/0","0/0","0/0","0/0","0/0","0/0","0/0","0/0","0/0","0/1","0/0","0/0","0/0","0/0","0/0","0/0","0/0","0/1","0/0","0/0","0/0","0/0","0/0","0/0","0/0","0/0","0/0","0/0","0/0","0/0","0/0","0/0","0/1","0/0","0/0","0/0","0/0","0/0","0/0","0/0","0/0","0/0","0/0","0/0","0/0","0/0","0/0","0/0"
"chr9:35906622_A/ACACCCCTCACCACCTCCACCACCACCACCCCCAC_HRCT1","0/0","0/0","0/0","0/0","0/0","0/0","0/0","0/0","0/0","0/0","0/0","0/0","0/0","0/0","0/0","0/0","0/0","0/0","0/0","0/0","0/0","0/0","0/0","0/0","0/0","0/0","0/0","0/0","0/0","0/0","0/0","0/0","0/0","0/0","0/0","0/0","0/0","0/0","0/0","0/1","0/0","0/0","0/0","0/0","0/0","0/0","0/0","0/0","0/0","0/0","0/0","0/0","0/0","0/0","0/0","0/0","0/0","0/0","0/0","0/0","0/1","0/0","0/0","0/0","0/0","0/0","0/0","0/0","0/0","0/0","0/0","0/0","0/0","0/0","0/0","0/0","0/0","0/0","0/0","0/0","0/0","0/0","0/0","0/0","0/0","0/0","0/0","0/0","0/0","0/0","0/0","0/0","0/0","0/0","0/0","0/0","0/0","0/0","0/0","0/0","0/0","0/0","0/0","0/0","0/0","0/0","0/0","0/0","0/0","0/0","0/0","0/0","0/0","0/1","0/0","0/0","0/0","0/0","0/0","0/0","0/0","0/0","0/0","0/0","0/0","0/0","0/0","0/0","0/0","0/0","0/0","0/0","0/0","0/0","0/0","0/2","0/0","0/0","0/0","0/0","0/0","0/0","0/0","0/0","0/0","0/0","0/0","0/0","0/0","0/0","0/0","0/0","0/0"
"chr9:35906623_CG/C_HRCT1","0/0","0/0","0/0","0/0","0/0","0/0","0/0","0/0","0/0","0/0","0/0","0/0","0/0","0/0","0/0","0/0","0/0","0/0","0/0","0/0","0/0","0/0","0/0","0/0","0/0","0/0","0/0","0/0","0/0","0/0","0/0","0/0","0/0","0/0","0/0","0/0","0/0","0/0","0/0","0/0","0/0","0/0","0/0","0/0","0/0","0/0","0/0","0/0","0/0","0/0","0/0","0/0","0/0","0/0","0/0","0/0","0/0","0/0","0/0","0/0","0/0","0/0","0/0","0/0","0/0","0/0","0/0","0/0","0/0","0/0","0/0","0/0","0/0","0/0","0/0","0/0","0/0","0/0","0/0","0/0","0/0","0/0","0/0","0/0","0/0","0/0","0/0","0/0","0/0","0/0","0/0","0/0","0/0","0/0","0/0","0/0","0/0","0/0","0/0","0/0","0/1","0/0","0/0","0/0","0/0","0/0","0/0","0/0","0/0","0/0","0/0","0/0","0/0","0/0","0/0","0/0","0/0","0/0","0/0","0/0","0/0","0/0","0/0","0/0","0/0","0/0","0/0","0/0","0/0","0/0","0/0","0/0","0/0","0/0","0/0","0/0","0/0","0/0","0/0","0/0","0/0","0/0","0/0","0/0","0/0","0/0","0/0","0/0","0/0","0/0","0/0","0/0","0/0"
"chr9:35906624_G/A_HRCT1","0/0","0/0","0/0","0/0","0/0","0/0","0/1","0/1","0/0","1/1","0/0","0/0","0/0","0/0","0/0","0/0","0/0","0/0","0/0","0/0","0/0","0/0","0/0","0/0","0/0","0/0","0/0","0/0","0/0","0/0","0/0","0/0","0/0","0/0","0/0","0/0","0/0","0/0","0/0","0/2","0/0","0/0","0/1","0/0","0/0","0/0","0/0","0/0","0/0","0/0","0/0","0/1","0/1","0/0","0/0","0/0","0/1","0/0","0/0","0/1","0/2","0/0","0/0","0/0","0/0","0/0","0/0","0/0","0/0","0/0","0/0","0/1","0/1","0/0","0/0","0/1","0/1","0/0","0/0","0/0","0/0","0/0","0/0","0/1","0/1","0/0","0/0","0/1","0/0","0/0","0/0","0/0","0/0","0/0","0/0","0/0","0/1","0/0","0/0","0/0","0/1","0/0","0/1","0/1","0/1","0/0","0/0","0/0","0/0","0/0","0/0","0/0","0/0","0/2","0/0",".","1/1","0/0","0/0","0/0","0/0","0/0",".","0/0","0/0","0/0","0/1","0/0","0/0","0/0","0/0","0/0",".","0/0","0/0","0/3","0/0","0/0","0/0","0/0","0/0","0/0","0/0","0/0","0/0","0/0","0/0","0/0","0/0","0/0","0/0","0/0","0/0"
"chr9:35906625_CT/C_HRCT1","0/0","0/0","0/0","0/0","0/0","0/0","0/0","0/0","0/0","0/0","0/0","0/0","0/0","0/0","0/0","0/0","0/0","0/0","0/0","0/0","0/0","0/0","0/0","0/0","0/0","0/0","0/0","0/0","0/0","0/0","0/0","0/0","0/0","0/0","0/0","0/0","0/0","0/0","0/0","0/0","0/0","0/0","0/0","0/0","0/0","0/0","0/0","0/0","0/0","0/0","0/0","0/0","0/0","0/0","0/0","0/0","0/0","0/0","0/0","0/1","0/0","0/0","0/0","0/0","0/0","0/0","0/0","0/0","0/0","0/0","0/0","0/0","0/0","0/0","0/0","0/0","0/0","0/0","0/0","0/0","0/0","0/0","0/0","0/0","0/0","0/0","0/0","0/0","0/0","0/0","0/0","0/0","0/0","0/0","0/0","0/0","0/0","0/0","0/0","0/0","0/0","0/0","0/0","0/0","0/0","0/0","0/0","0/0","0/0","0/0","0/0","0/0","0/0","0/0","0/0","0/0",".","0/0","0/0","0/0","0/0","0/0","0/0","0/0","0/0","0/0","0/0","0/0","0/0","0/0","0/0","0/0","0/0","0/0","0/0","0/0","0/0","0/0","0/0","0/0","0/0","0/0","0/0","0/0","0/0","0/0","0/0","0/0","0/0","0/0","0/0","0/0","0/0"
"chr9:37692658_GT/G_FRMPD1","0/0","0/0","0/0","0/0","0/0","0/0","0/0","0/0","0/0","0/0","0/0","0/0","0/0","0/0","0/0","0/0","0/0","0/0","0/0","0/0","0/0","0/0","0/0","0/0","0/1","0/0","0/0","0/0","0/0","0/0","0/0","0/0","0/0","0/0","0/0","0/0","0/0","0/0","0/0","0/0","0/0","0/0","0/0","0/0","0/0","0/0","0/0","0/0","0/0","0/0","0/0","0/0","0/0","0/0","0/0","0/0","0/0","0/0","0/0","0/0","0/0","0/0","0/0","0/0","0/0","0/0","0/0","0/0","0/0","0/0","0/0","0/0","0/0","0/0","0/0","0/0","0/0","0/0","0/0","0/0","0/0","0/0","0/0","0/0","0/0","0/0","0/0","0/0","0/0","0/0","0/0","0/0","0/0","0/0","0/0","0/0","0/0","0/0","0/0","0/0","0/0","0/0","0/0","0/0","0/0","0/0","0/0","0/0","0/0","0/0","0/0","0/0","0/0","0/0","0/0","0/0","0/0","0/0","0/0","0/0","0/0","0/0","0/0","0/0","0/0","0/0","0/0","0/0","0/0","0/0","0/0","0/0","0/0","0/0","0/0","0/0","0/0","0/0","0/0","0/0","0/0","0/0","0/0","0/0","0/0","0/0","0/0","0/0","0/0","0/0","0/0","0/0","0/0"
"chr9:37746347_TG/T_FRMPD1","0/0","0/0","0/0","0/0","0/0","0/0","0/0","0/0","0/0","0/0","0/0","0/0","0/0","0/0","0/0","0/0","0/0","0/0","0/0","0/0","0/0","0/0","0/0","0/0","0/0","0/0","0/0","0/0","0/0","0/0","0/0","0/0","0/0","0/0","0/0","0/0","0/1","0/0","0/0","0/0","0/0","0/0","0/0","0/0","0/0","0/0","0/0","0/0","0/0","0/0","0/0","0/0","0/0","0/0","0/0","0/0","0/0","0/0","0/0","0/0","0/0","0/0","0/0","0/0","0/0","0/0","0/0","0/0","0/0","0/0","0/0","0/0","0/0","0/0","0/0","0/0","0/0","0/0","0/0","0/0","0/0","0/0","0/0","0/0","0/0","0/0","0/0","0/0","0/0","0/0","0/0","0/0","0/0","0/0","0/0","0/0","0/0","0/0","0/0","0/0","0/0","0/0","0/0","0/0","0/0","0/0","0/0","0/0","0/0","0/0","0/0","0/0","0/0","0/0","0/0","0/0","0/0","0/0","0/0","0/0","0/0","0/0","0/0","0/0","0/0","0/0","0/0","0/0","0/0","0/0","0/0","0/0","0/0","0/0","0/0","0/0","0/0","0/0","0/0","0/0","0/0","0/0","0/0","0/0","0/0","0/0","0/0","0/0","0/0","0/0","0/0","0/0","0/0"
"chr9:40784154_TCTC/T_ZNF658","0/0","0/0","0/0","0/0","0/0","0/0","0/0","0/0","0/0","0/0","0/0","0/0","0/0","0/0","0/0","0/0","0/1","0/0","0/1","0/0","0/0","0/1","0/0","0/0","0/0","0/0","0/0","0/0","0/1","0/0","0/0","0/0","0/0","0/0","0/0","0/1","0/0","0/0","0/1","0/0","0/1","0/0","0/1","0/0","0/1","0/0","0/0","0/0","0/0","0/0","0/0","0/0","0/1","0/0","0/0","0/0","0/0","0/0","0/0","0/1","0/1","0/0","0/1","0/0","0/0","0/0","0/1","0/0","0/0","0/1","0/0","0/0","0/0","0/0","0/0","0/0","0/0","0/0","0/0","0/1","0/1","0/1","0/0","0/0","0/0","0/0","0/0","0/1","0/0","0/0","0/1","0/0","0/0","0/0","0/0","0/1","0/1","0/0","0/0","0/0","0/1","0/1","0/1","0/0","0/0","0/0","0/0","0/1","0/1","0/1","0/0","0/1","0/1","0/0","0/1","0/0","0/0","0/0","0/0","0/0","0/0","0/0","0/0","0/0","0/1","0/1","0/0","0/0","0/0","0/0","0/0","0/0","0/0","0/1","0/0","0/0","0/1","0/1","0/0","0/0","0/0","0/0","0/0","0/0","0/0","0/0","0/0","0/0","0/0","0/0","0/0","0/0","0/0"
"chr9:43844264_CG/C_CNTNAP3B","1/1","0/0","0/1",".","0/1","0/0","0/1","0/1",".","0/0","0/0","0/0","0/0","0/0","0/0","0/0","0/0",".",".","0/0","0/0","0/0","0/0","0/0",".","0/0",".",".",".","0/0","1/1","0/0","0/0","0/0","0/0",".",".",".","0/0","0/0","0/0","0/0","0/1",".","1/1","0/0",".","0/0","0/0","0/0","0/0","0/0","1/1",".","0/0","0/0","0/0","0/0",".",".","0/0",".","0/0",".",".",".","0/0","0/0","0/0",".","1/1",".","0/0","0/0","0/0","0/0","0/0",".","0/1","0/0","0/1",".","0/0","0/0","0/0","0/0","0/0","0/0","1/1",".","1/1",".",".",".",".",".",".","0/0",".",".",".",".",".",".","0/0","0/0","0/0","0/0","0/0",".","0/0","0/0","0/0","0/0","0/0",".",".","0/0","0/1","0/0","0/0","0/0","0/0",".","0/0","0/1","0/0","0/0",".","0/0","0/0","0/0","0/0","0/0","0/0",".","0/0","0/0",".",".","0/0","0/0","0/0","0/0","0/0","0/0",".",".",".","0/0","0/0","0/0","0/0"
"chr9:72459490_T/TA_C9orf135","0/0","0/0","0/0","0/0","0/0","0/0","0/0","0/0","0/0","0/0","0/0","0/0","0/0","0/0","0/0","0/0","0/0","0/0","0/0","0/0","0/0","0/0","0/0","0/0","0/0","0/0","0/0","0/0","0/0","0/0","0/0","0/0","0/0","0/0","0/0","0/0","0/1","0/0","0/0","0/0","0/0","0/0","0/0","0/0","0/0","0/0","0/0","0/0","0/0","0/0","0/0","0/0","0/0","0/0","0/0","0/0","0/0","0/0","0/0","0/0","0/0","0/0","0/0","0/0","0/0","0/0","0/0","0/0","0/0","0/0","0/0","0/0","0/0","0/0","0/0","0/0","0/0","0/0","0/0","0/0","0/0","0/0","0/0","0/0","0/0","0/0","0/0","0/0","0/0","0/0","0/0","0/0","0/0","0/0","0/0","0/0","0/0","0/0","0/0","0/0","0/0","0/0","0/0","0/0","0/0","0/0","0/0","0/0","0/0","0/0","0/0","0/0","0/0","0/0","0/0","0/0","0/0","0/0","0/0","0/0","0/0","0/0","0/0","0/0","0/0","0/0","0/0","0/0","0/0","0/0","0/0","0/0","0/0","0/0","0/0","0/0","0/0","0/0","0/0","0/0","0/0","0/0","0/0","0/0","0/0","0/0","0/0","0/0","0/0","0/0","0/0","0/0","0/0"
"chr9:72755128_TAAA/T_MAMDC2","0/1","0/1","0/1","0/0","1/1","1/1","0/1","0/1","0/0","0/1","0/0","0/0","0/0","0/0","0/0","0/0","0/1","0/0","0/1","0/0","0/0","0/1","0/0","0/0","0/0","0/0","0/1","0/0","0/0","0/0","0/0","0/0","0/0","0/0","0/0","1/1","0/1","0/0","0/1","0/1","0/0","0/1","0/0","0/0","0/1","0/1","0/0","0/0","0/1","0/0","0/0","0/0","0/0","0/0","0/0","0/0","1/1","0/1","1/1","0/0","0/0","0/0","0/0","0/0","0/0","0/0","0/0","0/0","0/0","0/0","0/0","1/1","1/1","0/0","0/0","0/1","0/1","0/0","0/0","1/1","1/1","0/0","0/0","0/1","0/1","0/0","0/0","0/1","0/0","0/0","0/0","0/1","0/1","0/0","0/0","0/0","0/1","0/1","0/0","0/0","0/0","0/1","0/0","0/1","0/1","0/0","0/0","0/1","0/1","0/1","0/0","0/1","0/1","0/0","0/0","0/0","0/0","0/1","0/0","0/1","0/0","0/0","0/0","0/1","0/0","0/0","0/0","0/0","0/0","0/0","0/0","0/1","0/0","0/0","0/0","0/0","0/0","0/0","0/1","0/1","0/1","0/1","0/1","0/0","0/0","0/0","0/0","0/0","0/0","0/0","0/0","0/0","0/0"
"chr9:75545798_C/CAGCAGCAGACG_ALDH1A1","0/0","0/0","0/0","0/0","0/0","0/0","0/0","0/0","0/0","0/0","0/0","0/0","0/0","0/0","0/0","0/0","0/0","0/0","0/0","0/0","0/0","0/0","0/0","0/0","0/0","0/0","0/0","0/0","0/0","0/0","0/0","0/0","0/0","0/0","0/0","0/0","0/0","0/0","0/0","0/0","0/0","0/0","0/0","0/0","0/0","0/0","0/0","0/0","0/0","0/0","0/0","0/0","0/0","0/0","0/0","0/0","0/0","0/0","0/0","0/0","0/0","0/0","0/0","0/0","0/0","0/0","0/0","0/0","0/0","0/0","0/0","0/0","0/0","0/0","0/0","0/0","0/0","0/0","0/0","0/0","0/0","0/0","0/0","0/0","0/0","0/1","0/0","0/0","0/0","0/0","0/0","0/0","0/0","0/0","0/0","0/0","0/0","0/0","0/0","0/0","0/0","0/0","0/0","0/0","0/0","0/0","0/0","0/0","0/0","0/0","0/0","0/0","0/0","0/0","0/0","0/0","0/0","0/0","0/0","0/0","0/0","0/0","0/0","0/0","0/0","0/0","0/0","0/0","0/0","0/0","0/0","0/0","0/0","0/0","0/0","0/0","0/0","0/0","0/0","0/0","0/0","0/0","0/0","0/0","0/0","0/0","0/0","0/0","0/0","0/0","0/0","0/0","0/0"
"chr9:79318375_GGTGACAGCCTGCAAC/G_PRUNE2","1/1","1/1","1/1","1/1","1/1","1/1","1/1","1/1","1/1","1/1","1/1","1/1","1/1","1/1","1/1","1/1","1/1","1/1","1/1","1/1","1/1","1/1","1/1","1/1","1/1","1/1","1/1","1/1","1/1","1/1","1/1","1/1","1/1","1/1","1/1","1/1","1/1","1/1","1/1","1/1","1/1","1/1","1/1","1/1","1/1","1/1","1/1","1/1","1/1","1/1","1/1","1/1","0/1","0/1","1/1","1/1","1/1","1/1","1/1","1/1","1/1","0/1","1/1","1/1","1/1","1/1","1/1","1/1","1/1","1/1","1/1","1/1","1/1","0/1","0/1","1/1","1/1","1/1","1/1","1/1","1/1","1/1","1/1","1/1","1/1","1/1","1/1","1/1","1/1","1/1","1/1","1/1","1/1","1/1","1/1","1/1","1/1","1/1","1/1","1/1","1/1","1/1","1/1","1/1","1/1","1/1","1/1","1/1","1/1","1/1","1/1","1/1","1/1","1/1","1/1","1/1","1/1","1/1","1/1","1/1","1/1","1/1","1/1","1/1","1/1","1/1","1/1","1/1","1/1","1/1","1/1","1/1","1/1","1/1","1/1","1/1","1/1","1/1","1/1","1/1","1/1","1/1","1/1","1/1","1/1","1/1","1/1","1/1","1/1","1/1","1/1","1/1","1/1"
"chr9:79324135_A/ATGACTGTTGCAG_PRUNE2","1/1","1/1","1/1","0/1","0/1","0/1","0/1","0/1","0/1","0/0","0/1","0/0","0/0","0/0","0/0","1/1","1/1","1/1","0/1","1/1","0/0","0/1","0/0","0/1","1/1","0/0","0/0","0/1","0/1","0/1","0/1","0/0","0/1","0/1","0/0","0/1","1/1","0/0","0/1","0/1","0/0","0/1","0/1","1/1","0/1","0/1","0/0","0/1","0/0","0/0","0/0","0/1","0/0","0/1","0/1","0/1","1/1","0/0","0/1","0/0","0/1","0/0","0/1","0/0","0/0","0/1","0/1","0/1","0/1","0/1","0/1","1/1","1/1","0/1","0/1","1/1","1/1","0/1","0/1","0/0","0/0","0/0","0/0","0/1","0/1","0/0","0/0","0/1","0/0","0/0","0/1","0/0","0/0","0/1","0/1","0/1","0/1","1/1","0/1","0/1","0/1","0/0","0/1","1/1","1/1","0/1","0/1","0/1","0/1","0/0","0/1","0/0","0/0","0/1","0/0","0/1","0/1","0/0","1/1","0/0","1/1","1/1","0/1","0/0","0/0","0/0","0/1","0/1","0/1","0/1","0/1","0/1","0/1","0/1","0/1","0/1","0/1","0/1","0/1","0/1","0/1","0/1","0/1","0/1","0/1","0/1","1/1","1/1","1/1","0/0","0/0","0/0","0/0"
"chr9:79999547_GTGA/G_VPS13A","0/0","0/0","0/0","0/0","0/0","0/0","0/0","0/0","0/0","0/0","0/0","0/0","0/0","0/0","0/0","0/0","0/0","0/0","0/0","0/0","0/0","0/0","0/0","0/0","0/0","0/0","0/0","0/0","0/0","0/0","0/0","0/0","0/0","0/0","0/0","0/0","0/1","0/0","0/0","0/0","0/0","0/0","0/0","0/0","0/0","0/0","0/0","0/0","0/0","0/0","0/0","0/0","0/0","0/0","0/0","0/0","0/0","0/0","0/0","0/0","0/0","0/0","0/0","0/2","0/2","0/0","0/0","0/0","0/0","0/0","0/0","0/0","0/0","0/0","0/0","0/0","0/0","0/0","0/0","0/0","0/0","0/0","0/0","0/0","0/0","0/0","0/0","0/0","0/0","0/0","0/0","0/0","0/0","0/0","0/0","0/0","0/0","0/0","0/0","0/0","0/0","0/0","0/0","0/0","0/0","0/0","0/0","0/0","0/0","0/0","0/0","0/0","0/0","0/0","0/0","0/2","0/2","0/0","0/0","0/0","0/0","0/0","0/2","0/0","0/0","0/0","0/0","0/0","0/0","0/0","0/0","0/0","0/0","0/0","0/0","0/0","0/0","0/0","0/0","0/0","0/0","0/0","0/0","0/2","0/2","0/2","0/0","0/0","0/0","0/0","0/0","0/0","0/0"
"chr9:86395303_C/CTTA_GKAP1","0/0","0/0","0/0","0/0","0/0","0/0","0/0","0/0","0/0","0/0","0/0","0/0","0/0","0/0","0/0","0/0","0/1","0/0","0/0","0/0","0/0","0/0","0/0","0/0","0/0","0/0","0/0","0/0","0/0","0/0","0/0","0/0","0/0","0/0","0/0","0/0","0/0","0/0","0/0","0/0","0/0","0/0","0/0","0/0","0/0","0/0","0/0","0/1","0/1","0/0","0/0","0/0","0/0","0/0","0/0","0/0","0/0","0/0","0/0","0/0","0/0","0/0","0/0","0/0","0/0","0/0","0/0","0/0","0/0","0/0","0/0","0/0","0/0","0/0","0/0","0/0","0/0","0/0","0/0","0/0","0/0","0/0","0/0","0/0","0/0","0/0","0/0","0/0","0/0","0/0","0/0","0/0","0/0","0/0","0/0","0/0","0/0","0/0","0/0","0/0","0/0","0/0","0/0","0/0","0/0","0/0","0/0","0/0","0/0","0/0","0/0","0/1","0/1","0/0","0/0","0/0","0/0","0/0","0/0","0/0","0/0","0/0","0/0","0/0","0/0","0/0","0/0","0/0","0/0","0/0","0/0","0/0","0/0","0/0","0/0","0/0","0/0","0/0","0/0","0/0","0/0","0/0","0/0","0/0","0/0","0/0","0/0","0/0","0/0","0/0","0/0","0/0","0/0"
"chr9:86588198_TACCTCTCGAAGTTCTTTGA/T_HNRNPK","0/0","0/0","0/0","0/1","0/0","0/0","0/0","0/0","0/0","0/0","0/0","0/0","0/0","0/0","0/0","0/0","0/0","0/0","0/0","0/0","0/0","0/0","0/0","0/0","0/0",".","0/0","0/0","0/0","0/0","0/0","0/0","0/0","0/0","0/0","0/0","0/0","0/0","0/0","0/0","0/0","0/0","0/0","0/0","0/0","0/0","0/0","0/0","0/0","0/0","0/0","0/0","0/0","0/0","0/0","0/0","0/0","0/0","0/0","0/0","0/0","0/0","0/0","0/0","0/0","0/0","0/0","0/0","0/0","0/0","0/0","0/0","0/0","0/0","0/0","0/0","0/0","0/0","0/0","0/0","0/0","0/0","0/0","0/0","0/0","0/0","0/0","0/0","0/0","0/0","0/0","0/0","0/0","0/0","0/0","0/0","0/0","0/0","0/0","0/0","0/0","0/0","0/0","0/1","0/0","0/0","0/0","0/0","0/0","0/0","0/0","0/0","0/0","0/0","0/0","0/0","0/0","0/0","0/0","0/0","0/0","0/0","0/0","0/0","0/0","0/0","0/0","0/0","0/0","0/0","0/0",".","0/0","0/0","0/0","0/0","0/0","0/0","0/0","0/0","0/0","0/0","0/0","0/1","0/0","0/0","0/0","0/1","0/0","0/0","0/0","0/0","0/0"
"chr9:87285808_TCTC/T_NTRK2","0/0","0/0","0/0","0/0","0/0","0/0","0/0","0/0","0/0","0/0","0/0","0/0","0/0","0/0","0/0","0/0","0/0","0/0","0/0","0/0","0/0","0/0","0/0","0/0","0/0","0/0","0/0","0/0","0/0","0/0","0/0","0/0","0/0","0/0","0/0","0/0","0/0","0/0","0/0","0/0","0/0","0/0","0/0","0/0","0/0","0/0","0/0","0/0","0/0","0/0","0/0","0/0","0/0","0/0","0/0","0/0","0/0","0/0","0/0","0/0","0/0","0/0","0/0","0/0","0/0","0/0","0/0","0/0","0/0","0/0","0/0","0/0","0/0","0/0","0/0","0/0","0/0","0/0","0/0","0/0","0/0","0/0","0/0","0/0","0/0","0/0","0/0","0/0","0/0","0/0","0/0","0/0","0/0","0/0","0/0","0/0","0/0","0/0","0/0","0/0","0/0","0/0","0/0","0/0","0/0","0/0","0/0","0/0","0/0","0/0","0/0","0/0","0/0","0/0","0/0","0/0","0/0","0/0","0/0","0/0","0/0","0/0","0/0","0/0","0/0","0/1","0/0","0/0","0/0","0/0","0/0","0/0","0/0","0/0","0/0","0/0","0/0","0/0","0/0","0/0","0/0","0/0","0/0","0/0","0/0","0/0","0/0","0/0","0/0","0/0","0/0","0/0","0/0"
"chr9:88356812_C/CGAGGCG_AGTPBP1","0/0","0/0","0/0","0/0","0/0",".","0/0","0/0","0/0","0/0","0/0","0/0","0/0",".","0/0","0/0","0/0","0/0","0/0","0/0","0/0","0/0","0/0","0/0","0/0","0/0","0/0","0/0","0/0","0/0","0/0","0/0","0/0",".","0/0","0/1","0/0","0/0","0/0","0/0","0/0","0/0","0/0","0/0","0/0","0/0","0/0","0/0","0/0","0/0","0/0","0/0","0/0","0/0","0/0","0/0","0/0","0/0","0/0","0/0","0/0","0/0","0/0","0/0","0/0","0/0","0/0","0/0","0/0","0/0","0/0","0/0","0/0","0/0","0/0","0/0","0/0","0/0","0/0","0/0","0/0","0/0","0/0","0/0","0/0","0/0","0/0","0/0","0/0","0/0","0/0","0/0","0/0","0/0","0/0","0/0","0/0","0/0","0/0","0/0","0/0","0/0","0/0","0/0","0/0","0/0","0/0","0/0","0/0","0/0","0/0","0/0","0/0","0/0","0/0",".","0/0","0/0","0/0","0/0","0/0","0/0","0/0","0/0","0/0","0/0","0/0","0/0","0/0","0/0","0/0","0/0","0/0","0/0","0/0","0/0","0/0","0/0","0/0","0/0","0/0","0/0","0/0","0/0","0/0","0/0","0/0","0/0","0/0","0/0","0/0","0/0","0/0"
"chr9:88356836_A/AGCTGCGGCGGCGGCTGCGGCGGCGGCAGCTGCGGCGGCG_AGTPBP1","0/0","0/0","0/0","0/0","0/0","0/0","0/0","0/0","0/0","0/0","0/0","0/0","0/0",".","0/0","0/0","0/0","0/0","0/0","0/0","0/0","0/0","0/0","0/0","0/0","0/0","0/0","0/0","0/0","0/0","0/0","0/0","0/0",".","0/0","0/0","0/0","0/0","0/0","0/0","0/0","0/0",".","0/0","0/0","0/0","0/0",".","0/0","0/0","0/0","0/0","0/0","0/0","0/0","0/0","0/0","0/0","0/0","0/0","0/0","0/0","0/0","0/0","0/0","0/0","0/0","0/0","0/0","0/0","0/0","0/0","0/0","0/0","0/0","0/0","0/0","0/0","0/0","0/0","0/0","0/0","0/0","0/0","0/0","0/0","0/0","0/0","0/0","0/0","0/0","0/0","0/0","0/0","0/0","0/0","0/0","0/0","0/0","0/0","0/0","0/0","0/0","0/0","0/0","0/0","0/0","0/0","0/0","0/0","1/1","0/0","0/0","0/0","0/0","0/0","0/0","0/0","0/0","0/0","0/0","0/0","0/0","0/0","0/0","0/0","0/0","0/0","0/0","0/0","0/0","0/0","0/0","0/0","0/0","0/0","0/0","0/0","0/0","0/0","0/0","0/0","0/0","0/0","0/0","0/0","0/0","0/0","0/0","0/0","0/0","0/0","0/0"
"chr9:88937851_ATTT/A_ZCCHC6","1/1","1/1","1/1","0/0","0/0","0/0","0/1","0/1","0/1","0/1","1/1","0/1","0/1","1/1","0/0","0/1","0/1","0/1","0/0","1/1","0/0","0/1","1/1","0/1","1/1","0/1","0/1","0/0","0/0","1/1","0/0","0/1","0/1","0/0","0/1","0/0","1/1","0/0","0/1","0/1","0/1","0/1","0/1","0/1","0/0","1/1","0/1","0/1","0/0","0/1","0/1","0/1","1/1","0/1","0/1","0/0","0/1","0/0","0/1","0/0","0/0","1/1","0/1","0/1","0/1","1/1","1/1","0/1","0/1","1/1","1/1","1/1","1/1","0/1","0/1","0/0","0/0","0/1","0/1","0/0","0/0","1/1","0/1","0/1","0/1","1/1","1/1","0/1","0/1","0/1","0/0","0/1","0/1","0/1","0/1","0/0","0/1","1/1","0/0","0/0","0/1","1/1","0/1","0/1","0/1","0/1","0/1","1/1","1/1","1/1","0/0","0/0","0/0","1/1","0/1","0/1","0/1","0/1","0/0","0/1","0/0","0/0","0/1","0/1","0/1","0/1","1/1","1/1","0/1","0/1","0/1","0/1","1/1","0/0","1/1","1/1","0/0","0/0","0/0","0/1","0/0","0/1","0/1","0/0","0/0","0/0","0/0","0/0","0/0","0/1","0/1","0/1","0/1"
"chr9:88967919_TG/T_ZCCHC6","0/0","0/0","0/0","0/0","0/0","0/0","0/0","0/0","0/0","0/0","0/0","0/0","0/0","0/0","0/0","0/0","0/0","0/0","0/0","0/0","0/0","0/0","0/0","0/0","0/0","0/0","0/0","0/0","0/0","0/0","0/0","0/0","0/0","0/0","0/0","0/0","0/1","0/0","0/0","0/0","0/0","0/0","0/0","0/0","0/0","0/0","0/0","0/0","0/0","0/0","0/0","0/0","0/0","0/0","0/0","0/0","0/0","0/0","0/0","0/0","0/0","0/0","0/0","0/0","0/0","0/0","0/0","0/0","0/0","0/0","0/0","0/0","0/0","0/0","0/0","0/0","0/0","0/0","0/0","0/0","0/0","0/0","0/0","0/0","0/0","0/0","0/0","0/0","0/0","0/0","0/0","0/0","0/0","0/0","0/0","0/0","0/0","0/0","0/0","0/0","0/0","0/0","0/0","0/0","0/0","0/0","0/0","0/0","0/0","0/0","0/0","0/0","0/0","0/0","0/0","0/0","0/0","0/0","0/0","0/0","0/0","0/0","0/0","0/0","0/0","0/0","0/0","0/0","0/0","0/0","0/0","0/0","0/0","0/0","0/0","0/0","0/0","0/0","0/0","0/0","0/0","0/0","0/0","0/0","0/0","0/0","0/0","0/0","0/0","0/0","0/0","0/0","0/0"
"chr9:89561209_C/CCCGCCCGCGCCGGGG_GAS1","0/0","0/0","0/0","0/0","0/0","0/0","0/0","0/0","0/0","0/0","0/0","0/0","0/0","0/0","0/0","0/0","0/0","0/0","0/0","0/0","0/0","0/0","0/0","0/0","0/0","0/0","0/0","0/0","0/0","0/0","0/0","0/0","0/0","0/0","0/0","0/0","0/0","0/0","0/0","0/0","0/0","0/0","0/0","0/0","0/0","0/0","0/0","0/0","0/0","0/0","0/0","0/0","0/0","0/0","0/1","0/0","0/0","0/0","0/0","0/0","0/0","0/0","0/0","0/1","0/1","0/0","0/0","0/0","0/0","0/0","0/0","0/0","0/0","0/0","0/0","0/0","0/0","0/0","0/0","0/0","0/0","0/0","0/0","0/0","0/0","0/0","0/0","0/0","0/0","0/0","0/0","0/0","0/0","0/0","0/0","0/0","0/0","0/0","0/0","0/0","0/0","0/0","0/0","0/0","0/0","0/0","0/0","0/0","0/0","0/0","0/0","0/0","0/0","0/0","0/0","0/0","0/0","0/0","0/0","0/0","0/0","0/0","0/0","0/0","0/0","0/0","0/0","0/0","0/0","0/0","0/0","0/0","0/0","0/0","0/0","0/0","0/0","0/0","0/0","0/0","0/0","0/0","0/0","0/0","0/0","0/0","0/0","0/0","0/0","0/0","0/0","0/0","0/0"
"chr9:90500997_CAA/C_SPATA31E1","0/0","0/0","0/0","0/0","0/0","0/0","0/0","0/0","0/0","0/0","0/0","0/0","0/0","0/0","0/0","0/0","0/0","0/0","0/0","0/0","0/0","0/0","0/0","0/0","0/0","0/0","0/0","0/0","0/0","0/0","0/0","0/0","0/0","0/0","0/0","0/0","0/0","0/0","0/0","0/0","0/0","0/0","0/0","0/0","0/0","0/0","0/0","0/0","0/0","0/0","0/0","0/0","0/0","0/0","0/0","0/0","0/0","0/0","0/0","0/0","0/0","0/0","0/0","0/0","0/0","0/0","0/0","0/0","0/0","0/0","0/0","0/0","0/0","0/0","0/0","0/0","0/0","0/0","0/0","0/0","0/0","0/0","0/0","0/0","0/0","0/0","0/0","0/0","0/0","0/0","0/0","0/0","0/0","0/0","0/0","0/0","0/0","0/0","0/0","0/0","0/0","0/0","0/0","0/0","0/0","0/0","0/0","0/0","0/0","0/0","0/0","0/0","0/0","0/0","0/0","0/1","0/1","0/0","0/0","0/0","0/0","0/0","0/1","0/0","0/0","0/0","0/0","0/0","0/0","0/0","0/0","0/0","0/0","0/0","0/0","0/0","0/0","0/0","0/0","0/0","0/0","0/0","0/0","0/0","0/0","0/0","0/0","0/0","0/0","0/0","0/0","0/0","0/0"
"chr9:91262343_A/ATGG_LOC286238","0/0","0/0","0/0","0/0","0/1","0/1","0/0","0/0","0/0","0/0","0/0","0/0","0/1","0/1","0/1","0/1","0/1","0/0","0/0","0/0","0/1","0/1","0/0","1/1","0/1","0/1","0/0","0/0","0/0","0/0","0/1","0/0","0/0","0/0","0/0","0/0","0/1","0/0","0/0","0/0","0/1","0/1","0/0","0/0","0/1","0/0","0/0","0/0","0/1","0/0","0/0","0/0","0/0","0/0","0/0","0/1","0/0","0/0","0/0","0/1","0/1","0/0","0/1","0/1","0/1","0/0","0/0","0/1","0/1","0/0","0/0","0/0","0/0","0/0","0/0","1/1","1/1","0/0","0/0","0/1","0/1","0/0","0/0","0/0","0/0","0/0","0/0","0/0","0/0","0/0","0/1","0/0","0/0","0/1","0/1","0/1","0/0","0/0","0/1","0/1","0/1","0/0","0/1","0/0","0/0","0/0","0/0","0/0","0/0","0/0","0/0","0/0","0/0","0/1","0/1","0/0","0/0","0/0","0/0","0/0","0/0","0/0","0/0","0/0","0/1","0/1","0/1","0/1","0/0","0/0","0/0","0/1","0/0","0/0","0/0","0/0","0/0","0/0","0/0","0/0","0/0","0/1","0/1","0/0","0/0","0/0","0/0","0/0","0/0","0/0","0/0","0/0","0/0"
"chr9:95068048_TATC/T_NOL8","0/0","0/0","0/0","0/1","0/0","0/0","0/0","0/0","0/0","0/0","0/0","0/0","0/0","0/0","0/0","0/0","0/0","0/0","0/0","0/0","0/0","0/0","0/0","0/0","0/0","0/0","0/0","0/0","0/0","0/1","0/0","0/0","0/0","0/0","0/0","0/0","0/0","0/0","0/0","0/0","0/0","0/0","0/0","0/0","0/0","0/0","0/0","0/0","0/0","0/0","0/0","0/0","0/0","0/0","0/0","0/0","0/0","0/0","0/0","0/0","0/0","0/0","0/0","0/0","0/0","0/0","0/0","0/0","0/0","0/0","0/0","0/0","0/0","0/0","0/0","0/0","0/0","0/0","0/0","0/0","0/0","0/0","0/0","0/0","0/0","0/0","0/0","0/0","0/0","0/0","0/0","0/0","0/0","0/0","0/0","0/0","0/0","0/0","0/0","0/0","0/0","0/0","0/0","0/0","0/0","0/0","0/0","0/0","0/0","0/0","0/1","0/0","0/0","0/0","0/0","0/0","0/0","0/0","0/0","0/0","0/0","0/0","0/0","0/0","0/0","0/0","0/0","0/0","0/0","0/0","0/0","0/0","0/0","0/0","0/0","0/0","0/0","0/0","0/0","0/0","0/0","0/0","0/0","0/0","0/0","0/0","0/0","0/0","0/0","0/0","0/0","0/0","0/0"
"chr9:95077618_C/CT_NOL8","0/0","0/0","0/0","0/0","0/0","0/0","0/0","0/0","0/0","0/0","0/0","0/0","0/0","0/0","0/0","0/0","0/0","0/0","0/0","0/0","0/0","0/0","0/0","0/0","0/0","0/0","0/0","0/0","0/0","0/0","0/0","0/0","0/0","0/0","0/0","0/0","0/1","0/0","0/0","0/0","0/0","0/0","0/0","0/0","0/0","0/0","0/0","0/0","0/0","0/0","0/0","0/0","0/0","0/0","0/0","0/0","0/0","0/0","0/0","0/0","0/0","0/0","0/0","0/0","0/0","0/0","0/0","0/0","0/0","0/0","0/0","0/0","0/0","0/0","0/0","0/0","0/0","0/0","0/0","0/0","0/0","0/0","0/0","0/0","0/0","0/0","0/0","0/0","0/0","0/0","0/0","0/0","0/0","0/0","0/0","0/0","0/0","0/0","0/0","0/0","0/0","0/0","0/0","0/0","0/0","0/0","0/0","0/0","0/0","0/0","0/0","0/0","0/0","0/0","0/0","0/0","0/0","0/0","0/0","0/0","0/0","0/0","0/0","0/0","0/0","0/0","0/0","0/0","0/0","0/0","0/0","0/0","0/0","0/0","0/0","0/0","0/0","0/0","0/0","0/0","0/0","0/0","0/0","0/0","0/0","0/0","0/0","0/0","0/0","0/0","0/0","0/0","0/0"
"chr9:95237024_CTCATCA/C_ASPN","1/2","1/2","1/2","1/3","3/3","3/3","3/3","3/3","3/3","3/3","2/3","3/3","0/0","3/3","3/3","1/3","2/3","1/3","3/3","1/3","1/1","3/3","3/3","3/3","0/0","2/4","1/3","0/3","1/3","3/3","3/3","0/3","3/3","3/3","2/3","0/3","1/3","3/3","2/3","3/4","3/3","3/3","1/3","1/3","3/3","1/3","3/3","1/3","3/3","1/1","3/3","3/3","3/3","1/3","3/4","3/3","3/4","3/4","3/3","3/3","0/0","3/4","0/0","3/3","3/3","3/4","3/3","3/4","3/4","3/3","3/4","0/3","0/3","0/3","0/3","0/1","0/1","1/3","1/3","1/3","1/3","1/3","3/3","1/3","1/3","3/3","3/3","2/3","1/3","1/3","1/1","0/1","0/1","1/3","1/3","1/1","2/3","0/3","1/2","1/2","1/4","3/3","1/4","0/4","0/4","1/1","1/1","1/3","1/3","3/3","1/3","3/3","3/3","3/3","1/3","3/3","3/3","1/4","1/4","1/4","1/4","1/4","3/3","1/4","1/3","1/3","3/3","3/3","3/3","3/3","3/3","0/1","2/3","3/3","2/3","2/3","3/3","3/3","3/3","1/3","3/3","0/1","0/1","3/3","3/3","3/3","0/3","0/3","0/3","3/3","3/3","3/3","3/3"
"chr9:96080206_T/TC_WNK2","0/0","0/0","0/0","0/0","0/0","0/0","0/0","0/0","0/0","0/0","0/0","0/0","0/0","0/0","0/0","0/0","0/0","0/0","0/0","0/0","0/0","0/0","0/0","0/0","0/0","0/0","0/0","0/0","0/0","0/0","0/0","0/0","0/0","0/0","0/0","0/0","0/0","0/0","0/0","0/0","0/0","0/0","0/0","0/0","0/0","0/1","0/0","0/0","0/0","0/0","0/0","0/0","0/0","0/0","0/0","0/0","0/0","0/0","0/0","0/0","0/0","0/0","0/0","0/0","0/0","0/0","0/0","0/0","0/0","0/0","0/0","0/0","0/0","0/0","0/0","0/0","0/0","0/0","0/0","0/0","0/0","0/0","0/0","0/0","0/0","0/0","0/0","0/0","0/0","0/0","0/0","0/0","0/0","0/0","0/0","0/0","0/0","0/0","0/0","0/0","0/0","0/0","0/0","0/0","0/0","0/0","0/0","0/0","0/0","0/0","0/0","0/0","0/0","0/0","0/0","0/0","0/0","0/0","0/0","0/0","0/0","0/0","0/0","0/0","0/0","0/0","0/0","0/0","0/0","0/0","0/0","0/0","0/0","0/0","0/0","0/0","0/0","0/0","0/0","0/0","0/0","0/0","0/0","0/0","0/0","0/0","0/0","0/0","0/0","0/0","0/0","0/0","0/0"
"chr9:96422611_CA/C_PHF2","0/0","0/0","0/0","0/0","0/0","0/0","0/0","0/0","0/0","0/0","0/0","0/0","0/0","0/0","0/0","0/0","0/0","0/0","0/0","0/0","0/0","0/0","0/0","0/0","0/0","0/0","0/0","0/0","0/0","0/0","0/0","0/0","0/0","0/0","0/0","0/0","0/1","0/0","0/0","0/0","0/0","0/0","0/0","0/0","0/0","0/0","0/0","0/0","0/0","0/0","0/0","0/0","0/0","0/0","0/0","0/0","0/0","0/0","0/0","0/0","0/0","0/0","0/0","0/0","0/0","0/0","0/0","0/0","0/0","0/0","0/0","0/0","0/0","0/0","0/0","0/0","0/0","0/0","0/0","0/0","0/0","0/0","0/0","0/0","0/0","0/0","0/0","0/0","0/0","0/0","0/0","0/0","0/0","0/0","0/0","0/0","0/0","0/0","0/0","0/0","0/0","0/0","0/0","0/0","0/0","0/0","0/0","0/0","0/0","0/0","0/0","0/0","0/0","0/0","0/0","0/0","0/0","0/0","0/0","0/0","0/0","0/0","0/0","0/0","0/0","0/0","0/0","0/0","0/0","0/0","0/0","0/0","0/0","0/0","0/0","0/0","0/0","0/0","0/0","0/0","0/0","0/0","0/0","0/0","0/0","0/0","0/0","0/0","0/0","0/0","0/0","0/0","0/0"
"chr9:98211548_TG/T_PTCH1","0/0","0/0","0/0","0/0","0/0","0/0","0/0","0/0","0/0","0/0","0/0","0/0","0/0","0/0","0/0","0/0","0/0","0/0","0/0","0/0","0/0","0/0","0/0","0/0","0/0","0/0","0/0","0/0","0/0","0/0","0/0","0/0","0/0","0/0","0/0","0/0","0/1","0/0","0/0","0/0","0/0","0/0","0/0","0/0","0/0","0/0","0/0","0/0","0/0","0/0","0/0","0/0","0/0","0/0","0/0","0/0","0/0","0/0","0/0","0/0","0/0","0/0","0/0","0/0","0/0","0/0","0/0","0/0","0/0","0/0","0/0","0/0","0/0","0/0","0/0","0/0","0/0","0/0","0/0","0/0","0/0","0/0","0/0","0/0","0/0","0/0","0/0","0/0","0/0","0/0","0/0","0/0","0/0","0/0","0/0","0/0","0/0","0/0","0/0","0/0","0/0","0/0","0/0","0/0","0/0","0/0","0/0","0/0","0/0","0/0","0/0","0/0","0/0","0/0","0/0","0/0","0/0","0/0","0/0","0/0","0/0","0/0","0/0","0/0","0/0","0/0","0/0","0/0","0/0","0/0","0/0","0/0","0/0","0/0","0/0","0/0","0/0","0/0","0/0","0/0","0/0","0/0","0/0","0/0","0/0","0/0","0/0","0/0","0/0","0/0","0/0","0/0","0/0"
"chr9:100092968_A/AGAGGAG_CCDC180","1/1","1/1","1/1","0/0","0/1","0/1","1/1","1/1","1/1","1/1","1/1","0/1","0/1","0/1","1/1","0/1","1/1","0/0","1/1","0/1","1/1","0/0","0/1","0/0","0/1","1/1","1/2","0/1","1/1","0/1","0/1","0/1","0/1","0/1","0/0","0/0","0/0","0/1","0/1","0/1","0/0","0/1","0/0","0/1","1/1","0/0","0/0","0/1","0/1","0/0","1/2","0/1","0/0","1/1","1/1","0/1","1/1","0/1","1/1","1/1","1/1","1/1","0/1","1/2","1/1","1/1","0/1","1/1","1/1","0/1","1/1","0/0","0/0","1/1","1/1","0/0","0/0","0/1","0/1","0/0","0/1","0/0","1/1","0/1","0/1","1/1","1/1","1/1","1/1","1/1","0/0","1/1","1/1","0/1","0/1","0/0","1/1","0/1","0/1","0/1","0/1","0/1","0/1","0/1","0/1","0/1","0/1","0/1","0/1","0/1","0/0","1/1","1/1","1/1","0/1","1/1","1/1","0/1","0/0","0/1","0/0","0/0","1/1","0/1","0/1","0/1","1/1","1/1","1/1","1/1","1/1","0/2","1/1","1/1","1/1","1/1","1/1","1/1","0/0","0/0","0/0","0/2","0/2","0/0","0/0","0/0","1/1","1/1","1/1","1/1","1/1","1/1","1/2"
"chr9:100693386_CACT/C_HEMGN","0/0","0/0","0/0","0/0","0/0","0/0","0/0","0/0","0/0","0/0","0/0","0/0","0/0","0/0","0/0","0/0","0/0","0/0","0/0","0/0","0/0","0/0","0/0","0/0","0/0","0/0","0/1","0/0","0/0","0/0","0/0","0/0","0/0","0/0","0/0","0/0","0/0","0/0","0/0","0/0","0/0","0/0","0/0","0/0","0/0","0/0","0/0","0/0","0/0","0/0","0/0","0/0","0/0","0/0","0/0","0/0","0/0","0/0","0/0","0/0","0/0","0/0","0/0","0/0","0/0","0/0","0/0","0/0","0/0","0/0","0/0","0/0","0/0","0/0","0/0","0/0","0/0","0/0","0/0","0/0","0/0","0/0","0/0","0/0","0/0","0/0","0/0","0/0","0/0","0/0","0/0","0/0","0/0","0/0","0/0","0/0","0/0","0/0","0/0","0/0","0/0","0/0","0/0","0/0","0/0","0/0","0/0","0/0","0/0","0/0","0/0","0/0","0/0","0/0","0/0","0/0","0/0","0/0","0/0","0/0","0/0","0/0","0/0","0/0","0/0","0/0","0/0","0/0","0/0","0/0","0/0","0/0","0/0","0/0","0/0","0/0","0/0","0/0","0/0","0/0","0/0","0/0","0/0","0/0","0/0","0/0","0/0","0/0","0/0","0/0","0/0","0/0","0/0"
"chr9:101867537_TGGC/T_TGFBR1","0/0","0/0","0/0","0/0","0/0","0/0","0/0","0/0","0/0","0/0","0/0","0/0","0/0","0/0","0/0","0/0","0/0","0/0","0/0","0/0","0/0","0/0","0/0","0/0","0/0","0/0","0/0","0/0","0/0","0/0","0/0","0/0","0/0","0/0","0/0","0/0","0/0","0/1","0/0","0/0","0/0","0/0","0/0","0/0","0/0","0/0","0/0","0/0","0/0","0/1","0/0","0/0","0/0","0/0","0/0","0/0","0/0","0/0","0/0","0/0","0/1","0/0","0/0","0/0","0/0","0/0","0/0","0/0","0/0","0/0","0/0","0/0","0/0","0/0","0/0","0/0","0/0","0/0","0/0","0/0","0/0","0/0","0/0","0/0","0/0","0/0","0/0","0/0","0/0","0/0","0/0","0/0","0/0","0/0","0/0","0/0","0/0","0/0","0/0","0/0","0/0","0/0","0/0","0/0","0/0","0/0","0/0","0/0","0/0","0/0","0/0","0/0","0/0","0/0","0/0","0/0","0/0","0/0","0/0","0/0","0/0","0/0","0/0","0/0","0/0","0/0","0/0","0/0","0/0","0/0","0/0","0/0","0/0","0/0","0/0","0/0","0/0","0/0","0/0","0/0","0/0","0/0","0/0","0/0","0/0","0/0","0/2","0/2","0/2","0/0","0/0","0/0","0/0"
"chr9:103055124_TG/T_INVS","0/0","0/0","0/0","0/0","0/0","0/0","0/0","0/0","0/0","0/0","0/0","0/0","0/0","0/0","0/0","0/0","0/0","0/0","0/0","0/0","0/0","0/1","0/0","0/0","0/0","0/0","0/0","0/0","0/0","0/0","0/0","0/0","0/0","0/0","0/0","0/0","0/0","0/0","0/0","0/0","0/0","0/0","0/0","0/0","0/0","0/0","0/0","0/0","0/0","0/0","0/0","0/0","0/0","0/0","0/0","0/0","0/0","0/0","0/0","0/0","0/0","0/0","0/0","0/0","0/0","0/0","0/0","0/0","0/0","0/0","0/0","0/0","0/0","0/0","0/0","0/0","0/0","0/0","0/0","0/0","0/0","0/0","0/0","0/0","0/0","0/0","0/0","0/0","0/0","0/0","0/0","0/0","0/0","0/0","0/0","0/0","0/0","0/0","0/0","0/0","0/0","0/0","0/0","0/0","0/0","0/0","0/0","0/0","0/0","0/0","0/0","0/0","0/0","0/0","0/0","0/0","0/0","0/0","0/0","0/0","0/0","0/0","0/0","0/0","0/0","0/0","0/0","0/0","0/0","0/0","0/0","0/0","0/0","0/0","0/0","0/0","0/0","0/0","0/0","0/0","0/0","0/0","0/0","0/0","0/0","0/0","0/0","0/0","0/0","0/0","0/0","0/0","0/0"
"chr9:104162195_GT/G_ZNF189","0/0","0/0","0/0","0/0","0/0","0/0","0/0","0/0","0/0","0/0","0/0","0/0","0/0","0/0","0/0","0/0","0/0","0/0","0/0","0/0","0/0","0/0","0/0","0/0","0/0","0/0","0/0","0/0","0/0","0/0","0/0","0/1","0/0","0/0","0/0","0/0","0/0","0/0","0/0","0/0","0/0","0/0","0/0","0/0","0/0","0/0","0/0","0/0","0/0","0/0","0/0","0/0","0/0","0/0","0/0","0/0","0/0","0/0","0/0","0/0","0/0","0/0","0/0","0/0","0/0","0/0","0/0","0/0","0/0","0/0","0/0","0/0","0/0","0/0","0/0","0/0","0/0","0/0","0/0","0/0","0/0","0/0","0/0","0/0","0/0","0/0","0/0","0/0","0/0","0/0","0/0","0/0","0/0","0/0","0/0","0/0","0/0","0/0","0/0","0/0","0/0","0/0","0/0","0/0","0/0","0/0","0/0","0/0","0/0","0/0","0/0","0/0","0/0","0/0","0/0","0/0","0/0","0/0","0/0","0/0","0/0","0/0","0/0","0/0","0/0","0/0","0/0","0/0","0/0","0/0","0/0","0/0","0/0","0/0","0/0","0/0","0/0","0/0","0/0","0/0","0/0","0/0","0/0","0/0","0/0","0/0","0/0","0/0","0/0","0/0","0/0","0/0","0/0"
"chr9:107360768_GT/G_OR13C5","1/1","1/1","1/1","0/1","0/1","0/1","0/0","0/0","0/0","1/1","0/1","0/1","0/1","1/1","0/1","1/1","0/0","0/1","0/1","0/1","1/1","1/1","0/1","1/1","0/0","1/1","0/1","0/1","0/0","0/1","0/0","1/1","0/1","1/1","0/1","0/0","1/1","0/1","0/1","0/1","0/1","0/0","1/1","0/1","0/0","0/1","1/1","0/1","1/1","1/1","0/1","0/1","0/1","0/0","0/1","0/0","0/1","0/1","0/1","0/1","1/1","1/1","0/0","0/1","0/1","0/1","0/1","1/1","1/1","0/1","0/1","1/1","1/1","0/1","0/1","0/1","0/1","0/0","0/0","0/1","0/1","0/0","0/1","0/1","0/1","1/1","1/1","0/1","0/1","0/1","0/1","0/1","0/1","0/0","0/0","0/1","0/1","0/0","1/1","1/1","1/1","0/0","1/1","0/1","0/1","1/1","1/1","0/1","0/1","0/0","0/1","1/1","1/1","0/1","0/1","0/0","0/0","0/1","0/1","0/1","0/1","0/1","0/0","0/1","0/1","0/1","0/1","0/1","0/1","0/1","0/1","0/1","0/0","0/1","0/0","0/0","0/1","0/1","0/0","0/1","0/0","0/1","0/1","0/1","0/1","0/1","0/1","0/1","0/1","0/1","0/1","0/1","0/1"
"chr9:108268684_CA/C_FSD1L","0/0","0/0","0/0","0/0","0/0","0/0","0/0","0/0","0/0","0/0","0/0","0/0","0/0","0/0","0/0","0/0","0/0","0/0","0/0","0/0","0/0","0/0","0/0","0/0","0/0","0/0","0/0","0/0","0/0","0/0","0/1","0/0","0/0","0/0","0/0","0/0","0/0","0/0","0/0","0/0","0/0","0/0","0/0","0/0","0/0","0/0","0/0","0/0","0/0","0/0","0/0","0/0","0/0","0/0","0/0","0/0","0/0","0/0","0/0","0/0","0/0","0/0","0/0","0/0","0/0","0/0","0/0","0/0","0/0","0/0","0/0","0/0","0/0","0/0","0/0","0/0","0/0","0/0","0/0","0/0","0/0","0/0","0/0","0/0","0/0","0/0","0/0","0/0","0/0","0/0","0/0","0/0","0/0","0/0","0/0","0/0","0/0","0/0","0/0","0/0","0/0","0/0","0/0","0/0","0/0","0/0","0/0","0/0","0/0","0/0","0/0","0/0","0/0","0/0","0/0","0/0","0/0","0/0","0/0","0/0","0/0","0/0","0/0","0/0","0/0","0/0","0/0","0/0","0/0","0/0","0/0","0/0","0/0","0/0","0/0","0/0","0/0","0/0","0/0","0/0","0/0","0/0","0/0","0/0","0/0","0/0","0/0","0/0","0/0","0/0","0/0","0/0","0/0"
"chr9:111617436_ACTT/A_ACTL7B","0/0","0/0","0/0","0/0","0/0","0/0","0/0","0/0","0/0","0/0","0/0","0/0","0/0","0/0","0/0","0/0","0/0","0/0","0/0","0/0","0/0","0/0","0/0","0/0","0/0","0/0","0/0","0/0","0/0","0/0","0/0","0/0","0/0","0/0","0/0","0/0","0/0","0/0","0/0","0/0","0/0","0/0","0/0","0/0","0/0","0/0","0/0","0/0","0/0","0/0","0/0","0/0","0/0","0/0","0/1","0/0","0/0","0/0","0/0","0/0","0/0","0/0","0/0","0/0","0/0","0/0","0/0","0/0","0/0","0/0","0/0","0/0","0/0","0/0","0/0","0/0","0/0","0/0","0/0","0/0","0/0","0/0","0/0","0/0","0/0","0/0","0/0","0/0","0/0","0/0","0/0","0/0","0/0","0/0","0/0","0/0","0/0","0/0","0/0","0/0","0/0","0/0","0/0","0/0","0/0","0/0","0/0","0/0","0/0","0/0","0/0","0/0","0/0","0/0","0/0","0/0","0/0","0/0","0/0","0/0","0/0","0/0","0/0","0/0","0/0","0/0","0/0","0/0","0/0","0/0","0/0","0/0","0/0","0/0","0/0","0/0","0/0","0/0","0/0","0/0","0/0","0/0","0/0","0/0","0/0","0/0","0/0","0/0","0/0","0/0","0/0","0/0","0/0"
"chr9:111624663_GC/G_ACTL7A","0/0","0/0","0/0","0/0","0/0","0/0","0/0","0/0","0/0","0/0","0/0","0/0","0/0","0/0","0/0","0/0","0/0","0/0","0/0","0/0","0/0","0/0","0/0","0/0","0/0","0/0","0/0","0/0","0/0","0/0","0/0","0/0","0/0","0/0","0/0","0/0","0/1","0/0","0/0","0/0","0/0","0/0","0/0","0/0","0/0","0/0","0/0","0/0","0/0","0/0","0/0","0/0","0/0","0/0","0/0","0/0","0/0","0/0","0/0","0/0","0/0","0/0","0/0","0/0","0/0","0/0","0/0","0/0","0/0","0/0","0/0","0/0","0/0","0/0","0/0","0/0","0/0","0/0","0/0","0/0","0/0","0/0","0/0","0/0","0/0","0/0","0/0","0/0","0/0","0/0","0/0","0/0","0/0","0/0","0/0","0/0","0/0","0/0","0/0","0/0","0/0","0/0","0/0","0/0","0/0","0/0","0/0","0/0","0/0","0/0","0/0","0/0","0/0","0/0","0/0","0/0","0/0","0/0","0/0","0/0","0/0","0/0","0/0","0/0","0/0","0/0","0/0","0/0","0/0","0/0","0/0","0/0","0/0","0/0","0/0","0/0","0/0","0/0","0/0","0/0","0/0","0/0","0/0","0/0","0/0","0/0","0/0","0/0","0/0","0/0","0/0","0/0","0/0"
"chr9:112811015_TCCCCCGGAGTCTCCTGGA/T_AKAP2","0/1","0/1","0/1","0/0","0/0","0/0","0/0","0/0","0/0","0/0","0/0","0/1","0/0","0/0","0/0","0/1","0/0","0/0","0/0","0/0","0/0","0/0","0/0","0/0","0/0","0/1","0/0","0/0","0/1","0/0","0/0","0/0","0/0","0/0","0/0","0/0","0/0","0/0","0/0","0/0","0/0","0/0","0/0","0/0","0/0","0/0","0/0","0/0","0/0","0/0","0/0","0/0","0/1","0/0","0/0","0/0","0/0","0/0","0/0","0/0","0/0","0/0","0/1","0/0","0/0","0/0","0/0","0/0","0/0","0/0","0/0","0/1","0/1","0/0","0/0","0/0","0/0","0/0","0/0","0/0","0/0","0/0","0/0","0/0","0/0","0/0","0/0","0/1","0/0","0/0","0/0","0/0","0/0","0/0","0/0","0/0","0/1","0/0","0/0","0/0","0/0","0/0","0/0","0/0","0/0","0/0","0/0","0/0","0/0","0/0","0/0","0/0","0/0","0/0","0/0","0/0","0/0","0/0","0/0","0/0","0/0","0/0","0/0","0/0","0/0","0/0","0/0","0/0","0/1","0/1","0/1","0/0","0/0","0/0","0/0","0/0","0/0","0/0","0/0","0/0","0/0","0/0","0/0","0/0","0/0","0/0","0/0","0/0","0/0","0/1","0/1","0/1","0/1"
"chr9:112900341_G/GGAAGCT_AKAP2_PALM2-AKAP2","0/0","0/0","0/0","0/0","0/0","0/0","0/0","0/0","0/0","0/0","0/0","0/0","0/0","0/1","0/0","0/0","0/1","0/0","0/0","0/0","0/0","0/0","0/0","0/0","1/1","0/0","0/0","0/0","0/0","0/1","0/0","0/1","0/0","0/0","0/0","0/1","0/0","0/0","0/1","0/0","0/1","0/0","0/0","0/1","0/0","0/0","0/0","0/1","0/0","0/1","0/0","0/1","0/0","0/0","0/0","0/0","0/1","0/0","0/0","0/1","0/0","1/1","0/1","0/0","0/0","0/0","0/1","0/0","0/0","0/1","0/0","0/0","0/0","0/0","0/0","0/0","0/0","0/1","0/1","0/0","0/0","1/1","0/0","0/0","0/0","0/1","0/1","0/1","0/1","0/1","0/1","0/0","0/0","0/1","0/1","0/1","0/1","0/1","0/0","0/0","0/1","1/1","0/1","0/1","0/1","0/1","0/1","0/0","0/0","1/1","0/0","0/0","0/0","0/0","0/0","0/0","0/0","0/0","0/0","0/0","0/0","0/0","0/0","0/0","0/0","0/0","0/0","0/0","0/0","0/0","0/0","0/0","0/1","0/0","0/1","0/1","0/0","0/0","0/0","0/0","0/0","0/0","0/0","0/0","0/0","0/0","0/1","0/1","0/1","0/0","0/0","0/0","0/0"
"chr9:115932150_T/TTTC_FKBP15","0/0","0/0","0/0","0/0","0/0","0/0","0/0","0/0","0/0","0/0","0/0","0/0","0/0","0/0","0/0","0/0","0/0","0/0","0/0","0/0","0/0","0/0","0/0","0/0","0/0","0/0","0/0","0/0","0/0","0/0","0/0","0/0","0/0","0/0","0/0","0/0","0/0","0/0","0/0","0/0","0/1","0/0","0/0","0/0","0/0","0/0","0/0","0/0","0/0","0/0","0/0","0/0","0/0","0/0","0/0","0/0","0/0","0/0","0/1","0/0","0/0","0/0","0/0","0/0","0/0","0/0","0/0","0/0","0/0","0/0","0/0","0/0","0/0","0/0","0/0","0/0","0/0","0/0","0/0","0/0","0/0","0/0","0/0","0/0","0/0","0/0","0/0","0/0","0/0","0/0","0/0","0/0","0/0","0/0","0/0","0/0","0/0","0/0","0/0","0/0","0/0","0/0","0/0","0/0","0/0","0/0","0/0","0/0","0/0","0/0","0/0","0/0","0/0","0/0","0/0","0/0","0/0","0/0","0/0","0/0","0/0","0/0","0/0","0/0","0/0","0/0","0/0","0/0","0/0","0/0","0/0","0/0","0/0","0/0","0/0","0/0","0/0","0/0","0/0","0/0","0/0","0/0","0/0","0/0","0/0","0/0","0/0","0/0","0/0","0/0","0/0","0/0","0/0"
"chr9:116187645_G/GGCA_C9orf43","0/0","0/0","0/0","0/0","0/0","0/0","0/0","0/0","0/0","0/0","0/0","0/0","0/0","0/0","0/0","0/0","0/0","0/0","0/0","0/0","0/0","0/0","0/0","0/0","0/0","0/0","0/0","0/0","0/0","0/0","0/0","0/0","0/0","0/0","0/0","0/0","0/0","0/0","0/0","0/0","0/0","0/0","0/0","0/0","0/0","0/0","0/0","0/0","0/0","0/0","0/0","0/0","0/0","0/0","0/0","0/0","0/0","0/0","0/0","0/0","0/0","0/0","0/0","0/0","0/0","0/0","0/0","0/0","0/0","0/0","0/0","0/0","0/0","0/0","0/0","0/0","0/0","0/0","0/0","0/0","0/0","0/0","0/0","0/0","0/0","0/0","0/0","0/0","0/0","0/0","0/0","0/0","0/0","0/1","0/1","0/0","0/0","0/0","0/0","0/0","0/1","0/0","0/1","0/0","0/0","0/0","0/0","0/0","0/0","0/0","0/0","0/0","0/0","0/0","0/0","0/0","0/0","0/0","0/0","0/0","0/0","0/0","0/0","0/0","0/0","0/0","0/0","0/0","0/0","0/0","0/0","0/0","0/0","0/0","0/0","0/0","0/0","0/0","0/1","0/1","0/1","0/0","0/0","0/0","0/0","0/0","0/0","0/0","0/0","0/0","0/0","0/0","0/0"
"chr9:116245283_CTG/C_RGS3","0/0","0/0","0/0","0/0","0/0","0/0","0/0","0/0","0/0","0/0","0/0","0/0","0/0","0/0","0/0","0/0","0/0","0/0","0/0","0/0","0/0","0/0","0/0","0/0","0/0","0/0","0/0","0/0","0/0","0/0","0/0","0/0","0/0","0/0","0/0","0/0","0/1","0/0","0/0","0/0","0/0","0/0","0/0","0/0","0/0","0/0","0/0","0/0","0/0","0/0","0/0","0/0","0/0","0/0","0/0","0/0","0/0","0/0","0/0","0/0","0/0","0/0","0/0","0/0","0/0","0/0","0/0","0/0","0/0","0/0","0/0","0/0","0/0","0/0","0/0","0/0","0/0","0/0","0/0","0/0","0/0","0/0","0/0","0/0","0/0","0/0","0/0","0/0","0/0","0/0","0/0","0/0","0/0","0/0","0/0","0/0","0/0","0/0","0/0","0/0","0/0","0/0","0/0","0/0","0/0","0/0","0/0","0/0","0/0","0/0","0/0","0/0","0/0","0/0","0/0","0/0","0/0","0/0","0/0","0/0","0/0","0/0","0/0","0/0","0/0","0/0","0/0","0/0","0/0","0/0","0/0","0/0","0/0","0/0","0/0","0/0","0/0","0/0","0/0","0/0","0/0","0/0","0/0","0/0","0/0","0/0","0/0","0/0","0/0","0/0","0/0","0/0","0/0"
"chr9:118916623_T/TCGCCGC_PAPPA","0/0",".","0/0","0/0","0/0","0/0","0/0","0/0","0/0","0/0","0/0","0/0","0/0","0/0","0/0","0/1","0/0","0/0","0/0","0/0","0/0","0/0","0/0","0/0","0/0","0/0","0/0","0/0","0/1","0/0","0/0","0/0","0/0",".",".","0/0","0/0","0/0","0/0","0/0","0/0",".","0/0","0/0",".","0/0","0/0",".","0/0","0/0",".","0/0",".","0/0",".","0/0","0/0","0/0","0/0","0/0","0/0","0/0","0/0","1/1",".","0/1","0/0","0/0","0/0","0/0","0/0","0/0",".","0/0","0/0","1/1",".","0/0","0/0","0/0","0/0","0/0","0/0","0/0","0/0","0/0","0/0","0/0","0/0","0/0","0/0","0/0","0/0","0/0","0/0","0/0","0/0","0/0","0/0","0/0",".",".","0/1","0/0","0/0","0/0","0/0","0/0","0/0",".","0/0","0/0","0/0","0/0","0/0",".","0/0","0/0","0/0","0/0","0/0","0/0","0/0","0/0","0/0","0/0","0/0",".","0/0","0/0",".","0/0","0/0",".","0/0",".",".","0/0",".","0/0",".","0/0","0/0","0/0","0/0","0/0",".","0/0","0/0","0/0","0/0","0/0","0/0"
"chr9:120176908_CGCG/C_ASTN2","0/0","0/0","0/0","0/0","0/0","0/0","0/0","0/0","0/0","0/0","0/0","0/0","0/0","0/0","0/0","0/0","0/0","0/0","0/0","0/0","0/0","0/0","0/0","0/1","0/0","0/0","0/0","0/0","0/0","0/0","0/0","0/0","0/0","0/0","0/0","0/0","0/0","0/0","0/0","0/0","0/0","0/0","0/0","0/0","0/0","0/0","0/0","0/0","0/0","0/0","0/0","0/0","0/0","0/0","0/0","0/0","0/0","0/0","0/1","0/0","0/0","0/0","0/0","0/0","0/0","0/0","0/0","0/0","0/0","0/0","0/0","0/0","0/1","0/0","0/0","0/0","0/0","0/0","0/0","0/0","0/0","0/0","0/0","0/0","0/0","0/0","0/0","0/0","0/0","0/0","0/0","0/0","0/0","0/0","0/0","0/0","0/0","0/0","0/0","0/0","0/0","0/0","0/0","0/0","0/0","0/0","0/0","0/0","0/0","0/0","0/0","0/0","0/0","0/0","0/0","0/1","0/0","0/0","0/0","0/0","0/0","0/0","0/0","0/0","0/0","0/0","0/0","0/0","0/0","0/0","0/0","0/0","0/0","0/0","0/0","0/0","0/0","0/0","0/0","0/0","0/0","0/0","0/0","0/0","0/0","0/0","0/0","0/0","0/0","0/0","0/0","0/0","0/0"
"chr9:123476542_ACGGCGGCGG/ACGG_MEGF9","1/1","1/1","1/1","0/1","1/1","1/1","1/1","1/1","1/1","0/0","0/1","0/0","0/1","1/1","0/0","0/1","0/0","1/1","0/0","0/3","1/1","0/1","0/0","0/0","0/1","1/1","0/1","0/1","1/1","0/0","0/1","0/1","0/1","0/1","0/0","0/1","0/1","0/0","0/1","1/1","0/1","1/1","0/3","0/1","1/1","1/1","0/1","1/1","0/1","0/2","1/3","0/0","2/2","1/2","0/1","0/1","0/2","1/2","1/1","1/1","1/1","1/1","0/0","0/0","0/0","1/1","0/1","0/1","0/1","0/1","1/1","0/0","0/0","0/1","0/1","1/1","1/1","0/1","0/1","1/1","1/1","1/2","1/3","0/1","0/1","1/1","1/1","1/1","1/3","1/3","0/0","1/1","1/1","0/1","0/1","0/1","1/1","0/1","0/1","0/1","0/1","0/1","0/1","0/1","0/1","1/1","1/1","0/1","0/1","0/1","0/1","0/1","0/1","1/1","0/1","1/1","1/1","0/1","1/1","0/1","1/1","1/1","1/1","0/1","0/1","0/1","1/1","1/1","1/1","1/1","1/1","0/1","1/1","0/1","1/1","1/1","0/1","0/1","1/1","0/1","1/1","0/1","0/1","0/1","0/1","0/1","1/1","1/1","1/1","0/1","0/1","0/1","0/1"
"chr9:124461707_G/GCGC_DAB2IP","0/0","0/0","0/0","0/0","0/0","0/0","0/0","0/0","0/0","0/0","0/0","0/0","0/0","0/0","0/0","0/0","0/0","0/0","0/0","0/0","0/0","0/0","0/0","0/1","0/0","0/0","0/0","0/0","0/0","0/0","0/0","0/0","0/0","0/0","0/0","0/0","0/0","0/0","0/0","0/0","0/0","0/0","0/0","0/0","0/0","0/0","0/0","0/0","0/0","0/0","0/0","0/0","0/0","0/0","0/0","0/0","0/0","0/0","0/0","0/0","0/0","0/0","0/0","0/0","0/0","0/0","0/0","0/0","0/0","0/0","0/0","0/0","0/0","0/0","0/0","0/0","0/0","0/0","0/0","0/0","0/0","0/0","0/0","0/0","0/0","0/0","0/0","0/0","0/0","0/0","0/0","0/0","0/0","0/0","0/0","0/0","0/0","0/0","0/0","0/0","0/0","0/0","0/0","0/0","0/0","0/0","0/0","0/0","0/0","0/0","0/0","0/0","0/0","0/0","0/0","0/0","0/0","0/0","0/0","0/0","0/0","0/0","0/0","0/0","0/0","0/0","0/0","0/0","0/0","0/0","0/0","0/0","0/0","0/0","0/0","0/0","0/0","0/0","0/0","0/0","0/0","0/0","0/0","0/0","0/0","0/0","0/0","0/0","0/0","0/0","0/0","0/0","0/0"
"chr9:124855330_G/GTGGCCT_TTLL11","0/0","0/0","0/0","0/0","0/0","0/0","0/1","0/1","0/1","0/0","0/0","0/0","0/1","0/0","0/0","0/1","0/0","0/0","0/0","0/0","0/0","0/0","0/1","0/0","0/0","0/0","0/0","0/0","0/0","0/1","0/0","0/0","0/0","0/0","0/0","0/0","0/0","0/0","0/0","0/1","0/0","0/0","0/0","0/0","0/0","0/0","0/0","0/0","0/0","0/0","0/0","0/0","0/0","0/0","0/1","0/0","0/0","0/0","0/0","0/0","0/0","0/0","0/0","0/0","0/0","0/0","0/0","0/0","0/0","0/0","0/0","0/0","0/0","0/0","0/0","0/0","0/0","0/0","0/0","0/0","0/0","0/0","0/0","0/0","0/0","0/0","0/0","0/0","0/0","0/0","0/0","0/0","0/0","0/0","0/0","0/0","0/0","0/0","0/0","0/0","0/0","0/0","0/0","0/0","0/0","0/0","0/0","0/0","0/0","0/0","0/0","0/0","0/0","0/0","0/0","0/0","0/0","0/0","0/0","0/0","0/0","0/0","0/0","0/0","0/0","0/0","0/0","0/0","0/0","0/0","0/0","0/0","0/0","0/0","0/0","0/0","0/0","0/0","0/0","0/0","0/0","0/0","0/0","0/0","0/0","0/0","0/0","0/0","0/0","0/0","0/0","0/0","0/0"
"chr9:124855459_ACCG/A_TTLL11","0/0","0/0","0/0","0/1","0/0","0/0","0/0","0/0","0/0","0/0","0/0","0/0","0/0","0/0","0/0","0/0","0/0","0/0","0/0","0/0","0/0","0/0","0/0","0/0","0/0","0/0","0/0","0/0","0/0","0/0","0/0","0/0","0/0","0/0","0/1","0/0","0/0","0/0","0/0","0/0","0/0","0/0","0/0","0/0","0/0","0/0","0/0","0/0","0/0","0/0","0/0","0/0","0/0","0/0","0/0","0/0","0/0","0/0","0/0","0/0","0/0","0/0","0/0","0/0","0/0","0/0","0/0","0/0","0/0","0/0","0/0","0/0","0/0","0/0","0/0","0/0","0/0","0/0","0/0","0/0","0/0","0/0","0/0","0/0","0/0","0/0","0/0","0/0","0/0","0/0","0/0","0/0","0/0","0/0","0/0","0/0","0/0","0/0","0/0","0/0","0/0","0/0","0/0","0/0","0/0","0/0","0/1","0/0","0/0","0/0","0/0","0/0","0/0","0/0","0/0","0/0","0/0","0/0","0/0","0/0","0/0","0/0","0/0","0/0","0/0","0/0","0/0","0/1","0/0","0/1","0/0","0/0","0/0","0/0","0/0","0/0","0/0","0/0","0/0","0/0","0/0","0/0","0/0","0/0","0/0","0/0","0/0","0/0","0/0","0/0","0/0","0/0","0/0"
"chr9:125391770_C/CA_OR1B1","0/1","0/1","0/1","0/0","0/1","0/1","0/1","0/1","0/1","0/0","0/1","0/0","0/0","0/1","0/0","0/0","0/0","0/0","0/1","1/1","0/0","0/0","0/1","1/1","0/1","0/1","0/1","0/1","0/0","0/1","0/1","0/0","0/0","0/1","1/1","1/1","0/1","0/0","0/1","0/0","0/0","1/1","0/0","0/1","0/1","0/1","0/1","0/0","0/1","0/0","0/0","0/1","0/0","0/1","0/1","0/1","0/0","0/0","0/1","0/0","0/1","0/0","0/0","0/0","0/0","0/1","0/1","0/0","0/0","0/1","0/1","0/0","0/0","0/1","0/1","0/1","0/1","0/0","0/0","0/1","0/1","0/1","0/0","0/1","0/1","0/1","0/1","0/1","0/0","0/0","0/1","0/0","0/0","0/0","0/0","0/1","0/1","0/1","0/1","0/1","0/0","0/1","0/0","0/1","0/1","1/1","1/1","0/1","0/0","0/1","0/0","0/1","0/1","0/1","0/1","0/1","0/1","0/0","1/1","0/0","1/1","1/1","0/1","0/0","0/1","0/1","0/1","0/1","0/0","0/0","0/0","0/0","0/1","1/1","0/1","0/1","1/1","1/1","0/1","0/1","0/1","0/0","0/0","1/1","1/1","1/1","0/1","0/1","0/1","0/0","0/0","0/0","0/0"
"chr9:125437830_G/GTT_OR1L3","0/0","0/0","0/0","0/0","0/0","0/0","0/0","0/0","0/0","0/0","0/0","0/0","0/0","0/0","0/0","0/0","0/1","0/0","0/0","0/0","0/0","0/0","0/0","0/0","0/0","0/0","0/0","0/0","0/0","0/0","0/0","0/0","0/0","0/1","0/0","0/0","0/0","0/0","0/0","0/0","0/0","0/0","0/0","0/0","0/0","0/0","0/0","0/0","0/0","0/1","0/0","0/1","0/0","0/0","0/0","0/0","0/0","0/0","0/0","0/0","0/0","0/0","0/0","0/0","0/0","0/0","0/0","0/0","0/0","0/0","0/0","0/1","0/1","0/0","0/0","0/0","0/0","0/1","0/1","0/0","0/0","0/0","0/0","0/0","0/0","0/0","0/0","0/1","0/0","0/0","0/0","0/0","0/0","0/0","0/0","0/0","0/1","0/0","0/0","0/0","0/0","0/0","0/0","0/0","0/0","0/0","0/0","0/0","0/0","0/0","0/0","0/0","0/0","0/0","0/0","0/0","0/0","0/1","0/0","0/1","0/0","0/0","0/0","0/1","0/0","0/0","0/0","0/0","0/1","0/1","0/1","0/1","0/1","0/0","0/1","0/1","0/0","0/0","0/0","0/0","0/0","0/1","0/1","0/0","0/0","0/0","0/0","0/0","0/0","0/0","0/0","0/0","0/0"
"chr9:125620227_AGAG/A_RC3H2","0/0","0/0","0/0","0/0","0/0","0/0","0/0","0/0","0/0","0/0","0/0","0/0","0/0","0/0","0/0","0/0","0/0","0/0","0/0","0/0","0/0","0/0","0/0","0/0","0/0","0/0","0/0","0/0","0/0","0/0","0/0","0/0","0/0","0/0","0/0","0/0","0/0","0/0","0/0","0/0","0/0","0/0","0/0","0/0","0/0","0/0","0/0","0/0","0/0","0/0","0/0","0/0","0/0","0/0","0/0","0/0","0/0","0/0","0/0","0/0","0/0","0/0","0/0","0/0","0/0","0/0","0/0","0/0","0/0","0/0","0/0","0/0","0/0","0/0","0/0","0/0","0/0","0/0","0/0","0/0","0/0","0/0","0/0","0/0","0/0","0/0","0/0","0/0","0/0","0/0","0/0","0/0","0/0","0/0","0/0","0/0","0/0","0/0","0/0","0/0","0/0","0/0","0/0","0/0","0/0","0/0","0/0","0/0","0/0","0/0","0/0","0/0","0/0","0/0","0/0","0/0","0/0","0/0","0/0","0/0","0/0","0/0","0/0","0/0","0/0","0/0","0/0","0/0","0/0","0/0","0/0","0/0","0/0","0/0","0/0","0/0","0/0","0/0","0/0","0/0","0/0","0/0","0/0","0/1","0/1","0/1","0/0","0/0","0/0","0/0","0/0","0/0","0/0"
"chr9:125772780_TCTC/T_RABGAP1","0/0","0/0","0/0","0/0","0/0","0/0","0/0","0/0","0/0","0/0","0/0","0/0","0/0","0/0","0/0","0/0","0/0","0/0","0/0","0/0","0/0","0/0","0/0","0/0","0/0","0/0","0/0","0/0","0/0","0/0","0/0","0/0","0/0","0/0","0/0","0/0","0/0","0/0","0/0","0/0","0/0","0/0","0/0","0/0","0/0","0/0","0/0","0/0","0/0","0/0","0/0","0/0","0/0","0/0","0/0","0/0","0/0","0/0","0/0","0/0","0/0","0/0","0/0","0/0","0/0","0/0","0/0","0/1","0/1","0/0","0/0","0/0","0/0","0/0","0/0","0/0","0/0","0/0","0/0","0/0","0/0","0/0","0/0","0/0","0/0","0/0","0/0","0/0","0/0","0/0","0/0","0/0","0/0","0/0","0/0","0/0","0/0","0/0","0/0","0/0","0/0","0/0","0/0","0/0","0/0","0/0","0/0","0/0","0/0","0/0","0/0","0/0","0/0","0/0","0/0","0/0","0/0","0/0","0/0","0/0","0/0","0/0","0/0","0/0","0/0","0/0","0/0","0/0","0/0","0/0","0/0","0/0","0/0","0/0","0/0","0/0","0/0","0/0","0/0","0/0","0/0","0/0","0/0","0/0","0/0","0/0","0/0","0/0","0/0","0/0","0/0","0/0","0/0"
"chr9:126146132_ACT/A_DENND1A","0/0","0/0","0/0","0/0","0/0","0/0","0/0","0/0","0/0","0/0","0/0","0/0","0/0","0/0","0/0","0/0","0/0","0/0","0/0","0/0","0/0","0/0","0/0","0/0","0/0","0/0","0/0","0/0","0/0","0/0","0/0","0/0","0/0","0/0","0/0","0/0","0/0","0/0","0/0","0/0","0/0","0/0","0/0","0/0","0/0","0/0","0/0","0/0","0/0","0/0","0/0","0/0","0/0","0/0","0/0","0/0","0/0","0/0","0/0","0/0","0/0","0/0","0/0","0/0","0/0","0/0","0/0","0/0","0/0","0/0","0/0","0/0","0/0","0/0","0/0","0/0","0/0","0/0","0/0","0/0","0/0","0/0","0/0","0/0","0/0","0/0","0/0","0/0","0/0","0/0","0/0","0/0","0/0","0/0","0/0","0/0","0/0","0/0","0/0","0/0","0/0","0/0","0/0","0/0","0/0","0/0","0/0","0/0","0/0","0/0","0/0","0/0","0/0","0/0","0/0","0/0","0/0","0/0","0/0","0/0","0/0","0/0","0/0","0/0","0/0","0/0","0/0","0/0","0/0","0/0","0/0","0/0","0/0","0/0","0/0","0/0","0/0","0/0","0/0","0/0","0/0","0/0","0/0","0/0","0/0","0/0","0/1","0/1","0/0","0/1","0/0","0/0","0/0"
"chr9:127951845_C/CG_PPP6C","0/0","0/0","0/0","0/0","0/0","0/0","0/0","0/0","0/0","0/0","0/0","0/0","0/0","0/0","0/0","0/0","0/0","0/0","0/0","0/0","0/0","0/0","0/0","0/0","0/0","0/1","0/0","0/0","0/0","0/0","0/0","0/0","0/0","0/0","0/0","0/0","0/0","0/0","0/0","0/0","0/0","0/0","0/0","0/0","0/0","0/0","0/0","0/0","0/0","0/0","0/0","0/0","0/0","0/0","0/0","0/0","0/0","0/0","0/0","0/0","0/0","0/0","0/1","0/0","0/0","0/0","0/0","0/0","0/0","0/0","0/0","0/0","0/0","0/1","0/1","0/0","0/0","0/0","0/0","0/0","0/0","0/0","0/0","0/0","0/0","0/0","0/0","0/0","0/0","0/0","0/0","0/0","0/0","0/0","0/0","0/0","0/0","0/0","0/0","0/0","0/0","0/0","0/0","0/0","0/0","0/0","0/0","0/0","0/0","0/0","0/0","0/0","0/0","0/1","0/0","0/0","0/0","0/0","0/0","0/0","0/0","0/0","0/0","0/0","0/0","0/0","0/1","0/1","0/0","0/0","0/0","0/0","0/0","0/0","0/0","0/0","0/0","0/0","0/0","0/0","0/0","0/0","0/0","0/0","0/0","0/0","0/0","0/0","0/0","0/0","0/0","0/0","0/0"
"chr9:130489727_GAGA/G_TTC16","0/0","0/0","0/0","0/0","0/0","0/0","0/0","0/0","0/0","0/0","0/0","0/0","0/0","0/0","0/0","0/0","0/0","0/0","0/0","0/0","0/0","0/0","0/0","0/0","0/0","0/0","0/0","0/0","0/0","0/0","0/0","0/0","0/0","0/0","0/0","0/0","0/0","0/0","0/0","0/0","0/0","0/0","0/0","0/0","0/0","0/0","0/0","0/0","0/0","0/0","0/0","0/0","0/0","0/0","0/0","0/0","0/0","0/0","0/0","0/0","0/0","0/0","0/0","0/0","0/0","0/0","0/0","0/0","0/0","0/0","0/0","0/0","0/0","0/0","0/0","0/0","0/0","0/0","0/0","0/0","0/0","0/0","0/0","0/0","0/0","0/0","0/0","0/0","0/0","0/0","0/0","0/0","0/0","0/0","0/0","0/0","0/0","0/0","0/0","0/0","0/0","0/0","0/0","0/0","0/0","0/0","0/0","0/0","0/0","0/0","0/0","0/0","0/0","0/0","0/0","0/0","0/0","0/0","0/0","0/0","0/0","0/0","0/0","0/0","0/0","0/0","0/0","0/0","0/0","0/0","0/0","0/0","0/0","0/1","0/0","0/0","0/1","0/1","0/0","0/0","0/0","0/0","0/0","0/0","0/0","0/0","0/0","0/0","0/0","0/0","0/0","0/0","0/0"
"chr9:130868752_A/AT_SLC25A25","0/0","0/0","0/0","0/0","0/0","0/0","0/0","0/0","0/0","0/0","0/0","0/0","0/0","0/0","0/0","0/0","0/0","0/0","0/0","0/0","0/0","0/0","0/0","0/0","0/0","0/0","0/0","0/0","0/0","0/0","0/0","0/0","0/0","0/0","0/0","0/0","0/0","0/0","0/0","0/0","0/0","0/0","0/0","0/0","0/0","0/0","0/0","0/0","0/0","0/0","0/0","0/0","0/0","0/0","0/0","0/0","0/0","0/0","0/0","0/0","0/0","0/0","0/0","0/0","0/0","0/0","0/0","0/0","0/0","0/0","0/0","0/0","0/0","0/0","0/0","0/1","0/0","0/0","0/0","0/0","0/0","0/0","0/0","0/0","0/0","0/0","0/0","0/0","0/0","0/0","0/0","0/0","0/0","0/0","0/0","0/0","0/0","0/0","0/0","0/0","0/0","0/0","0/0","0/0","0/0","0/0","0/0","0/0","0/0","0/0","0/0","0/0","0/0","0/0","0/0","0/0","0/0","0/0","0/0","0/0","0/0","0/0","0/0","0/0","0/0","0/0","0/0","0/0","0/0","0/0","0/0","0/0","0/0","0/0","0/0","0/0","0/0","0/0","0/0","0/0","0/0","0/0","0/0","0/0","0/0","0/0","0/0","0/0","0/0","0/0","0/0","0/0","0/0"
"chr9:131020795_GCCT/G_GOLGA2","0/0","0/0","0/0","0/0","0/0","0/0","0/1","0/1","0/1","0/0","0/0","0/0","0/1","0/0","0/1","1/1","0/0","0/0","0/1","0/0","0/1","0/0","0/0","0/1","0/0","0/0","0/0","0/1","0/0","0/1","0/0","1/1","0/0","0/0","0/1","0/0","0/0","0/0","0/1","0/1","0/1","0/1","0/0","0/0","0/0","0/0","0/1","0/1","0/1","0/1","0/1","0/1","0/0","0/1","0/0","0/0","0/0","0/1","0/0","0/1","0/0","0/1","0/0","0/1","0/1","0/1","0/1","0/0","0/0","0/1","0/1","0/1","0/1","0/0","0/0","0/1","0/1","0/0","0/0","1/1","1/1","0/1","0/1","0/0","0/0","0/0","0/0","0/1","0/0","0/0","0/0","0/0","0/0","0/0","0/0","0/0","0/1","0/1","0/1","0/1","0/1","0/1","0/1","0/1","0/1","0/0","0/0","0/1","0/1","0/1","0/0","0/0","0/0","0/1","0/0","1/1","1/1","0/0","0/1","0/0","0/1","0/1","1/1","0/0","0/0","0/0","0/1","0/1","0/1","0/1","0/1","1/1","0/0","0/1","0/0","0/0","0/1","0/1","0/0","0/0","0/0","1/1","1/1","0/0","0/0","0/0","0/1","0/1","0/1","0/1","0/1","0/1","0/1"
"chr9:131235205_CACCT/C_ODF2","0/0","0/0","0/0","0/0","0/0","0/0","0/0","0/0","0/0","0/0","0/0","0/0","0/0","0/0","0/0","0/0","0/0","0/0","0/0","0/0","0/0","0/0","0/0","0/0","0/0","0/0","0/0","0/0","0/0","0/0","0/0","0/0","0/0","0/0","0/0","0/0","0/0","0/0","0/0","0/0","0/0","0/0","0/0","0/0","0/0","0/0","0/0","0/0","0/0","0/0","0/0","0/0","0/0","0/1","0/0","0/0","0/0","0/0","0/0","0/0","0/0","0/0","0/0","0/0","0/0","0/0","0/0","0/0","0/0","0/0","0/0","0/0","0/0","0/0","0/0","0/0","0/0","0/0","0/0","0/0","0/0","0/0","0/0","0/0","0/0","0/0","0/0","0/0","0/0","0/0","0/0","0/0","0/0","0/0","0/0","0/0","0/0","0/0","0/0","0/0","0/0","0/0","0/0","0/0","0/0","0/0","0/0","0/0","0/0","0/0","0/0","0/0","0/0","0/0","0/0","0/0","0/0","0/0","0/0","0/0","0/0","0/0","0/0","0/0","0/0","0/0","0/0","0/0","0/0","0/0","0/0","0/0","0/0","0/0","0/0","0/0","0/0","0/0","0/0","0/0","0/0","0/0","0/0","0/0","0/0","0/0","0/0","0/0","0/0","0/0","0/0","0/0","0/0"
"chr9:131394995_CAGGTAAATTAATTAAGGCCAGGTGCTGTGAGCCTCTGCCCGGGGCACCCACCTGCCCTCCCTGCTCAGGCTCTTGCTTCCCCCGCTCCT/C_SPTAN1","0/0","0/0","0/0","0/0","0/0","0/0","0/0","0/0","0/0","0/0","0/0","0/0","0/0","0/0","0/0","0/0","0/0","0/0","0/0","0/0","0/0","0/0","0/0","0/0","0/0","0/0","0/0","0/0","0/0","0/0","0/0","0/0","0/0","0/0","0/0","0/0","0/0","0/0","0/0","0/0","0/0","0/0","0/0","0/0","0/0","0/0","0/0","0/0","0/0","0/0","0/0","0/0","0/0","0/0","0/0","0/0","0/0","0/0","0/0","0/0","0/0","0/0","0/0","0/0","0/0","0/0","0/0","0/0","0/0","0/0","0/0","0/0","0/0","0/0","0/0","0/0","0/0","0/0","0/0","0/0","0/0","0/0","0/0","0/0","0/0","0/0","0/0","0/0","0/0","0/0","0/0","0/0","0/0","0/0","0/0","0/0","0/0","0/0","0/0","0/0","0/0","0/0","0/0","0/0","0/0","0/0","0/0","0/0","0/0","0/0","0/0","0/0","0/0","0/0","0/0","0/0","0/0","0/0","0/0","0/0","0/0","0/0","0/0","0/0","0/0","0/0","0/0","0/0","0/0","0/0","0/0","0/0","0/0","0/0","0/0","0/0","0/0","0/0","0/0","0/0","0/0","0/0","0/0","0/0","0/0","0/0","0/1","0/0","0/0","0/0","0/0","0/0","0/0"
"chr9:131581276_C/CGCGGCG_ENDOG","0/0","0/0","0/0","0/0","0/0","0/0","0/0","0/0","0/0","0/0","0/0","0/0","0/0","0/0","0/0","0/0","0/0","0/0","0/0","0/0","0/0","0/0","0/0","0/0","0/0","0/0","0/0","0/0","0/0","0/0","0/0","0/0","0/0","0/0","0/0","0/0","0/0","0/0","0/0","0/0","0/0","0/0","0/0","0/0","0/0","0/0","0/0","0/0","0/0","0/0","0/0","0/0","0/0","0/0","0/0","0/0","0/0","0/0","0/0","0/0","0/0","0/0","0/0","0/0","0/0","0/0","0/0","0/0","0/0","0/0","0/0","0/0","0/0","0/0","0/0","0/0","0/0","0/0","0/0","0/0","0/0","0/0","0/0","0/0","0/0","0/0","0/0","0/0","0/0","0/0","0/0","0/0","0/0","0/0","0/0","0/0","0/0","0/0","0/0","0/0","0/0","0/0","0/0","0/0","0/0","0/0","0/0","0/0","0/0","0/0","0/0","0/0","0/0","0/0","0/0","0/0","0/0","0/0","0/0","0/0","0/0","0/0","0/0","0/0","0/0","0/0","0/0","0/0","0/1","0/1","0/1","0/0","0/0","0/0","0/0","0/0","0/0","0/0","0/0","0/0","0/0","0/0","0/0","0/0","0/0","0/0","0/0","0/0","0/0","0/0","0/0","0/0","0/0"
"chr9:131587131_C/CA_C9orf114","0/0","0/0","0/0","0/0","0/0","0/0","0/0","0/0","0/0","0/0","0/0","0/0","0/0","0/0","0/0","0/0","0/0","0/0","0/0","0/0","0/0","0/0","0/0","0/0","0/0","0/0","0/0","0/0","0/0","0/0","0/0","0/0","0/0","0/0","0/0","0/0","0/0","0/0","0/0","0/0","0/0","0/0","0/0","0/0","0/0","0/0","0/0","0/0","0/0","0/0","0/0","0/0","0/0","0/0","0/0","0/0","0/0","0/0","0/0","0/0","0/0","0/0","0/0","0/0","0/0","0/0","0/0","0/0","0/0","0/0","0/0","0/0","0/0","0/0","0/0","0/0","0/0","0/0","0/0","0/0","0/0","0/0","0/0","0/0","0/0","0/0","0/0","0/0","0/0","0/0","0/0","0/0","0/0","0/0","0/0","0/0","0/0","0/0","0/0","0/0","0/0","0/0","0/0","0/0","0/0","0/0","0/0","0/0","0/0","0/0","0/0","0/0","0/0","0/0","0/0","0/1","0/0","0/0","0/0","0/0","0/0","0/0","0/0","0/0","0/0","0/0","0/0","0/0","0/0","0/0","0/0","0/0","0/0","0/0","0/0","0/0","0/0","0/0","0/0","0/0","0/0","0/0","0/0","0/0","0/0","0/0","0/0","0/0","0/0","0/0","0/0","0/0","0/0"
"chr9:131591119_AT/A_C9orf114","0/0","0/0","0/0","0/0","0/0","0/0","0/0","0/0","0/0","0/1","0/0","0/0","0/0","0/0","0/0","0/0","0/0","0/0","0/0","0/0","0/0","0/0","0/0","0/0","0/0","0/0","0/0","0/0","0/0","0/0","0/0","0/0","0/0","0/0","0/0","0/0","0/0","0/0","0/0","0/0","0/0","0/0","0/0","0/0","0/0","0/0","0/0","0/0","0/0","0/0","0/0","0/0","0/0","0/0","0/0","0/0","0/0","0/0","0/0","0/0","0/0","0/0","0/0","0/0","0/0","0/0","0/0","0/0","0/0","0/0","0/0","0/0","0/0","0/0","0/0","0/0","0/0","0/0","0/0","0/0","0/0","0/0","0/0","0/0","0/0","0/0","0/0","0/0","0/0","0/0","0/0","0/0","0/0","0/0","0/0","0/0","0/0","0/0","0/0","0/0","0/0","0/0","0/0","0/0","0/0","0/0","0/0","0/0","0/0","0/0","0/0","0/0","0/0","0/0","0/0","0/0","0/0","0/0","0/0","0/0","0/0","0/0","0/0","0/0","0/0","0/0","0/0","0/0","0/0","0/0","0/0","0/0","0/0","0/0","0/0","0/0","0/0","0/0","0/0","0/0","0/0","0/0","0/0","0/0","0/0","0/0","0/0","0/0","0/0","0/0","0/0","0/0","0/0"
"chr9:131750455_CTCACAACATGGTATGTATTTCTCTTCCAG/C_NUP188","0/0","0/0","0/0","0/0","0/0","0/0","0/0","0/0","0/0","0/0","0/0","0/0","0/1","0/0","0/0","0/0","0/0","0/0","0/0","0/0","0/0","0/0","0/0","0/0","0/0","0/0","0/0","0/0","0/0","0/0","0/0","0/0","0/0","0/0","0/0","0/0","0/0","0/0","0/0","0/0","0/0","0/0","0/0","0/0","0/0","0/0","0/0","0/0","0/0","0/0","0/0","0/0","0/0","0/0","0/0","0/0","0/0","0/0","0/0","0/0","0/0","0/0","0/0","0/0","0/0","0/0","0/0","0/0","0/0","0/0","0/0","0/0","0/0","0/0","0/0","0/0","0/0","0/0","0/0","0/0","0/0","0/0","0/0","0/0","0/0","0/0","0/0","0/0","0/0","0/0","0/0","0/0","0/0","0/0","0/0","0/0","0/0","0/0","0/0","0/0","0/0","0/0","0/0","0/0","0/0","0/0","0/0","0/0","0/0","0/0","0/0","0/0","0/0","0/0","0/0","0/0","0/0","0/0","0/0","0/0","0/0","0/0","0/0","0/0","0/0","0/0","0/0","0/0","0/0","0/0","0/0","0/0","0/0","0/0","0/0","0/0","0/0","0/0","0/0","0/0","0/0","0/0","0/0","0/0","0/0","0/0","0/0","0/0","0/0","0/0","0/0","0/0","0/0"
"chr9:131771466_A/AG_SH3GLB2","0/0","0/0","0/0","0/0","0/0","0/0","0/0","0/0","0/0","0/0","0/0","0/0","0/0","0/0","0/0","0/0","0/0","0/0","0/0","0/0","0/0","0/0","0/0","0/0","0/0","0/0","0/0","0/0","0/0","0/0","0/0","0/0","0/0","0/0","0/0","0/0","0/1","0/0","0/0","0/0","0/0","0/0","0/0","0/0","0/0","0/0","0/0","0/0","0/0","0/0","0/0","0/0","0/0","0/0","0/0","0/0","0/0","0/0","0/0","0/0","0/0","0/0","0/0","0/0","0/0","0/0","0/0","0/0","0/0","0/0","0/0","0/0","0/0","0/0","0/0","0/0","0/0","0/0","0/0","0/0","0/0","0/0","0/0","0/0","0/0","0/0","0/0","0/0","0/0","0/0","0/0","0/0","0/0","0/0","0/0","0/0","0/0","0/0","0/0","0/0","0/0","0/0","0/0","0/0","0/0","0/0","0/0","0/0","0/0","0/0","0/0","0/0","0/0","0/0","0/0","0/0","0/0","0/0","0/0","0/0","0/0","0/0","0/0","0/0","0/0","0/0","0/0","0/0","0/0","0/0","0/0","0/0","0/0","0/0","0/0","0/0","0/0","0/0","0/0","0/0","0/0","0/0","0/0","0/0","0/0","0/0","0/0","0/0","0/0","0/0","0/0","0/0","0/0"
"chr9:131857753_GGGC/G_CRAT","0/0","0/0","0/0","0/0","0/0","0/0","0/0","0/0","0/0","0/0","0/0","0/0","0/0","0/0","0/0","0/0","0/0","0/0","0/0","0/0","0/0","0/0","0/0","0/0","0/0","0/0","0/0","0/0","0/0","0/0","0/0","0/0","0/0","0/0","0/0","0/0","0/0","0/0","0/0","0/0","0/0","0/0","0/0","0/0","0/0","0/0","0/0","0/0","0/0","0/0","0/0","0/0","0/0","0/0","0/0","0/0","0/0","0/0","0/0","0/0","0/0","0/0","0/0","0/0","0/0","0/0","0/0","0/0","0/0","0/0","0/0","0/0","0/0","0/0","0/0","0/0","0/0","0/0","0/0","0/0","0/0","0/0","0/0","0/0","0/0","0/0","0/0","0/0","0/0","0/0","0/0","0/0","0/0","0/0","0/0","0/0","0/0","0/0","0/0","0/0","0/0","0/0","0/0","0/0","0/0","0/1","0/0","0/0","0/0","0/0","0/0","0/0","0/0","0/0","0/0","0/0","0/0","0/0","0/0","0/0","0/0","0/0","0/0","0/0","0/0","0/0","0/0","0/0","0/0","0/0","0/0","0/0","0/0","0/0","0/0","0/0","0/0","0/0","0/0","0/0","0/0","0/0","0/0","0/0","0/0","0/0","0/0","0/0","0/0","0/0","0/0","0/0","0/0"
"chr9:132428199_GGCC/G_PRRX2","0/0","0/0","0/0",".","0/0",".","0/0","0/0","0/0","0/0","0/0","0/0","0/0","0/0","0/0","0/0","0/0","0/0","0/0","0/1","0/0",".","0/0","0/0","0/0","0/0","0/0","0/0","0/0","0/0","0/0","0/0","0/0","0/0","0/0","0/0","0/0","0/0","0/0",".","0/0","0/0","0/0","0/0","0/0","0/0","0/0","0/0","0/0","0/0",".","0/0","0/0","0/0","0/0","0/0","0/0","0/0","0/0","0/0","0/0",".","0/0","0/0","0/0","0/0","0/0","0/0","0/0","0/0",".","0/0","0/0","0/0","0/0","0/0",".","0/0","0/0","0/0","0/0",".","0/0","0/0","0/0","0/0","0/0","0/0","0/0","0/0","0/0","0/0","0/0","0/0","0/0","0/0","0/0",".","0/0","0/0","0/0","0/0","0/0","0/0",".","0/0","0/0",".","0/0","0/0",".",".","0/0",".","0/0","0/0","0/0",".","0/0","0/0","0/0","0/0","0/0","0/0","0/0","0/0","0/0",".","0/0","0/0","0/0","0/0",".","0/0",".","0/0",".",".","0/0","0/0","0/0","0/0","0/0","0/0","0/0","0/0","0/0","0/0","0/0","0/0","0/0",".","0/0"
"chr9:132630664_TGAC/T_USP20","1/1","1/1","1/1","1/1","1/1","1/1","1/1","1/1","1/1","1/1","1/1","1/1","1/1","1/1","1/1","1/1","1/1","1/1","1/1","1/1","1/1","1/1","1/1","1/1","1/1","1/1","1/1","1/1","1/1","1/1","1/1","1/1","1/1","1/1","1/1","1/1","1/1","1/1","1/1","1/1","1/1","1/1","0/1","1/1","1/1","1/1","1/1","1/1","1/1","1/1","1/1","1/1","1/1","1/1","1/1","1/1","1/1","1/1","1/1","1/1","1/1","1/1","1/1","1/1","1/1","1/1","1/1","1/1","1/1","1/1","1/1","1/1","1/1","1/1","1/1","1/1","1/1","1/1","1/1","1/1","1/1","1/1","1/1","1/1","1/1","1/1","1/1","1/1","1/1","1/1","1/1","1/1","1/1","1/1","1/1","1/1","1/1","1/1","1/1","1/1","1/1","1/1","1/1","1/1","1/1","1/1","1/1","1/1","1/1","1/1","1/1","0/1","0/1","1/1","1/1","1/1","1/1","1/1","0/1","1/1","0/1","0/1","1/1","1/1","1/1","1/1","1/1","1/1","1/1","1/1","1/1","1/1","1/1","1/1","1/1","1/1","1/1","1/1","1/1","0/1","1/1","1/1","1/1","1/1","1/1","1/1","1/1","1/1","1/1","1/1","1/1","1/1","1/1"
"chr9:133028204_CGGCAGT/C_HMCN2","1/1","1/1","1/1","1/1","0/1","0/1","1/1","1/1","1/1","1/1","1/1","1/1","0/0","1/1","1/1","1/1","1/1","1/1","1/1","1/1","1/1","1/1","1/1","1/1","1/1","1/1","1/1","0/1","0/1","1/1","1/1","0/1","1/1","0/1","1/1","1/1","1/1","1/1","1/1","1/1","1/1","1/1","1/1","0/1","1/1","1/1","0/1","1/1","1/1","1/1","1/1","0/1","0/1","1/1","1/1","0/1","0/1","0/1","1/1","0/1","1/1","1/1","1/1","1/1","1/1","1/1","1/1","1/1","1/1","1/1","1/1","1/1","1/1","0/1","0/1","1/1","1/1","0/1","0/1","0/1","0/1","1/1","1/1","1/1","1/1","1/1","1/1","1/1","1/1","1/1","0/1","1/1","1/1","1/1","1/1","0/1","1/1","0/1","1/1","1/1","1/1","0/1","1/1","0/1","0/1","0/1","0/1","1/1","1/1","0/1","1/1","1/1","1/1","1/1","1/1","1/1","1/1","1/1","1/1","1/1","1/1","1/1","1/1","1/1","1/1","1/1","1/1","1/1","1/1","1/1","1/1","1/1","1/1","0/1","1/1","1/1","0/1","0/1","1/1","1/1","1/1","1/1","1/1","1/1","1/1","1/1","1/1","1/1","1/1","1/1","1/1","1/1","1/1"
"chr9:133281449_TG/T_HMCN2","0/0","0/0","0/0","0/0","0/0","0/0","0/0","0/0","0/0","0/0","0/0","0/0","0/0","0/0","0/0","0/0","0/0","0/0","0/0","0/0","0/0","0/0","0/0","0/0","0/0","0/0","0/0","0/0","0/0","0/0","0/0","0/0","0/0","0/0","0/0","0/0","0/0","0/0","0/0","0/0","0/0","0/0","0/0","0/0","0/0","0/0","0/0","0/1","0/0","0/0","0/0","0/0","0/0","0/0","0/0","0/0","0/0","0/0","0/0","0/0","0/0","0/0","0/0","0/0","0/0","0/0","0/0","0/0","0/0","0/0","0/0","0/0","0/0","0/0","0/0","0/0","0/0","0/0","0/0","0/0","0/0","0/0","0/0","0/0","0/0","0/0","0/0","0/0","0/0","0/0","0/0","0/0","0/0","0/0","0/0","0/0","0/0","0/0","0/0","0/0","0/0","0/0","0/0","0/0","0/0","0/0","0/0","0/0","0/0","0/0","0/0","0/0","0/0","0/0","0/0","0/0","0/0","0/0","0/0","0/0","0/0","0/0","0/0","0/0","0/0","0/0","0/0","0/0","0/0","0/0","0/0","0/0","0/0","0/0","0/0","0/0","0/0","0/0","0/0","0/0","0/0","0/0","0/0","0/0","0/0","0/0","0/0","0/0","0/0","0/0","0/0","0/0","0/0"
"chr9:133543700_G/GGT_PRDM12","0/0","0/0","0/0","0/0","0/0","0/0","0/0","0/0","0/0","0/0","0/0","0/0","0/0","0/0","0/0","0/0","0/0","0/0","0/0","0/0","0/0","0/0","0/0","0/0","0/0","0/0","0/0","0/0","0/0","0/0","0/0","0/0","0/0","0/0","0/0","0/0","0/0","0/0","0/0","0/0","0/0","0/0","0/0","0/0","0/1","0/0","0/0","0/0","0/0","0/0","0/0","0/0","0/0","0/0","0/0","0/0","0/0","0/0","0/0","0/0","0/0","0/0","0/0","0/0","0/0","0/0","0/0","0/0","0/0","0/0","0/0","0/0","0/0","0/0","0/0","0/0","0/0","0/0","0/0","0/0","0/0","0/0","0/0","0/0","0/0","0/0","0/0","0/0","0/0","0/0","0/0","0/0","0/0","0/0","0/0","0/0","0/0","0/0","0/1","0/1","0/0","0/0","0/0","0/0","0/0","0/0","0/0","0/0","0/0","0/0","0/0","0/0","0/0","0/0","0/0","0/0","0/0","0/0","0/0","0/0","0/0","0/0","0/0","0/0","0/0","0/0","0/0","0/0","0/0","0/0","0/0","0/0","0/0","0/0","0/0","0/0","0/0","0/0","0/0","0/0","0/0","0/0","0/0","0/0","0/0","0/0","0/0","0/0","0/0","0/0","0/0","0/0","0/0"
"chr9:133556992_TCGCCGCCGCCGCCGC/TCGCCGCCGCCGCCGCCGC_PRDM12","1/1",".","0/0",".",".","0/2","0/0","0/0","0/0","1/1","1/1","1/1",".","2/2","1/1","0/1","0/1","1/1","0/1","0/2","0/1","0/0","1/2","2/3","1/2","1/1","1/2","1/2","2/4","1/2","0/2","0/2","0/0","0/0","0/0",".","1/1","1/1","1/1","1/1","1/1","1/1","0/0","0/1","0/1","0/2","0/1","1/1","1/2","1/1","0/2","1/2","1/2","0/1","1/1","0/1","1/1","1/1","1/1","1/2","0/1","1/1","2/4","1/1","1/1","1/1","1/2",".","1/1","1/2",".","1/2","1/2","1/5","1/5","1/1","1/1","2/2","2/2","1/1","1/1","0/0","1/2","1/1",".","2/2","0/2","0/2","0/1","0/1","2/2","0/1","0/2","1/2","1/2","2/2","0/2","1/4","0/2","0/2","1/1","0/2","0/1","0/1","1/1","1/4","1/1","0/3","1/1","0/2","0/0","2/2","2/2","0/2","4/4","1/1","0/1","2/2",".","1/1","1/1","1/1","0/1","0/2","4/4","4/4","1/1","1/2","0/2","1/2",".","2/2","1/2","1/1",".","1/1","0/1","1/1","2/2","2/2","2/2","2/2","2/2",".","0/0","1/2","0/1","1/1","1/1","0/1","0/1","0/0","0/0"
"chr9:133556994_G/GCCA_PRDM12","0/0",".",".","0/0",".","0/2","0/0",".","0/0","0/0","0/0","0/0","0/0","2/2","0/0","0/0","0/0","0/0","0/0","0/2","0/0","0/0","2/2","0/2","2/2","0/0","0/2","0/2","0/2","2/2","0/2","0/2","0/0","0/0","0/0",".","0/0","0/0","0/0","0/0","0/0","0/0","0/0","0/0","0/0","0/2","0/0","0/0","2/2",".","0/2","2/2","2/2","0/0",".","0/1","0/0",".","0/0","2/2","0/0","0/0","0/2","0/0","0/0",".","0/2","0/0","0/0","0/2",".","0/2","2/2","2/2","0/2","0/0","0/0","2/2","2/2","0/0","0/0","0/0","0/2","0/0","0/0","2/2","0/2","0/2","0/0","0/0","2/2",".","0/2","0/2","0/2","2/2","0/2","0/0","0/2","0/2","0/0","0/2","0/0","0/0","0/0","0/0","0/0","0/0","0/0","0/2","0/0","2/2","2/2","0/2","0/0","0/0","0/0","2/2","0/0",".","0/0","0/0","0/0","0/2","0/0","0/0","0/0","2/2","0/2","2/2",".","2/2","2/2","0/0","0/0","0/0","0/0","0/0","2/2","2/2","2/2","2/2","2/2",".",".","0/2","0/0","0/0","0/0","0/0","0/0","0/0","0/0"
"chr9:135201741_GA/G_SETX","0/0","0/0","0/0","0/0","0/0","0/0","0/0","0/0","0/0","0/0","0/0","0/0","0/0","0/0","0/0","0/0","0/0","0/0","0/0","0/0","0/0","0/0","0/0","0/0","0/0","0/0","0/0","0/0","0/0","0/0","0/0","0/0","0/0","0/0","0/0","0/0","0/1","0/0","0/0","0/0","0/0","0/0","0/0","0/0","0/0","0/0","0/0","0/0","0/0","0/0","0/0","0/0","0/0","0/0","0/0","0/0","0/0","0/0","0/0","0/0","0/0","0/0","0/0","0/0","0/0","0/0","0/0","0/0","0/0","0/0","0/0","0/0","0/0","0/0","0/0","0/0","0/0","0/0","0/0","0/0","0/0","0/0","0/0","0/0","0/0","0/0","0/0","0/0","0/0","0/0","0/0","0/0","0/0","0/0","0/0","0/0","0/0","0/0","0/0","0/0","0/0","0/0","0/0","0/0","0/0","0/0","0/0","0/0","0/0","0/0","0/0","0/0","0/0","0/0","0/0","0/0","0/0","0/0","0/0","0/0","0/0","0/0","0/0","0/0","0/0","0/0","0/0","0/0","0/0","0/0","0/0","0/0","0/0","0/0","0/0","0/0","0/0","0/0","0/0","0/0","0/0","0/0","0/0","0/0","0/0","0/0","0/0","0/0","0/0","0/0","0/0","0/0","0/0"
"chr9:135759388_C/CCAG_C9orf9","0/0","0/0","0/0","0/0","0/0","0/0","0/0","0/0","0/0","0/0","0/0","0/0","0/0","0/0","0/0","0/0","0/0","0/0","0/0","0/0","0/0","0/0","0/0","0/0","0/0","0/0","0/0","0/0","0/0","0/0","0/0","0/0","0/0","0/1","0/0","0/0","0/0","0/0","0/0","0/0","0/0","0/0","0/0","0/0","0/0","0/0","0/0","0/0","0/0","0/0","0/0","0/0","0/0","0/0","0/0","0/0","0/0","0/0","0/0","0/0","0/0","0/0","0/0","0/0","0/0","0/0","0/0","0/0","0/0","0/0","0/0","0/0","0/0","0/0","0/0","0/0","0/0","0/0","0/0","0/0","0/0","0/0","0/0","0/0","0/0","0/0","0/0","0/0","0/0","0/0","0/0","0/0","0/0","0/0","0/0","0/0","0/0","0/0","0/0","0/0","0/0","0/0","0/0","0/0","0/0","0/0","0/0","0/0","0/0","0/0","0/0","0/0","0/0","0/0","0/0","0/0","0/0","0/0","0/0","0/0","0/0","0/0","0/0","0/0","0/0","0/0","0/0","0/0","0/0","0/0","0/0","0/0","0/0","0/0","0/0","0/0","0/0","0/0","0/0","0/0","0/0","0/0","0/0","0/0","0/0","0/0","0/0","0/0","0/0","0/0","0/0","0/0","0/0"
"chr9:136132908_T/TC_ABO","0/0","0/0","0/0","1/1","0/0","0/0","1/1","1/1","1/1","0/1","0/0","0/1","0/1","0/0","0/1","0/1","0/1","1/1","1/1","0/0","0/1","0/1","0/0","0/1","0/1","0/0","0/0","1/1","0/1","0/1","0/0","0/0","0/1","0/1","0/0","0/0","0/0","0/1","0/0","0/1","0/1","0/0","0/0","0/1","1/1","0/1","0/0","0/1","0/0","0/1","1/1","0/1","0/1","0/1","0/1","1/1","1/1","0/1","0/1","0/1","0/0","0/1","0/1","0/0","0/0","0/1","0/0","0/0","0/0","0/0","0/1","0/1","0/1","1/1","1/1","1/1","1/1","0/0","0/0","0/1","0/1","1/1","1/1","0/0","0/0","0/1","0/1","1/1","0/1","0/1","0/1","0/0","0/0","0/0","0/0","0/1","1/1","0/1","0/0","0/0","1/1","0/1","1/1","1/1","1/1","0/0","0/0","1/1","1/1","0/1","1/1","0/0","0/0","0/1","0/0","0/0","0/0","0/1","0/0","0/1","0/0","0/0","0/0","0/1","0/0","0/0","0/1","0/1","0/1","0/1","0/1","0/1","0/1","1/1","0/1","0/1","1/1","1/1","0/1","0/1","0/1","0/1","0/1","1/1","1/1","1/1","0/1","0/1","0/1","0/0","0/0","0/0","0/0"
"chr9:138516346_CA/C_GLT6D1","0/0","0/0","0/0","1/1","0/0","0/0","0/0","0/0","0/0","0/0","0/0","0/0","0/0","0/1","0/0","0/0","0/1","0/0","0/0","0/0","0/0","0/0","0/0","0/0","0/1","0/1","0/0","0/0","1/1","0/0","0/0","0/0","0/0","0/0","0/0","0/0","0/1","0/0","0/0","0/0","0/1","0/1","0/1","0/0","0/0","0/1","0/0","0/0","0/0","0/1","0/1","0/1","0/0","0/0","0/1","0/1","0/0","0/0","1/1","0/0","0/1","0/0","0/0","0/0","0/0","0/0","0/1","0/0","0/0","0/1","0/0","0/1","0/1","0/1","0/1","0/0","0/0","0/0","0/0","0/0","0/0","0/1","0/1","0/0","0/0","0/0","0/0","0/0","0/0","0/0","0/0","0/0","0/0","0/1","0/1","0/0","0/0","0/1","1/1","1/1","0/1","0/0","0/1","0/0","0/0","1/1","1/1","0/1","0/1","0/0","1/1","0/0","0/0","0/0","0/1","0/0","0/0","1/1","0/0","1/1","0/0","0/0","0/0","1/1","0/1","0/1","0/0","0/0","0/1","0/1","0/1","0/0","0/1","0/1","0/1","0/1","0/1","0/1","0/1","0/1","0/1","0/0","0/0","0/1","0/1","0/1","0/0","0/0","0/0","0/0","0/0","0/0","0/0"
"chr9:138836941_GCCT/G_UBAC1","0/0","0/0","0/0","0/0","0/1","0/1","0/1","0/1","0/1","0/1","0/1","0/0","0/1","0/0","0/1","1/1","0/1","0/1","0/0","0/0","0/0","0/0","0/1","0/0","0/0","0/1","0/0","0/0","0/1","0/0","0/0","0/0","0/0","0/0","0/0","0/0","0/1","0/0","0/1","0/1","0/0","0/0","0/1","0/0","0/0","0/0","0/0","0/0","0/0","0/0","0/0","0/0","0/0","0/1","0/0","0/1","0/0","0/1","0/0","0/0","0/0","0/0","1/1","0/1","0/1","0/0","0/0","0/0","0/0","0/0","0/0","0/0","0/0","0/1","0/1","0/0","0/0","0/0","0/0","0/0","0/0","0/0","0/0","0/0","0/0","0/0","0/0","0/0","0/0","0/0","0/1","0/1","0/1","0/0","0/0","0/1","0/0","0/0","0/1","0/1","0/1","0/0","0/1","0/1","0/1","0/0","0/0","0/0","0/0","0/0","0/0","0/0","0/0","0/1","0/1","0/0","0/0","0/0","0/1","0/0","0/1","0/1","0/0","0/0","0/1","0/1","0/1","0/1","0/0","0/0","0/0","0/0","0/0","0/0","0/0","0/0","0/0","0/0","0/1","0/1","0/1","0/0","0/0","0/0","0/0","0/0","1/1","1/1","1/1","0/0","0/0","0/0","0/0"
"chr9:139235481_TC/T_GPSM1","0/1","0/1","0/1","0/0","0/1","0/1","0/0","0/0","0/0","0/0","0/1","0/0","0/0","0/1","0/1","0/0","0/1","0/1","0/1","0/0","0/0","0/1","0/1","0/1","0/1","0/1","0/0","0/0","0/0","0/0","0/0","0/0","0/1","0/0","1/1","0/1","0/0","1/1","1/1","0/1","0/1","1/1","0/0","0/0","0/0","0/0","0/0","0/1","0/0","0/0","0/0","0/1","0/0","0/0","0/1","0/0","0/0","0/1","1/1","0/1","0/1","0/1","0/1","1/1","1/1","0/0","0/0","0/1","0/1","0/0","0/0","0/0","0/0","0/0","0/0","0/1","0/1","0/1","0/1","0/0","0/1","0/1","0/0","0/0","0/0","0/0","0/0","0/0","0/1","0/1","0/0","0/1","0/1","0/1","0/1","0/0","0/0","0/1","0/1","0/1","0/0","1/1","0/0","0/1","0/1","0/0","0/0","0/1","0/1","1/1","0/0","0/1","0/1","0/1","0/0","0/1","0/1","0/0","0/0","0/0","0/0","0/0","0/1","0/0","0/0","0/0","0/1","0/1","0/1","0/1","0/1","0/1","1/1","0/1","1/1","1/1","0/1","0/1","0/0","0/1","0/1","0/1","0/1","0/1","0/1","0/1","0/1","0/1","0/1","0/0","0/0","0/0","0/0"
"chr9:139258127_T/TCAGCAACCTCGGCGCGCCGCGCAGCGCAGTCCG_DNLZ","0/0","0/0","0/0","0/0","0/0","0/0","0/0","0/0","0/0","0/0","0/0","0/0","0/0","0/0","0/0","0/0","0/0","0/0","0/0","0/0","0/0","0/0","0/0","0/0","0/0","0/0","0/0","0/1","0/0","0/0","0/0","0/0","0/0","0/0","0/0","0/0","0/0","0/0","0/0","0/0","0/0","0/0","0/0","0/0","0/0","0/0","0/0","0/0","0/1","0/0","0/0","0/0","0/0","0/0","0/0","0/0","0/0","0/0","0/0","0/1","0/0","0/0","0/0","0/0","0/0","0/0","0/0","0/0","0/0","0/0","0/0","0/0","0/0","0/0","0/0","0/0","0/0","0/0","0/0","0/0","0/0","0/0","0/0","0/0","0/0","0/0","0/0","0/0","0/0","0/0","0/0","0/0","0/0","0/0","0/0","0/0","0/0","0/0","0/0","0/0","0/0","0/0","0/0","0/0","0/0","0/0","0/0","0/0","0/0","0/0","0/0","0/0","0/0","0/0","0/0","0/0","0/0","0/0","0/0","0/0","0/0","0/0","0/0","0/0","0/0","0/0","0/0","0/0","0/0","0/0","0/0","0/0","0/0","0/0","0/0","0/0","0/0","0/0","0/0","0/0","0/0","0/0","0/0","0/0","0/0","0/0","0/0","0/0","0/0","0/0","0/0","0/0","0/0"
"chr9:139262236_GC/G_CARD9","0/0","0/0","0/0","0/0","0/0","0/0","0/0","0/0","0/0","0/0","0/0","0/0","0/0","0/0","0/0","0/0","0/0","0/0","0/0","0/0","0/0","0/0","0/0","0/0","0/0","0/0","0/0","0/0","0/0","0/0","0/0","0/0","0/0","0/0","0/0","0/0","0/0","0/0","0/0","0/0","0/0","0/0","0/0","0/0","0/0","0/0","0/0","0/0","0/0","0/0","0/0","0/0","0/0","0/0","0/0","0/0","0/0","0/0","0/0","0/0","0/0","0/0","0/0","0/0","0/0","0/0","0/0","0/0","0/0","0/0","0/0","0/0","0/0","0/0","0/0","0/0","0/0","0/0","0/0","0/0","0/0","0/0","0/0","0/0","0/0","0/0","0/0","0/0","0/0","0/0","0/0","0/0","0/0","0/0","0/0","0/0","0/0","0/0","0/0","0/0","0/0","0/0","0/0","0/0","0/0","0/0","0/0","0/0","0/0","0/0","0/0","0/0","0/0","0/0","0/0","0/0","0/0","0/0","0/0","0/0","0/0","0/0","0/0","0/0","0/0","0/1","0/0","0/0","0/0","0/0","0/0","0/0","0/0","0/0","0/0","0/0","0/0","0/0","0/0","0/0","0/0","0/0","0/0","0/0","0/0","0/0","0/0","0/0","0/0","0/0","0/0","0/0","0/0"
"chr9:139277994_CGCT/C_SNAPC4","0/0","0/0","0/0","0/0","0/0","0/1","0/0","0/0","0/0","0/0","0/0","0/0","0/0","0/0","0/0","0/0","0/0","0/0","0/0","0/0","0/0","0/0","0/0","0/0","0/0","0/0","0/0","0/0","0/0","0/0","0/0","0/0","0/0","0/0","0/0","0/0","0/0","0/0","0/0","0/0","0/0","0/0","0/0","0/0","0/0","0/0","0/0","0/0","0/0","0/0","0/0","0/0","0/1","0/0","0/0","0/0","0/0","0/0","0/0","0/0","0/0","0/0","0/0","0/0","0/0","0/0","0/0","0/2","0/2","0/0","0/0","0/0","0/0","0/0","0/0","0/0","0/0","0/0","0/0","0/0","0/0","0/0","0/0","0/0","0/0","0/1","0/0","0/0","0/0","0/0","0/0","0/0","0/0","0/0","0/0","0/0","0/0","0/0","0/0","0/0","0/0","0/0","0/0","0/0","0/0","0/0","0/0","0/0","0/0","0/0","0/0","0/0","0/0","0/0","0/0","0/0","0/0","0/0","0/0","0/0","0/0","0/0","0/0","0/0","0/0","0/0","0/0","0/0","0/0","0/0","0/0","0/0","0/0","0/0","0/0","0/0","0/0","0/0","0/0","0/0","0/0","0/0","0/0","0/0","0/0","0/0","0/0","0/0","0/0","0/0","0/0","0/0","0/0"
"chr9:139353679_TA/T_SEC16A","0/0","0/0","0/0","0/0","0/0","0/0","0/0","0/0","0/0","0/0","0/0","0/0","0/0","0/0","0/0","0/0","0/0","0/0","0/0","0/0","0/0","0/0","0/0","0/1","0/0","0/0","0/0","0/0","0/0","0/0","0/0","0/0","0/0","0/0","0/0","0/0","0/0","0/0","0/0","0/0","0/0","0/0","0/0","0/0","0/0","0/0","0/0","0/0","0/0","0/0","0/0","0/0","0/0","0/0","0/0","0/0","0/0","0/0","0/0","0/0","0/0","0/0","0/0","0/0","0/0","0/0","0/0","0/0","0/0","0/0","0/0","0/0","0/0","0/0","0/0","0/0","0/0","0/0","0/0","0/0","0/0","0/0","0/0","0/0","0/0","0/0","0/0","0/0","0/0","0/0","0/0","0/0","0/0","0/0","0/0","0/0","0/0","0/0","0/0","0/0","0/0","0/0","0/0","0/0","0/0","0/0","0/0","0/0","0/0","0/0","0/0","0/0","0/0","0/0","0/0","0/0","0/0","0/0","0/0","0/0","0/0","0/0","0/0","0/0","0/0","0/0","0/0","0/0","0/0","0/0","0/0","0/0","0/0","0/0","0/0","0/0","0/0","0/0","0/0","0/0","0/0","0/0","0/0","0/0","0/0","0/0","0/0","0/0","0/0","0/0","0/0","0/0","0/0"
"chr9:139400022_CG/C_NOTCH1","0/0","0/0","0/0","0/0","0/0","0/0","0/0","0/0","0/0","0/0","0/0","0/0","0/0","0/0","0/0","0/0","0/0","0/0","0/0","0/0","0/0","0/0","0/0","0/0","0/0","0/0","0/0","0/0","0/0","0/0","0/0","0/0","0/0","0/0","0/0","0/0","0/0","0/0","0/0","0/0","0/0","0/0","0/0","0/0","0/0","0/0","0/0","0/0","0/0","0/0","0/0","0/0","0/0","0/0","0/0","0/0","0/0","0/0","0/0","0/0","0/0","0/0","0/0","0/0","0/0","0/0","0/0","0/0","0/0","0/0","0/0","0/0","0/0","0/0","0/0","0/0","0/0","0/0","0/0","0/0","0/0","0/1","0/0","0/0","0/0","0/0","0/0","0/0","0/0","0/0","0/0","0/0","0/0","0/0","0/0","0/0","0/0","0/0","0/0","0/0","0/0","0/0","0/0","0/0","0/0","0/0","0/0","0/0","0/0","0/0","0/0","0/0","0/0","0/0","0/0","0/0","0/0","0/0","0/0","0/0","0/0","0/0","0/0","0/0","0/0","0/0","0/0","0/0","0/0","0/0","0/0","0/0","0/0","0/0","0/0","0/0","0/0","0/0","0/0","0/0","0/0","0/0","0/0","0/0","0/0","0/0","0/0","0/0","0/0","0/0","0/0","0/0","0/0"
"chr9:139405700_CCAGCACCACCT/C_NOTCH1","0/0","0/0","0/0","0/0","0/0","0/0","0/0","0/0","0/0","0/0","0/0","0/0","0/0","0/0","0/0","0/0","0/0","0/0","0/0","0/0","0/0","0/0","0/0","0/0","0/0","0/0","0/0","0/0","0/0","0/0","0/0","0/0","0/0","0/0","0/0","0/0","0/0","0/0","0/0","0/0","0/0","0/0","0/0","0/0","0/0","0/0","0/0","0/0","0/0","0/0","0/0","0/0","0/0","0/0","0/0","0/0","0/0","0/0","0/0","0/0","0/0","0/0","0/0","0/0","0/0","0/0","0/0","0/0","0/0","0/0","0/0","0/0","0/0","0/0","0/0","0/0","0/0","0/0","0/0","0/0","0/0","0/0","0/0","0/0","0/0","0/0","0/0","0/0","0/0","0/0","0/0","0/0","0/0","0/0","0/0","0/0","0/0","0/0","0/0","0/0","0/0","0/0","0/0","0/0","0/0","0/0","0/0","0/0","0/0","0/0","0/0","0/0","0/0","0/0","0/0","0/0","0/0","0/0","0/0","0/0","0/0","0/0","0/0","0/0","0/0","0/0","0/0","0/0","0/1","0/0","0/0","0/0","0/0","0/0","0/0","0/0","0/0","0/0","0/0","0/0","0/0","0/0","0/0","0/0","0/0","0/0","0/0","0/0","0/0","0/0","0/0","0/0","0/0"
"chr9:139412626_GC/G_NOTCH1","0/0","0/0","0/0","0/0","0/0","0/0","0/0","0/0","0/0","0/0","0/0","0/0","0/0","0/0","0/0","0/0","0/0","0/0","0/0","0/0","0/0","0/0","0/0","0/0","0/0","0/0","0/0","0/0","0/0","0/0","0/0","0/0","0/0","0/0","0/0","0/0","0/0","0/0","0/0","0/0","0/0","0/0","0/0","0/0","0/0","0/0","0/0","0/0","0/0","0/0","0/0","0/0","0/0","0/0","0/0","0/0","0/0","0/0","0/0","0/0","0/0","0/0","0/0","0/0","0/0","0/0","0/0","0/0","0/0","0/0","0/0","0/0","0/0","0/0","0/0","0/0","0/0","0/0","0/0","0/0","0/0","0/0","0/0","0/0","0/0","0/0","0/0","0/0","0/0","0/0","0/0","0/0","0/0","0/0","0/0","0/0","0/0","0/0","0/0","0/0","0/0","0/0","0/0","0/0","0/0","0/0","0/0","0/0","0/0","0/0","0/0","0/0","0/0","0/0","0/0","0/0","0/0","0/0","0/0","0/0","0/0","0/0","0/0","0/0","0/0","0/0","0/0","0/0","0/0","0/0","0/0","0/0","0/0","0/0","0/0","0/0","0/0","0/0","0/0","0/0","0/0","0/0","0/0","0/1","0/0","0/0","0/0","0/0","0/0","0/0","0/0","0/0","0/0"
"chr9:139581758_C/CCAG_AGPAT2","0/0","0/0","0/0","0/0","0/0","0/0","0/0","0/0","0/0","0/0","0/0","0/0","0/0","0/0","0/0","0/0","0/0","0/0","0/0","0/1","0/0","0/0","0/0","0/0","0/0","0/0","0/0","0/0","0/0","0/0","0/0","0/0","0/0","0/0","0/0","0/0","0/0","0/0","0/0","0/0","0/0","0/0","0/0","0/0","0/0","0/0","0/0","0/0","0/0","0/0","0/0","0/0","0/0","0/0","0/0","0/0","0/0","0/0","0/0","0/0","0/0","0/0","0/0","0/0","0/0","0/0","0/0","0/0","0/0","0/0","0/0","0/0","0/0","0/0","0/0","0/0","0/0","0/1","0/1","0/0","0/0","0/0","0/0","0/0","0/0","0/0","0/0","0/0","0/0","0/0","0/0","0/1","0/1","0/0","0/0","0/0","0/0","0/0","0/0","0/0","0/0","0/0","0/0","0/0","0/0","0/0","0/0","0/0","0/0","0/0","0/0","0/0","0/0","0/0","0/0","0/0","0/0","0/0","0/0","0/0","0/0","0/0","0/0","0/0","0/0","0/0","0/0","0/0","0/0","0/0","0/0","0/0","0/0","0/1","0/0","0/0","0/1","0/1","0/0","0/0","0/0","0/0","0/0","0/0","0/0","0/0","0/0","0/0","0/0","0/0","0/0","0/0","0/0"
"chr9:139617567_CAGG/C_FAM69B","0/0","0/0","0/0","0/0","0/0","0/0","0/0","0/0","0/0","0/0","0/0","0/0","0/0","0/0","0/1","0/0","0/0","0/0","0/0","0/0","0/0","0/0","0/0","0/0","0/0","0/0","0/0","0/0","0/0","0/0","0/0","0/0","0/0","0/0","0/0","0/0","0/0","0/0","0/0","0/0","0/0","0/0","0/0","0/0","0/0","0/0","0/0","0/0","0/0","0/0","0/0","0/0","0/0","0/0","0/0","0/0","0/0","0/0","0/0","0/0","0/0","0/0","0/0","0/0","0/0","0/0","0/0","0/0","0/0","0/0","0/0","0/0","0/0","0/0","0/0","0/0","0/0","0/0","0/0","0/0","0/0","0/0","0/0","0/0","0/0","0/0","0/0","0/0","0/0","0/0","0/0","0/0","0/0","0/0","0/0","0/0","0/0","0/0","0/0","0/0","0/0","0/0","0/0","0/0","0/0","0/0","0/0","0/0","0/0","0/0","0/0","0/0","0/0","0/0","0/0","0/0","0/0","0/0","0/0","0/0","0/0","0/0","0/0","0/0","0/0","0/0","0/0","0/0","0/0","0/0","0/0","0/0","0/0","0/0","0/0","0/0","0/0","0/0","0/0","0/0","0/0","0/0","0/0","0/0","0/0","0/0","0/0","0/0","0/0","0/0","0/0","0/0","0/0"
"chr9:139734632_GAGA/G_RABL6","0/0","0/0","0/0","0/0","0/0","0/0","0/0","0/0","0/0","0/0","0/0","0/0","0/0","0/0","0/0","0/0","0/0","0/0","0/0","0/0","0/0","0/1","0/0","0/0","0/0","0/0","0/0","0/0","0/0","0/0","0/0","0/1","0/0","0/0","0/0","0/0","0/0","0/0","0/0","0/0","0/0","0/0","0/0","0/0","0/0","0/0","0/0","0/0","0/0","0/0","0/0","0/0","0/0","0/0","0/0","0/0","0/0","0/0","0/0","0/0","0/0","0/0","0/0","0/0","0/0","0/0","0/0","0/0","0/0","0/0","0/0","0/0","0/0","0/0","0/0","0/0","0/0","0/0","0/0","0/0","0/0","0/0","0/0","0/0","0/0","0/0","0/0","0/0","0/0","0/0","0/0","0/0","0/0","0/0","0/0","0/0","0/0","0/0","0/0","0/0","0/0","0/0","0/0","0/0","0/0","0/0","0/0","0/0","0/0","0/0","0/0","0/0","0/0","0/0","0/0","0/0","0/0","0/0","0/0","0/0","0/0","0/0","0/0","0/0","0/0","0/0","0/0","0/0","0/0","0/0","0/0","0/0","0/0","0/0","0/0","0/0","0/0","0/0","0/0","0/0","0/0","0/0","0/0","0/0","0/0","0/0","0/0","0/0","0/0","0/0","0/0","0/0","0/0"
"chr9:139836765_AG/A_FBXW5","0/0","0/0","0/0","0/0","0/0","0/0","0/0","0/0","0/0","0/0","0/0","0/0","0/0","0/0","0/0","0/0","0/0","0/0","0/0","0/0","0/0","0/0","0/0","0/0","0/0","0/0","0/0","0/0","0/0","0/0","0/0","0/0","0/0","0/0","0/0","0/0","0/1","0/0","0/0","0/0","0/0","0/0","0/0","0/0","0/0","0/0","0/0","0/0","0/0","0/0","0/0","0/0","0/0","0/0","0/0","0/0","0/0","0/0","0/0","0/0","0/0","0/0","0/0","0/0","0/0","0/0","0/0","0/0","0/0","0/0","0/0","0/0","0/0","0/0","0/0","0/0","0/0","0/0","0/0","0/0","0/0","0/0","0/0","0/0","0/0","0/0","0/0","0/0","0/0","0/0","0/0","0/0","0/0","0/0","0/0","0/0","0/0","0/0","0/0","0/0","0/0","0/0","0/0","0/0","0/0","0/0","0/0","0/0","0/0","0/0","0/0","0/0","0/0","0/0","0/0","0/0","0/0","0/0","0/0","0/0","0/0","0/0","0/0","0/0","0/0","0/0","0/0","0/0","0/0","0/0","0/0","0/0","0/0","0/0","0/0","0/0","0/0","0/0","0/0","0/0","0/0","0/0","0/0","0/0","0/0","0/0","0/0","0/0","0/0","0/0","0/0","0/0","0/0"
"chr9:139964551_TGCG/T_SAPCD2","0/0","0/0","0/0","0/0","0/0","0/0","0/0","0/0","0/0","0/0","0/0","0/0","0/0","0/0","0/0","0/0","0/0","0/0","0/0","0/0","0/0","0/0","0/0","0/0","0/0","0/0","0/0","0/0","0/0","0/0","0/0","0/0","0/0","0/0","0/0","0/0","0/0","0/1","0/0","0/0","0/0","0/0","0/0","0/0","0/0","0/0","0/0","0/0","0/0","0/0","0/0","0/0","0/0","0/0","0/0","0/0","0/0","0/0","0/0","0/0","0/0","0/0","0/0","0/0","0/0","0/0","0/0","0/0","0/0","0/0","0/0","0/0","0/0","0/0","0/0","0/1","0/0","0/0","0/0","0/0","0/0","0/0","0/0","0/0","0/0","0/0",".","0/0","0/0","0/0","0/0","0/0","0/0","0/0","0/0","0/0","0/0","0/0","0/0","0/0","0/0","0/0","0/0","0/0","0/0","0/0","0/0","0/0","0/0","0/0","0/0","0/0","0/0","0/0","0/0","0/0","0/0","0/0","0/0","0/0","0/0","0/0","0/0","0/0","0/0","0/0","0/0","0/0","0/0","0/0","0/0",".","0/0","0/0","0/0","0/0","0/0",".","0/0","0/0","0/0","0/0","0/0","0/0","0/0","0/0","0/0","0/0","0/0","0/0","0/0","0/0","0/0"
"chr9:140007935_G/GCC_DPP7","0/0","0/0","0/0","0/0","0/0","0/0","0/0","0/0","0/0","0/0","0/0","0/0","0/0","0/0","0/0","0/0","0/0","0/0","0/0","0/0","0/0","0/0","0/0","0/0","0/0","0/0","0/0","0/0","0/0","0/0","0/0","0/0","0/0","0/0","0/0","0/0","0/0","0/0","0/0","0/0","0/0","0/0","0/0","0/0","0/0","0/0","0/0","0/0","0/0","0/0","0/0","0/0","0/0","0/0","0/0","0/0","0/0","0/0","0/0","0/0","0/0","0/0","0/0","0/0","0/0","0/0","0/0","0/0","0/0","0/0","0/0","0/0","0/0","0/0","0/0","0/0","0/0","0/0","0/0","0/0","0/0","0/0","0/0","0/0","0/0","0/0","0/0","0/0","0/0","0/0","0/0","0/0","0/0","0/0","0/0","0/0","0/0","0/0","0/0","0/0","0/0","0/0","0/0","0/0","0/0","0/0","0/0","0/0","0/0","0/0","0/0","0/0","0/0","0/0","0/0","0/0","0/0","0/0","0/0","0/0","0/0","0/0","0/0","0/0","0/0","0/0","0/0","0/0","0/0","0/0","0/0","0/0","0/0","0/0","0/0","0/0","0/0","0/0","0/1","0/1","0/1","0/0","0/0","0/0","0/0","0/0","0/0","0/0","0/0","0/0","0/0","0/0","0/0"
"chr9:140008820_G/GT_DPP7","0/0","0/0","0/0","0/0","0/0","0/0","0/0","0/0","0/0","0/0","0/0","0/0","0/0","0/0","0/0","0/0","0/0","0/0","0/0","0/0","0/1","0/0","0/0","0/0","0/0","0/0","0/0","0/0","0/0","0/0","0/0","0/0","0/0","0/0","0/0","0/0","0/0","0/0","0/0","0/0","0/0","0/0","0/0","0/0","0/0","0/0","0/0","0/0","0/0","0/0","0/0","0/0","0/0","0/0","0/0","0/0","0/0","0/0","0/0","0/0","0/0","0/0","0/0","0/0","0/0","0/0","0/0","0/0","0/0","0/0","0/0","0/0","0/0","0/0","0/0","0/0","0/0","0/0","0/0","0/0","0/0","0/0","0/0","0/0","0/0","0/0","0/0","0/0","0/0","0/0","0/0","0/0","0/0","0/0","0/0","0/0","0/0","0/0","0/0","0/0","0/0","0/0","0/0","0/0","0/0","0/0","0/0","0/0","0/0","0/0","0/0","0/0","0/0","0/0","0/0","0/0","0/0","0/0","0/0","0/0","0/0","0/0","0/0","0/0","0/0","0/0","0/0","0/0","0/0","0/0","0/0","0/0","0/0","0/0","0/0","0/0","0/0","0/0","0/0","0/0","0/0","0/0","0/0","0/0","0/0","0/0","0/0","0/0","0/0","0/0","0/0","0/0","0/0"
"chr9:140063957_T/TGCGCAGCGC_LRRC26","0/0","0/0","0/0","0/0","0/0","0/0","0/0","0/0","0/0","0/0","0/0","0/0","0/0","0/0","0/0","0/0","0/0","0/0","0/0","0/0","0/0","0/0","0/0","0/0","0/0","0/0","0/0","0/0","0/0","0/0","0/0","0/0","0/0","0/0","0/0","0/0","0/0","0/0","0/0","0/0","0/0","0/0","0/0","0/0","0/0","0/0","0/0","0/0","0/0","0/0","0/1","0/0","0/0","0/0","0/0","0/0","0/0","0/0","0/0","0/0","0/0","0/0","0/0","0/0","0/0","0/0","0/0","0/0","0/0","0/0","0/0","0/0","0/0","0/0","0/0","0/0","0/0","0/0","0/0","0/0","0/0","0/0","0/1","0/0","0/0","0/0","0/0","0/0","0/0","0/0","0/0","0/0","0/0","0/0","0/0","0/0","0/0","0/0","0/0","0/0","0/0","0/0","0/0","0/0","0/0","0/0","0/0","0/0","0/0","0/0","0/0","0/0","0/0","0/0","0/0","0/0","0/0","0/0","0/0","0/0","0/0","0/0","0/0","0/0","0/0","0/0","0/0","0/0","0/0","0/0","0/0","0/0","0/0","0/0","0/0","0/0","0/0","0/0","0/0","0/0","0/0","0/0","0/0","0/0","0/0","0/0","0/0","0/0","0/0","0/0","0/0","0/0","0/0"
"chr9:140087024_TTCCTCCTCCTCCTCC/TTCCTCCTCC_TPRN","0/1","0/1","0/1","0/1","0/0","0/0","0/0","0/0","0/0","0/0","0/0","0/0","0/0","0/0","0/0","0/0","0/0","0/0","0/0","0/0","0/0","0/0","0/0","0/0","0/0","0/0","0/0","0/0","0/0","0/0","0/0","0/0","0/2","0/0","0/0","0/0","0/0","0/3","0/0","0/0","0/0","0/0","0/0","0/0",".","0/0","0/0","0/0","0/0","0/0","0/3","0/0","0/0","0/0","0/0","0/0","0/0","0/1","0/0","0/0","0/0","0/1","0/0","0/0","0/0","0/3","0/0","0/0","0/0","0/0","0/3","0/0","0/0","0/0","0/0","0/0","0/0","0/0","0/0","0/0","0/0","0/0","0/3","0/3","0/3","0/0","0/0","0/0","0/0","0/0","0/0","0/0","0/0","0/0","0/0","0/0","0/0","0/0","0/0","0/0","0/0","0/1","0/0","0/0","0/0","0/0","0/0","0/0","0/0","0/1","0/1","0/0","0/0","0/0","0/0","0/0","0/0","0/0","0/3","0/0","0/3","0/3","0/0","0/0","0/0","0/0","0/0","0/0","0/0","0/0","0/0","0/0","0/0","0/0","0/0","0/0","0/0","0/0","0/0","0/0","0/0","0/0",".","0/0","0/0","0/0","0/0","0/0","0/0","0/0","0/0","0/0","0/0"
"chr9:140087040_TC/T_TPRN","0/0","0/0","0/0","0/0","0/0","0/0","0/0","0/0","0/0","0/1","0/0","0/0","0/1","0/0","0/0","0/0","0/0","0/0","0/0","0/0","0/0","0/0","0/0","0/0","0/0","0/0","0/0","0/0","0/0","0/0","0/0","0/0","0/0","0/0","0/0","0/0","0/0","0/0","0/0","0/0","0/0","0/0","0/0","0/0","0/1","0/0","0/0","0/0","0/0","0/0","0/0","0/0","0/0","0/0","0/0","0/0","0/0","0/0","0/0","0/0","0/0","0/0","0/0","0/0","0/0","0/0","0/0","0/0","0/0","0/0","0/0","0/0","0/0","0/0","0/0","0/0","0/0","0/0","0/0","0/0","0/0","0/0","0/0","0/0","0/0","0/0","0/0","0/0","0/0","0/0","0/0","0/0","0/0","0/0","0/0","0/0","0/0","0/0","0/0","0/0","0/0","0/0","0/0","0/0","0/0","0/0","0/0","0/0","0/0","0/0","0/0","0/0","0/0","0/0","0/0","0/0","0/0","0/0","0/0","0/0","0/0","0/0","0/0","0/0","0/0","0/0","0/0","0/0","0/0","0/0","0/0","0/1","0/0","0/0","0/0","0/0","0/0","0/0","0/0","0/0","0/0","0/1","0/1","0/0","0/0","0/0","0/0","0/0","0/0","0/0","0/0","0/0","0/0"
"chr9:140087043_TCC/T_TPRN","0/0","0/0","0/0","0/0","0/0","0/0","0/0","0/0","0/0","0/1","0/0","0/0","0/1","0/0","0/0","0/0","0/0","0/0","0/0","0/0","0/0","0/0","0/0","0/0","0/0","0/0","0/0","0/0","0/0","0/0","0/0","0/0","0/0","0/0","0/0","0/0","0/0","0/0","0/0","0/0","0/0","0/0","0/0","0/0","0/1","0/0","0/0","0/0","0/0","0/0","0/0","0/0","0/0","0/0","0/0","0/0","0/0","0/0","0/0","0/0","0/0","0/0","0/0","0/0","0/0","0/0","0/0","0/0","0/0","0/0","0/0","0/0","0/0","0/0","0/0","0/0","0/0","0/0","0/0","0/0","0/0","0/0","0/0","0/0","0/0","0/0","0/0","0/0","0/0","0/0","0/0","0/0","0/0","0/0","0/0","0/0","0/0","0/0","0/0","0/0","0/0","0/0","0/0","0/0","0/0","0/0","0/0","0/0","0/0","0/0","0/0","0/0","0/0","0/0","0/0","0/0","0/0","0/0","0/0","0/0","0/0","0/0","0/0","0/0","0/0","0/0","0/0","0/0","0/0","0/0","0/0","0/1","0/0","0/0","0/0","0/0","0/0","0/0","0/0","0/0","0/0","0/1","0/1","0/0","0/0","0/0","0/0","0/0","0/0","0/0","0/0","0/0","0/0"
"chr9:140114979_GC/G_RNF208","0/0","0/0","0/0","0/0","0/0","0/0","0/0","0/0","0/0","0/0","0/0","0/0","0/0","0/0","0/0","0/0","0/0","0/0","0/0","0/0","0/0","0/0","0/0","0/0","0/0","0/0","0/0","0/0","0/0","0/0","0/0","0/0","0/0","0/0","0/0","0/0","0/1","0/0","0/0","0/0","0/0","0/0","0/0","0/0","0/0","0/0","0/0","0/0","0/0","0/0","0/0","0/0","0/0","0/0","0/0","0/0","0/0","0/0","0/0","0/0","0/0","0/0","0/0","0/0","0/0","0/0","0/0","0/0","0/0","0/0","0/0","0/0","0/0","0/0","0/0","0/0","0/0","0/0","0/0","0/0","0/0","0/0","0/0","0/0","0/0","0/0","0/0","0/0","0/0","0/0","0/0","0/0","0/0","0/0","0/0","0/0","0/0","0/0","0/0","0/0","0/0","0/0","0/0","0/0","0/0","0/0","0/0","0/0","0/0","0/0","0/0","0/0","0/0","0/0","0/0","0/0","0/0","0/0","0/0","0/0","0/0","0/0","0/0","0/0","0/0","0/0","0/0","0/0","0/0","0/0","0/0","0/0","0/0","0/0","0/0","0/0","0/0","0/0","0/0","0/0","0/0","0/0","0/0","0/0","0/0","0/0","0/0","0/0","0/0","0/0","0/0","0/0","0/0"
"chr9:140147822_GATGCACCCTTCTGGCTGGCCAACCCTTCT/G_C9orf173","0/1","0/1","0/1","0/1","0/0","0/0","0/0","0/0","0/0","0/0","0/0","0/0","0/0","0/0","0/0","0/0","0/0","0/0","0/0","0/0","0/0","0/0","0/0","0/0","0/0","0/0","0/0","0/0","0/0","0/0","0/0","0/0","0/0","0/0","0/0","0/0","0/0","0/0","0/0","0/0","0/0","0/0","0/0","0/0","0/0","0/0","0/0","0/0","0/0","0/0","0/0","0/0","0/0","0/0","0/0","0/0","0/0","0/1","0/0","0/0","0/0","0/1","0/0","0/0","0/0","0/0","0/0","0/0","0/0","0/0","0/0","0/0","0/0","0/0","0/0","0/0","0/0","0/0","0/0","0/0","0/0","0/1","0/0","0/0","0/0","0/0","0/0","0/0","0/0","0/0","0/0","0/0","0/0","0/0","0/0","0/0","0/0","0/0","0/0","0/0","0/0","0/1","0/0","0/0","0/0","0/0","0/0","0/0","0/0","0/1","0/1","0/0","0/0","0/0","0/0","0/0","0/0","0/0","0/0","0/0","0/0","0/0","0/0","0/0","0/0","0/0","0/0","0/0","0/0","0/0","0/0","0/0","0/0","0/0","0/0","0/0","0/0","0/0","0/0","0/0","0/0","0/0","0/0","0/0","0/0","0/0","0/0","0/0","0/0","0/1","0/1","0/1","0/1"
"chr9:140356678_TG/T_PNPLA7","0/0","0/0","0/0","0/0","0/0","0/0","0/0","0/0","0/0","0/0","0/0","0/0","0/0","0/0","0/0","0/0","0/0","0/0","0/0","0/0","0/0","0/0","0/0","0/0","0/0","0/0","0/0","0/0","0/0","0/0","0/0","0/1","0/0","0/0","0/0","0/0","0/0","0/0","0/0","0/0","0/0","0/0","0/0","0/0","0/0","0/0","0/0","0/0","0/0","0/0","0/0","0/0","0/0","0/0","0/0","0/0","0/0","0/0","0/0","0/0","0/0","0/0","0/0","0/0","0/0","0/0","0/0","0/0","0/0","0/0","0/0","0/0","0/0","0/0","0/0","0/0","0/0","0/0","0/0","0/0","0/0","0/0","0/0","0/0","0/0","0/0","0/0","0/0","0/0","0/0","0/0","0/0","0/0","0/0","0/0","0/0","0/0","0/0","0/0","0/0","0/0","0/0","0/0","0/0","0/0","0/0","0/0","0/0","0/0","0/0","0/0","0/0","0/0","0/0","0/0","0/0","0/0","0/0","0/0","0/0","0/0","0/0","0/0","0/0","0/0","0/0","0/0","0/0","0/0","0/0","0/0","0/0","0/0","0/0","0/0","0/0","0/0","0/0","0/0","0/0","0/0","0/0","0/0","0/0","0/0","0/0","0/0","0/0","0/0","0/0","0/0","0/0","0/0"
"chr9:140918170_TGGAGAAGGAGACCAC/T_CACNA1B","1/1","1/1","1/1","1/1","1/1","1/1","0/1","0/1","0/1","1/1","0/1","1/1","0/1","1/1","1/1","1/1","1/1","0/1","1/1","0/0","0/1","0/1","0/0","0/1","0/1","1/1","1/1","1/1","0/1","1/1","1/1","1/1","0/1","0/0","1/1","1/1","1/1","1/1","0/0","0/1","1/1","1/1","1/1","0/0","1/1","0/1","1/1","0/1","0/0","0/1","1/1","0/0","1/1","1/1","0/0","0/1","0/0","1/1","0/1","0/1","1/1","1/1","0/1","0/1","0/1","0/0","0/1","0/1","0/1","0/1","0/0","1/1","1/1","0/1","0/1","0/1","0/1","1/1","1/1","0/1","0/1","1/1","1/1","1/1","1/1","1/1","1/1","0/1","0/1","0/1","1/1","0/1","0/1","0/1","0/1","1/1","0/1","0/0","0/0","0/0","0/0","1/1","0/0","1/1","1/1","1/1","1/1","0/1","0/1","1/1","1/1","0/1","0/1","1/1","1/1","0/0","0/0","0/0","1/1","0/0","1/1","1/1","0/0","0/0","1/1","1/1","1/1","1/1","0/0","0/0","0/0","0/1","1/1","1/1","1/1","1/1","1/1","1/1","1/1","0/1","1/1","0/1","0/1","1/1","1/1","1/1","1/1","1/1","1/1","0/0","0/0","0/0","0/0"
"chr9:141107536_GGCAGCAGCAGCA/GGCAGCAGCAGCAGCA_FAM157B","0/1","0/1","0/1","0/0","0/2","0/0","0/0","0/2","0/0","2/2","1/2","0/2","0/2","0/1","0/2","1/3","0/2","0/4","1/1","4/4","0/2","0/2","0/1","1/2","1/1","1/2","0/2","2/2","0/0","0/2","1/2","0/0","0/1","0/1","0/0","2/2","0/0","0/2","2/2","0/0","0/2","1/1","1/4","0/2","0/2","0/3","0/2","0/1","0/2","0/2","2/4","1/1","2/2","0/2","0/1","0/0","1/2","0/1","1/1","0/1","1/2","0/2","1/2","0/2","0/2","0/2","1/1","0/2","0/2","0/1","0/2","0/2","2/2","0/1","0/1","1/2","1/2","1/1","0/1","0/1","0/0","2/2","2/4","2/5","2/5","0/2","0/2","0/0","3/4","3/3","0/0","0/1","0/1","2/6","2/6","0/2","0/0","0/0","1/2","1/2","0/1","2/4","0/1","0/2","2/2","0/0","0/0","0/0","0/0","2/4","0/0","0/2","0/2","0/2","0/1","0/1","1/1","0/1","0/2","0/1","2/3","2/3","1/1","0/1","0/1","0/1","0/2","0/2","0/1","0/1","0/1","0/0","0/2","0/2","0/2","0/2","0/2","0/0","2/2","0/2","2/2","0/0","0/0","2/2","2/2","2/2","1/2","1/2","1/2","0/1","0/1","0/1","0/1"
"chr10:5567201_CATG/C_CALML3","0/0","0/0","0/0","0/0","0/0","0/0","0/0","0/0","0/0","0/0","0/0","0/0","0/0","0/0","0/0","0/0","0/0","0/0","0/0","0/0","0/0","0/0","0/0","0/0","0/0","0/0","0/0","0/0","0/0","0/0","0/0","0/0","0/0","0/0","0/0","0/0","0/0","0/0","0/0","0/0","0/0","0/0","0/0","0/0","0/0","0/0","0/1","0/0","0/0","0/0","0/0","0/0","0/0","0/0","0/0","0/0","0/0","0/0","0/0","0/0","0/0","0/0","0/0","0/0","0/0","0/0","0/0","0/0","0/0","0/0","0/0","0/0","0/0","0/0","0/0","0/0","0/0","0/0","0/0","0/0","0/0","0/0","0/0","0/0","0/0","0/0","0/0","0/0","0/0","0/0","0/0","0/0","0/0","0/0","0/0","0/0","0/0","0/0","0/0","0/0","0/0","0/0","0/0","0/0","0/0","0/0","0/0","0/0","0/0","0/0","0/0","0/0","0/0","0/0","0/0","0/0","0/0","0/0","0/0","0/0","0/0","0/0","0/0","0/0","0/0","0/0","0/0","0/0","0/0","0/0","0/0","0/0","0/0","0/0","0/0","0/0","0/0","0/0","0/0","0/0","0/0","0/0","0/0","0/0","0/0","0/0","0/0","0/0","0/0","0/0","0/0","0/0","0/0"
"chr10:5789966_CCTGCCTCAG/C_FAM208B","1/1","1/1","1/1","0/0","0/0","0/0","1/1","1/1","1/1","1/1","0/1","0/1","0/1","0/1","1/1","0/0","1/1","0/1","0/1","1/1","0/0","1/1","0/1","0/1","0/0","0/1","0/1","1/1","1/1","0/1","0/1","0/1","0/1","0/1","1/1","0/0","0/1","0/1","0/1","1/1","0/1","0/1","0/0","0/0","0/0","0/0","0/1","0/1","0/1","1/1","0/1","0/0","1/1","0/1","0/1","0/1","0/0","1/1","0/0","0/0","0/0","1/1","0/0","1/1","1/1","1/1","0/0","0/1","0/1","0/0","1/1","0/0","0/0","0/1","0/1","0/0","0/0","0/1","0/1","0/1","0/1","0/0","0/1","0/0","0/0","0/1","0/1","0/1","0/1","0/1","0/0","0/1","0/1","0/0","0/0","0/0","0/1","0/1","0/1","0/1","0/1","0/1","0/1","0/0","0/0","0/1","0/1","0/1","0/1","0/1","0/0","0/1","0/1","0/1","1/1","0/0","0/0","0/0","1/1","0/0","1/1","1/1","0/0","0/0","1/1","1/1","0/1","0/1","0/0","0/0","0/0","0/1","0/0","0/1","0/0","0/0","0/1","0/1","0/1","0/1","0/1","0/1","0/1","0/1","0/1","0/1","1/1","1/1","1/1","0/1","0/1","0/1","0/1"
"chr10:8100727_T/TC_GATA3","0/0","0/0","0/0","0/0","0/0","0/0","0/0","0/0","0/0","0/0","0/0","0/0","0/0","0/0","0/0","0/0","0/0","0/0","0/0","0/0","0/0","0/0","0/0","0/0","0/0","0/0","0/0","0/0","0/0","0/0","0/0","0/0","0/0","0/0","0/0","0/0","0/1","0/0","0/0","0/0","0/0","0/0","0/0","0/0","0/0","0/0","0/0","0/0","0/0","0/0","0/0","0/0","0/0","0/0","0/0","0/0","0/0","0/0","0/0","0/0","0/0","0/0","0/0","0/0","0/0","0/0","0/0","0/0","0/0","0/0","0/0","0/0","0/0","0/0","0/0","0/0","0/0","0/0","0/0","0/0","0/0","0/0","0/0","0/0","0/0","0/0","0/0","0/0","0/0","0/0","0/0","0/0","0/0","0/0","0/0","0/0","0/0","0/0","0/0","0/0","0/0","0/0","0/0","0/0","0/0","0/0","0/0","0/0","0/0","0/0","0/0","0/0","0/0","0/0","0/0","0/0","0/0","0/0","0/0","0/0","0/0","0/0","0/0","0/0","0/0","0/0","0/0","0/0","0/0","0/0","0/0","0/0","0/0","0/0","0/0","0/0","0/0","0/0","0/0","0/0","0/0","0/0","0/0","0/0","0/0","0/0","0/0","0/0","0/0","0/0","0/0","0/0","0/0"
"chr10:12940596_CT/C_CCDC3","0/0","0/0","0/0","0/0","0/0","0/0","0/0","0/0","0/0","0/0","0/0","0/0","0/0","0/0","0/0","0/0","0/0","0/0","0/0","0/0","0/0","0/0","0/0","0/0","0/0","0/0","0/0","0/0","0/0","0/0","0/0","0/0","0/0","0/0","0/0","0/0","0/0","0/0","0/0","0/0","0/0","0/0","0/0","0/0","0/0","0/0","0/0","0/0","0/0","0/0","0/0","0/0","0/0","0/0","0/0","0/0","0/0","0/0","0/0","0/0","0/0","0/0","0/0","0/0","0/0","0/1","0/0","0/0","0/0","0/0","0/1","0/0","0/0","0/0","0/0","0/0","0/0","0/0","0/0","0/0","0/0","0/0","0/0","0/0","0/0","0/0","0/0","0/0","0/0","0/0","0/0","0/0","0/0","0/0","0/0","0/0","0/0","0/0","0/0","0/0","0/0","0/0","0/0","0/0","0/0","0/0","0/0","0/0","0/0","0/0","0/0","0/0","0/0","0/0","0/0","0/0","0/0","0/0","0/0","0/0","0/0","0/0","0/0","0/0","0/0","0/0","0/0","0/0","0/0","0/0","0/0","0/0","0/0","0/0","0/0","0/0","0/0","0/0","0/0","0/0","0/0","0/0","0/0","0/0","0/0","0/0","0/0","0/0","0/0","0/0","0/0","0/0","0/0"
"chr10:13696451_TG/T_FRMD4A","0/0","0/0","0/0","0/0","0/0","0/0","0/0","0/0","0/0","0/0","0/0","0/0","0/0","0/0","0/0","0/0","0/0","0/0","0/0","0/0","0/0","0/0","0/0","0/0","0/0","0/0","0/0","0/0","0/0","0/0","0/0","0/0","0/0","0/0","0/0","0/0","0/1","0/0","0/0","0/0","0/0","0/0","0/0","0/0","0/0","0/0","0/0","0/0","0/0","0/0","0/0","0/0","0/0","0/0","0/0","0/0","0/0","0/0","0/0","0/0","0/0","0/0","0/0","0/0","0/0","0/0","0/0","0/0","0/0","0/0","0/0","0/0","0/0","0/0","0/0","0/0","0/0","0/0","0/0","0/0","0/0","0/0","0/0","0/0","0/0","0/0","0/0","0/0","0/0","0/0","0/0","0/0","0/0","0/0","0/0","0/0","0/0","0/0","0/0","0/0","0/0","0/0","0/0","0/0","0/0","0/0","0/0","0/0","0/0","0/0","0/0","0/0","0/0","0/0","0/0","0/0","0/0","0/0","0/0","0/0","0/0","0/0","0/0","0/0","0/0","0/0","0/0","0/0","0/0","0/0","0/0","0/0","0/0","0/0","0/0","0/0","0/0","0/0","0/0","0/0","0/0","0/0","0/0","0/0","0/0","0/0","0/0","0/0","0/0","0/0","0/0","0/0","0/0"
"chr10:13698923_T/TCGC_FRMD4A","0/0","0/0","0/0","0/0","0/0","0/0","0/0","0/0","0/0","0/0","0/0","0/0","0/0","0/0","0/0","0/0","0/0","0/0","0/0","0/0","0/0","0/0","0/0","0/0","0/0","0/0","0/1","0/0","0/0","0/0","0/0","0/0","0/1","0/0","0/0","0/0","0/0","0/0","0/0","0/0","0/0","0/0","0/1","0/0","0/0","0/0","0/0","0/0","0/0","0/0","0/0","0/0","0/0","0/0","0/1","0/0","0/0","0/0","0/0","0/0","0/0","0/0","0/0","0/0","0/0","0/0","0/0","0/0","0/0","0/0","0/0","0/0","0/0","0/1","0/1","0/0","0/0","0/0","0/0","0/0","0/0","0/0","0/0","0/0","0/0","0/1","0/1","0/0","0/0","0/0","0/0","0/0","0/0","0/0","0/0","0/0","0/0","0/0","0/0","0/0","0/0","0/0","0/0","0/0","0/0","0/0","0/0","0/0","0/0","0/0","0/0","0/0","0/0","0/0","0/0","0/0","0/0","0/0","0/0","0/0","0/0","0/0","0/0","0/0","0/0","0/0","0/0","0/0","0/0","0/0","0/0","0/1","0/0","0/0","0/0","0/0","0/0","0/0","0/0","0/0","0/0","0/1","0/1","0/0","0/0","0/0","0/0","0/0","0/0","0/0","0/0","0/0","0/0"
"chr10:14951098_ACTT/A_DCLRE1C","0/0","0/0","0/0","0/0","0/0","0/0","0/0","0/0","0/0","0/0","0/0","0/0","0/0","0/0","0/0","0/0","0/0","0/0","0/0","0/0","0/0","0/0","0/0","0/0","0/0","0/0","0/0","0/0","0/0","0/1","0/0","0/0","0/0","0/0","0/0","0/0","0/0","0/0","0/0","0/0","0/0","0/0","0/0","0/0","0/0","0/0","0/0","0/0","0/0","0/0","0/0","0/0","0/0","0/0","0/0","0/0","0/0","0/0","0/0","0/0","0/0","0/0","0/0","0/0","0/0","0/0","0/0","0/0","0/0","0/0","0/0","0/0","0/0","0/0","0/0","0/0","0/0","0/0","0/0","0/0","0/0","0/0","0/0","0/0","0/0","0/0","0/0","0/0","0/0","0/0","0/0","0/0","0/0","0/0","0/0","0/0","0/0","0/0","0/0","0/0","0/0","0/0","0/0","0/0","0/0","0/0","0/0","0/0","0/0","0/0","0/0","0/0","0/0","0/0","0/0","0/0","0/0","0/0","0/0","0/0","0/0","0/0","0/0","0/0","0/0","0/0","0/0","0/0","0/0","0/0","0/0","0/0","0/0","0/0","0/0","0/0","0/0","0/0","0/0","0/0","0/0","0/0","0/0","0/0","0/0","0/0","0/0","0/0","0/0","0/0","0/0","0/0","0/0"
"chr10:15255413_AT/A_FAM171A1","0/0","0/0","0/0","0/0","0/0","0/0","0/0","0/0","0/0","0/0","0/0","0/0","0/0","0/0","0/0","0/0","0/0","0/0","0/0","0/0","0/0","0/0","0/0","0/0","0/0","0/0","0/0","0/0","0/0","0/0","0/0","0/0","0/0","0/0","0/0","0/0","0/0","0/0","0/0","0/0","0/0","0/0","0/0","0/0","0/0","0/0","0/0","0/0","0/0","0/0","0/0","0/0","0/0","0/0","0/0","0/0","0/0","0/0","0/0","0/0","0/0","0/0","0/0","0/0","0/0","0/0","0/0","0/0","0/0","0/0","0/0","0/0","0/0","0/0","0/0","0/0","0/0","0/0","0/0","0/1","0/0","0/0","0/0","0/0","0/0","0/0","0/0","0/0","0/0","0/0","0/0","0/0","0/0","0/0","0/0","0/0","0/0","0/0","0/0","0/0","0/0","0/0","0/0","0/0","0/0","0/0","0/0","0/0","0/0","0/0","0/0","0/0","0/0","0/0","0/0","0/0","0/0","0/0","0/0","0/0","0/0","0/0","0/0","0/0","0/0","0/0","0/0","0/0","0/0","0/0","0/0","0/0","0/0","0/0","0/0","0/0","0/0","0/0","0/0","0/0","0/0","0/0","0/0","0/0","0/0","0/0","0/0","0/0","0/0","0/0","0/0","0/0","0/0"
"chr10:17496193_CGCA/C_ST8SIA6","0/0","0/0","0/0","0/0","0/0","0/0","0/0","0/0","0/1","0/0","0/0","0/0","0/0","0/0","0/0","0/0","0/0","0/0","0/0","0/0","0/0","0/0","0/0","0/0","0/0","0/0","0/0","0/0","0/0","0/0","0/0","0/0","0/0","0/0","0/0","0/0","0/0","0/0","0/0","0/0","0/0","0/0","0/0","0/0","0/0","0/0","0/0","0/1","0/0","0/0","0/0","0/0","0/0","0/0","0/1","0/0","0/0","0/0","0/0","0/0","0/0","0/0","0/0","0/0","0/0","0/0","0/0","0/0","0/0","0/0","0/0","0/0","0/0","0/0","0/0","0/0","0/0","0/0","0/0","0/0","0/0","0/0","0/0","0/0","0/0","0/0","0/0","0/0","0/0","0/0","0/0","0/0","0/0","0/0","0/0","0/0","0/0","0/0","0/0","0/0","0/0","0/0","0/0","0/0","0/0","0/0","0/0","0/0","0/0","0/0","0/0","0/0","0/0","0/0","0/0","0/0","0/0","0/0","0/0","0/0","0/1","0/0","0/0","0/0","0/0","0/0","0/1","0/0","0/0","0/0","0/0","0/0","0/0","0/0","0/0","0/0","0/0","0/0","0/0","0/0","0/0","0/0","0/0","0/0","0/0","0/0","0/0","0/0","0/0","0/0","0/0","0/0","0/0"
"chr10:19641159_GC/G_MALRD1","0/0","0/0","0/0","0/0","0/0","0/0","0/0","0/0","0/0","0/0","0/1","0/0","0/0","0/0","0/0","0/0","0/0","0/0","0/0","0/0","0/0","0/0","0/0","0/0","0/0","0/0","0/0","0/0","0/0","0/0","0/0","0/0","0/0","0/0","0/0","0/0","0/0","0/0","0/0","0/0","0/0","0/0","0/0","0/0","0/0","0/0","0/0","0/0","0/0","0/0","0/0","0/0","0/0","0/1","0/0","0/0","0/0","0/0","0/0","0/0","0/0","0/0","0/0","0/0","0/0","0/0","0/0","0/0","0/0","0/0","0/0","0/0","0/0","0/0","0/0","0/0","0/0","0/0","0/0","0/0","0/0","0/0","0/0","0/0","0/0","0/0","0/0","0/0","0/0","0/0","0/0","0/0","0/0","0/0","0/0","0/0","0/0","0/0","0/0","0/0","0/0","0/0","0/0","0/0","0/0","0/0","0/0","0/0","0/0","0/0","0/0","0/0","0/0","0/0","0/0","0/0","0/0","0/0","0/0","0/0","0/0","0/0","0/0","0/0","0/0","0/0","0/0","0/0","0/0","0/0","0/0","0/0","0/0","0/0","0/0","0/0","0/0","0/0","0/0","0/0","0/0","0/0","0/0","0/0","0/0","0/0","0/0","0/0","0/0","0/0","0/0","0/0","0/0"
"chr10:21435340_ACACT/A_C10orf113","0/1","0/1","0/1","0/1","1/1","1/1","0/0","0/0","0/0","0/0","0/0","0/1","0/1","0/1","0/1","0/1","0/1","0/1","0/0","1/1","0/1","0/1","0/0","0/1","0/0","0/0","0/1","0/1","0/1","0/1","0/1","0/1","0/0","0/0","0/0","0/0","1/1","1/1","0/0","0/0","0/1","0/1","0/1","0/0","1/1","0/0","0/1","0/1","0/0","0/0","0/0","0/1","0/0","0/1","0/0","0/0","1/1","0/0","0/1","0/0","0/1","0/0","0/1","0/1","0/1","0/1","0/1","0/1","0/1","0/1","0/1","0/0","0/0","0/0","0/0","0/0","0/0","0/0","0/0","0/0","0/0","0/0","0/0","0/1","0/1","0/0","0/0","1/1","1/1","1/1","1/1","0/1","0/1","0/0","0/0","1/1","1/1","0/1","1/1","1/1","1/1","0/1","1/1","0/1","0/1","0/0","0/0","0/1","0/1","0/1","0/1","0/0","0/0","0/0","0/0","0/0","0/0","1/1","0/0","1/1","0/0","0/0","0/0","1/1","0/0","0/0","0/0","0/0","0/0","0/0","0/0","0/1","0/0","1/1","0/0","0/0","1/1","1/1","0/1","0/1","0/1","0/1","0/1","0/0","0/0","0/0","0/1","0/1","0/1","0/0","0/0","0/0","0/0"
"chr10:21805466_C/CCCTCCT_SKIDA1","0/1","0/1","0/1","0/1","0/1","0/1","0/1","1/1","1/1","0/0","0/1","0/1","0/0","0/1","0/0","0/0","1/1","0/1","0/1","0/1","0/1","0/0","0/1","0/1","0/0","0/0","0/1","0/1","0/0","1/1","1/1","1/1","0/1","0/1","0/1","0/1","0/0","0/0","0/1","0/1","0/1","0/1","0/0","0/1","1/1","0/0","1/1","0/1","0/1","1/1","0/0","0/0","0/0","0/1","0/1","0/1","0/0","1/1","0/1","0/1","0/1","0/1","0/0","0/1","0/1","0/0","0/1","0/0","0/0","0/1","0/0","0/0","0/0","0/1","0/1","0/1","0/1","0/1","1/1","0/0","0/0","0/0","0/0","0/0","0/0","0/0","0/0","0/1","0/1","0/1","0/0","0/1","0/1","0/1","0/1","0/0","0/1","0/0","0/1","0/1","1/1","0/0","1/1","0/1","0/1","0/0","0/0","0/0","0/0","0/0","0/1","0/1","0/1","1/1","0/0","0/1","0/1","0/0","0/1","0/0","0/1","0/1","0/1","0/0","0/0","0/0","1/1","1/1","0/0","0/0","0/0","0/1","0/1","0/1","0/1","0/1","0/1","0/1","0/1","0/1","0/1","0/1","0/1","0/1","0/1","0/1","0/0","0/0","0/0","0/1","0/1","0/1","0/1"
"chr10:21805697_C/CGGT_SKIDA1","0/0","0/0","0/0","0/0","0/0","0/0","0/0","0/0","0/0","0/0","0/0","0/0","0/0","0/0","0/0","0/0","0/0","0/0","0/0","0/0","0/0","0/0","0/0","0/0","0/0","0/0","0/0","0/0","0/0","0/0","0/0","0/0","0/0","0/0","0/0","0/0","0/0","0/0","0/0","0/0","0/0","0/0","0/0","0/0","0/0","0/0","0/0","0/0","0/0","0/0","0/0","0/0","0/0","0/0","0/0","0/0","0/0","0/0","0/0","0/0","0/0","0/0","0/0","0/0","0/0","0/0","0/0","0/0","0/0","0/0","0/0","0/0","0/0","0/0","0/0","0/0","0/0","0/0","0/0","0/0","0/0","0/0","0/0","0/0","0/0","0/0","0/0","0/0","0/0","0/0","0/0","0/0","0/0","0/0","0/0","0/0","0/0","0/0","0/0","0/0","0/0","0/0","0/0","0/0","0/0","0/0","0/0","0/0","0/1","0/0","0/0","0/0","0/0","0/0","0/0","0/0","0/0","0/0","0/0","0/0","0/0","0/0","0/0","0/0","0/0","0/0","0/0","0/0","0/0","0/0","0/0","0/0","0/0","0/0","0/0","0/0","0/0","0/0","0/0","0/0","0/0","0/0","0/0","0/0","0/0","0/0","0/0","0/0","0/0","0/0","0/0","0/0","0/0"
"chr10:21805819_T/TGCC_SKIDA1","0/0","0/0","0/0","0/0","0/0","0/0","0/0","0/0","0/0","0/0","0/0","0/0","0/0","0/0","0/1","0/0","0/0","0/0","0/0","0/0","0/0","0/0","0/0","0/0","0/0","0/0","0/0","0/0","0/0","0/0","0/0","0/0","0/0","0/0","0/0","0/0","0/0","0/0","0/0","0/0","0/0","0/1","0/0","0/0","0/0","0/0","0/0","0/0","0/0","0/0","0/0","0/0","0/0","0/0","0/0","0/0","0/0","0/0","0/0","0/0","0/0","0/0","0/0","0/0","0/0","0/0","0/0","0/0","0/0","0/0","0/0","0/0","0/0","0/0","0/0","0/0","0/0","0/0","0/0","0/0","0/0","0/0","0/0","0/0","0/0","0/0","0/0","0/0","0/0","0/0","0/0","0/0","0/0","0/0","0/0","0/0","0/0","0/0","0/0","0/0","0/0","0/0","0/0","0/0","0/0","0/0","0/0","0/0","0/0","0/0","0/0","0/0","0/0","0/0","0/0","0/0","0/0","0/0","0/0","0/0","0/0","0/0","0/0","0/0","0/0","0/0","0/0","0/0","0/0","0/0","0/0","0/0","0/0","0/0","0/0","0/0","0/0","0/0","0/0","0/0","0/0","0/0","0/0","0/0","0/0","0/0","0/0","0/0","0/0","0/0","0/0","0/0","0/0"
"chr10:21806019_AGGC/AGGCGGC_SKIDA1","0/0","0/0","0/0","0/0","0/0","0/0","0/0","0/0","0/0","0/0","0/0","0/0","0/0","0/0","0/0","0/0","0/0","0/0","0/0","0/0","0/1","0/0","0/0","0/0","0/0","0/0","0/0","0/0","0/0","0/0","0/0","0/0","0/0","0/2","0/0","0/0","0/0","0/0","0/0","0/0","0/0","0/0","0/0","0/0","0/0","0/0","0/0","0/0","0/0","0/2","0/0","0/0","0/0","0/0","0/0","0/0","0/0","0/0","0/0","0/0","0/0","0/0","0/0","0/0","0/0","0/0","0/0","0/0","0/0","0/0","0/0","0/0","0/0","0/0","0/0","0/0","0/0","0/0","0/0","0/0","0/0","0/0","0/0","0/0","0/0","0/0","0/0","0/0","0/0","0/0","0/0","0/0","0/0","0/0","0/0","0/0","0/0","0/0","0/0","0/0","0/0","0/0","0/0","0/0","0/0","0/0","0/0","0/0","0/0","0/0","0/0","0/0","0/0","0/0","0/0","0/0","0/0","0/0","0/0","0/0","0/0","0/0","0/0","0/0","0/0","0/0","0/0","0/0","0/0","0/0","0/0","0/0","0/0","0/0","0/0","0/0","0/0","0/0","0/0","0/0","0/0","0/0","0/0","0/0","0/0","0/0","0/0","0/0","0/0","0/0","0/0","0/0","0/0"
"chr10:21875220_TAGAGATGTGAAC/T_MLLT10","0/0","0/0","0/0","0/0","0/0","0/0","0/0","0/0","0/0",".","0/0","0/0","0/0","0/0","0/0","0/0","0/0","0/0","0/0","0/0","0/0","0/0","0/0","0/0","0/0","0/0","0/0","0/0","0/0","0/0","0/0","0/0","0/0","0/0","0/0","0/0","0/0","0/0","0/0","0/0","0/0","0/0","0/0","0/0","0/0","0/0","0/0","0/0","0/0","0/0","0/0","0/0","0/0","0/0","0/0","0/0","0/0","0/0","0/0","0/0","0/0","0/0",".","0/0","0/0","0/0","0/0","0/0","0/1","0/0","0/0",".","0/0","0/0","0/0","0/0","0/0","0/0","0/0","0/0","0/0","0/0","0/0","0/0","0/0","0/0","0/0","0/0","0/0","0/0","0/0","0/0","0/0","0/0","0/0","0/0","0/0","0/0","0/0","0/0","0/0","0/0","0/0","0/0","0/0","0/0","0/0","0/0","0/0","0/0","0/0","0/0","0/0","0/0","0/0","0/0","0/0","0/0","0/0","0/0","0/0","0/0","0/0","0/0","0/0","0/0","0/0","0/0","0/0","0/0","0/0","0/0","0/0","0/0","0/0","0/0","0/0","0/0","0/0","0/0","0/0","0/0","0/0","0/0","0/0","0/0","0/0","0/0","0/0","0/0","0/0","0/0","0/0"
"chr10:22498484_C/CAGA_EBLN1","0/1","0/1","0/1","0/0","0/0","0/0","0/0","0/0","0/0","0/1","0/0","0/0","0/1","0/0","0/1","0/0","0/1","0/1","0/0","0/0","0/1","0/0","0/0","0/0","0/0","0/0","0/1","0/0","0/0","0/0","0/0","0/0","0/0","0/0","0/0","0/1","1/1","0/0","0/0","0/0","0/1","0/0","0/0","0/0","0/1","0/1","0/0","0/0","0/0","0/1","0/1","0/0","0/0","0/0","0/0","0/0","0/0","0/1","0/0","0/0","0/0","0/0","0/0","0/1","0/1","1/1","0/1","0/1","0/1","0/1","1/1","0/0","0/0","1/1","1/1","0/0","0/0","0/0","0/0","0/0","0/0","0/0","0/1","0/0","0/0","0/1","0/1","0/0","0/0","0/0","0/1","0/0","0/0","0/1","0/1","0/1","0/0","0/0","0/0","0/0","0/0","1/1","0/0","0/0","0/0","0/0","0/0","0/1","0/1","1/1","0/0","0/0","0/0","0/0","0/1","0/0","0/0","0/0","0/0","0/0","0/0","0/0","0/0","0/0","0/1","0/1","0/0","0/0","0/0","0/0","0/0","0/0","0/0","0/0","0/0","0/0","0/0","0/0","0/0","0/0","0/0","0/0","0/0","1/1","1/1","1/1","0/1","0/1","0/1","0/0","0/0","0/0","0/0"
"chr10:24822061_G/GC_KIAA1217","0/0","0/0","0/0","0/0","0/0","0/0","0/0","0/0","0/0","0/0","0/0","0/0","0/0","0/0","0/0","0/0","0/0","0/0","0/0","0/0","0/0","0/0","0/0","0/0","0/0","0/0","0/0","0/0","0/0","0/0","0/0","0/0","0/0","0/0","0/0","0/0","0/0","0/0","0/0","0/0","0/0","0/0","0/0","0/0","0/0","0/0","0/0","0/0","0/0","0/0","0/0","0/0","0/0","0/0","0/0","0/0","0/0","0/0","0/0","0/0","0/0","0/0","0/0","0/0","0/0","0/0","0/0","0/0","0/0","0/0","0/0","0/0","0/0","0/0","0/0","0/0","0/0","0/0","0/0","0/0","0/0","0/0","0/0","0/0","0/0","0/0","0/0","0/0","0/0","0/0","0/0","0/0","0/0","0/0","0/0","0/0","0/0","0/0","0/0","0/0","0/0","0/0","0/0","0/0","0/0","0/0","0/0","0/0","0/1","0/0","0/0","0/0","0/0","0/0","0/0","0/0","0/0","0/0","0/0","0/0","0/0","0/0","0/0","0/0","0/0","0/0","0/0","0/0","0/0","0/0","0/0","0/0","0/0","0/0","0/0","0/0","0/0","0/0","0/0","0/0","0/0","0/0","0/0","0/0","0/0","0/0","0/0","0/0","0/0","0/0","0/0","0/0","0/0"
"chr10:24822063_C/CCTCTTTGACCACTGTACAGACAT_KIAA1217","0/0","0/0","0/0","0/0","0/0","0/0","0/0","0/0","0/0","0/0","0/0","0/0","0/0","0/0","0/0","0/0","0/0","0/0","0/0","0/0","0/0","0/0","0/0","0/0","0/0","0/0","0/0","0/0","0/0","0/0","0/0","0/0","0/0","0/0","0/0","0/0","0/0","0/0","0/0","0/0","0/0","0/0","0/0","0/0","0/0","0/0","0/0","0/0","0/0","0/0","0/0","0/0","0/0","0/0","0/0","0/0","0/0","0/0","0/0","0/0","0/0","0/0","0/0","0/0","0/0","0/0","0/0","0/0","0/0","0/0","0/0","0/0","0/0","0/0","0/0","0/0","0/0","0/0","0/0","0/0","0/0","0/0","0/0","0/0","0/0","0/0","0/0","0/0","0/0","0/0","0/0","0/0","0/0","0/0","0/0","0/0","0/0","0/0","0/0","0/0","0/0","0/0","0/0","0/0","0/0","0/0","0/0","0/1","0/0","0/0","0/0","0/0","0/0","0/0","0/0","0/0","0/0","0/0","0/0","0/0","0/0","0/0","0/0","0/0","0/0","0/0","0/0","0/0","0/0","0/0","0/0","0/0","0/0","0/0","0/0","0/0","0/0","0/0","0/0","0/0","0/0","0/0","0/0","0/0","0/0","0/0","0/0","0/0","0/0","0/0","0/0","0/0","0/0"
"chr10:24822064_T/TCTTTGACCACTGTACAGACATTGGCATATCTG_KIAA1217","0/0","0/0","0/0","0/0","0/0","0/0","0/0","0/0","0/0","0/0","0/0","0/0","0/0","0/0","0/0","0/0","0/0","0/0","0/0","0/0","0/0","0/0","0/0","0/0","0/0","0/0","0/0","0/0","0/0","0/0","0/0","0/0","0/0","0/0","0/0","0/0","0/0","0/0","0/0","0/0","0/0","0/0","0/0","0/0","0/0","0/0","0/0","0/0","0/0","0/0","0/0","0/0","0/0","0/0","0/0","0/0","0/0","0/0","0/0","0/0","0/0","0/0","0/0","0/0","0/0","0/0","0/0","0/0","0/0","0/0","0/0","0/0","0/0","0/0","0/0","0/0","0/0","0/0","0/0","0/0","0/0","0/0","0/0","0/0","0/0","0/0","0/0","0/0","0/0","0/0","0/0","0/0","0/0","0/0","0/0","0/0","0/0","0/0","0/0","0/0","0/0","0/0","0/0","0/0","0/0","0/0","0/0","0/0","0/1","0/0","0/0","0/0","0/0","0/0","0/0","0/0","0/0","0/0","0/0","0/0","0/0","0/0","0/0","0/0","0/0","0/0","0/0","0/0","0/0","0/0","0/0","0/0","0/0","0/0","0/0","0/0","0/0","0/0","0/0","0/0","0/0","0/0","0/0","0/0","0/0","0/0","0/0","0/0","0/0","0/0","0/0","0/0","0/0"
"chr10:25314278_TAGAG/T_THNSL1","0/0","0/0","0/0","0/0","0/0","0/0","0/0","0/0","0/0","0/0","0/0","0/0","0/0","0/0","0/0","0/0","0/0","0/0","0/0","0/0","0/0","0/0","0/0","0/0","0/0","0/0","0/0","0/0","0/0","0/0","0/0","0/0","0/0","0/0","0/0","0/0","0/0","0/0","0/0","0/0","0/0","0/0","0/0","0/0","0/0","0/0","0/0","0/0","0/0","0/0","0/0","0/0","0/0","0/0","0/0","0/0","0/0","0/0","0/0","0/0","0/0","0/0","0/0","0/0","0/0","0/0","0/0","0/0","0/0","0/0","0/0","0/0","0/0","0/0","0/0","0/0","0/0","0/0","0/0","0/0","0/0","0/0","0/0","0/0","0/0","0/0","0/0","0/0","0/0","0/0","0/0","0/0","0/0","0/0","0/0","0/0","0/0","0/0","0/0","0/0","0/0","0/0","0/0","0/0","0/0","0/0","0/0","0/0","0/0","0/0","0/0","0/0","0/0","0/0","0/0","0/0","0/0","0/0","0/0","0/0","0/0","0/0","0/0","0/0","0/0","0/0","0/0","0/0","0/1","0/1","0/1","0/0","0/0","0/0","0/0","0/0","0/0","0/0","0/0","0/0","0/0","0/0","0/0","0/0","0/0","0/0","0/0","0/0","0/0","0/0","0/0","0/0","0/0"
"chr10:27342285_CTCT/C_ANKRD26","0/0","0/0","0/0","0/1","0/0","0/0","1/1","1/1","1/1","0/0","0/0","0/0","0/0","0/0","0/0","0/0","0/1","0/0","0/0","0/1","0/0","0/1","0/0","0/1","0/0","0/0","0/0","0/0","0/0","0/0","0/1","0/0","0/1","0/0","0/0","0/0","0/0","0/0","0/0","0/0","0/1","0/0","0/0","0/0","0/0","0/0","0/0","0/0","0/0","0/0","0/0","0/0","0/0","0/1","0/0","0/0","0/0","0/1","0/0","0/0","0/0","0/0","0/0","0/0","0/0","0/1","0/0","0/0","0/0","0/0","0/1","0/1","0/1","0/0","0/0","0/0","0/0","0/0","0/0","0/0","0/0","0/0","0/0","0/0","0/0","0/0","0/0","0/0","0/0","0/0","0/0","0/0","0/0","0/1","0/1","0/0","0/0","0/0","0/0","0/0","0/0","0/0","0/0","0/0","0/0","0/1","0/1","0/1","0/1","0/0","0/1","0/0","0/0","0/1","0/1","0/0","0/0","0/0","0/0","0/0","0/0","0/0","0/0","0/0","0/1","0/1","0/1","0/1","0/1","0/1","0/1","0/0","0/0","0/1","0/0","0/0","0/1","0/1","0/1","0/1","0/1","0/0","0/0","0/0","0/0","0/0","0/0","0/0","0/0","0/0","0/0","0/0","0/0"
"chr10:27389072_C/CT_ANKRD26","0/0","0/0","0/0","0/0","0/0","0/0","0/0","0/0","0/0","0/0","0/0","0/0","0/1","0/0","0/0","0/0","0/0","0/0","0/0","0/0","0/0","0/0","0/0","0/0","0/0","0/0","0/0","0/0","0/0","0/0","0/0","0/0","0/0","0/0","0/0","0/0","0/0","0/0","0/0","0/0","0/0","0/0","0/0","0/0","0/0","0/0","0/0","0/0","0/0","0/0","0/0","0/0","0/0","0/0","0/0","0/0","0/0","0/0","0/0","0/0","0/0","0/0","0/0","0/0","0/0","0/0","0/0","0/0","0/0","0/0","0/0","0/0","0/0","0/0","0/0","0/0","0/0","0/0","0/0","0/0","0/0","0/0","0/0","0/0","0/0","0/0","0/0","0/0","0/0","0/0","0/0","0/0","0/0","0/0","0/0","0/0","0/0","0/0","0/0","0/0","0/0","0/0","0/0","0/0","0/0","0/0","0/0","0/0","0/0","0/0","0/0","0/0","0/0","0/0","0/0","0/0","0/0","0/0","0/0","0/0","0/0","0/0","0/0","0/0","0/0","0/0","0/0","0/0","0/0","0/0","0/0","0/0","0/0","0/0","0/0","0/0","0/0","0/0","0/0","0/0","0/0","0/0","0/0","0/0","0/0","0/0","0/0","0/0","0/0","0/0","0/0","0/0","0/0"
"chr10:27459823_GT/G_MASTL","0/0","0/0","0/0","0/0","0/0","0/0","0/0","0/0","0/0","0/0","0/0","0/0","0/0","0/0","0/0","0/0","0/0","0/0","0/0","0/0","0/0","0/0","0/0","0/0","0/0","0/0","0/0","0/0","0/0","0/0","0/0","0/0","0/0","0/0","0/1","0/0","0/0","0/0","0/0","0/0","0/0","0/0","0/0","0/0","0/0","0/0","0/0","0/0","0/0","0/0","0/0","0/0","0/0","0/0","0/0","0/0","0/0","0/0","0/0","0/0","0/0","0/0","0/0","0/0","0/0","0/0","0/0","0/0","0/0","0/0","0/0","0/0","0/0","0/0","0/0","0/0","0/0","0/0","0/0","0/0","0/0","0/0","0/0","0/0","0/0","0/0","0/0","0/0","0/0","0/0","0/0","0/0","0/0","0/0","0/0","0/0","0/0","0/0","0/0","0/0","0/0","0/0","0/0","0/0","0/0","0/0","0/0","0/0","0/0","0/0","0/0","0/0","0/0","0/0","0/0","0/0","0/0","0/0","0/0","0/0","0/0","0/0","0/0","0/0","0/0","0/0","0/0","0/0","0/0","0/0","0/0","0/0","0/0","0/0","0/0","0/0","0/0","0/0","0/0","0/0","0/0","0/0","0/0","0/0","0/0","0/0","0/0","0/0","0/0","0/0","0/0","0/0","0/0"
"chr10:27687534_C/CT_PTCHD3","1/1","1/1","1/1","0/0","0/1","0/1","1/1","1/1","1/1","0/1","0/0","0/0","0/1","0/0","0/1","0/1","0/1","0/0","0/0","0/1","0/0","0/1","0/0","0/0","0/1","0/1","0/0","0/0","0/1","0/0","0/1","0/0","0/1","0/1","0/0","0/0","0/0","0/1","0/1","0/1","1/1","0/1","0/0","0/0","0/1","0/0","0/0","0/1","0/0","0/1","0/0","0/0","0/0","0/0","0/0","0/0","0/1","0/1","1/1","0/0","0/0","0/0","0/1","1/1","1/1","0/1","0/1","0/0","0/0","0/1","0/1","1/1","1/1","0/1","0/1","0/0","0/0","0/0","0/0","0/0","0/0","0/0","0/0","0/0","0/0","0/0","0/0","0/1","0/0","0/0","0/1","0/1","0/1","0/0","0/0","0/1","0/1","0/0","0/0","0/0","0/0","0/0","0/0","0/1","0/1","1/1","1/1","0/0","0/0","0/0","0/0","0/1","0/1","0/1","1/1","0/0","0/0","0/1","0/0","0/1","0/0","0/0","0/0","0/1","1/1","1/1","0/1","0/1","0/0","0/0","0/0","0/0","0/0","1/1","0/0","0/0","1/1","1/1","0/1","0/1","0/1","0/0","0/0","0/0","0/0","0/0","0/0","0/0","0/0","0/0","0/0","0/0","0/0"
"chr10:27702256_G/GC_PTCHD3","0/0","0/0","0/0","0/1","0/0","0/0","0/0","0/0","0/0","0/0","0/0","0/0","0/1","0/1","0/0","0/0","0/1","0/1","0/1","0/0","0/0","0/0","0/1","0/0","0/0","0/0","0/0","0/0","0/0","0/0","0/0","0/1","0/0","0/0","0/0","1/1","1/1","0/0","0/0","0/0","0/0","0/0","0/1","0/0","0/0","0/0","0/1","0/1","1/1","0/0","0/0","0/1","0/1","0/1","0/1","0/0","0/0","0/0","0/0","0/0","0/1","0/1","0/0","0/0","0/0","0/1","0/0","0/0","0/0","0/0","0/1","0/0","0/0","0/0","0/0","0/0","0/0","0/1","0/1","0/1","0/1","0/0","0/0","0/1","0/1","0/0","0/0","0/0","0/1","0/1","0/0","0/0","0/0","0/1","0/1","0/0","0/0","0/0","0/1","0/1","0/0","0/1","0/0","0/0","0/0","0/0","0/0","0/0","0/0","0/1","0/1","0/1","0/1","0/0","0/0","0/1","0/1","0/0","0/1","0/0","0/1","0/1","0/1","0/0","0/0","0/0","0/0","0/0","0/1","0/1","0/1","0/0","0/1","0/0","0/1","0/1","0/0","0/0","0/0","0/0","0/0","0/0","0/0","0/0","0/0","0/0","0/1","0/1","0/1","0/0","0/0","0/0","0/0"
"chr10:34671500_A/AT_PARD3","0/0","0/0","0/0","0/0","0/0","0/0","0/0","0/0","0/0","0/0","0/0","0/0","0/0","0/0","0/0","0/0","0/0","0/0","0/0","0/0","0/0","0/0","0/0","0/0","0/0","0/0","0/0","0/0","0/0","0/0","0/0","0/0","0/0","0/0","0/0","0/0","0/0","0/1","0/0","0/0","0/0","0/0","0/0","0/0","0/0","0/0","0/0","0/0","0/0","0/0","0/0","0/0","0/0","0/0","0/0","0/0","0/0","0/0","0/0","0/0","0/0","0/0","0/0","0/0","0/0","0/0","0/0","0/0","0/0","0/0","0/0","0/0","0/0","0/0","0/0","0/0","0/0","0/0","0/0","0/0","0/0","0/0","0/0","0/0","0/0","0/0","0/0","0/0","0/0","0/0","0/0","0/0","0/0","0/0","0/0","0/0","0/0","0/0","0/0","0/0","0/0","0/0","0/0","0/0","0/0","0/0","0/0","0/0","0/0","0/0","0/0","0/0","0/0","0/0","0/0","0/0","0/0","0/0","0/0","0/0","0/0","0/0","0/0","0/0","0/0","0/0","0/0","0/0","0/0","0/0","0/0","0/0","0/0","0/0","0/0","0/0","0/0","0/0","0/0","0/0","0/0","0/0","0/0","0/0","0/0","0/0","0/0","0/0","0/0","0/0","0/0","0/0","0/0"
"chr10:35928411_GCCGCCGCCGCCCCCCGGC/G_FZD8","0/0","0/0","0/0","0/1","0/0","0/0","0/0","0/0","0/0","0/0","0/0","0/0","0/0","0/0","0/0","0/0","0/0","0/0","0/0","0/0","0/0","0/0","0/0","0/0","0/0","0/0","0/0","0/0","0/0","0/0","0/0","0/0","0/0","0/0","0/0","0/0","0/0","0/0","0/0","0/0","0/0","0/0","0/0","0/0","0/0","0/0","0/0","0/0","0/0","0/0","0/0","0/0","0/0","0/0","0/0","0/0","0/0","0/0","0/0","0/0","0/0","0/0","0/0","0/0","0/0","0/0","0/0","0/0","0/0","0/0","0/0","0/0","0/0","0/0","0/0","0/0","0/0","0/0","0/0","0/0","0/0","0/0","0/0","0/0","0/0","0/0","0/0","0/0","0/0","0/0","0/0","0/0","0/0","0/0","0/0","0/0","0/0","0/0","0/0","0/0","0/0","0/0","0/0","0/0","0/0","0/0","0/0","0/0","0/0","0/0","0/0","0/0","0/0","0/0","0/0","0/0","0/0","0/0","0/0","0/0","0/0","0/0","0/0","0/0","0/0","0/0","0/0","0/0","0/0","0/0","0/0","0/0","0/0","0/0","0/0","0/0","0/0","0/0","0/0","0/0","0/0","0/0","0/0","0/0","0/0","0/0","0/0","0/0","0/0","0/0","0/0","0/0","0/0"
"chr10:35928419_C/CGG_FZD8","0/0","0/0","0/0","0/2","0/0","0/0","0/0","0/0","0/0","0/0","0/0","0/0","0/0","0/0","0/0","0/0","0/0","0/0","0/0","0/0","0/0","0/0","0/1","0/0","0/0","0/0","0/0","0/1","0/0","0/0","0/0","0/0","0/1","0/0","0/0","0/0","0/0","0/1","0/0","0/0","0/0","0/0","0/0","0/0","0/0","0/0","0/0","0/0","0/0","0/0","0/0","0/0","0/0","0/1","0/0","0/0","0/0","0/0","0/0","0/0","0/0","0/0","0/0","0/0","0/0","1/1","0/0","0/0","0/0","0/0","1/1","0/0","0/0","0/0","0/0","0/0","0/0","0/0","0/0","0/0","0/0","0/1","0/0","0/0","0/0","0/0","0/0","0/0","0/0","0/0","0/0","0/0","0/0","0/0","0/0","0/0","0/0","0/0","0/1","0/1","0/0","0/0","0/0","0/0","0/0","0/0","0/0","0/0","0/0","0/0","0/1","0/0","0/0","0/0","0/0","0/0","0/0","0/0","0/0","0/1","0/0","0/0","0/0","0/1","0/0","0/0","0/0","0/0","0/0","0/0","0/0","0/0","0/0","0/0","0/0","0/0","0/0","0/0","0/0","0/0","0/0","0/0","0/0",".","0/1","0/1","0/0","0/0","0/0","0/0","0/0","0/0","0/0"
"chr10:35928420_G/GGGT_FZD8","0/0","0/0","0/0","0/2","0/0","0/0","0/0","0/0","0/0","0/0","0/0","0/0","0/0","0/0","0/0","0/0","0/0","0/0","0/0","0/0","0/0","0/0","0/0","0/0","0/0","0/0","0/0","0/0","0/0","0/0","0/0","0/0",".","0/0","0/0","0/0","0/0","0/0","0/0","0/0","0/0","0/0","0/0","0/0","0/0","0/0","0/0","0/0","0/0","0/0","0/0","0/0","0/0","0/0","0/0","0/0","0/0","0/0","0/0","0/0","0/0","0/0","0/0","0/0","0/0",".","0/0","0/0","0/0","0/0",".","0/0","0/0","0/0","0/0","0/0","0/0","0/0","0/0","0/0","0/0","0/0","0/0","0/0","0/0","0/0","0/0","0/0","0/0","0/0","0/0","0/0","0/0","0/0","0/0","0/0","0/0","0/0",".",".","0/0","0/0","0/0","0/0","0/0","0/0","0/0","0/0","0/0","0/0","0/0","0/0","0/0","0/0","0/0","0/0","0/0","0/1","0/0","0/0","0/0","0/0","0/0",".","0/0","0/0","0/0","0/0","0/0","0/0","0/0","0/0","0/0","0/0","0/0","0/0","0/0","0/0","0/0","0/0","0/0","0/0","0/0",".","0/0","0/0","0/0","0/0","0/0","0/0","0/0","0/0","0/0"
"chr10:35928427_GGC/G_FZD8","0/0","0/0","0/0","0/2","0/0","0/0","0/0","0/0","0/0","0/0","0/0","0/0","0/0","0/0","0/0","0/0","0/0","0/0","0/0","0/0","0/0","0/0","0/1","0/0","0/0","0/0","0/0","0/1","0/0","0/0","0/0","0/0","0/1","0/0","0/0","0/0","0/0","0/1","0/0","0/0","0/0","0/0","0/0","0/0","0/0","0/0","0/0","0/0","0/0","0/0","0/0","0/0","0/0","0/1","0/0","0/0","0/0","0/0","0/0","0/0","0/0","0/0","0/0","0/0","0/0","1/1","0/0","0/0","0/0","0/0","1/1","0/0","0/0","0/0","0/0","0/0","0/0","0/0","0/0","0/0","0/0","0/1","0/0","0/0","0/0","0/0","0/0","0/0","0/0","0/0","0/0","0/0","0/0","0/0","0/0","0/0","0/0","0/0","0/1","0/1","0/0","0/0","0/0","0/0","0/0","0/0","0/0","0/0","0/0","0/0","0/1","0/0","0/0","0/0","0/0","0/0","0/0",".","0/0","0/1","0/0","0/0","0/0","0/1","0/0","0/0","0/0","0/0","0/0","0/0","0/0","0/0","0/0","0/0","0/0","0/0","0/0","0/0","0/0","0/0","0/0","0/0","0/0",".","0/1","0/1","0/0","0/0","0/0","0/0","0/0","0/0","0/0"
"chr10:35928452_TGGCGCCCGCGCCCCCGCCCACCGC/T_FZD8","0/0","0/0","0/0","0/0","0/0","0/0","0/0","0/0","0/0","0/0","0/0","0/0","0/0","0/0","0/0","0/0","0/0","0/0","0/0","0/0","0/0","0/0","0/0","0/0","0/0","0/0","0/0","0/0","0/0","0/0","0/0","0/0","0/0","0/0","0/0","0/0","0/0","0/0","0/0","0/0","0/0","0/0","0/0","0/0","0/0","0/0","0/0","0/0","0/0","0/0","0/0","0/0","0/0","0/0","0/0","0/0","0/0","0/0","0/0","0/0","0/0","0/0","0/0","0/0","0/0","0/0","0/0","0/0","0/0","0/0","0/0","0/0","0/0","0/0","0/0","0/0","0/0","0/0","0/0","0/0","0/0","0/0","0/0","0/0","0/0","0/0","0/0","0/0","0/0","0/0","0/0","0/0","0/0","0/0","0/0","0/0","0/0","0/0","0/1","0/1","0/0","0/0","0/0","0/0","0/0","0/0","0/0","0/0","0/0","0/0","0/0","0/0","0/0","0/0","0/0","0/0","0/0","0/0","0/0","0/0","0/0","0/0","0/0","0/0","0/0","0/0","0/0","0/0","0/0","0/0","0/0","0/0","0/0","0/0","0/0","0/0","0/0","0/0","0/0","0/0","0/0","0/0","0/0","0/0","0/0","0/0","0/0","0/0","0/0","0/0","0/0","0/0","0/0"
"chr10:38306261_AAGG/A_ZNF33A","0/0","0/0","0/0","0/0","0/0","0/0","0/0","0/0","0/0","0/0","0/0","0/0","0/0","0/0","0/0","0/0","0/0","0/0","0/0","0/0","0/0","0/0","0/0","0/0","0/0","0/0","0/0","0/0","0/0","0/0","0/0","0/0","0/0","0/0","0/0","0/0","0/0","0/0","0/0","0/0","0/0","0/0","0/0","0/0","0/0","0/0","0/0","0/0","0/0","0/0","0/0","0/0","0/0","0/0","0/0","0/0","0/0","0/0","0/0","0/0","0/0","0/0","0/0","0/0","0/0","0/0","0/0","0/0","0/0","0/0","0/0","0/0","0/0","0/0","0/0","0/0","0/0","0/0","0/0","0/0","0/0","0/0","0/0","0/0","0/0","0/0","0/0","0/0","0/0","0/0","0/0","0/0","0/0","0/0","0/0","0/0","0/0","0/0","0/0","0/0","0/0","0/0","0/0","0/0","0/0","0/0","0/0","0/0","0/0","0/0","0/0","0/0","0/0","0/0","0/0","0/0","0/0","0/0","0/0","0/0","0/0","0/0","0/0","0/0","0/0","0/0","0/0","0/0","0/0","0/0","0/0","0/0","0/0","0/0","0/0","0/0","0/0","0/0","0/0","0/0","0/0","0/0","0/0","0/0","0/0","0/0","0/0","0/0","0/0","0/1","0/0","0/0","0/0"
"chr10:46999591_C/CATGAGGGAG_GPRIN2","0/1","0/1","0/1","0/1","0/1","0/1","0/1","0/1","0/1","0/1","0/1","0/1","0/1","0/1","0/1","0/1","0/1","0/1","0/1","0/1","0/1","0/1","0/1","0/1","0/1","0/1","0/1","0/1","0/1","0/1","0/1","0/1","0/1","0/1","0/1","0/1","0/1","0/1","0/1","0/1","0/1","0/1","0/1","0/1","0/1","0/1","0/1","0/1","0/1","0/1","0/1","0/1","0/1","0/1","0/1","0/1","0/1","0/1","0/1","0/1","0/1","0/1","0/1","0/1","0/1","0/1","0/1","0/1","0/1","0/1","0/1","0/1","0/1","0/1","0/1","0/1","0/1","0/1","0/1","0/1","0/1","0/1","0/1","0/1","0/1","0/1","0/1","0/1","0/1","0/1","0/1","0/1","0/1","0/1","0/1","0/1","0/1","0/1","0/1","0/1","0/1","0/1","0/1","0/1","0/1","0/1","0/1","0/1","0/1","0/1","0/1","0/1","0/1","0/1","0/1","0/1","0/1","0/1","0/1","0/1","0/1","0/1","0/1","0/1","0/1","0/1","0/1","0/1","0/1","0/1","0/1","0/1","0/1","0/1","0/1","0/1","0/1","0/1","0/1","0/1","0/1","0/1","0/1","0/1","0/1","0/1","0/1","0/1","0/1","0/1","0/1","0/1","0/1"
"chr10:48428974_C/CGGCA_GDF10","0/0","0/0","0/0","0/0","0/0","0/0","0/0","0/0","0/0","0/0","0/0","0/0","0/0","0/0","0/0","0/0","0/0","0/0","0/0","0/0","0/0","0/0","0/0","0/0","0/0","0/0","0/0","0/0","0/0","0/0","0/0","0/0","0/0","0/0","0/0","0/0","0/0","0/0","0/0","0/0","0/0","0/0","0/0","0/0","0/0","0/0","0/0","0/0","0/0","0/0","0/0","0/0","0/0","0/0","0/0","0/0","0/0","0/0","0/0","0/0","0/0","0/0","0/0","0/0","0/0","0/0","0/0","0/0","0/0","0/0","0/0","0/0","0/0","0/0","0/0","0/0","0/0","0/0","0/0","0/0","0/0","0/0","0/0","0/0","0/0","0/0","0/0","0/0","0/0","0/0","0/0","0/0","0/0","0/0","0/0","0/0","0/0","0/0","0/0","0/0","0/0","0/0","0/0","0/0","0/0","0/0","0/0","0/0","0/0","0/0","0/0","0/0","0/0","0/0","0/0","0/0","0/0","0/0","0/0","0/0","0/0","0/0","0/0","0/0","0/0","0/0","0/0","0/0","0/0","0/0","0/0","0/0","0/0","0/0","0/0","0/0","0/0","0/0","0/0","0/0","0/0","0/0","0/0","0/1","0/1","0/1","0/0","0/0","0/0","0/0","0/0","0/0","0/0"
"chr10:51584701_CAA/C_NCOA4","0/0","0/0","0/0","0/0","0/0","0/0","0/0","0/0","0/0","0/1","0/0","0/0","0/0","0/0","0/0","0/0","0/0","0/0","0/0","0/0","0/0","0/0","0/0","0/0","0/0","0/0","0/0","0/0","0/0","0/0","0/0","0/0","0/0","0/0","0/0","0/0","0/0","0/0","0/0","0/0","0/0","0/0","0/0","0/0","0/0","0/0","0/0","0/0","0/0","0/0","0/0","0/0","0/0","0/0","0/0","0/0","0/0","0/0","0/0","0/0","0/0","0/0","0/0","0/0","0/0","0/0","0/0","0/0","0/0","0/0","0/0","0/0","0/0","0/0","0/0","0/0","0/0","0/0","0/0","0/0","0/0","0/0","0/0","0/0","0/0","0/0","0/0","0/0","0/0","0/0","0/0","0/0","0/0","0/0","0/0","0/0","0/0","0/0","0/0","0/0","0/0","0/0","0/0","0/0","0/0","0/0","0/0","0/0","0/0","0/0","0/0","0/0","0/0","0/0","0/0","0/0","0/0","0/0","0/0","0/0","0/0","0/0","0/0","0/0","0/0","0/0","0/0","0/0","0/0","0/0","0/0","0/0","0/0","0/0","0/0","0/0","0/0","0/0","0/0","0/0","0/0","0/0","0/0","0/0","0/0","0/0","0/0","0/0","0/0","0/0","0/0","0/0","0/0"
"chr10:55581802_G/GATT_PCDH15","0/0","0/0","0/0","0/0","0/0","0/0","0/0","0/0","0/0","0/0","0/0","0/0","0/0","0/0","0/0","0/0","0/0","0/0","0/0","0/0","0/0","0/0","0/0","0/0","0/0","0/0","0/0","0/0","0/0","0/0","0/0","0/0","0/0","0/0","0/0","0/0","0/0","0/0","0/0","0/0","0/0","0/0","0/0","0/0","0/0","0/0","0/0","0/0","0/0","0/0","0/0","0/0","0/0","0/0","0/0","0/0","0/0","0/0","0/0","0/0","0/0","0/0","0/1","0/0","0/0","0/0","0/0","0/0","0/0","0/0","0/0","0/0","0/0","0/0","0/0","0/0","0/0","0/0","0/0","0/0","0/0","0/0","0/0","0/0","0/0","0/0","0/0","0/0","0/0","0/0","0/0","0/0","0/0","0/0","0/0","0/0","0/0","0/0","0/0","0/0","0/0","0/0","0/0","0/0","0/0","0/0","0/0","0/0","0/0","0/0","0/0","0/0","0/0","0/0","0/0","0/0","0/0","0/0","0/0","0/0","0/0","0/0","0/0","0/0","0/0","0/0","0/0","0/0","0/0","0/0","0/0","0/0","0/0","0/0","0/0","0/0","0/0","0/0","0/0","0/0","0/0","0/0","0/0","0/0","0/0","0/0","0/0","0/0","0/0","0/0","0/0","0/0","0/0"
"chr10:60148569_CA/AA_TFAM","0/0","0/0","0/0","0/0","0/0","0/0","0/0","0/1","0/0","0/0","0/0","0/0","0/0","0/0","0/0","0/0","0/0","0/0","0/0","0/0","0/0","0/0","0/0","0/0","0/0","0/1","0/0","0/0","0/0","0/2","0/0","0/1","0/0","0/0","0/1","0/1","0/2","0/0","0/2","0/0","0/0","0/0","0/1","0/0","0/0","0/0","0/0","0/0","0/0","0/0","0/0","0/0","0/0","0/0","0/0","0/0","0/0","0/0","0/0","0/0","0/0","0/0","0/0","0/0","0/0","0/0","0/0","0/0","0/0","0/0","0/0","0/0","0/0","0/0","0/0","0/0","0/0","0/0","0/0","0/1","0/0","0/0","0/0","0/0","0/0","0/0","0/0","0/0","0/0","0/0","0/0","0/0","0/0","0/0","0/0","0/0","0/0","0/0","0/0","0/1","0/0","0/0","0/0","0/0","0/0","0/0","0/0","0/0","0/0","0/0","0/1","0/2","0/0","0/0","0/0","0/0","0/0","0/0","0/0","0/0","0/0","0/0","0/0","0/0","0/0","0/0","0/0","0/0","0/1","0/0","0/0","0/0","0/0","0/0","0/0","0/0","0/0","0/0","0/0","0/0","0/0","0/0","0/0","0/1","0/0","0/0","0/0","0/0","0/0","0/0","0/1","0/0","0/0"
"chr10:63851054_CGGA/TGGA_ARID5B","0/0","0/0","0/0","0/0","0/0","0/0","0/0","0/0","0/0","0/0","0/0","0/0","0/1","0/0","0/0","0/0","0/0","0/0","0/0","0/0","0/0","0/0","0/0","0/0","0/0","0/0","0/0","0/0","0/0","0/0","0/2","0/0","0/1","0/0","0/0","0/0","0/0","0/0","0/0","0/0","0/0","0/0","0/0","0/0","0/0","0/0","0/0","0/0","0/0","0/0","0/0","0/0","0/0","0/0","0/0","0/0","0/0","0/0","0/0","0/0","0/0","0/0","0/0","0/0","0/0","0/0","0/0","0/0","0/0","0/0","0/0","0/0","0/0","0/0","0/0","0/0","0/0","0/0","0/0","0/0","0/0","0/0","0/0","0/0","0/0","0/0","0/0","0/0","0/0","0/0","0/0","0/0","0/0","0/0","0/0","0/0","0/0","0/0","0/0","0/0","0/0","0/0","0/0","0/0","0/0","0/0","0/0","0/0","0/0","0/0","0/0","0/0","0/0","0/0","0/0","0/0","0/0","0/0","0/0","0/0","0/0","0/0","0/0","0/0","0/0","0/0","0/0","0/0","0/0","0/0","0/0","0/0","0/0","0/0","0/0","0/0","0/0","0/0","0/0","0/0","0/0","0/0","0/0","0/0","0/0","0/0","0/0","0/0","0/0","0/0","0/0","0/0","0/0"
"chr10:63976944_T/TA_RTKN2","0/0","0/0","0/0","0/0","0/0","0/0","0/0","0/0","0/0","0/0","0/0","0/0","0/0","0/0","0/0","0/0","0/0","0/0","0/0","0/0","0/0","0/0","0/0","0/0","0/0","0/0","0/0","0/0","0/0","0/0","0/0","0/0","0/0","0/0","0/0","0/0","0/0","0/0","0/0","0/0","0/0","0/0","0/0","0/0","0/0","0/0","0/0","0/0","0/0","0/0","0/0","0/0","0/0","0/0","0/0","0/0","0/0","0/0","0/0","0/0","0/0","0/0","0/0","0/0","0/0","0/0","0/0","0/0","0/0","0/0","0/0","0/0","0/0","0/0","0/0","0/0","0/0","0/0","0/0","0/0","0/0","0/0","0/0","0/0","0/0","0/0","0/0","0/0","0/0","0/0","0/0","0/0","0/0","0/0","0/0","0/0","0/0","0/0","0/0","0/0","0/0","0/0","0/0","0/0","0/0","0/0","0/0","0/0","0/0","0/0","0/0","0/0","0/0","0/0","0/0","0/0","0/0","0/0","0/0","0/0","0/0","0/0","0/0","0/0","0/0","0/0","0/0","0/0","0/0","0/0","0/0","0/0","0/0","0/0","0/0","0/0","0/0","0/0","0/0","0/0","0/0","0/0","0/0","0/1","0/1","0/1","0/0","0/0","0/0","0/0","0/0","0/0","0/0"
"chr10:64159512_TA/T_ZNF365","0/0","0/0","0/0","0/0","0/0","0/0","0/0","0/0","0/0","0/0","0/0","0/0","0/0","0/0","0/0","0/0","0/0","0/0","0/0","0/0","0/0","0/0","0/0","0/0","0/0","0/0","0/0","0/0","0/0","0/0","0/0","0/1","0/0","0/0","0/0","0/0","0/0","0/0","0/0","0/0","0/0","0/0","0/0","0/0","0/0","0/0","0/0","0/0","0/0","0/0","0/0","0/0","0/0","0/0","0/0","0/0","0/0","0/0","0/0","0/0","0/0","0/0","0/0","0/0","0/0","0/0","0/0","0/0","0/0","0/0","0/0","0/0","0/0","0/0","0/0","0/0","0/0","0/0","0/0","0/0","0/0","0/0","0/0","0/0","0/0","0/0","0/0","0/0","0/0","0/0","0/0","0/0","0/0","0/0","0/0","0/0","0/0","0/0","0/0","0/0","0/0","0/0","0/0","0/0","0/0","0/0","0/0","0/0","0/0","0/0","0/0","0/0","0/0","0/0","0/0","0/0","0/0","0/0","0/0","0/0","0/0","0/0","0/0","0/0","0/0","0/0","0/0","0/0","0/0","0/0","0/0","0/0","0/0","0/0","0/0","0/0","0/0","0/0","0/0","0/0","0/0","0/0","0/0","0/0","0/0","0/0","0/0","0/0","0/0","0/0","0/0","0/0","0/0"
"chr10:64967950_ACTAAAC/A_JMJD1C","0/1","0/1","0/1","0/0","0/0","0/0","0/0","0/0","0/0","0/1","0/0","0/0","0/1","0/1","0/0","0/0","0/0","0/0","0/1","0/0","0/1","0/0","0/1","0/0","0/0","0/0","0/0","0/0","0/0","0/0","0/1","0/0","0/0","0/1","0/0","0/0","0/0","0/1","0/1","0/1","0/0","0/0","0/1","0/0","0/1","0/1","0/0","0/0","0/1","0/1","0/1","0/0","0/1","0/1","0/0","0/0","0/1","0/1","0/1","0/0","0/0","0/0","0/0","0/0","0/0","0/1","0/0","1/1","1/1","0/0","0/1","0/0","0/0","0/1","0/1","0/1","0/1","0/0","0/0","0/1","0/1","0/1","0/1","1/1","1/1","0/1","0/1","0/1","1/1","1/1","1/1","0/0","0/0","0/1","0/0","1/1","0/1","0/1","0/1","0/1","0/1","0/0","0/1","0/1","0/1","0/1","0/1","0/0","0/0","0/0","0/0","0/0","0/0","0/0","0/1","0/0","0/0","0/0","0/0","0/0","0/0","0/0","0/0","0/0","0/1","0/1","0/0","0/0","0/0","0/0","0/0","0/0","0/1","0/0","0/1","0/1","0/0","0/0","0/1","0/1","0/1","0/0","0/0","0/0","0/0","0/0","1/1","1/1","1/1","0/1","0/1","0/1","0/1"
"chr10:69644686_T/TGCG_SIRT1","0/1","0/1","0/1","0/0","0/0","0/0","0/0","0/0","0/0","0/0","0/0","0/0","0/0","0/0","0/0","0/0","0/0","0/0","0/0","0/0","0/0","0/0","0/0","0/0","0/0","0/0","0/0","0/0","0/0","0/0","0/0","0/0","0/0","0/0","0/0","0/0","0/0","0/0","0/0","0/0","0/0","0/0","0/0","0/0","0/0","0/0","0/0","0/0","0/0","0/0","0/0","0/0","0/0","0/0","0/0","0/0","0/0","0/0","0/0","0/0","0/0","0/0","0/0","0/0","0/0","0/0","0/0","0/0","0/0","0/0","0/0","0/0","0/0","0/0","0/0","0/0","0/0","0/0","0/0","0/0","0/0","0/0","0/0","0/0","0/0","0/0","0/0","0/0","0/0","0/0","0/0","0/0","0/0","0/0","0/0","0/0","0/0","0/0","0/0","0/0","0/0","0/0","0/0","0/0","0/0","0/0","0/0","0/0","0/0","0/0","0/0","0/0","0/0","0/0","0/0","0/0","0/0","0/0","0/0","0/0","0/0","0/0","0/0","0/0","0/0","0/0","0/0","0/0","0/0","0/0","0/0","0/0","0/0","0/0","0/0","0/0","0/0","0/0","0/0","0/0","0/0","0/0","0/0","0/0","0/0","0/0","0/0","0/0","0/0","0/0","0/0","0/0","0/0"
"chr10:70405826_C/CA_TET1","0/0","0/0","0/0","0/0","0/0","0/0","0/0","0/0","0/0","0/0","0/0","0/0","0/0","0/0","0/0","0/0","0/0","0/0","0/0","0/1","0/0","0/0","0/0","0/0","0/0","0/0","0/0","0/0","0/0","0/0","0/0","0/0","0/0","0/0","0/0","0/0","0/0","0/0","0/0","0/0","0/0","0/0","0/0","0/0","0/0","0/0","0/0","0/0","0/0","0/0","0/0","0/0","0/0","0/0","0/0","0/0","0/0","0/0","0/0","0/0","0/0","0/0","0/0","0/0","0/0","0/0","0/0","0/0","0/0","0/0","0/0","0/0","0/0","0/0","0/0","0/0","0/0","0/0","0/0","0/0","0/0","0/0","0/0","0/0","0/0","0/0","0/0","0/0","0/0","0/0","0/0","0/0","0/0","0/0","0/0","0/0","0/0","0/0","0/0","0/0","0/0","0/0","0/0","0/0","0/0","0/0","0/0","0/0","0/0","0/0","0/0","0/0","0/0","0/0","0/0","0/0","0/0","0/0","0/0","0/0","0/0","0/0","0/0","0/0","0/0","0/0","0/0","0/0","0/0","0/0","0/0","0/0","0/0","0/0","0/0","0/0","0/0","0/0","0/0","0/0","0/0","0/0","0/0","0/0","0/0","0/0","0/0","0/0","0/0","0/0","0/0","0/0","0/0"
"chr10:70531019_TA/T_CCAR1","0/0","0/0","0/0","0/0","0/0","0/0","0/0","0/0","0/0","0/0","0/0","0/0","0/0","0/0","0/0","0/0","0/0","0/0","0/0","0/0","0/0","0/0","0/0","0/0","0/0","0/0","0/0","0/0","0/0","0/0","0/0","0/0","0/0","0/0","0/0","0/0","0/0","0/0","0/0","0/0","0/0","0/0","0/0","0/0","0/0","0/0","0/0","0/0","0/0","0/0","0/0","0/0","0/0","0/0","0/0","0/0","0/0","0/0","0/0","0/0","0/0","0/0","0/0","0/0","0/0","0/0","0/0","0/0","0/0","0/0","0/0","0/0","0/0","0/0","0/0","0/0","0/0","0/0","0/0","0/0","0/0","0/0","0/0","0/0","0/0","0/0","0/0","0/0","0/0","0/0","0/0","0/0","0/0","0/0","0/0","0/0","0/0","0/0","0/0","0/0","0/0","0/0","0/0","0/0","0/0","0/0","0/0","0/0","0/0","0/0","0/0","0/0","0/0","0/0","0/0","0/1","0/0","0/0","0/0","0/0","0/0","0/0","0/0","0/0","0/0","0/0","0/0","0/0","0/0","0/0","0/0","0/0","0/0","0/0","0/0","0/0","0/0","0/0","0/0","0/0","0/0","0/0","0/0","0/0","0/0","0/0","0/0","0/0","0/0","0/0","0/0","0/0","0/0"
"chr10:73767316_CG/C_CHST3","0/0","0/0","0/0","0/0","0/0","0/0","0/0","0/0","0/0","0/0","0/0","0/0","0/0","0/0","0/0","0/0","0/0","0/0","0/0","0/0","0/0","0/0","0/0","0/0","0/0","0/0","0/0","0/0","0/0","0/0","0/0","0/1","0/0","0/0","0/0","0/0","0/0","0/0","0/0","0/0","0/0","0/0","0/0","0/0","0/0","0/0","0/0","0/0","0/0","0/0","0/0","0/0","0/0","0/0","0/0","0/0","0/0","0/0","0/0","0/0","0/0","0/0","0/0","0/0","0/0","0/0","0/0","0/0","0/0","0/0","0/0","0/0","0/0","0/0","0/0","0/0","0/0","0/0","0/0","0/0","0/0","0/0","0/0","0/0","0/0","0/0","0/0","0/0","0/0","0/0","0/0","0/0","0/0","0/0","0/0","0/0","0/0","0/0","0/0","0/0","0/0","0/0","0/0","0/0","0/0","0/0","0/0","0/0","0/0","0/0","0/0","0/0","0/0","0/0","0/0","0/0","0/0","0/0","0/0","0/0","0/0","0/0","0/0","0/0","0/0","0/0","0/0","0/0","0/0","0/0","0/0","0/0","0/0","0/0","0/0","0/0","0/0","0/0","0/0","0/0","0/0","0/0","0/0","0/0","0/0","0/0","0/0","0/0","0/0","0/0","0/0","0/0","0/0"
"chr10:74621434_TAGTAGAGATGGGG/T_MCU",".","0/0",".",".",".","0/0","0/0","0/1","0/0","0/0","0/0","0/0",".","0/0","0/1",".",".","0/0","0/0",".","0/0",".",".","0/0",".","0/0","0/0",".","0/0","0/0","0/1","0/0","0/1","0/0",".","0/0","0/0","0/0","0/0","0/0","0/0",".","0/1","0/0","0/0",".","0/0","0/0","0/1","0/0","0/0",".",".","0/0","0/1","0/1","0/0","0/0","0/0","0/0","0/0","0/0","0/0","0/0","0/0","0/0","0/0","0/0","0/0","0/0","0/0",".","0/0","0/0","0/0","0/0","0/0","0/0","0/0","0/0","0/0","0/0","0/0",".","0/0","0/0","0/0","0/0",".",".","0/0","0/0","0/0","0/1","0/0",".","0/0",".","0/1","0/0","0/0",".","0/0","0/0",".",".","0/0",".",".","0/0","0/0","0/0","0/0","0/0","0/0",".","0/0","0/0","0/0","0/0",".","0/0","0/0","0/0","0/0","0/0","0/0","0/0","0/0","0/0","0/0",".","0/0",".","0/0",".","0/0",".","0/0","0/0",".",".","0/0","0/0","0/0","0/0",".",".","0/0","0/0",".",".","0/0"
"chr10:75000736_AGCGGAG/A_FAM149B1","0/0","0/0","0/0","0/0","0/0","0/0","0/0","0/0","0/0","0/1","0/0","0/0","0/0","0/0","0/0","0/1","0/0","0/1","0/0","0/1","0/0","0/0","0/0","0/0","0/0","0/0","0/0","0/0","0/0","0/0","0/0","0/0","0/1","0/1","0/0","0/0","0/0","0/0","0/0","0/0","0/0","0/0","0/0","0/0","0/0","0/0","0/0","0/0","0/0","0/0","0/0","0/1","0/0","0/0","0/0","0/0","0/0","0/0","0/1","0/0","0/0","0/1","0/0","0/0","0/0","0/0","0/0","0/0","0/0","0/0","0/0","0/0","0/0","0/0","0/0","0/0","0/0","0/0","0/0","0/0","0/0","0/0","0/0","0/0","0/0","0/1","0/1","0/0","0/0","0/0","0/0","0/0","0/0","0/0","0/0","0/0","0/0","0/0","0/0","0/0","0/0","0/0","0/0","0/1","0/1","0/0","0/0","0/0","0/0","0/0","0/0","0/0","0/0","0/0","0/0","0/0","0/0","0/0","0/0","0/0","0/0","0/0","0/0","0/0","0/0","0/0","0/0","0/0","0/0","0/0","0/0","0/0","0/0","0/0","0/0","0/0","0/0","0/0","0/0","0/0","0/0","0/0","0/0","0/0","0/0","0/0","0/0","0/0","0/0","0/0","0/0","0/0","0/0"
"chr10:75000747_ACCAGTCTCT/A_FAM149B1","0/0","0/0","0/0","0/0","0/0","0/0","0/0","0/0","0/0","0/1","0/0","0/0","0/0","0/0","0/0","0/1","0/0","0/1","0/0","0/1","0/0","0/0","0/0","0/0","0/0","0/0","0/0","0/0","0/0","0/0","0/0","0/0","0/1","0/1","0/0","0/0","0/0","0/0","0/0","0/0","0/0","0/0","0/0","0/0","0/0","0/0","0/0","0/0","0/0","0/0","0/0","0/1","0/0","0/0","0/0","0/0","0/0","0/0","0/1","0/0","0/0","0/1","0/0","0/0","0/0","0/0","0/0","0/0","0/0","0/0","0/0","0/0","0/0","0/0","0/0","0/0","0/0","0/0","0/0","0/0","0/0","0/0","0/0","0/0","0/0","0/1","0/1","0/0","0/0","0/0","0/0","0/0","0/0","0/0","0/0","0/0","0/0","0/0","0/0","0/0","0/0","0/0","0/0","0/1","0/1","0/0","0/0","0/0","0/0","0/0","0/0","0/0","0/0","0/0","0/0","0/0","0/0","0/0","0/0","0/0","0/0","0/0","0/0","0/0","0/0","0/0","0/0","0/0","0/0","0/0","0/0","0/0","0/0","0/0","0/0","0/0","0/0","0/0","0/0","0/0","0/0","0/0","0/0","0/0","0/0","0/0","0/0","0/0","0/0","0/0","0/0","0/0","0/0"
"chr10:75255588_AG/A_PPP3CB","0/0","0/0","0/0","0/0","0/0","0/0","0/0","0/0","0/0","0/0","0/0","0/0","0/0","0/0","0/0","0/0","0/0","0/0","0/0","0/0","0/0","0/0","0/0","0/0","0/0","0/0","0/0","0/0","0/0","0/0","0/0","0/0","0/0","0/0","0/0","0/0","0/1","0/0","0/0","0/0","0/0","0/0","0/0","0/0","0/0","0/0","0/0","0/0","0/0","0/0","0/0","0/0","0/0","0/0","0/0","0/0","0/0","0/0","0/0","0/0","0/0","0/0","0/0","0/0","0/0","0/0","0/0","0/0","0/0","0/0","0/0","0/0","0/0","0/0","0/0","0/0","0/0","0/0","0/0","0/0","0/0","0/0","0/0","0/0","0/0","0/0","0/0","0/0","0/0","0/0","0/0","0/0","0/0","0/0","0/0","0/0","0/0","0/0","0/0","0/0","0/0","0/0","0/0","0/0","0/0","0/0","0/0","0/0","0/0","0/0","0/0","0/0","0/0","0/0","0/0","0/0","0/0","0/0","0/0","0/0","0/0","0/0","0/0","0/0","0/0","0/0","0/0","0/0","0/0","0/0","0/0","0/0","0/0","0/0","0/0","0/0","0/0","0/0","0/0","0/0","0/0","0/0","0/0","0/0","0/0","0/0","0/0","0/0","0/0","0/0","0/0","0/0","0/0"
"chr10:75255597_C/CGGGGGCGGGGGT_PPP3CB","0/0","0/0","0/0","0/0","0/0","0/0","0/0","0/0","0/0","0/0","0/0","0/0","0/0","0/0","0/0","0/0","0/0","0/0","0/0","0/0","0/0","0/0","0/0","0/0","0/0","0/0","0/0","0/0","0/0","0/0","0/0","0/0","0/0","0/0","0/0","0/0","0/0","0/0","0/0","0/0","0/0","0/0","0/0","0/0","0/0","0/0","0/0","0/0","0/0","0/0","0/0","0/0","0/0","0/0","0/0","0/0","0/0","0/0","0/0","0/0","0/0","0/1","0/0","0/0","0/0","0/0","0/0","0/0","0/0","0/0","0/0","0/0","0/0","0/0","0/0","0/0","0/0","0/0","0/0","0/0","0/0","0/0","0/0","0/0","0/0","0/0","0/0","0/0","0/0","0/0","0/0","0/0","0/0","0/0","0/0","0/0","0/0","0/0","0/0","0/0","0/0","0/0","0/0","0/0","0/0","0/0","0/0","0/0","0/0","0/0","0/0","0/0","0/0","0/0","0/0","0/0","0/0","0/0","0/0","0/0","0/0","0/0","0/0","0/0","0/0","0/0","0/0","0/0","0/0","0/0","0/0","0/0","0/0","0/0","0/0","0/0","0/0","0/0","0/0","0/0","0/0","0/0","0/0","0/0","0/0","0/0","0/0","0/0","0/0","0/0","0/0","0/0","0/0"
"chr10:75406681_C/CG_SYNPO2L","0/0","0/0","0/0","0/0","0/0","0/0","0/0","0/0","0/0","0/0","0/0","0/0","0/0","0/0","0/0","0/0","0/0","0/0","0/0","0/0","0/0","0/0","0/0","0/0","0/0","0/0","0/0","0/0","0/0","0/0","0/0","0/0","0/0","0/0","0/0","0/0","0/1","0/0","0/0","0/0","0/0","0/0","0/0","0/0","0/0","0/0","0/0","0/0","0/0","0/0","0/0","0/0","0/0","0/0","0/0","0/0","0/0","0/0","0/0","0/0","0/0","0/0","0/0","0/0","0/0","0/0","0/0","0/0","0/0","0/0","0/0","0/0","0/0","0/0","0/0","0/0","0/0","0/0","0/0","0/0","0/0","0/0","0/0","0/0","0/0","0/0","0/0","0/0","0/0","0/0","0/0","0/0","0/0","0/0","0/0","0/0","0/0","0/0","0/0","0/0","0/0","0/0","0/0","0/0","0/0","0/0","0/0","0/0","0/0","0/0","0/0","0/0","0/0","0/0","0/0","0/0","0/0","0/0","0/0","0/0","0/0","0/0","0/0","0/0","0/0","0/0","0/0","0/0","0/0","0/0","0/0","0/0","0/0","0/0","0/0","0/0","0/0","0/0","0/0","0/0","0/0","0/0","0/0","0/0","0/0","0/0","0/0","0/0","0/0","0/0","0/0","0/0","0/0"
"chr10:76781905_GGAA/G_KAT6B","0/1","0/1","0/1","0/0","0/1","0/1","0/0","0/0","0/0","1/1","0/1","0/1","0/1","0/1","0/1","0/1","0/1","0/0","0/0","0/1","0/0","0/1","0/0","0/1","0/1","0/1","0/1","0/0","0/0","0/0","0/1","0/1","1/1","0/1","0/0","1/1","0/1","0/0","0/1","0/1","0/0","0/0","0/1","0/1","0/1","0/0","0/0","0/1","0/1","0/1","0/1","0/1","0/1","1/1","0/0","0/1","0/1","0/1","0/1","1/1","0/0","0/1","0/0","0/1","0/1","0/0","0/1","0/0","0/0","0/1","0/0","1/1","1/1","0/1","0/1","0/0","0/0","0/1","0/1","0/1","0/1","0/1","0/1","0/1","0/1","0/1","0/1","0/1","0/0","0/0","0/0","0/1","0/1","0/0","0/0","0/0","0/1","0/1","0/1","0/1","0/1","0/0","0/1","0/1","0/1","0/0","0/0","0/1","0/1","0/0","0/0","0/0","0/0","0/0","1/1","0/0","0/0","0/0","1/1","0/0","1/1","1/1","0/0","0/0","1/1","1/1","0/0","0/0","0/1","0/1","0/1","0/1","0/1","0/1","0/1","0/1","0/1","0/1","0/0","0/0","0/0","0/1","0/1","1/1","1/1","1/1","1/1","1/1","1/1","0/0","0/0","0/0","0/0"
"chr10:76790372_GTC/G_KAT6B","0/0","0/0","0/0","0/0","0/0","0/0","0/0","0/0","0/0","0/0","0/0","0/0","0/0","0/0","0/0","0/0","0/0","0/0","0/0","0/0","0/0","0/0","0/0","0/0","0/0","0/0","0/0","0/0","0/0","0/0","0/0","0/0","0/0","0/0","0/0","0/0","0/0","0/0","0/0","0/0","0/0","0/0","0/0","0/0","0/0","0/0","0/0","0/0","0/0","0/0","0/0","0/0","0/0","0/0","0/0","0/0","0/0","0/0","0/0","0/0","0/0","0/0","0/0","0/0","0/0","0/0","0/0","0/0","0/0","0/0","0/0","0/0","0/0","0/0","0/0","0/0","0/0","0/0","0/0","0/0","0/0","0/0","0/0","0/0","0/0","0/0","0/0","0/0","0/0","0/0","0/0","0/0","0/0","0/0","0/0","0/0","0/0","0/0","0/0","0/0","0/0","0/0","0/0","0/0","0/0","0/0","0/0","0/0","0/0","0/1","0/0","0/0","0/0","0/0","0/0","0/0","0/0","0/0","0/0","0/0","0/0","0/0","0/0","0/0","0/0","0/0","0/0","0/0","0/0","0/0","0/0","0/0","0/0","0/0","0/0","0/0","0/0","0/0","0/0","0/0","0/0","0/0","0/0","0/0","0/0","0/0","0/0","0/0","0/0","0/0","0/0","0/0","0/0"
"chr10:78729785_CT/C_KCNMA1","0/0","0/0","0/0","0/0","0/0","0/0","0/0","0/0","0/0","0/0","0/0","0/0","0/0","0/0","0/0","0/0","0/0","0/0","0/0","0/0","0/0","0/0","0/0","0/0","0/0","0/0","0/0","0/0","0/0","0/0","0/0","0/0","0/0","0/0","0/0","0/0","0/1","0/0","0/0","0/0","0/0","0/0","0/0","0/0","0/0","0/0","0/0","0/0","0/0","0/0","0/0","0/0","0/0","0/0","0/0","0/0","0/0","0/0","0/0","0/0","0/0","0/0","0/0","0/0","0/0","0/0","0/0","0/0","0/0","0/0","0/0","0/0","0/0","0/0","0/0","0/0","0/0","0/0","0/0","0/0","0/0","0/0","0/0","0/0","0/0","0/0","0/0","0/0","0/0","0/0","0/0","0/0","0/0","0/0","0/0","0/0","0/0","0/0","0/0","0/0","0/0","0/0","0/0","0/0","0/0","0/0","0/0","0/0","0/0","0/0","0/0","0/0","0/0","0/0","0/0","0/0","0/0","0/0","0/0","0/0","0/0","0/0","0/0","0/0","0/0","0/0","0/0","0/0","0/0","0/0","0/0","0/0","0/0","0/0","0/0","0/0","0/0","0/0","0/0","0/0","0/0","0/0","0/0","0/0","0/0","0/0","0/0","0/0","0/0","0/0","0/0","0/0","0/0"
"chr10:79397263_AGAGGAG/AGAGGAGGAG_KCNMA1","0/0","0/0","0/0","0/0","0/0","0/0","0/0","0/0","0/0","0/0","0/0","0/1","0/0","0/0","0/0","0/0","0/0","0/0","0/0","0/0","0/0","0/0","0/0","0/0","0/0","0/0","0/0","0/0","0/0","0/0","0/0","0/0","0/0","0/0","0/0","0/0","0/0","0/0","0/0","0/0","0/0","0/0","0/0","0/0","0/0","0/0","0/0","0/0","0/1","0/0","0/0","0/0","0/0","0/0","0/0","0/1","0/0","0/0","0/0","0/0","0/0","0/0","0/0","0/0","0/0","0/0","0/0","0/0","0/0","0/0","0/0","0/0","0/0","0/0","0/0","0/1","0/1","0/1","0/1","0/0","0/0","0/0","0/0","0/0","0/0","0/0","0/0","0/0","0/0","0/0","0/0","0/0","0/0","0/1","0/1","0/0","0/0","0/0","0/0","0/0","0/0","0/0","0/0","0/0","0/0","0/0","0/0","0/0","0/0","0/0","0/0","0/0","0/0","0/0","0/0","0/1","0/1","0/0","0/2","0/0","0/2","0/2","0/1","0/0","0/0","0/0","0/0","0/0","0/0","0/0","0/0","0/0","0/0","0/0","0/0","0/0","0/0","0/0","0/0","0/0","0/0","0/0","0/0","0/0","0/0","0/0","0/0","0/0","0/0","0/0","0/0","0/0","0/0"
"chr10:81841421_C/CA_TMEM254","0/0","0/0","0/0","0/0","0/1","0/0","0/0","0/0","0/0","0/0","0/0","0/0","0/0","0/0","0/0","0/0","0/0","0/0","0/0","0/0","0/0","0/0","0/0","0/0","0/0","0/0","0/0","0/0","0/0","0/0","0/0","0/0","0/0","0/0","0/0","0/0","0/1","0/0","0/0","0/0","0/0","0/0","0/0","0/0","0/0","0/0","0/0","0/0","0/0","0/0","0/0","0/0","0/0","0/0","0/0","0/0","0/0","0/0","0/0","0/0","0/1","0/0","0/0","0/0","0/0","0/0","0/0","0/1","0/1","0/0","0/0","0/1","0/0","0/0","0/0","0/0","0/0","0/0","0/0","0/0","0/0","0/0","0/0","0/0","0/0","0/1","0/1","0/0","0/0","0/0","0/0","0/0","0/0","0/0","0/0","0/0","0/0","0/0","0/0","0/0","0/0","0/0","0/0","0/1","0/1","0/0","0/0","0/0","0/0","0/0","0/0","0/0","0/0","0/0","0/0","0/0","0/0","0/0","0/0","0/0","0/0","0/1","0/1","0/0","0/0","0/0","0/0","0/0","0/0","0/0","0/0","0/0","0/0","0/0","0/0","0/0","0/0","0/0","0/0","0/0","0/0","0/0","0/0","0/0","0/0","0/0","0/0","0/0","0/0","0/0","0/0","0/0","0/0"
"chr10:84744922_C/CA_NRG3","0/0","0/0","0/0","0/0","0/0","0/0","0/0","0/0","0/0","0/0","0/0","0/0","0/0","0/0","0/0","0/0","0/0","0/0","0/0","0/0","0/0","0/0","0/0","0/0","0/0","0/0","0/0","0/0","0/0","0/0","0/0","0/0","0/0","0/0","0/0","0/0","0/0","0/0","0/0","0/0","0/0","0/0","0/0","0/0","0/0","0/0","0/0","0/0","0/0","0/0","0/0","0/0","0/0","0/0","0/0","0/0","0/0","0/0","0/0","0/0","0/0","0/0","0/0","0/0","0/0","0/0","0/1","0/0","0/0","0/0","0/0","0/0","0/0","0/0","0/0","0/0","0/0","0/0","0/0","0/0","0/0","0/0","0/0","0/0","0/0","0/0","0/0","0/0","0/0","0/0","0/0","0/0","0/0","0/0","0/0","0/0","0/0","0/0","0/0","0/0","0/0","0/0","0/0","0/0","0/0","0/0","0/0","0/0","0/0","0/0","0/0","0/0","0/0","0/0","0/0","0/0","0/0","0/0","0/0","0/0","0/0","0/0","0/0","0/0","0/0","0/0","0/0","0/0","0/0","0/0","0/0","0/0","0/0","0/0","0/0","0/0","0/0","0/0","0/0","0/0","0/0","0/0","0/0","0/0","0/0","0/0","0/0","0/0","0/0","0/0","0/0","0/0","0/0"
"chr10:85984601_GGGGTGGCAC/G_LRIT2","0/0","0/0","0/0","0/0","0/0","0/0","0/0","0/0","0/0","0/0","0/0","0/0","0/0","0/0","0/0","0/0","0/0","0/0","0/0","0/0","0/0","0/0","0/0","0/0","0/0","0/0","0/0","0/0","0/0","0/0","0/0","0/0","0/0","0/0","0/0","0/0","0/0","0/1","0/0","0/0","0/0","0/0","0/0","0/0","0/0","0/0","0/0","0/0","0/0","0/0","0/0","0/0","0/0","0/0","0/0","0/0","0/0","0/0","0/0","0/0","0/0","0/0","0/0","0/0","0/0","0/0","0/0","0/0","0/0","0/0","0/0","0/0","0/0","0/0","0/0","0/0","0/0","0/0","0/0","0/0","0/0","0/0","0/0","0/0","0/0","0/0","0/0","0/0","0/0","0/0","0/0","0/0","0/0","0/0","0/0","0/0","0/0","0/0","0/0","0/0","0/0","0/0","0/0","0/0","0/0","0/0","0/0","0/0","0/0","0/0","0/0","0/0","0/0","0/0","0/0","0/0","0/0","0/0","0/0","0/0","0/0","0/0","0/0","0/0","0/0","0/0","0/0","0/0","0/0","0/0","0/0","0/0","0/0","0/0","0/0","0/0","0/0","0/0","0/0","0/0","0/0","0/0","0/0","0/0","0/0","0/0","0/0","0/0","0/0","0/0","0/0","0/0","0/0"
"chr10:85991973_T/TA_LRIT1","0/0","0/0","0/0","0/0","0/0","0/0","0/0","0/0","0/0","0/0","0/0","0/0","0/0","0/0","0/0","0/0","0/0","0/0","0/0","0/0","0/0","0/0","0/0","0/0","0/0","0/0","0/0","0/0","0/0","0/0","0/0","0/0","0/0","0/0","0/0","0/0","0/0","0/0","0/0","0/0","0/0","0/0","0/0","0/0","0/0","0/0","0/0","0/0","0/0","0/0","0/0","0/0","0/0","0/0","0/0","0/0","0/0","0/0","0/0","0/0","0/0","0/0","0/0","0/0","0/0","0/0","0/0","0/0","0/0","0/0","0/0","0/0","0/0","0/0","0/0","0/0","0/0","0/0","0/0","0/0","0/0","0/0","0/0","0/0","0/0","0/0","0/0","0/0","0/0","0/0","0/0","0/0","0/0","0/0","0/0","0/0","0/0","0/0","0/0","0/0","0/0","0/0","0/0","0/0","0/0","0/0","0/0","0/0","0/0","0/0","0/0","0/0","0/0","0/0","0/0","0/0","0/0","0/0","0/0","0/0","0/0","0/0","0/0","0/0","0/0","0/1","0/0","0/0","0/0","0/0","0/0","0/0","0/0","0/0","0/0","0/0","0/0","0/0","0/0","0/0","0/0","0/0","0/0","0/0","0/0","0/0","0/0","0/0","0/0","0/0","0/0","0/0","0/0"
"chr10:86001143_T/TG_LRIT1","0/0","0/0","0/0","0/0","0/0","0/0","0/0","0/0","0/0","0/0","0/0","0/0","0/0","0/0","0/0","0/0","0/0","0/0","0/0","0/0","0/0","0/0","0/0","0/0","0/0","0/0","0/0","0/0","0/0","0/0","0/0","0/0","0/0","0/0","0/0","0/0","0/0","0/0","0/0","0/0","0/0","0/0","0/0","0/0","0/0","0/0","0/0","0/0","0/0","0/0","0/0","0/0","0/0","0/0","0/0","0/0","0/0","0/0","0/0","0/0","0/0","0/0","0/0","0/0","0/0","0/0","0/0","0/0","0/0","0/0","0/0","0/0","0/0","0/0","0/0","0/0","0/0","0/0","0/0","0/0","0/0","0/0","0/0","0/0","0/0","0/0","0/0","0/0","0/0","0/0","0/0","0/0","0/0","0/0","0/0","0/0","0/0","0/0","0/0","0/0","0/0","0/0","0/0","0/0","0/0","0/0","0/0","0/0","0/0","0/0","0/0","0/0","0/0","0/0","0/0","0/0","0/0","0/0","0/0","0/0","0/0","0/0","0/0","0/0","0/0","0/1","0/0","0/0","0/0","0/0","0/0","0/0","0/0","0/0","0/0","0/0","0/0","0/0","0/0","0/0","0/0","0/0","0/0","0/0","0/0","0/0","0/0","0/0","0/0","0/0","0/0","0/0","0/0"
"chr10:86001194_A/ATGGCTCC_LRIT1","0/0","0/0","0/0","0/0","0/1","0/1","0/0","0/0","0/0","0/0","0/0","0/0","0/0","0/0","0/0","0/0","0/0","0/0","0/0","0/0","0/0","0/0","0/0","0/0","0/0","0/0","0/0","0/0","0/0","0/0","0/0","0/0","0/0","0/0","0/0","0/0","0/0","0/0","0/0","0/0","0/0","0/0","0/0","0/0","0/0","0/0","0/0","0/0","0/0","0/0","0/0","0/0","0/0","0/0","0/0","0/0","0/0","0/0","0/0","0/0","0/0","0/0","0/0","0/0","0/0","0/0","0/0","0/0","0/0","0/0","0/0","0/0","0/0","0/0","0/0","0/0","0/0","0/0","0/0","0/0","0/0","0/0","0/0","0/0","0/0","0/0","0/0","0/0","0/0","0/0","0/0","0/0","0/0","0/0","0/0","0/0","0/0","0/0","0/0","0/0","0/0","0/0","0/0","0/0","0/0","0/0","0/0","0/0","0/0","0/0","0/0","0/0","0/0","0/0","0/0","0/0","0/0","0/0","0/0","0/0","0/0","0/0","0/0","0/0","0/0","0/0","0/0","0/0","0/0","0/0","0/0","0/0","0/0","0/0","0/0","0/0","0/0","0/0","0/0","0/0","0/0","0/0","0/0","0/0","0/0","0/0","0/0","0/0","0/0","0/0","0/0","0/0","0/0"
"chr10:89623857_CGGCT/C_PTEN",".",".",".",".",".",".",".",".",".",".",".",".",".",".",".",".",".",".",".",".",".",".",".",".",".",".",".",".",".",".",".",".",".",".",".",".",".",".",".",".",".",".",".",".",".",".",".",".",".",".",".",".",".",".",".",".",".",".",".",".",".",".",".",".",".",".",".",".",".",".",".",".",".",".",".",".",".",".",".",".",".",".",".",".",".",".",".",".",".",".",".",".",".",".",".",".",".",".",".",".",".",".",".",".",".",".","0/1",".",".",".",".",".",".",".",".",".",".",".",".",".",".",".",".",".",".",".",".",".",".",".",".",".",".",".",".",".",".",".",".",".",".",".",".",".",".",".",".",".",".",".",".",".","."
"chr10:91483747_G/GA_KIF20B","0/0","0/0","0/0","0/0","0/0","0/0","0/0","0/0","0/0","0/0","0/0","0/0","0/0","0/0","0/0","0/0","0/0","0/0","0/0","0/0","0/0","0/0","0/0","0/0","0/0","0/0","0/0","0/0","0/0","0/0","0/0","0/0","0/0","0/0","0/0","0/0","0/0","0/0","0/0","0/0","0/0","0/0","0/0","0/0","0/0","0/0","0/0","0/0","0/0","0/0","0/0","0/0","0/0","0/0","0/0","0/0","0/0","0/0","0/0","0/0","0/0","0/0","0/0","0/0","0/0","0/0","0/0","0/0","0/0","0/0","0/0","0/0","0/0","0/0","0/0","0/0","0/0","0/0","0/1","0/0","0/1","0/0","0/0","0/1","0/0","0/0","0/0","0/0","0/0","0/0","0/0","0/0","0/0","0/0","0/0","0/0","0/0","0/0","0/0","0/0","0/0","0/0","0/0","0/0","0/0","0/0","0/0","0/0","0/0","0/0","0/0","0/0","0/1","0/0","0/0","0/0","0/0","0/0","0/0","0/0","0/0","0/0","0/0","0/0","0/0","0/0","0/0","0/0","0/0","0/0","0/0","0/0","0/0","0/0","0/0","0/0","0/0","0/0","0/0","0/0","0/0","0/0","0/0","0/0","0/0","0/0","0/0","0/0","0/0","0/0","0/0","0/0","0/0"
"chr10:91497902_C/CTAAAAG_KIF20B","0/1","0/1","0/1","0/1","0/1","0/1","0/0","0/0","0/0","0/0","0/1","0/0","0/0","0/1","0/0","0/0","0/0","0/0","0/0","0/0","0/0","0/0","0/0","0/1","0/1","0/1","0/0","0/0","0/0","0/1","0/0","0/0","0/0","0/0","0/0","0/0","0/0","0/1","0/0","0/0","0/0","0/0","0/1","0/0","0/1","0/0","0/0","0/1","0/0","0/0","0/0","1/1","0/1","0/1","0/0","0/0","0/0","0/0","0/1","0/1","0/1","1/1","0/1","0/1","0/1","1/1","0/0","0/0","0/0","0/0","1/1","1/1","1/1","0/0","0/0","0/0","0/0","1/1","1/1","0/0","0/0","0/0","0/0","0/1","0/1","0/0","0/0","0/0","0/1","0/1","0/0","0/1","0/1","1/1","1/1","0/0","0/0","0/0","0/1","0/1","0/1","0/0","0/1","0/1","0/1","0/1","0/1","0/0","0/0","0/0","0/1","0/0","0/0","0/0","0/0","0/1","0/1","0/1","1/1","0/1","1/1","1/1","0/1","0/1","0/0","0/0","0/0","0/0","0/0","0/0","0/0","0/1","0/1","0/0","0/1","0/1","0/0","0/0","0/0","0/0","0/0","0/1","0/1","0/1","0/1","0/1","0/1","0/1","0/1","0/0","0/0","0/0","0/0"
"chr10:94297295_C/CT_IDE","0/0","0/0","0/0","0/0","0/0","0/0","0/0","0/0","0/0","0/0","0/0","0/0","0/0","0/0","0/0","0/0","0/0","0/0","0/0","0/0","0/0","0/0","0/0","0/0","0/0","0/0","0/0","0/0","0/0","0/0","0/0","0/1","0/0","0/0","0/0","0/0","0/0","0/0","0/0","0/0","0/0","0/0","0/0","0/0","0/0","0/0","0/0","0/0","0/0","0/0","0/0","0/0","0/0","0/0","0/0","0/0","0/0","0/0","0/0","0/0","0/0","0/0","0/0","0/0","0/0","0/0","0/0","0/0","0/0","0/0","0/0","0/0","0/0","0/0","0/0","0/0","0/0","0/0","0/0","0/0","0/0","0/0","0/0","0/0","0/0","0/0","0/0","0/0","0/0","0/0","0/0","0/0","0/0","0/0","0/0","0/0","0/0","0/0","0/0","0/0","0/0","0/0","0/0","0/0","0/0","0/0","0/0","0/0","0/0","0/0","0/0","0/0","0/0","0/0","0/0","0/0","0/0","0/0","0/0","0/0","0/0","0/0","0/0","0/0","0/0","0/0","0/0","0/0","0/0","0/0","0/0","0/0","0/0","0/0","0/0","0/0","0/0","0/0","0/0","0/0","0/0","0/0","0/0","0/0","0/0","0/0","0/0","0/0","0/0","0/0","0/0","0/0","0/0"
"chr10:95441339_A/AATCAGGGT_FRA10AC1","0/0","0/0","0/0","0/0","0/0","0/0","0/0","0/0","0/0","0/0","0/0","0/0","0/0","0/0","0/0","0/0","0/0","0/0","0/0","0/0","0/0","0/0","0/0","0/0","0/0","0/0","0/0","0/0","0/0","0/0","0/0","0/0","0/0","0/0","0/0","0/0","0/0","0/0","0/0","0/0","0/0","0/0","0/0","0/0","0/0","0/0","0/0","0/0","0/0","0/0","0/0","0/0","0/0","0/0","0/0","0/0","0/0","0/0","0/0","0/0","0/0","0/0","0/0","0/0","0/0","0/0","0/0","0/0","0/0","0/0","0/0","0/0","0/0","0/0","0/0","0/0","0/0","0/0","0/0","0/0","0/0","0/0","0/0","0/0","0/0","0/0","0/0","0/0","0/0","0/0","0/0","0/0","0/0","0/0","0/0","0/0","0/0","0/0","0/0","0/0","0/0","0/0","0/1","0/0","0/0","0/0","0/0","0/0","0/0","0/0","0/0","0/0","0/0","0/0","0/0","0/0","0/0","0/0","0/0","0/0","0/0","0/0","0/0","0/0","0/0","0/0","0/0","0/0","0/0","0/0","0/0","0/0","0/0","0/0","0/0","0/0","0/0","0/0","0/0","0/0","0/0","0/0","0/0","0/0","0/0","0/0","0/0","0/0","0/0","0/0","0/0","0/0","0/0"
"chr10:96961793_GA/G_ACSM6","0/0","0/0","0/0","0/0","0/0","0/0","0/0","0/0","0/0","0/0","0/0","0/0","0/0","0/0","0/0","0/0","0/0","0/0","0/0","0/0","0/0","0/0","0/0","0/0","0/0","0/0","0/1","0/0","0/0","0/0","0/0","0/0","0/0","0/0","0/0","0/0","0/0","0/0","0/0","0/0","0/0","0/0","0/0","0/0","0/0","0/0","0/0","0/0","0/0","0/0","0/0","0/0","0/1","0/0","0/0","0/0","0/0","0/0","0/0","0/0","0/0","0/0","0/0","0/0","0/0","0/0","0/0","0/0","0/0","0/0","0/0","0/0","0/0","0/0","0/0","0/0","0/0","0/0","0/0","0/0","0/0","0/0","0/0","0/0","0/0","0/0","0/0","0/0","0/0","0/0","0/0","0/0","0/0","0/0","0/0","0/0","0/0","0/0","0/0","0/0","0/1","0/1","0/1","0/0","0/0","0/0","0/0","0/0","0/0","0/1","0/0","0/0","0/0","0/0","0/0","0/0","0/0","0/0","0/0","0/0","0/0","0/0","0/0","0/0","0/0","0/0","0/0","0/0","0/0","0/0","0/0","0/0","0/0","0/0","0/0","0/0","0/0","0/0","0/0","0/0","0/0","0/0","0/0","0/0","0/0","0/0","0/0","0/0","0/0","0/0","0/0","0/0","0/0"
"chr10:96967062_T/TA_ACSM6","0/0","0/0","0/0","0/0","0/0","0/0","0/0","0/0","0/0","0/0","0/0","0/0","0/0","0/0","0/0","0/0","0/0","0/0","0/0","0/0","0/0","0/0","0/0","0/0","0/0","0/0","0/0","0/0","0/0","0/0","0/0","0/0","0/0","0/0","0/0","0/0","0/0","0/0","0/0","0/0","0/0","0/0","0/0","0/0","0/0","0/0","0/0","0/0","0/0","0/0","0/0","0/0","0/1","0/0","0/0","0/0","0/0","0/0","0/0","0/0","0/0","0/0","0/0","0/0","0/0","0/0","0/0","0/0","0/0","0/0","0/0","0/0","0/0","0/0","0/0","0/0","0/0","0/0","0/0","0/0","0/0","0/0","0/0","0/0","0/0","0/0","0/0","0/0","0/0","0/0","0/0","0/0","0/0","0/0","0/0","0/0","0/0","0/0","0/0","0/0","0/0","0/0","0/0","0/0","0/0","0/0","0/0","0/0","0/0","0/0","0/0","0/0","0/0","0/0","0/0","0/0","0/0","0/0","0/0","0/0","0/0","0/0","0/0","0/0","0/0","0/0","0/0","0/0","0/0","0/0","0/0","0/0","0/0","0/0","0/0","0/0","0/0","0/0","0/0","0/0","0/0","0/0","0/0","0/0","0/0","0/0","0/0","0/0","0/0","0/0","0/0","0/0","0/0"
"chr10:97920099_T/TC_ZNF518A","1/1","1/1","1/1","1/1","1/1","1/1","1/1","1/1","1/1","1/1","1/1","1/1","1/1","1/1","1/1","1/1","1/1","1/1","1/1","1/1","1/1","1/1","1/1","1/1","1/1","1/1","1/1","1/1","1/1","1/1","1/1","1/1","1/1","1/1","1/1","1/1","1/1","1/1","1/1","1/1","1/1","1/1","1/1","1/1","1/1","1/1","1/1","1/1","1/1","1/1","1/1","1/1","1/1","1/1","1/1","1/1","1/1","1/1","1/1","1/1","1/1","1/1","1/1","1/1","1/1","1/1","1/1","1/1","1/1","1/1","1/1","1/1","1/1","1/1","1/1","1/1","1/1","1/1","1/1","1/1","1/1","1/1","1/1","1/1","1/1","1/1","1/1","1/1","1/1","1/1","1/1","1/1","1/1","1/1","1/1","1/1","1/1","1/1","1/1","1/1","1/1","1/1","1/1","1/1","1/1","1/1","1/1","1/1","1/1","1/1","1/1","1/1","1/1","1/1","1/1","1/1","1/1","1/1","1/1","1/1","1/1","1/1","1/1","1/1","1/1","1/1","1/1","1/1","1/1","1/1","1/1","1/1","1/1","1/1","1/1","1/1","1/1","1/1","1/1","1/1","1/1","1/1","1/1","1/1","1/1","1/1","1/1","1/1","1/1","1/1","1/1","1/1","1/1"
"chr10:98823322_TG/T_SLIT1","0/0","0/0","0/0","0/0","0/0","0/0","0/0","0/0","0/0","0/0","0/0","0/0","0/0","0/0","0/0","0/0","0/0","0/0","0/0","0/0","0/0","0/0","0/0","0/0","0/0","0/0","0/0","0/0","0/0","0/1","0/0","0/0","0/0","0/0","0/0","0/0","0/0","0/0","0/0","0/0","0/0","0/0","0/0","0/0","0/0","0/0","0/0","0/0","0/0","0/0","0/0","0/0","0/0","0/0","0/0","0/0","0/0","0/0","0/0","0/0","0/0","0/0","0/0","0/0","0/0","0/0","0/0","0/0","0/0","0/0","0/0","0/0","0/0","0/0","0/0","0/0","0/0","0/0","0/0","0/0","0/0","0/0","0/0","0/0","0/0","0/0","0/0","0/0","0/0","0/0","0/0","0/0","0/0","0/0","0/0","0/0","0/0","0/0","0/0","0/0","0/0","0/0","0/0","0/0","0/0","0/0","0/0","0/0","0/0","0/0","0/0","0/0","0/0","0/0","0/0","0/0","0/0","0/0","0/0","0/0","0/0","0/0","0/0","0/0","0/0","0/0","0/0","0/0","0/0","0/0","0/0","0/0","0/0","0/0","0/0","0/0","0/0","0/0","0/0","0/0","0/0","0/0","0/0","0/0","0/0","0/0","0/0","0/0","0/0","0/0","0/0","0/0","0/0"
"chr10:99332378_TGGC/T_ANKRD2","0/0","0/0","0/0","0/0","0/0","0/0","0/0","0/0","0/0","0/0","1/1","0/0",".","0/0","0/0","0/0","0/0","0/0","0/0","0/0","0/0","0/0","0/0","0/0","0/0","0/0","0/0","0/0","0/0","0/0","0/0","0/0","0/0",".","0/0","0/0","0/0","0/0",".","0/1","0/0","0/0","0/0","0/0","0/0","0/1","0/0","0/0","0/0","0/0","0/0","0/0","0/0","0/0","0/0","0/0","0/0","0/0","1/1","0/0","0/1",".","0/0","0/0",".","0/0","0/0","0/0","0/0","0/0","0/0","0/0","0/0","0/0","0/0","0/0","0/0","0/0","0/0","0/0","0/0","0/0","0/0",".",".","0/0","0/0","0/1","0/0","0/0","0/0","0/0","0/0","0/0","0/0","0/0","0/0","0/0","0/0","0/0","0/0","0/0","0/0","0/0","0/0","0/0","0/0","0/0","0/0",".","0/0","0/0","0/0","0/0","1/1","0/0","0/0","0/0","0/0","0/0","0/0","0/0","0/0","0/0","1/1","1/1","0/0","0/0","0/0","0/0","0/0","0/0","0/0",".","0/0",".","0/0","0/0","0/0","0/0","0/0","0/0","0/0","0/0","0/0","0/0","0/0","0/0","0/0","0/0","0/0","0/0","0/0"
"chr10:100013400_A/AAT_LOXL4","0/0","0/0","0/0","0/0","0/0","0/0","0/0","0/0","0/0","0/0","0/0","0/0","0/0","0/0","0/0","0/0","0/0","0/0","0/0","0/0","0/0","0/0","0/0","0/0","0/0","0/0","0/0","0/0","0/0","0/1","0/0","0/0","0/0","0/0","0/0","0/0","0/0","0/0","0/0","0/0","0/0","0/0","0/0","0/0","0/0","0/0","0/0","0/0","0/0","0/0","0/0","0/0","0/0","0/0","0/0","0/0","0/0","0/0","0/0","0/0","0/0","0/0","0/0","0/0","0/0","0/0","0/0","0/0","0/0","0/0","0/0","0/0","0/0","0/0","0/0","0/0","0/0","0/0","0/0","0/0","0/0","0/0","0/0","0/0","0/0","0/0","0/0","0/0","0/0","0/0","0/0","0/0","0/0","0/0","0/0","0/0","0/0","0/0","0/0","0/0","0/0","0/0","0/0","0/0","0/0","0/0","0/0","0/0","0/0","0/0","0/0","0/0","0/0","0/0","0/0","0/0","0/0","0/0","0/0","0/0","0/0","0/0","0/0","0/0","0/0","0/0","0/0","0/0","0/0","0/0","0/0","0/0","0/0","0/0","0/0","0/0","0/0","0/0","0/0","0/0","0/0","0/0","0/0","0/0","0/0","0/0","0/0","0/0","0/0","0/0","0/0","0/0","0/0"
"chr10:100152217_TGC/T_PYROXD2","0/0","0/0","0/0","0/0","0/0","0/0","0/0","0/0","0/0","0/0","0/0","0/0","0/0","0/0","0/0","0/0","0/1","0/0","0/0","0/0","0/0","0/0","0/0","0/0","0/0","0/0","0/0","0/0","0/0","0/0","0/0","0/0","0/0","0/0","0/0","0/0","0/0","0/0","0/0","0/0","0/0","0/0","0/0","0/0","0/0","0/0","0/0","0/0","0/0","0/0","0/0","0/0","0/0","0/0","0/0","0/0","0/0","0/0","0/0","0/0","0/0","0/0","0/0","0/0","0/0","0/0","0/0","0/0","0/0","0/0","0/0","0/0","0/0","0/0","0/0","0/0","0/0","0/0","0/0","0/0","0/0","0/0","0/0","0/0","0/0","0/0","0/0","0/0","0/0","0/0","0/0","0/0","0/0","0/0","0/0","0/0","0/0","0/0","0/0","0/0","0/0","0/0","0/0","0/0","0/0","0/0","0/0","0/0","0/0","0/0","0/0","0/0","0/0","0/0","0/0","0/0","0/0","0/0","0/0","0/0","0/0","0/0","0/0","0/0","0/0","0/0","0/0","0/0","0/0","0/0","0/0","0/0","0/0","0/0","0/0","0/0","0/0","0/0","0/0","0/0","0/0","0/0","0/0","0/0","0/0","0/0","0/0","0/0","0/0","0/0","0/0","0/0","0/0"
"chr10:100995502_CG/C_HPSE2","0/0","0/0","0/0","0/0","0/0","0/0","0/0","0/0","0/0","0/0","0/0","0/0","0/0","0/0","0/0","0/0","0/0","0/0","0/0","0/0","0/0","0/0","0/0","0/0","0/0","0/0","0/0","0/0","0/0","0/0","0/0","0/0","0/0","0/0","0/0","0/0","0/0","0/0","0/0","0/0","0/0","0/0","0/0","0/0","0/0","0/0","0/0","0/0","0/0","0/0","0/0","0/0","0/0","0/0","0/0","0/0","0/0","0/0","0/0","0/0","0/0","0/0","0/0","0/0","0/0","0/0","0/0","0/0","0/0","0/0","0/0","0/0","0/0","0/0","0/0","0/0","0/0","0/0","0/0","0/0","0/0","0/0","0/0","0/0","0/0","0/0","0/0","0/0","0/0","0/0","0/0","0/0","0/0","0/0","0/0","0/0","0/0","0/0","0/0","0/0","0/0","0/0","0/0","0/0","0/0","0/0","0/0","0/0","0/0","0/0","0/0","0/0","0/0","0/0","0/0","0/0","0/0","0/0","0/0","0/0","0/0","0/0","0/0","0/0","0/0","0/1","0/0","0/0","0/0","0/0","0/0","0/0","0/0","0/0","0/0","0/0","0/0","0/0","0/0","0/0","0/0","0/0","0/0","0/0","0/0","0/0","0/0","0/0","0/0","0/0","0/0","0/0","0/0"
"chr10:101122084_CAAG/C_CNNM1","0/0","0/0","0/0","0/0","0/0","0/0","0/0","0/0","0/0","0/0","0/0","0/0","0/0","0/0","0/0","0/0","0/0","0/0","0/0","0/0","0/0","0/0","0/0","0/0","0/0","0/0","0/0","0/0","0/0","0/0","0/0","0/0","0/0","0/0","0/0","0/0","0/1","0/0","0/0","0/0","0/0","0/0","0/0","0/0","0/0","0/0","0/0","0/0","0/0","0/0","0/0","0/0","0/0","0/0","0/0","0/0","0/0","0/0","0/0","0/0","0/0","0/0","0/0","0/0","0/0","0/0","0/0","0/0","0/0","0/0","0/0","0/0","0/0","0/0","0/0","0/0","0/0","0/0","0/0","0/0","0/0","0/0","0/0","0/0","0/0","0/0","0/0","0/0","0/0","0/0","0/0","0/0","0/0","0/0","0/0","0/0","0/0","0/0","0/0","0/0","0/0","0/0","0/0","0/0","0/0","0/0","0/0","0/0","0/0","0/0","0/0","0/0","0/0","0/0","0/0","0/0","0/0","0/0","0/0","0/0","0/0","0/0","0/0","0/0","0/0","0/0","0/0","0/0","0/0","0/0","0/0","0/0","0/0","0/0","0/0","0/0","0/0","0/0","0/0","0/0","0/0","0/0","0/0","0/0","0/0","0/0","0/0","0/0","0/0","0/0","0/0","0/0","0/0"
"chr10:101295191_TCGGCCGCGGCCGCCGCCGCCGCCGCCGCCGCCGCCGCAGCAGCGGCGGCCTACAGCAGCAGCTATGGCTGTGCGTACCCGGCGGGCGGCGG/T_NKX2-3","0/0","0/0","0/0","0/0","0/0","0/0","0/0","0/0","0/0","0/0","0/0","0/1","0/0","0/0","0/0","0/0","0/0","0/0","0/0","0/1","0/0","0/0","0/0","0/0","0/0","0/0","0/0","0/0","0/0","0/0","0/0","0/0","0/0","0/0","0/1","0/0","0/0","0/0","0/0","0/0","0/0","0/0","0/0","0/1","0/0","0/0","0/0","0/0","0/1","0/0","0/0","0/0","0/0","0/0","0/0","0/0","0/0","0/0","0/0","0/0","0/0","0/0","0/0","0/0","0/0","0/0","0/0","0/0","0/0","0/0","0/0","0/0","0/0","0/1","0/0","0/0","0/0","0/0","0/0","0/0","0/0","0/1","0/0","0/0","0/0","0/0","0/1","0/0","0/0","0/0","0/0","0/0","0/0","0/0","0/0","0/0","0/0","0/0","0/0","0/0","0/0","0/0","0/0","0/0","0/0","0/0","0/0","0/0","0/0","0/0","0/0","0/0","0/0","0/0","0/0","0/0","0/0","0/1","0/0","0/0","0/0","0/0","0/0","0/0","0/0","0/0","0/0","0/0","0/0","0/1","0/0","0/0","0/0","0/0","0/0","0/0","0/0","0/0","0/0","0/0","0/0","0/0","0/0","0/0","0/0","0/1","0/0","0/1","0/0","0/0","0/0","0/0","0/0"
"chr10:101295274_GGGC/G_NKX2-3","0/0","0/1","0/0","0/1","0/0","0/0","0/1","0/0","0/0","0/0","0/0","0/2","0/0","0/0","0/0","0/0","0/0","0/0","0/0","0/2","0/0","0/1","0/0","0/0","0/0","0/0","0/0","0/0","0/0","0/0","0/1","0/0","0/0","0/0","0/1","0/0","0/1","0/0","0/0","0/0","0/0","0/0","0/0","0/0","0/0","0/0","0/0","0/0","0/0","0/0","0/0","0/0","0/0","0/1","0/0","0/0","0/1","0/1","0/0","0/0","0/0","0/0","0/1","0/0","0/0","0/0","0/0","0/0","0/0","0/0","0/0","0/0","0/0","0/1","0/0","0/0","0/0","0/0","0/0","0/0","0/0","0/2","0/0","0/0","0/0","0/0","0/1","0/0","0/0","0/0","0/0","0/0","0/0","0/0","0/0","0/0","0/0","0/0","0/0","0/0","0/0","0/0","0/1","0/0","0/1","0/0","0/0","0/0","0/0","0/0","0/0","0/0","0/0","0/0","0/0","0/0","0/0","0/2","0/0","0/0","0/0","0/0","0/0","0/0","0/0","0/0","0/0","0/0","0/1","0/2","0/0","0/0","0/0","0/0","0/1","0/0","0/0","0/0","0/0","0/0","0/0","0/0","0/0","0/0","0/0","0/2","0/0","0/2","0/0","0/0","0/0","0/0","0/0"
"chr10:101639715_CCGGTAG/C_DNMBP","0/0","0/0","0/0","0/0","0/0","0/0","0/0","0/0","0/0","0/0","0/0","0/0","0/0","0/0","0/1","0/0","0/0","0/0","0/0","0/0","0/0","0/0","0/0","0/1","0/0","0/0","0/0","0/0","0/0","0/0","0/0","0/0","0/0","0/0","0/0","0/0","0/0","0/0","0/0","0/0","0/0","0/0","0/0","0/0","0/0","0/0","0/0","0/0","0/0","0/0","0/0","0/0","0/0","0/0","0/0","0/0","0/0","0/0","0/0","0/0","0/0","0/0","0/0","0/0","0/0","0/0","0/0","0/0","0/0","0/0","0/0","0/0","0/0","0/0","0/0","0/0","0/0","0/0","0/0","0/0","0/0","0/0","0/0","0/0","0/0","0/0","0/0","0/0","0/0","0/0","0/0","0/0","0/0","0/0","0/0","0/0","0/0","0/0","0/0","0/0","0/0","0/0","0/0","0/0","0/0","0/0","0/0","0/0","0/0","0/0","0/0","0/0","0/0","0/0","0/0","0/0","0/0","0/0","0/0","0/0","0/0","0/0","0/0","0/0","0/0","0/0","0/0","0/0","0/0","0/0","0/0","0/0","0/0","0/0","0/0","0/0","0/0","0/0","0/0","0/0","0/0","0/0","0/0","0/0","0/0","0/0","0/0","0/0","0/0","0/0","0/0","0/0","0/0"
"chr10:102056855_TC/T_PKD2L1","0/0","0/0","0/0","0/0","0/0","0/0","0/0","0/0","0/0","0/0","0/0","0/0","0/0","0/0","0/0","0/0","0/0","0/0","0/0","0/0","0/0","0/0","0/0","0/0","0/0","0/0","0/0","0/0","0/0","0/0","0/0","0/0","0/0","0/0","0/0","0/0","0/0","0/0","0/0","0/0","0/0","0/0","0/0","0/0","0/0","0/0","0/0","0/0","0/0","0/0","0/0","0/0","0/0","0/0","0/0","0/0","0/0","0/0","0/0","0/0","0/0","0/1","0/0","0/0","0/0","0/0","0/0","0/0","0/0","0/0","0/0","0/0","0/0","0/0","0/0","0/0","0/0","0/0","0/0","0/0","0/0","0/0","0/0","0/0","0/0","0/0","0/0","0/0","0/0","0/0","0/0","0/0","0/0","0/0","0/0","0/0","0/0","0/0","0/0","0/0","0/0","0/0","0/0","0/0","0/0","0/0","0/0","0/0","0/0","0/0","0/0","0/0","0/0","0/0","0/0","0/0","0/0","0/0","0/0","0/0","0/0","0/0","0/0","0/0","0/0","0/0","0/0","0/0","0/0","0/0","0/0","0/0","0/0","0/0","0/0","0/0","0/0","0/0","0/0","0/0","0/0","0/0","0/0","0/0","0/0","0/0","0/0","0/0","0/0","0/0","0/0","0/0","0/0"
"chr10:102296412_AAG/A_HIF1AN","0/0","0/0","0/0","0/0","0/0","0/0","0/0","0/0","0/0","0/0","0/0","0/0","0/0","0/0","0/0","0/0","0/0","0/0","0/0","0/0","0/0","0/0","0/0","0/0","0/0","0/0","0/0","0/0","0/0","0/0","0/0","0/0","0/0","0/0","0/0","0/0","0/1","0/0","0/0","0/0","0/0","0/0","0/0","0/0","0/0","0/0","0/0","0/0","0/0","0/0","0/0","0/0","0/0","0/0","0/0","0/0","0/0","0/0","0/0","0/0","0/0","0/0","0/0","0/0","0/0","0/0","0/0","0/0","0/0","0/0","0/0","0/0","0/0","0/0","0/0","0/0","0/0","0/0","0/0","0/0","0/0","0/0","0/0","0/0","0/0","0/0","0/0","0/0","0/0","0/0","0/0","0/0","0/0","0/0","0/0","0/0","0/0","0/0","0/0","0/0","0/0","0/0","0/0","0/0","0/0","0/0","0/0","0/0","0/0","0/0","0/0","0/0","0/0","0/0","0/0","0/0","0/0","0/0","0/0","0/0","0/0","0/0","0/0","0/0","0/0","0/0","0/0","0/0","0/0","0/0","0/0","0/0","0/0","0/0","0/0","0/0","0/0","0/0","0/0","0/0","0/0","0/0","0/0","0/0","0/0","0/0","0/0","0/0","0/0","0/0","0/0","0/0","0/0"
"chr10:102587323_GC/G_PAX2","0/0","0/0","0/0","0/0","0/0","0/0","0/0","0/0","0/0","0/0","0/0","0/0","0/0","0/0","0/0","0/0","0/0","0/0","0/0","0/0","0/0","0/0","0/0","0/0","0/0","0/0","0/0","0/0","0/0","0/0","0/0","0/0","0/0","0/0","0/0","0/0","0/1","0/0","0/0","0/0","0/0","0/0","0/0","0/0","0/0","0/0","0/0","0/0","0/0","0/0","0/0","0/0","0/0","0/0","0/0","0/0","0/0","0/0","0/0","0/0","0/0","0/0","0/0","0/0","0/0","0/0","0/0","0/0","0/0","0/0","0/0","0/0","0/0","0/0","0/0","0/0","0/0","0/0","0/0","0/0","0/0","0/0","0/0","0/0","0/0","0/0","0/0","0/0","0/0","0/0","0/0","0/0","0/0","0/0","0/0","0/0","0/0","0/0","0/0","0/0","0/0","0/0","0/0","0/0","0/0","0/0","0/0","0/0","0/0","0/0","0/0","0/0","0/0","0/0","0/0","0/0","0/0","0/0","0/0","0/0","0/0","0/0","0/0","0/0","0/0","0/0","0/0","0/0","0/0","0/0","0/0","0/0","0/0","0/0","0/0","0/0","0/0","0/0","0/0","0/0","0/0","0/0","0/0","0/0","0/0","0/0","0/0","0/0","0/0","0/0","0/0","0/0","0/0"
"chr10:102744609_AATCAGC/A_SEMA4G","0/0","0/0","0/0","0/0","0/0","0/0","0/0","0/0","0/0","0/0","0/0","0/0","0/0","0/0","0/0","0/0","0/0","0/0","0/0","0/0","0/0","0/0","0/0","0/0","0/0","0/0","0/0","0/0","0/0","0/0","0/0","0/0","0/0","0/0","0/0","0/1","0/0","0/0","0/0","0/0","0/0","0/0","0/0","0/0","0/0","0/0","0/0","0/0","0/0","0/0","0/0","0/0","0/0","0/0","0/0","0/0","0/0","0/0","0/0","0/0","0/0","0/0","0/0","0/0","0/0","0/0","0/0","0/0","0/0","0/0","0/0","0/0","0/0","0/0","0/0","0/0","0/0","0/0","0/0","0/0","0/0","0/0","0/0","0/0","0/0","0/0","0/0","0/0","0/0","0/0","0/0","0/0","0/0","0/0","0/0","0/0","0/0","0/0","0/0","0/0","0/0","0/0","0/0","0/0","0/0","0/0","0/0","0/0","0/0","0/0","0/0","0/0","0/0","0/0","0/0","0/0","0/0","0/0","0/0","0/0","0/0","0/0","0/0","0/0","0/0","0/0","0/0","0/0","0/0","0/0","0/0","0/0","0/0","0/0","0/0","0/0","0/0","0/0","0/0","0/0","0/0","0/0","0/0","0/0","0/0","0/0","0/0","0/0","0/0","0/0","0/0","0/0","0/0"
"chr10:102744618_CCCCA/C_SEMA4G","0/0","0/0","0/0","0/0","0/0","0/0","0/0","0/0","0/0","0/0","0/0","0/0","0/0","0/0","0/0","0/0","0/0","0/0","0/0","0/0","0/0","0/0","0/0","0/0","0/0","0/0","0/0","0/0","0/0","0/0","0/0","0/0","0/0","0/0","0/0","0/1","0/0","0/0","0/0","0/0","0/0","0/0","0/0","0/0","0/0","0/0","0/0","0/0","0/0","0/0","0/0","0/0","0/0","0/0","0/0","0/0","0/0","0/0","0/0","0/0","0/0","0/0","0/0","0/0","0/0","0/0","0/0","0/0","0/0","0/0","0/0","0/0","0/0","0/0","0/0","0/0","0/0","0/0","0/0","0/0","0/0","0/0","0/0","0/0","0/0","0/0","0/0","0/0","0/0","0/0","0/0","0/0","0/0","0/0","0/0","0/0","0/0","0/0","0/0","0/0","0/0","0/0","0/0","0/0","0/0","0/0","0/0","0/0","0/0","0/0","0/0","0/0","0/0","0/0","0/0","0/0","0/0","0/0","0/0","0/0","0/0","0/0","0/0","0/0","0/0","0/0","0/0","0/0","0/0","0/0","0/0","0/0","0/0","0/0","0/0","0/0","0/0","0/0","0/0","0/0","0/0","0/0","0/0","0/0","0/0","0/0","0/0","0/0","0/0","0/0","0/0","0/0","0/0"
"chr10:102744624_T/TGTGTGA_SEMA4G","0/0","0/0","0/0","0/0","0/0","0/0","0/0","0/0","0/0","0/0","0/0","0/0","0/0","0/0","0/0","0/0","0/0","0/0","0/0","0/0","0/0","0/0","0/0","0/0","0/0","0/0","0/0","0/0","0/0","0/0","0/0","0/0","0/0","0/0","0/0","0/1","0/0","0/0","0/0","0/0","0/0","0/0","0/0","0/0","0/0","0/0","0/0","0/0","0/0","0/0","0/0","0/0","0/0","0/0","0/0","0/0","0/0","0/0","0/0","0/0","0/0","0/0","0/0","0/0","0/0","0/0","0/0","0/0","0/0","0/0","0/0","0/0","0/0","0/0","0/0","0/0","0/0","0/0","0/0","0/0","0/0","0/0","0/0","0/0","0/0","0/0","0/0","0/0","0/0","0/0","0/0","0/0","0/0","0/0","0/0","0/0","0/0","0/0","0/0","0/0","0/0","0/0","0/0","0/0","0/0","0/0","0/0","0/0","0/0","0/0","0/0","0/0","0/0","0/0","0/0","0/0","0/0","0/0","0/0","0/0","0/0","0/0","0/0","0/0","0/0","0/0","0/0","0/0","0/0","0/0","0/0","0/0","0/0","0/0","0/0","0/0","0/0","0/0","0/0","0/0","0/0","0/0","0/0","0/0","0/0","0/0","0/0","0/0","0/0","0/0","0/0","0/0","0/0"
"chr10:102765280_CCAGGCACAG/C_LZTS2","0/0","0/0","0/0","0/0","0/0","0/0","0/0","0/0","0/0","0/0","0/0","0/0","0/0","0/0","0/0","0/0","0/0","0/0","0/0","0/0","0/0","0/0","0/0","0/0","0/0","0/0","0/0","0/0","0/0","0/0","0/0","0/0","0/0","0/0","0/0","0/0","0/0","0/0","0/0","0/0","0/0","0/0","0/0","0/0","0/0","0/0","0/0","0/0","0/0","0/0","0/0","0/0","0/0","0/0","0/0","0/0","0/0","0/0","0/0","0/0","0/0","0/0","0/0","0/0","0/0","0/0","0/0","0/0","0/0","0/0","0/0","0/0","0/0","0/0","0/0","0/0","0/0","0/0","0/0","0/0","0/0","0/0","0/0","0/0","0/0","0/0","0/0","0/0","0/0","0/0","0/0","0/0","0/0","0/0","0/0","0/0","0/0","0/0","0/0","0/0","0/0","0/0","0/0","0/0","0/0","0/0","0/0","0/0","0/0","0/0","0/0","0/0","0/0","0/0","0/0","0/0","0/0","0/0","0/0","0/0","0/0","0/0","0/0","0/0","0/0","0/0","0/0","0/0","0/0","0/0","0/0","0/0","0/0","0/1","0/0","0/0","0/1","0/1","0/0","0/0","0/0","0/0","0/0","0/0","0/0","0/0","0/0","0/0","0/0","0/0","0/0","0/0","0/0"
"chr10:103454353_A/AGCC_FBXW4","0/0","0/0","0/0","0/0","0/0","0/0","0/0","0/0","0/0","0/0","0/0","0/0","0/0","0/0","0/0","0/0","0/0","0/0","0/0","0/0","0/0","0/0","0/0","0/0","0/0","0/0","0/0","0/0","0/0","0/0","0/0","0/0","0/0","0/0","0/0","0/0","0/0","0/0","0/0","0/0","0/0","0/0","0/0","0/0","0/0","0/0","0/0","0/0","0/0","0/0","0/0","0/0","0/0","0/0","0/0","0/0","0/0","0/0","0/0","0/0","0/0","0/0","0/0","0/0","0/0","0/0","0/0","0/0","0/0","0/0","0/0","0/0","0/0","0/0","0/0","0/0","0/0","0/0","0/0","0/0","0/0","0/0","0/0","0/0","0/0","0/0","0/0","0/0","0/0","0/0","0/0","0/0","0/0","0/0","0/0","0/0","0/0","0/0","0/0","0/0","0/0","0/0","0/0","0/0","0/0","0/0","0/0","0/0","0/0","0/0","0/0","0/0","0/0","0/1","0/0","0/0","0/0","0/0","0/0","0/0","0/0","0/0","0/0","0/0","0/0","0/0","0/1","0/1","0/0","0/0","0/0","0/0","0/0","0/0","0/0","0/0","0/0","0/0","0/0","0/0","0/0","0/0","0/0","0/0","0/0","0/0","0/0","0/0","0/0","0/0","0/0","0/0","0/0"
"chr10:103454357_GCCT/G_FBXW4","0/0","0/0","0/0","0/0","0/0","0/0","0/0","0/1","0/0","0/0","0/0","0/0","0/0","0/0","0/0","0/0","0/0","0/0","0/1","0/0","0/0","0/0","0/0","0/0","0/0","0/0","0/0","0/0","0/0","0/0","0/0","0/1","0/0","0/1","0/0","0/0","0/0","0/0","0/0","0/0","0/0","0/0","0/0","0/0","0/0","0/0","0/0","0/0","0/0","0/0","0/0","0/0","0/0","0/0","0/0","0/0","0/0","0/0","0/0","0/0","0/0","0/1","0/0","0/0","0/0","0/0","0/0","0/0","0/0","0/0","0/0","0/0","0/0","0/1","0/0","0/0","0/0","0/0","0/0","0/0","0/0","0/0","0/0","0/0","0/0","0/0","0/0","0/0","0/0","0/1","0/0","0/0","0/0","0/0","0/0","0/0","0/0","0/0","0/0","0/0","0/0","0/0","0/0","0/0","0/0","0/0","0/0","0/0","0/0","0/0","0/0","0/0","0/0","0/0","0/0","0/0","0/0","0/0","0/0","0/0","0/0","0/0","0/0","0/0","0/0","0/0","0/0","0/0","0/0","0/0","0/0","0/0","0/0","0/0","0/0","0/1","0/0","0/0","0/0","0/0","0/0","0/0","0/0","0/0","0/0","0/0","0/0","0/0","0/0","0/0","0/1","0/0","0/0"
"chr10:103541502_GC/G_NPM3","0/0","0/0","0/0","0/0","0/0","0/0","0/0","0/0","0/0","0/0","0/0","0/0","0/0","0/0","0/0","0/0","0/0","0/0","0/0","0/0","0/0","0/0","0/0","0/0","0/0","0/0","0/0","0/0","0/0","0/0","0/0","0/0","0/0","0/0","0/0","0/0","0/0","0/0","0/0","0/0","0/0","0/0","0/0","0/0","0/0","0/0","0/0","0/0","0/0","0/0","0/0","0/0","0/0","0/0","0/0","0/0","0/0","0/0","0/0","0/0","0/0","0/0","0/0","0/0","0/0","0/0","0/0","0/0","0/0","0/0","0/0","0/0","0/0","0/0","0/0","0/0","0/0","0/0","0/0","0/0","0/0","0/0","0/0","0/0","0/0","0/0","0/0","0/0","0/0","0/0","0/0","0/0","0/0","0/0","0/0","0/0","0/0","0/0","0/0","0/0","0/0","0/0","0/0","0/0","0/0","0/0","0/0","0/0","0/0","0/0","0/0","0/0","0/0","0/0","0/0","0/0","0/0","0/0","0/0","0/0","0/0","0/0","0/0","0/0","0/0","0/0","0/0","0/0","0/0","0/0","0/0","0/0","0/0","0/0","0/0","0/0","0/0","0/0","0/1","0/1","0/1","0/0","0/0","0/0","0/0","0/0","0/0","0/0","0/0","0/0","0/0","0/0","0/0"
"chr10:103900543_A/AGGCAGCAACGCC_PPRC1","0/0","0/0","0/0","0/0","0/0","0/0","0/0","0/0","0/0","0/0","0/0","0/0","0/0","0/0","0/0","0/0","0/0","0/0","0/0","0/0","0/0","0/0","0/0","0/0","0/0","0/0","0/0","0/0","0/0","0/0","0/0","0/0","0/0","0/0","0/0","0/0","0/0","0/0","0/0","0/0","0/0","0/0","0/0","0/0","0/0","0/0","0/0","0/0","0/0","0/0","0/0","0/0","0/0","0/0","0/0","0/0","0/0","0/0","0/0","0/0","0/0","0/0","0/0","0/0","0/0","0/0","0/0","0/0","0/0","0/0","0/0","0/0","0/0","0/0","0/0","0/0","0/0","0/0","0/0","0/0","0/0","0/0","0/0","0/0","0/0","0/0","0/0","0/0","0/0","0/0","0/0","0/0","0/0","0/0","0/0","0/0","0/0","0/0","0/0","0/0","0/0","0/1","0/0","0/0","0/0","0/0","0/0","0/0","0/0","0/1","0/0","0/0","0/0","0/0","0/0","0/0","0/0","0/1","0/0","0/1","0/0","0/0","0/0","0/1","0/0","0/0","0/0","0/0","0/0","0/0","0/0","0/0","0/0","0/0","0/0","0/0","0/0","0/0","0/0","0/0","0/0","0/0","0/0","0/0","0/0","0/0","0/0","0/0","0/0","0/0","0/0","0/0","0/0"
"chr10:103901076_GC/G_PPRC1","0/0","0/0","0/0","0/0","0/0","0/0","0/0","0/0","0/0","0/0","0/0","0/0","0/0","0/0","0/0","0/0","0/0","0/0","0/0","0/0","0/0","0/0","0/0","0/0","0/0","0/0","0/0","0/0","0/0","0/0","0/0","0/1","0/0","0/0","0/0","0/0","0/0","0/0","0/0","0/0","0/0","0/0","0/0","0/0","0/0","0/0","0/0","0/0","0/0","0/0","0/0","0/0","0/0","0/0","0/0","0/0","0/0","0/0","0/0","0/0","0/0","0/0","0/0","0/0","0/0","0/0","0/0","0/0","0/0","0/0","0/0","0/0","0/0","0/0","0/0","0/0","0/0","0/0","0/0","0/0","0/0","0/0","0/0","0/0","0/0","0/0","0/0","0/0","0/0","0/0","0/0","0/0","0/0","0/0","0/0","0/0","0/0","0/0","0/0","0/0","0/0","0/0","0/0","0/0","0/0","0/0","0/0","0/0","0/0","0/0","0/0","0/0","0/0","0/0","0/0","0/0","0/0","0/0","0/0","0/0","0/0","0/0","0/0","0/0","0/0","0/0","0/0","0/0","0/0","0/0","0/0","0/0","0/0","0/0","0/0","0/0","0/0","0/0","0/0","0/0","0/0","0/0","0/0","0/0","0/0","0/0","0/0","0/0","0/0","0/0","0/0","0/0","0/0"
"chr10:103907124_TC/T_PPRC1","0/0","0/0","0/0","0/0","0/0","0/0","0/0","0/0","0/0","0/0","0/0","0/0","0/0","0/0","0/0","0/0","0/0","0/0","0/0","0/0","0/0","0/0","0/0","0/0","0/0","0/0","0/0","0/0","0/0","0/0","0/0","0/0","0/0","0/0","0/0","0/0","0/1","0/0","0/0","0/0","0/0","0/0","0/0","0/0","0/0","0/0","0/0","0/0","0/0","0/0","0/0","0/0","0/0","0/0","0/0","0/0","0/0","0/0","0/0","0/0","0/0","0/0","0/0","0/0","0/0","0/0","0/0","0/0","0/0","0/0","0/0","0/0","0/0","0/0","0/0","0/0","0/0","0/0","0/0","0/0","0/0","0/0","0/0","0/0","0/0","0/0","0/0","0/0","0/0","0/0","0/0","0/0","0/0","0/0","0/0","0/0","0/0","0/0","0/0","0/0","0/0","0/0","0/0","0/0","0/0","0/0","0/0","0/0","0/0","0/0","0/0","0/0","0/0","0/0","0/0","0/0","0/0","0/0","0/0","0/0","0/0","0/0","0/0","0/0","0/0","0/0","0/0","0/0","0/0","0/0","0/0","0/0","0/0","0/0","0/0","0/0","0/0","0/0","0/0","0/0","0/0","0/0","0/0","0/0","0/0","0/0","0/0","0/0","0/0","0/0","0/0","0/0","0/0"
"chr10:103988196_T/TG_ELOVL3","0/0","0/0","0/0","0/0","0/0","0/0","0/0","0/0","0/0","0/0","0/0","0/0","0/0","0/0","0/0","0/0","0/0","0/0","0/0","0/0","0/0","0/0","0/0","0/0","0/0","0/0","0/0","0/0","0/0","0/0","0/0","0/0","0/0","0/0","0/0","0/0","0/1","0/0","0/0","0/0","0/0","0/0","0/0","0/0","0/0","0/0","0/0","0/0","0/0","0/0","0/0","0/0","0/0","0/0","0/0","0/0","0/0","0/0","0/0","0/0","0/0","0/0","0/0","0/0","0/0","0/0","0/0","0/0","0/0","0/0","0/0","0/0","0/0","0/0","0/0","0/0","0/0","0/0","0/0","0/0","0/0","0/0","0/0","0/0","0/0","0/0","0/0","0/0","0/0","0/0","0/0","0/0","0/0","0/0","0/0","0/0","0/0","0/0","0/0","0/0","0/0","0/0","0/0","0/0","0/0","0/0","0/0","0/0","0/0","0/0","0/0","0/0","0/0","0/0","0/0","0/0","0/0","0/0","0/0","0/0","0/0","0/0","0/0","0/0","0/0","0/0","0/0","0/0","0/0","0/0","0/0","0/0","0/0","0/0","0/0","0/0","0/0","0/0","0/0","0/0","0/0","0/0","0/0","0/0","0/0","0/0","0/0","0/0","0/0","0/0","0/0","0/0","0/0"
"chr10:104486746_T/TG_SFXN2","0/0","0/0","0/0","0/0","0/0","0/0","0/0","0/0","0/0","0/0","0/0","0/0","0/0","0/0","0/0","0/0","0/0","0/0","0/0","0/0","0/0","0/0","0/0","0/0","0/0","0/0","0/0","0/0","0/0","0/0","0/0","0/0","0/0","0/0","0/0","0/0","0/1","0/0","0/0","0/0","0/0","0/0","0/0","0/0","0/0","0/0","0/0","0/0","0/0","0/0","0/0","0/0","0/0","0/0","0/0","0/0","0/0","0/0","0/0","0/0","0/0","0/0","0/0","0/0","0/0","0/0","0/0","0/0","0/0","0/0","0/0","0/0","0/0","0/0","0/0","0/0","0/0","0/0","0/0","0/0","0/0","0/0","0/0","0/0","0/0","0/0","0/0","0/0","0/0","0/0","0/0","0/0","0/0","0/0","0/0","0/0","0/0","0/0","0/0","0/0","0/0","0/0","0/0","0/0","0/0","0/0","0/0","0/0","0/0","0/0","0/0","0/0","0/0","0/0","0/0","0/0","0/0","0/0","0/0","0/0","0/0","0/0","0/0","0/0","0/0","0/0","0/0","0/0","0/0","0/0","0/0","0/0","0/0","0/0","0/0","0/0","0/0","0/0","0/0","0/0","0/0","0/0","0/0","0/0","0/0","0/0","0/0","0/0","0/0","0/0","0/0","0/0","0/0"
"chr10:105110740_A/AGGAGGC_PCGF6","0/1","0/0","0/1","1/1","0/1","0/1","0/0","0/0","0/0","1/1","0/1","0/0","0/1","0/0","1/1","0/1","0/1","0/0","0/0","0/1","0/0","0/0","0/1","0/0","0/0","1/1","0/1","0/0","1/1","0/0","0/0","0/1","0/1","0/1","0/0","0/1","1/1","0/0","0/0","0/0","0/1","0/1","0/1","0/1","0/0","0/0","1/1","0/0","0/1","1/1","0/1","0/0","1/1","0/0","0/1","1/1","1/1","0/0","0/1","0/0","0/1","0/0","1/1","0/1","0/1","0/1","1/1","0/1","0/1","1/1","0/1","1/1","1/1","0/0","0/0","0/0","0/0","0/1","0/1","0/1","0/1","0/0","0/1","0/1","0/1","0/1","0/1","1/1","1/1","1/1","1/1","0/1","0/1","0/1","0/1","1/1","1/1","0/0","0/0","0/0","0/0","0/1","0/0","0/0","0/0","0/1","0/1","0/1","0/1","0/1","1/1","0/1","0/1","1/1","0/0","1/1","1/1","0/0","0/0","0/0","0/0","0/0","1/1","0/0","0/0","0/0","1/1","1/1","0/0","0/0","0/0","0/1","1/1","0/1","1/1","1/1","0/1","0/1","0/1","0/1","0/1","0/1","0/1","0/1","0/1","0/1","1/1","1/1","1/1","0/0","0/0","0/0","0/0"
"chr10:106022829_AGAG/A_GSTO1","0/0","0/0","0/0","0/0","0/0","0/0","0/0","0/0","0/0","0/0","0/0","0/0","0/0","0/0","0/0","0/0","0/0","0/0","0/0","0/0","0/0","0/0","0/1","0/0","0/0","0/0","0/0","0/0","0/0","0/0","0/0","0/0","0/0","0/0","0/0","0/0","0/0","0/0","0/0","0/0","0/0","0/0","0/0","0/0","0/0","0/0","0/0","0/0","0/0","0/0","0/0","0/0","0/0","0/0","0/0","0/0","0/0","0/0","0/0","0/0","0/0","0/0","0/0","0/0","0/0","0/0","0/0","0/0","0/0","0/0","0/0","0/0","0/0","0/1","0/1","0/0","0/0","0/0","0/0","0/0","0/0","0/0","0/0","0/0","0/0","0/0","0/0","0/0","0/0","0/0","0/0","0/0","0/0","0/0","0/0","0/0","0/0","0/0","0/0","0/0","0/1","0/0","0/1","0/0","0/0","0/0","0/0","0/0","0/0","0/0","0/0","0/0","0/0","0/0","0/0","0/0","0/0","0/0","0/0","0/0","0/0","0/0","0/0","0/0","0/0","0/0","0/0","0/0","0/1","0/1","0/1","0/0","0/0","0/0","0/0","0/0","0/0","0/0","0/0","0/0","0/0","0/0","0/0","0/0","0/0","0/0","0/0","0/0","0/0","0/0","0/0","0/0","0/0"
"chr10:111893349_CA/C_ADD3","0/0","0/0","0/0","0/0","0/0","0/0","0/0","0/0","0/0","0/0","0/0","0/0","0/0","0/0","0/0","0/0","0/0","0/0","0/0","0/0","0/0","0/0","0/0","0/0","0/0","0/0","0/0","0/0","0/0","0/0","0/0","0/0","0/0","0/0","0/0","0/0","0/0","0/0","0/0","0/0","0/0","0/0","0/0","0/0","0/0","0/0","0/0","0/0","0/0","0/0","0/0","0/0","0/0","0/0","0/0","0/0","0/0","0/0","0/0","0/0","0/0","0/0","0/0","0/0","0/0","0/0","0/0","0/0","0/0","0/0","0/0","0/0","0/0","0/0","0/0","0/0","0/0","0/0","0/0","0/0","0/0","0/0","0/0","0/0","0/0","0/0","0/0","0/0","0/0","0/0","0/0","0/0","0/0","0/0","0/0","0/0","0/0","0/0","0/0","0/0","0/0","0/0","0/0","0/0","0/0","0/0","0/0","0/0","0/0","0/0","0/0","0/0","0/0","0/0","0/0","0/0","0/0","0/0","0/0","0/0","0/0","0/0","0/0","0/0","0/0","0/1","0/0","0/0","0/0","0/0","0/0","0/0","0/0","0/0","0/0","0/0","0/0","0/0","0/0","0/0","0/0","0/0","0/0","0/0","0/0","0/0","0/0","0/0","0/0","0/0","0/0","0/0","0/0"
"chr10:115439640_CTT/C_CASP7","0/1","0/1","0/1","0/0","0/1","0/1","0/0","0/0","0/0","0/0","0/0","0/0","0/1","0/0","0/0","0/0","0/0","0/0","1/1","0/0","0/0","0/0","0/0","0/0","0/1","0/1","0/0","0/0","0/0","0/1","0/1","0/0","0/0","0/0","0/1","0/1","0/1","0/0","0/0","0/0","0/1","0/0","1/1","0/0","1/1","0/1","0/0","0/0","1/1","0/1","0/0","0/0","0/0","0/0","1/1","0/1","0/0","0/0","0/1","0/0","0/0","0/1","0/1","0/0","0/0","0/0","0/1","0/0","0/0","0/1","0/0","0/0","0/0","0/0","0/0","0/0","0/0","0/0","0/0","0/1","0/1","0/0","0/0","0/1","0/1","0/0","0/0","1/1","0/1","0/1","0/0","0/0","0/0","0/0","0/0","0/0","1/1","0/1","0/0","0/0","0/0","0/1","0/0","0/1","0/1","0/0","0/0","0/1","0/1","0/0","0/0","0/1","0/1","0/0","0/0","0/0","0/0","1/1","0/1","1/1","0/0","0/1","0/0","1/1","0/0","0/0","0/0","0/0","0/0","0/0","0/0","0/0","0/1","1/1","0/1","0/0","1/1","1/1","0/1","0/1","0/1","0/0","0/0","0/1","0/1","0/1","0/0","0/0","0/0","0/1","0/1","0/1","0/1"
"chr10:115439666_GC/G_CASP7","0/0","0/0","0/0","0/0","0/0","0/0","0/0","0/0","0/0","0/0","0/0","0/0","0/0","0/0","0/0","0/0","0/0","0/0","0/0","0/0","0/0","0/0","0/0","0/0","0/0","0/0","0/0","0/0","0/0","0/0","0/0","0/0","0/0","0/0","0/0","0/0","0/0","0/0","0/0","0/0","0/0","0/0","0/0","0/0","0/0","0/0","0/0","0/0","0/0","0/0","0/0","0/0","0/0","0/0","0/0","0/0","0/0","0/0","0/0","0/0","0/0","0/0","0/0","0/0","0/0","0/0","0/0","0/0","0/0","0/0","0/0","0/0","0/0","0/0","0/0","0/0","0/0","0/0","0/0","0/0","0/0","0/0","0/0","0/0","0/0","0/0","0/0","0/0","0/0","0/0","0/0","0/0","0/0","0/0","0/0","0/0","0/0","0/0","0/0","0/0","0/0","0/0","0/0","0/0","0/0","0/0","0/0","0/0","0/0","0/0","0/0","0/0","0/0","0/0","0/0","0/0","0/0","0/0","0/0","0/0","0/0","0/0","0/0","0/0","0/0","0/0","0/0","0/0","0/0","0/1","0/0","0/0","0/0","0/0","0/0","0/0","0/0","0/0","0/0","0/0","0/0","0/0","0/0","0/0","0/0","0/0","0/0","0/0","0/0","0/0","0/0","0/0","0/0"
"chr10:115804705_C/CCGCCCT_ADRB1","0/0","0/0","0/0","0/0","0/0","0/0","0/0","0/0","0/0","0/0","0/0","0/0","0/0","0/0","0/0","0/0","0/0","0/0","0/0","0/0","0/0","0/0","0/0","0/0","0/0","0/0","0/0","0/0","0/0","0/0","0/0","0/0","0/0","0/0","0/0","0/0","0/0","0/0","0/0","0/0","0/0","0/0","0/0","0/0","0/0","0/0","0/0","0/0","0/0","0/0","0/0","0/0","0/0","0/0","0/0","0/0","0/0","0/0","0/0","0/0","0/0","0/0","0/0","0/1","0/1","0/0","0/0","0/0","0/0","0/0","0/0","0/0","0/0","0/0","0/0","0/0","0/0","0/0","0/0","0/0","0/0","0/0","0/0","0/0","0/0","0/0","0/0","0/0","0/0","0/0","0/0","0/0","0/0","0/0","0/0","0/0","0/0","0/0","0/0","0/0","0/0","0/0","0/0","0/0","0/0","0/0","0/0","0/0","0/0","0/0","0/0","0/0","0/0","0/0","0/0","0/0","0/0","0/0","0/0","0/0","0/0","0/0","0/0","0/0","0/0","0/0","0/0","0/0","0/0","0/0","0/0","0/0","0/0","0/0","0/0","0/0","0/0","0/0","0/0","0/0","0/0","0/0","0/0","0/0","0/0","0/0","0/0","0/0","0/0","0/0","0/0","0/0","0/0"
"chr10:115805175_GGAC/G_ADRB1","0/0","0/0","0/0","0/0","0/0","0/0","0/0","0/0","0/0","0/0","0/0","0/0","0/0","0/0","0/0","0/0","0/0","0/0","0/0","0/0","0/0","0/0","0/0","0/0","0/0","0/0","0/0","0/0","0/0","0/0","0/0","0/0","0/0","0/0","0/0","0/0","0/0","0/0","0/0","0/0","0/0","0/0","0/0","0/0","0/0","0/0","0/0","0/0","0/0","0/0","0/0","0/0","0/0","0/0","0/0","0/0","0/0","0/0","0/0","0/0","0/0","0/0","0/0","0/0","0/0","0/0","0/0","0/0","0/0","0/0","0/0","0/0","0/0","0/0","0/0","0/0","0/0","0/1","0/0","0/0","0/0","0/0","0/0","0/0","0/0","0/0","0/0","0/0","0/0","0/0","0/0","0/0","0/0","0/0","0/0","0/0","0/0","0/0","0/0","0/0","0/0","0/0","0/0","0/0","0/0","0/0","0/0","0/0","0/0","0/0","0/0","0/0","0/0","0/0","0/0","0/0","0/0","0/0","0/0","0/0","0/0","0/0","0/0","0/0","0/0","0/0","0/0","0/0","0/0","0/0","0/0","0/0","0/0","0/0","0/0","0/0","0/0","0/0","0/0","0/0","0/0","0/0","0/0","0/0","0/0","0/0","0/0","0/0","0/0","0/0","0/0","0/0","0/0"
"chr10:116085784_C/CCCG_AFAP1L2","1/1","1/1","1/1","1/1","1/1","1/1","1/1","1/1","1/1","1/1","1/1","1/1","1/1","1/1","1/1","1/1","1/1","1/1","1/1","1/1","1/1","1/1","1/1","1/1","1/1","1/1","1/1","0/1","1/1","1/1","1/1","1/1","1/1","1/1","1/1","1/1","1/1","1/1","1/1","1/1","1/1","0/1","1/1","0/1","0/1","1/1","1/1","1/1","0/1","1/1","1/1","1/1","1/1","1/1","1/1","1/1","1/1","1/1","1/1","1/1","1/1","1/1","0/1","1/1","1/1","1/1","0/1","1/1","1/1","0/1","1/1","1/1","1/1","1/1","1/1","1/1","1/1","1/1","1/1","1/1","1/1","1/1","1/1","0/1","0/1","1/1","1/1","1/1","1/1","1/1","1/1","1/1","1/1","1/1","1/1","1/1","1/1","1/1","0/1","0/1","1/1","1/1","1/1","1/1","1/1","1/1","1/1","1/1","1/1","1/1","1/1","1/1","1/1","1/1","1/1","1/1","1/1","1/1","1/1","1/1","1/1","1/1","1/1","1/1","1/1","1/1","1/1","1/1","1/1","1/1","1/1","1/1","1/1","1/1","1/1","1/1","1/1","1/1","0/1","0/1","0/1","1/1","1/1","1/1","1/1","1/1","1/1","1/1","1/1","1/1","1/1","1/1","1/1"
"chr10:117856253_T/TA_GFRA1","0/0","0/0","0/0","0/0","0/0","0/0","0/0","0/0","0/0","0/0","0/0","0/0","0/0","0/0","0/0","0/0","0/0","0/0","0/0","0/0","0/0","0/0","0/0","0/0","0/0","0/0","0/0","0/0","0/0","0/0","0/0","0/0","0/0","0/0","0/0","0/0","0/1","0/0","0/0","0/0","0/0","0/0","0/0","0/0","0/0","0/0","0/0","0/0","0/0","0/0","0/0","0/0","0/0","0/0","0/0","0/0","0/0","0/0","0/0","0/0","0/0","0/0","0/0","0/0","0/0","0/0","0/0","0/0","0/0","0/0","0/0","0/0","0/0","0/0","0/0","0/0","0/0","0/0","0/0","0/0","0/0","0/0","0/0","0/0","0/0","0/0","0/0","0/0","0/0","0/0","0/0","0/0","0/0","0/0","0/0","0/0","0/0","0/0","0/0","0/0","0/0","0/0","0/0","0/0","0/0","0/0","0/0","0/0","0/0","0/0","0/0","0/0","0/0","0/0","0/0","0/0","0/0","0/0","0/0","0/0","0/0","0/0","0/0","0/0","0/0","0/0","0/0","0/0","0/0","0/0","0/0","0/0","0/0","0/0","0/0","0/0","0/0","0/0","0/0","0/0","0/0","0/0","0/0","0/0","0/0","0/0","0/0","0/0","0/0","0/0","0/0","0/0","0/0"
"chr10:118383463_A/AG_PNLIPRP2","1/1","1/1","1/1","1/1","1/1","1/1","1/1","1/1","1/1","1/1","1/1","1/1","1/1","1/1","1/1","1/1","1/1","1/1","1/1","1/1","1/1","1/1","1/1","1/1","1/1","1/1","1/1","1/1","1/1","1/1","1/1","1/1","1/1","1/1","1/1","1/1","1/1","1/1","1/1","1/1","1/1","1/1","1/1","1/1","1/1","1/1","1/1","1/1","1/1","1/1","1/1","1/1","1/1","1/1","1/1","1/1","1/1","1/1","1/1","1/1","1/1","1/1","1/1","1/1","1/1","1/1","1/1","1/1","1/1","1/1","1/1","1/1","1/1","1/1","1/1","1/1","1/1","1/1","1/1","1/1","1/1","1/1","1/1","1/1","1/1","1/1","1/1","1/1","1/1","1/1","1/1","1/1","1/1","1/1","1/1","1/1","1/1","1/1","1/1","1/1","1/1","1/1","1/1","1/1","1/1","1/1","1/1","1/1","1/1","1/1","1/1","1/1","1/1","1/1","1/1","1/1","1/1","1/1","1/1","1/1","1/1","1/1","1/1","1/1","1/1","1/1","1/1","1/1","1/1","1/1","1/1","1/1","1/1","1/1","1/1","1/1","1/1","1/1","1/1","1/1","1/1","1/1","1/1","1/1","1/1","1/1","1/1","1/1","1/1","1/1","1/1","1/1","1/1"
"chr10:118618627_CA/C_ENO4","0/0","0/0","0/0","0/0","0/0","0/0","0/0","0/0","0/0","0/0","0/0","0/0","0/0","0/0","0/0","0/0","0/0","0/0","0/0","0/0","0/0","0/0","0/0","0/0","0/0","0/0","0/0","0/0","0/0","0/0","0/0","0/0","0/0","0/0","0/0","0/0","0/1","0/0","0/0","0/0","0/0","0/0","0/0","0/0","0/0","0/0","0/0","0/0","0/0","0/0","0/0","0/0","0/0","0/0","0/0","0/0","0/0","0/0","0/0","0/0","0/0","0/0","0/0","0/0","0/0","0/0","0/0","0/0","0/0","0/0","0/0","0/0","0/0","0/0","0/0","0/0","0/0","0/0","0/0","0/0","0/0","0/0","0/0","0/0","0/0","0/0","0/0","0/0","0/0","0/0","0/0","0/0","0/0","0/0","0/0","0/0","0/0","0/0","0/0","0/0","0/0","0/0","0/0","0/0","0/0","0/0","0/0","0/1","0/0","0/0","0/0","0/0","0/0","0/0","0/0","0/0","0/0","0/0","0/0","0/0","0/0","0/0","0/0","0/0","0/0","0/0","0/0","0/0","0/0","0/0","0/0","0/0","0/0","0/0","0/0","0/0","0/0","0/0","0/0","0/0","0/0","0/0","0/0","0/0","0/0","0/0","0/0","0/0","0/0","0/0","0/0","0/0","0/0"
"chr10:120789812_CCCG/C_NANOS1","0/2","0/2","0/2","0/0","0/0","0/0","0/0","0/0","0/0","0/0","0/0","0/0","0/0","0/0","0/0","0/2","0/0","0/0","0/0","0/0","0/0","0/0","0/2","0/0","0/0","0/0","0/0","0/0","0/0","0/0","0/0","0/0","0/0","0/0","0/0","0/0","0/0","0/2","0/0","0/2","0/0","0/0","0/0","0/0","0/0","0/0","0/1","0/1","0/0","0/0","0/0","0/0","0/0","0/0","0/0","0/0","0/0","0/0","0/0","0/0","0/0","0/0","0/0","0/2","0/2","0/0","0/0","0/0","0/0","0/0","0/0","0/0","0/0","0/0","0/0","0/0","0/0","0/0","0/0","0/2","0/2","0/0","0/0","0/2","0/2","0/0","0/0","0/0","0/0","0/0","0/0","0/0","0/0","0/0","0/0","0/0","0/0","0/0","0/0","0/0","0/0","0/0","0/0","0/0","0/0","0/0","0/0","0/0","0/0","0/0","0/0","0/0","0/0","0/0","0/0","0/0","0/0","0/0","0/0","0/0","0/0","0/0","0/0","0/0","0/0","0/0","0/0","0/0","0/0","0/0","0/0","0/0","0/0","0/0","0/0","0/0","0/0","0/0","0/0","0/0","0/0","0/0","0/0","0/0","0/0","0/0","0/2","0/2","0/2","0/1","0/0","0/0","0/0"
"chr10:120789830_G/GCCA_NANOS1","0/0","0/0","0/0","0/0","0/0","0/0","0/0","0/0","0/0","0/0","0/0","0/0","0/0","0/0","0/0","0/0","0/0","0/0","0/0","0/0","0/0","0/0","0/0","0/0","0/0","0/0","0/0","0/0","0/0","0/0","0/0","0/0","0/0","0/0","0/0","0/0","0/0","0/0","0/0","0/0","0/0","0/0","0/0","0/0","0/0","0/0","0/0","0/0","0/0","0/1","0/0","0/0","0/0","0/0","0/0","0/0","0/0","0/0","0/0","0/0","0/0","0/0","0/0","0/0","0/0","0/0","0/0","0/0","0/0","0/0","0/0","0/0","0/0","0/0","0/0","0/0","0/0","0/0","0/0","0/0","0/0","0/0","0/0","0/0","0/0","0/0","0/0","0/0","0/0","0/0","0/0","0/0","0/0","0/0","0/0","0/0","0/0","0/0","0/0","0/0","0/0","0/0","0/0","0/0","0/0","0/0","0/0","0/0","0/0","0/0","0/0","0/0","0/0","0/0","0/0","0/0","0/0","0/0","0/0","0/0","0/0","0/0","0/0","0/0","0/0","0/0","0/0","0/0","0/0","0/0","0/0","0/0","0/0","0/0","0/0","0/0","0/0","0/0","0/0","0/0","0/0","0/0","0/0","0/0","0/0","0/0","0/0","0/0","0/0","0/0","0/0","0/0","0/0"
"chr10:121556338_AC/A_INPP5F","0/0","0/0","0/0","0/0","0/0","0/0","0/0","0/0","0/0","0/0","0/0","0/0","0/0","0/0","0/0","0/0","0/0","0/0","0/0","0/0","0/0","0/0","0/0","0/0","0/0","0/0","0/0","0/0","0/0","0/0","0/0","0/0","0/0","0/0","0/0","0/0","0/1","0/0","0/0","0/0","0/0","0/0","0/0","0/0","0/0","0/0","0/0","0/0","0/0","0/0","0/0","0/0","0/0","0/0","0/0","0/0","0/0","0/0","0/0","0/0","0/0","0/0","0/0","0/0","0/0","0/0","0/0","0/0","0/0","0/0","0/0","0/0","0/0","0/0","0/0","0/0","0/0","0/0","0/0","0/0","0/0","0/0","0/0","0/0","0/0","0/0","0/0","0/0","0/0","0/0","0/0","0/0","0/0","0/0","0/0","0/0","0/0","0/0","0/0","0/0","0/0","0/0","0/0","0/0","0/0","0/0","0/0","0/0","0/0","0/0","0/0","0/0","0/0","0/0","0/0","0/0","0/0","0/0","0/0","0/0","0/0","0/0","0/0","0/0","0/0","0/0","0/0","0/0","0/0","0/0","0/0","0/0","0/0","0/0","0/0","0/0","0/0","0/0","0/0","0/0","0/0","0/0","0/0","0/0","0/0","0/0","0/0","0/0","0/0","0/0","0/0","0/0","0/0"
"chr10:122630820_C/CA_WDR11","0/0","0/0","0/0","0/0","0/0","0/0","0/0","0/0","0/0","0/0","0/0","0/0","0/0","0/0","0/0","0/0","0/0","0/0","0/0","0/0","0/0","0/0","0/0","0/0","0/0","0/0","0/0","0/0","0/0","0/0","0/0","0/0","0/0","0/0","0/0","0/0","0/0","0/0","0/0","0/0","0/0","0/0","0/0","0/0","0/0","0/0","0/0","0/0","0/0","0/0","0/0","0/0","0/0","0/0","0/0","0/0","0/0","0/0","0/0","0/0","0/0","0/0","0/0","0/0","0/0","0/0","0/0","0/0","0/0","0/0","0/0","0/0","0/0","0/0","0/0","0/0","0/0","0/0","0/0","0/0","0/0","0/0","0/0","0/0","0/0","0/0","0/0","0/0","0/0","0/0","0/0","0/0","0/0","0/0","0/0","0/0","0/0","0/0","0/0","0/0","0/0","0/0","0/0","0/0","0/0","0/0","0/0","0/0","0/0","0/0","0/0","0/0","0/0","0/0","0/0","0/0","0/0","0/0","0/0","0/0","0/0","0/0","0/0","0/0","0/0","0/1","0/0","0/0","0/0","0/0","0/0","0/0","0/0","0/0","0/0","0/0","0/0","0/0","0/0","0/0","0/0","0/0","0/0","0/0","0/0","0/0","0/0","0/0","0/0","0/0","0/0","0/0","0/0"
"chr10:124221201_G/GT_HTRA1","0/0","0/0","0/0","0/0","0/0","0/0","0/0","0/0","0/0","0/0","0/0","0/0","0/0","0/0","0/1","0/0","0/0","0/0","0/0","0/0","0/0","0/0","0/0","0/0","0/0","0/0","0/0","0/0","0/0","0/0","0/0","0/0","0/0","0/0","0/1","0/0","0/0","0/0","0/0","0/0","0/0","0/0","0/0","0/0","0/0","0/0","0/0","0/0","0/0","0/0","0/0","0/0","0/0","0/0","0/0","0/0","0/0","0/0","0/0","0/0","0/0","0/0","0/0","0/0","0/0","0/0","0/0","0/0","0/0","0/0","0/0","0/0","0/0","0/0","0/0","0/0","0/0","0/0","0/0",".","0/0","0/0","0/0","0/0","0/0","0/0","0/0","0/0","0/0","0/0","0/0","0/1","0/1","0/0","0/0","0/0","0/0","0/0","0/0","0/0","0/0","0/0","0/0","0/0","0/0","0/0","0/0","0/1","0/0","0/0","0/0","0/0","0/0","0/0","0/0","0/0","0/0","0/0","0/0","0/0","0/0","0/0","0/0","0/0","0/0","0/0","0/0","0/0","0/0","0/0","0/0","0/0","0/0","0/0","0/0","0/0","0/1","0/0","0/0","0/0","0/0","0/0","0/0","0/0","0/0",".","0/0","0/0","0/0","0/0","0/0","0/0","0/0"
"chr10:124221202_C/CCT_HTRA1","0/0","0/0","0/0","0/0","0/0","0/0","0/0","0/0","0/0","0/0","0/0","0/0","0/0","0/0","0/1","0/0","0/0","0/0","0/0","0/0","0/0","0/0","0/0","0/0","0/0","0/0","0/0","0/0","0/0","0/0","0/0","0/0","0/0","0/0","0/1","0/0","0/0","0/0","0/0","0/0","0/0","0/0","0/0","0/0","0/0","0/0","0/0","0/0","0/0","0/0","0/0","0/0","0/0","0/0","0/0","0/0","0/0","0/0","0/0","0/0","0/0","0/0","0/0","0/0","0/0","0/0","0/0","0/0","0/0","0/0","0/0","0/0","0/0","0/0","0/0","0/0","0/0","0/0","0/0",".","0/0","0/0","0/0","0/0","0/0","0/0","0/0","0/0","0/0","0/0","0/0","0/1","0/1","0/0","0/0","0/0","0/0","0/0","0/0","0/0","0/0","0/0","0/0","0/0","0/0","0/0","0/0","0/1","0/0","0/0","0/0","0/0","0/0","0/0","0/0","0/0","0/0","0/0","0/0","0/0","0/0","0/0","0/0","0/0","0/0","0/0","0/0","0/0","0/0","0/0","0/0","0/0","0/0","0/0","0/0","0/0","0/1","0/0","0/0","0/0","0/0","0/0","0/0","0/0","0/0",".","0/0","0/0","0/0","0/0","0/0","0/0","0/0"
"chr10:124895749_TGCCGCCGCC/T_HMX3","0/0","0/0","0/0","0/0","0/0","0/0","0/0","0/0","0/0","0/0","0/0","0/0","0/0","0/0","0/0","0/0","0/0","0/0","0/0","0/0","0/0","0/0","0/0","0/0","0/0","0/0","0/0","0/0","0/0","0/0","0/0","0/0","0/0","0/0","0/0","0/0","0/0","0/0","0/0","0/0","0/0","0/0","0/0","0/0","0/1","0/0","0/0","0/0","0/0","0/0","0/0","0/0","0/0","0/0","0/0","0/0","0/0","0/0","0/0","0/0","0/0","0/0","0/0","0/0","0/0","0/0","0/0","0/0","0/0","0/0","0/0","0/0","0/0","0/0","0/0","0/0","0/0","0/0","0/0","0/0","0/0","0/0","0/0","0/0","0/0","0/0","0/0","0/0","0/0","0/0","0/0","0/0","0/0","0/0","0/0","0/0","0/0","0/0","0/0","0/0","0/0","0/0","0/0","0/0","0/0","0/0","0/0","0/0","0/0","0/0","0/0","0/0","0/0","0/0","0/0","0/0","0/0","0/0","0/0","0/0","0/0","0/0","0/0","0/0","0/0","0/0","0/0","0/0","0/0","0/0","0/0","0/0","0/0","0/0","0/0","0/0","0/0","0/0","0/0","0/0","0/0","0/0","0/0","0/0","0/0","0/0","0/0","0/0","0/0","0/0","0/0","0/0","0/0"
"chr10:125780752_CG/C_CHST15","0/0","0/0","0/0","1/1","0/1","0/1","0/1","0/1","0/1","0/1","0/1","0/1","0/0","0/2","0/1","0/1","0/0","0/1","1/1","0/1","0/2","0/1","0/1","0/2","0/0","1/1","0/1","0/3","0/1","1/1","0/1","0/4","1/1","1/3","0/1","0/5","0/1","0/0","0/3","0/2","1/1","0/1","1/1","0/1","0/1","0/3","0/1","0/0","0/1","1/1","0/1","0/1","0/1","1/1","0/1","0/1","0/1","0/0","0/3","0/1","0/1","0/1","0/0","1/2","1/2","0/1","0/1","0/1","0/1","0/1","0/1","0/1","0/1","0/1","0/1","1/1","1/1","0/1","0/1","0/1","1/1","0/1","0/1","0/1","1/1","0/1","0/1","0/1","0/2","0/2","1/1","0/1","0/1","0/1","0/1","1/1","0/1","0/1","1/1","1/1","0/1","0/1","0/1","0/1","0/1","0/1","1/1","0/1","1/1","0/1","1/1","0/1","0/1","0/0","1/2","0/1","0/1","0/0","1/1","0/0","1/1","0/1","0/1","0/1","1/2","1/2","0/1","0/0","0/1","0/1","0/1","1/1","0/1","0/1","0/1","0/1","0/1","0/1","0/0","0/1","0/0","0/1","0/1","0/1","0/1","0/1","1/1","1/1","1/1","0/0","0/0","0/5","0/0"
"chr10:126136178_G/GC_NKX1-2","0/0","0/0","0/0","0/0","0/0","0/0","0/0","0/0","0/0","0/0","0/0","0/0","0/0","0/0","0/0","0/0","0/0","0/0","0/0","0/0","0/0","0/0","0/0","0/0","0/0","0/0","0/0","0/0","0/0","0/0","0/0","0/0","0/0","0/0","0/0","0/0","0/0","0/0","0/0","0/0","0/1","0/0","0/0","0/0","0/0","0/0","0/0","0/0","0/0","0/0","0/0","0/0","0/0","0/0","0/0","0/0","0/0","0/0","0/0","0/0","0/0","0/0","0/0","0/0","0/0","0/0","0/0","0/0","0/0","0/0","0/0","0/0","0/0","0/1","0/1","0/0","0/0","0/0","0/0","0/0","0/0","0/0","0/0","0/0","0/0","0/0","0/0","0/0","0/0","0/0","0/0","0/0","0/0","0/0","0/0","0/0","0/0","0/0","0/0","0/0","0/0","0/0","0/0","0/0","0/0","0/0","0/0","0/0","0/0","0/0","0/0","0/0","0/0","0/0","0/0","0/0","0/0","0/0","0/0","0/0","0/0","0/0","0/0","0/0","0/0","0/0","0/0","0/0","0/0","0/0","0/0","0/0","0/0","0/0","0/0","0/0","0/0","0/0","0/0","0/0","0/0","0/0","0/0","0/0","0/0","0/0","0/0","0/0","0/0","0/0","0/0","0/0","0/0"
"chr10:126673560_G/GA_ZRANB1","0/0","0/0","0/0","0/0","0/0","0/0","0/0","0/0","0/0","0/1","0/0","0/0","0/0","0/0","0/0","0/0","0/1","0/0","0/0","0/0","0/0","0/0","0/0","0/0","0/0","0/0","0/0","0/1","0/0","0/0","0/0","0/1","0/0","0/0","0/0","0/0","0/0","0/0","0/0","0/0","0/0","0/0","0/0","0/0","0/0","0/0","0/1","0/0","0/0","0/0","0/0","0/0","0/0","0/0","0/0","0/0","0/0","0/0","0/0","0/0","0/0","0/0","0/0","0/0","0/0","0/0","0/0","0/0","0/0","0/0","0/0","0/0","0/0","0/0","0/0","0/0","0/0","0/0","0/1","0/0","0/0","0/0","0/0","0/0","0/0","0/0","0/0","0/0","0/0","0/0","0/0","0/0","0/0","0/0","0/0","0/0","0/0","0/0","0/0","0/0","0/0","0/0","0/0","0/0","0/0","0/0","0/0","0/0","0/0","0/0","0/0","0/0","0/0","0/0","0/0","0/0","0/0","0/0","0/0","0/0","0/0","0/1","0/0","0/0","0/0","0/0","0/0","0/0","0/0","0/0","0/0","0/0","0/1","0/0","0/1","0/1","0/0","0/0","0/0","0/0","0/0","0/0","0/0","0/0","0/0","0/0","0/1","0/0","0/0","0/0","0/0","0/0","0/0"
"chr10:126715159_A/AGCCGCAGGCTGGGGCTGCAGG_CTBP2","0/0","0/0","0/0","0/0","0/0","0/0","0/0","0/0","0/0","0/0","0/0","0/0","0/0","0/0","0/0","0/0","0/1","0/0","0/0","0/0","0/0","0/0","0/0","0/0","0/0","0/0","0/0","0/0","0/0","0/0","0/0","0/0","0/0","0/0","0/0","0/0","0/0","0/0","0/0","0/0","0/0","0/0","0/0","0/0","0/0","0/0","0/0","0/0","0/0","0/0","0/0","0/0","0/0","0/0","0/0","0/0","0/0","0/1","0/0","0/0","0/0","0/0","0/0","0/0","0/0","0/0","0/0","0/0","0/0","0/0","0/0","0/0","0/0","0/0","0/0","0/0","0/0","0/0","0/0","0/0","0/0","0/0","0/0","0/0","0/0","0/0","0/0","0/0","0/0","0/0","0/0","0/0","0/0","0/0","0/0","0/0","0/0","0/0","0/0","0/0","0/0","0/0","0/0","0/1","0/1","0/0","0/0","0/0","0/0","0/0","0/0","0/0","0/0","0/0","0/0","0/1","0/1","1/1","0/0","1/1","0/0","0/0","0/1","1/1","0/0","0/0","0/0","0/0","0/0","0/0","0/0","0/0","0/1","0/0","0/1","0/1","0/0","0/0","0/0","0/0","0/0","0/0","0/0","0/0","0/0","0/0","0/0","0/0","0/0","0/0","0/0","0/0","0/0"
"chr10:129536992_G/GGCC_FOXI2","1/1","1/1","1/1","0/0","0/1","0/1","0/0","0/0","0/0","0/0","0/0","0/0","0/0","0/0","0/0","0/0","0/0","0/0","0/0","0/0","0/0","0/0","0/0","0/0","0/1","0/0","0/0","0/0","0/0","0/0","0/0","0/0","0/1","0/0","0/0","0/0","0/0","0/0","0/0","0/0","0/0","0/0","0/0","0/0","0/0","0/0","0/0","0/0","0/0","0/1","0/0","0/0","0/0","0/0","0/0","0/1","0/0","0/0","0/0","0/0","0/0","0/0","0/0","0/0","0/0","0/0","0/0","0/0","0/0","0/0","0/0","0/0","0/0","0/0","0/0","0/0","0/0","0/0","0/0","0/1","0/1","0/0","0/0","0/0","0/0","0/0","0/0","0/0","0/0","0/0","0/0","0/0","0/0","0/0","0/0","0/0","0/0","0/0","0/0","0/0","0/0","0/0","0/0","0/0","0/0","0/0","0/0","0/0","0/0","0/0","0/0","0/0","0/0","0/0","0/0","0/0","0/0","0/0","0/0","0/0","0/0","0/0","0/0","0/0","0/0","0/0","0/0","0/0","0/0","0/0","0/0","0/0","0/0","0/0","0/0","0/0","0/0","0/0","0/0","0/0","0/0","0/0","0/0","0/0","0/0","0/0","0/1","0/1","0/1","0/0","0/0","0/0","0/0"
"chr10:129913973_AT/A_MKI67","0/0","0/0","0/0","0/0","0/0","0/0","0/0","0/0","0/0","0/0","0/0","0/0","0/0","0/0","0/0","0/0","0/0","0/0","0/0","0/0","0/0","0/0","0/0","0/0","0/0","0/0","0/0","0/0","0/0","0/0","0/0","0/0","0/0","0/0","0/0","0/0","0/1","0/0","0/0","0/0","0/0","0/0","0/0","0/0","0/0","0/0","0/0","0/0","0/0","0/0","0/0","0/0","0/0","0/0","0/0","0/0","0/0","0/0","0/0","0/0","0/0","0/0","0/0","0/0","0/0","0/0","0/0","0/0","0/0","0/0","0/0","0/0","0/0","0/0","0/0","0/0","0/0","0/0","0/0","0/0","0/0","0/0","0/0","0/0","0/0","0/0","0/0","0/0","0/0","0/0","0/0","0/0","0/0","0/0","0/0","0/0","0/0","0/0","0/0","0/0","0/0","0/0","0/0","0/0","0/0","0/0","0/0","0/0","0/0","0/0","0/0","0/0","0/0","0/0","0/0","0/0","0/0","0/0","0/0","0/0","0/0","0/0","0/0","0/0","0/0","0/0","0/0","0/0","0/0","0/0","0/0","0/0","0/0","0/0","0/0","0/0","0/0","0/0","0/0","0/0","0/0","0/0","0/0","0/0","0/0","0/0","0/0","0/0","0/0","0/0","0/0","0/0","0/0"
"chr10:133109584_C/CGCGGCG_TCERG1L","0/0","0/0","0/0","0/0","0/0","0/0","0/0","0/0","0/0","0/0","0/0","0/0","0/0","0/0","0/0","0/0","1/1","0/0","0/0","0/0","0/0","0/0","0/0","0/0","0/0","0/0","0/0","0/0","0/0","0/0","0/0","0/0","0/1","0/0","0/0","0/0","0/0","0/0","0/1","0/1","0/0","0/0","1/1","0/0","0/0","0/0","0/0","0/0","0/0","0/0","0/0","0/0","0/0","0/0","0/0","0/0","0/0","0/0","0/0","0/0","0/0","0/0","0/0","0/0","0/0","0/0","0/0","0/0","0/0","0/0","0/0","0/1","0/1","0/0","0/0","0/0","0/0","0/0","0/0","0/0","0/0","0/0","0/0","0/0","0/0","0/0","0/0","0/0","0/0","0/0","0/0","0/0","0/0","0/0","0/0","0/0","0/0","0/0","0/0","0/0","0/0","0/0","0/0","0/0","0/0","0/0","0/0","0/0","0/0","0/0","0/0","0/0","0/0","0/0","0/0","0/0","0/0","0/0","0/0","0/0","0/0","0/0","0/0","0/0","0/0","0/0","0/0","0/0","0/0","0/0","0/0","0/0","0/0","0/0","0/0","0/0","0/0","0/0","0/0","0/0","0/0","0/0","0/0","0/0","0/0","0/0","0/1","0/1","0/1","0/1","0/1","0/1","0/0"
"chr10:133954073_ACTTGGAGGAGGTAACGAGGGTCTCCTGCCGGGTCCTGGGCTTGGAGGAGGTAACGAGGGTCTCCTGCCGGGTCCTGGG/A_JAKMIP3","0/0","0/0","0/0","0/0","0/0","0/0","0/0","0/0","0/0","0/1","0/1","0/0","0/1","0/1","0/1","0/0","0/1","0/0","0/0","0/1","0/0","0/0","0/0","0/0","1/1","0/0","1/1","0/0","1/1","0/0","0/0","0/1","0/2","0/0","0/1","0/1","0/0","0/0","0/1","0/0","0/1","0/1","0/0","1/1","0/0","0/0","0/0","0/0","0/0","0/0","0/0","0/0","0/1","0/0","0/0","0/0","0/0","0/0","0/1","0/1","0/0","0/1","0/1","0/1","0/1","0/0","0/1","1/1","1/1","0/1","0/0","0/0","0/0","0/0","0/0","0/0","0/0","0/1","0/1","0/0","0/0","0/0","0/0","1/1","1/1","0/0","0/0","0/0","0/1","0/1","0/0","0/0","0/0","0/1","0/0","0/0","0/0","0/0","1/1","1/1","0/1","0/0","0/1","0/0","0/0","0/0","0/1","1/1","1/1","0/0","0/0","0/1","0/0","1/1","1/1","0/0","0/0","0/0","0/0","0/0","0/0","0/0","0/0","0/0","1/1","1/1","1/1","1/1","0/0","0/0","0/0","0/1","0/0","0/1","0/0","0/0","0/1","0/1","1/1","0/1","1/1","0/1","0/0","0/1","0/1","0/1","1/1","1/1","1/1","0/1","0/1","0/0","0/1"
"chr10:135086310_C/CGTGATTCT_ADAM8","0/0","0/0","0/0","0/0","0/0","0/0","0/0","0/0","0/0","0/0","0/0","0/0","0/0","0/0","0/0","0/0","0/0","0/0","0/0","0/0","0/0","0/0","0/0","0/0","0/0","0/0","0/0","0/0","0/0","0/0","0/0","0/0","0/0","0/0","0/0","0/0","0/1","0/0","0/0","0/0","0/0","0/0","0/0","0/0","0/0","0/0","0/0","0/0","0/0","0/0","0/0","0/0","0/0","0/0","0/0","0/0","0/0","0/0","0/0","0/0","0/0","0/0","0/0","0/0","0/0","0/0","0/0","0/0","0/0","0/0","0/0","0/0","0/0","0/0","0/0","0/0","0/0","0/0","0/0","0/0","0/0","0/0","0/0","0/0","0/0","0/0","0/0","0/0","0/0","0/0","0/0","0/0","0/0","0/0","0/0","0/0","0/0","0/0","0/0","0/0","0/0","0/0","0/0","0/0","0/0","0/0","0/0","0/0","0/0","0/0","0/0","0/0","0/0","0/0","0/0","0/0","0/0","0/0","0/0","0/0","0/0","0/0","0/0","0/0","0/0","0/0","0/0","0/0","0/0","0/0","0/0","0/0","0/0","0/0","0/0","0/0","0/0","0/0","0/0","0/0","0/0","0/0","0/0","0/0","0/0","0/0","0/0","0/0","0/0","0/0","0/0","0/0","0/0"
"chr11:209894_ACCC/A_RIC8A","0/1","0/1","0/1","1/1","1/1","1/1","1/1","1/1","1/1","0/0","1/1","0/0","0/1","1/1","1/1","1/1","1/1","0/0","0/1","1/1","0/1","1/1","0/1","1/1","1/1","0/1","1/1","0/1","0/1","1/1","0/1","1/1","0/1","0/1","0/0","1/1","0/1","1/1","0/1","1/1","0/1","0/0","1/1","1/1","1/1","1/1","0/1","0/1","0/1","1/1","1/1","0/1","0/1","0/1","1/1","0/1","1/1","1/1","0/0","0/1","1/1","1/1","1/1","1/1","1/1","0/1","1/1","1/1","1/1","1/1","0/1","1/1","1/1","0/1","0/1","1/1","1/1","0/0","0/0","0/1","0/1","1/1","1/1","0/0","0/0","1/1","1/1","1/1","1/1","1/1","1/1","1/1","1/1","0/1","0/1","1/1","1/1","0/1","1/1","1/1","0/1","0/1","0/1","0/1","0/1","1/1","1/1","0/1","0/1","0/1","1/1","1/1","1/1","1/1","1/1","1/1","1/1","1/1","0/1","1/1","0/1","0/1","1/1","1/1","1/1","1/1","1/1","1/1","1/1","1/1","1/1","0/1","1/1","1/1","1/1","1/1","1/1","1/1","1/1","1/1","1/1","0/1","0/1","1/1","1/1","1/1","0/0","0/0","0/0","1/1","1/1","1/1","1/1"
"chr11:299395_CG/C_IFITM5","0/0","0/0","0/0","0/0","0/0","0/0","0/0","0/0","0/0","0/1","0/0","0/0","0/0","0/0","0/0","0/0","0/0","0/0","0/0","0/0","0/0","0/0","0/0","0/0","0/0","0/0","0/0","0/0","0/0","0/0","0/0","0/0","0/0","0/0","0/0","0/0","0/0","0/0","0/0","0/0","0/0","0/0","0/0","0/0","0/0","0/0","0/0","0/0","0/0","0/0","0/0","0/0","0/0","0/0","0/0","0/0","0/0","0/0","0/0","0/0","0/0","0/0","0/0","0/0","0/0","0/0","0/0","0/0","0/0","0/0","0/0","0/0","0/0","0/0","0/0","0/0","0/0","0/0","0/0","0/0","0/0","0/0","0/0","0/0","0/0","0/0","0/0","0/0","0/0","0/0","0/0","0/0","0/0","0/0","0/0","0/0","0/0","0/0","0/0","0/0","0/0","0/0","0/0","0/0","0/0","0/0","0/0","0/0","0/0","0/0","0/0","0/0","0/0","0/0","0/0","0/0","0/0","0/0","0/0","0/0","0/0","0/0","0/0","0/0","0/0","0/0","0/0","0/0","0/0","0/0","0/0","0/0","0/0","0/0","0/0","0/0","0/0","0/0","0/0","0/0","0/0","0/0","0/0","0/0","0/0","0/0","0/0","0/0","0/0","0/0","0/0","0/0","0/0"
"chr11:369844_AGCT/A_B4GALNT4","0/0","0/0","0/0","0/0","0/0","0/0","0/0","0/0","0/0","0/0","0/0","0/0","0/0","0/0","0/0","0/0","0/0","0/0","0/0","0/0","0/0","0/0","0/0","0/0","0/0","0/0","0/0","0/0","0/0","0/0","0/0","0/0","0/0","0/0","0/0","0/0","0/0","0/0","0/0","0/0","0/0","0/0","0/0","0/0","0/0","0/0","0/0","0/0","0/0","0/0","0/0","0/0","0/0","0/0","0/0","0/0","0/0","0/0","0/0","0/0","0/0","0/0","0/0","0/0","0/0","0/0","0/0","0/1","0/0","0/0","0/0","0/0","0/0","0/0","0/0","0/0","0/0","0/0","0/0","0/0","0/0","0/0","0/0","0/0","0/0","0/0","0/0","0/0","0/0","0/0","0/0","0/0","0/0","0/0","0/0","0/0","0/0","0/0","0/0","0/0","0/0","0/0","0/0","0/0","0/0","0/0","0/0","0/0","0/0","0/0","0/0","0/0","0/0","0/0","0/0","0/0","0/0","0/0","0/0","0/0","0/0","0/0","0/0","0/0","0/0","0/0","0/0","0/0","0/0","0/0","0/0","0/0","0/0","0/0","0/0","0/0","0/0","0/0","0/0","0/0","0/0","0/0","0/0","0/0","0/0","0/0","0/0","0/0","0/0","0/0","0/0","0/0","0/0"
"chr11:533301_TGGGTCCCGGGGGGTCCCAGA/T_HRAS","0/0","0/0","0/0","0/0","0/0","0/0","0/0","0/0","0/0","0/0","0/0","0/0","0/0","0/0","0/0","0/0","0/0","0/0","0/0","0/0","0/0","0/0","0/0","0/0","0/0","0/0","0/0","0/0","0/1","0/0","0/0","0/0","0/0","0/0","0/0","0/0","0/0","0/0","0/0","0/0","0/0","0/0","0/0","0/0","0/0","0/0","0/0","0/0","0/0","0/0","0/0","0/0","0/0","0/0","0/0","0/0","0/0","0/0","0/0","0/0","0/0","0/0","0/0","0/0","0/0","0/0","0/0","0/0","0/0","0/0","0/0","0/0","0/0","0/0","0/0","0/0","0/0","0/0","0/0","0/0","0/0","0/0","0/0","0/0","0/0","0/0","0/0","0/0","0/0","0/0","0/0","0/0","0/0","0/0","0/0","0/0","0/0","0/0","0/0","0/0","0/0","0/0","0/0","0/0","0/0","0/0","0/0","0/0","0/0","0/0","0/0","0/0","0/0","0/0","0/0","0/0","0/0","0/0","0/0","0/0","0/0","0/0","0/0","0/0","0/0","0/0","0/0","0/0","0/0","0/0","0/0","0/0","0/0","0/0","0/0","0/0","0/0","0/0","0/0","0/0","0/0","0/0","0/0","0/0","0/0","0/0","0/0","0/0","0/0","0/0","0/0","0/0","0/0"
"chr11:637361_CGCGGGGGCATCT/C_DRD4","0/0","0/0","0/0","0/0","0/1","0/1","0/0","0/0","0/0","0/0","1/1","0/1","0/0","0/0","0/1","0/0","0/1","0/0","0/0","0/1","0/0","0/0","0/1","0/0","0/0","0/0","0/0","0/0","0/0","0/0","0/1","0/0","0/0","0/1","0/0","0/0","0/0","0/0","0/1","0/0","0/0","0/1","0/0","0/0","0/0","0/0","0/0","0/1","0/0","0/0","0/1","0/0","0/1","0/0","0/0","0/0","0/0","0/0","0/0","0/0","0/0","0/0","0/0","1/1","1/1","0/1","0/0","0/0","0/0","0/0","0/1","0/0","0/0","0/0","0/0","0/0","0/0","0/1","0/1","0/0","0/0","0/0","0/1","0/0","0/0","0/0","0/0","0/0","0/1","0/1","0/0","0/1","0/1","0/0","0/0","0/0","0/0","0/0","0/0","0/0","0/0","0/0","0/1","1/1","1/1","0/0","0/0","0/0","0/0","0/0","0/0","0/0","0/0","0/0","0/1","0/1","0/1","0/0","0/0","0/0","0/0","0/0","0/1","0/0","0/1","0/1","0/0","0/0","1/1","1/1","1/1","0/0","0/1","0/1","0/1","0/1","0/1","0/1","0/0","0/1","0/0","0/0","0/0","0/0","0/0","0/0","0/0","0/0","0/0","0/1","0/1","0/1","0/1"
"chr11:640093_G/GTCAGAGC_DRD4","0/0","0/0","0/0","0/0","0/0","0/0","0/0","0/0","0/0","0/0","0/0","0/0","0/0","0/0","0/0","0/0","0/0","0/0","0/0","0/0","0/0","0/0","0/0","0/0","0/0","0/0","0/2","0/0","0/0","0/0","0/0","0/0","0/0","0/0","0/2","0/0","0/0","0/0","0/0","0/0","0/0","0/0","0/0","0/0","0/0","0/0","0/0","0/0","0/0","0/0","0/0","0/0","0/0","0/0","0/0","0/0","0/0","0/0","0/0","0/0","0/2","0/2","0/0","0/0","0/0","0/0","0/0","0/0","0/0","0/0","0/0","0/0","0/0","0/0","0/0","0/0","0/0","0/0","0/0","0/0","0/0","0/0","0/0","0/0","0/0","0/0","0/0","0/0","0/0","0/0","0/0","0/2","0/2","0/0","0/0","0/0","0/0","0/0","0/2","0/2","0/0","0/0","0/0","0/0","0/0","0/0","0/0","0/0","0/0","0/0","0/0","0/0","0/0","0/0","0/0","0/0","0/0","0/0","0/0","0/0","0/0","0/0","0/0","0/0","0/0","0/0","0/0","0/0","0/1","0/0","0/0","0/0","0/0","0/0","0/0","0/0","0/0","0/0","0/0","0/0","0/0","0/0","0/0","0/0","0/0","0/0","0/0","0/0","0/0","0/0","0/0","0/0","0/0"
"chr11:694955_GGCCGCGGCCGCCGCCGCCACAGCGGCCGCGGCCGCCACCGCC/G_DEAF1","0/0","0/0","0/0","0/0","0/0","0/0","0/0","0/0","0/0","0/0","0/1","0/0","0/0","0/0","0/0","0/1","0/0","0/0","0/0","0/0","0/0","0/0","0/0","0/2","0/0","0/0","0/1","0/0","0/0","0/0","0/0","0/0","0/0","0/0","0/0","0/0","0/0","0/0","0/0","0/0","0/0","0/0","0/0","0/0","0/0","0/0","0/0","0/0","0/2","0/0","0/0","0/0","0/0","0/0","0/0","0/0","0/0","0/0","0/0","0/0","0/0","0/0","0/0","0/0","0/1","0/0","0/0","0/0","0/0","0/0",".","0/0","0/0","0/0","0/0","0/0","0/0","0/0","0/0","0/0","0/0","0/0","0/1","0/0",".","0/0","0/0","0/0","0/0","0/0","0/0","0/0","0/0","0/0","0/0","0/0","0/0","0/0","0/0","0/0","0/0","0/0","0/0","0/0","0/0","0/0","0/0","0/0","0/0","0/0","0/0","0/0","0/0","0/0","0/0","0/0","0/0","0/0","0/0","0/0","0/0","0/0","0/0","0/0","0/0",".","0/0","0/1","0/0","0/0","0/0","0/0","0/0","0/0",".","0/0","0/2","0/0","0/2","0/0","0/0","0/0",".","0/0","0/0","0/0","0/0","0/0","0/0","0/0","0/0","0/0","0/0"
"chr11:704604_GA/G_TMEM80","1/1","1/1","1/1","0/1","0/1","0/1","1/1","1/1","1/1","0/1","0/0","0/0","0/0","0/1","0/1","1/1","0/1","0/0","1/1","0/1","0/1","0/1","0/1","0/1","0/1","0/1","0/1","0/0","0/1","0/0","0/1","0/1","0/1","0/0","0/0","0/0","0/0","0/1","0/1","0/1","0/1","0/1","0/1","0/0","1/1","1/1","0/0","0/0","1/1","0/1","0/1","0/1","0/1","0/0","1/1","0/1","0/0","0/1","0/0","0/1","1/1","0/1","0/1","0/0","0/0","0/0","1/1","0/1","0/1","1/1","0/0","1/1","1/1","0/1","0/1","0/0","0/0","0/1","0/1","0/1","0/1","0/0","0/1","0/0","0/0","0/1","0/1","0/1","0/1","0/1","1/1","1/1","1/1","0/1","0/1","1/1","0/1","0/1","0/1","0/1","0/1","0/1","0/1","0/0","0/0","1/1","1/1","1/1","1/1","0/1","0/1","0/1","0/1","0/0","0/0","0/1","0/1","0/0","0/0","0/0","0/0","0/0","0/1","0/0","0/0","0/0","0/0","0/0","0/0","0/0","0/0","1/1","0/0","0/0","0/0","0/0","0/0","0/0","1/1","0/1","1/1","1/1","1/1","0/1","0/1","0/1","1/1","1/1","1/1","0/0","0/0","0/0","0/0"
"chr11:798043_C/CCAGAGCAGCCGCGGAT_PANO1","0/0","0/0",".","0/0",".",".",".","0/0","0/0",".","0/0","0/0",".","0/0",".","0/0","0/0",".","0/0","0/0","0/0","0/0","0/0","0/0","0/0","0/0",".","0/0","0/0",".",".","0/0","0/0",".",".","0/0","0/0","0/0","0/0",".","0/0",".","0/0","0/0","0/0","0/0","0/0","0/0","0/0","0/0",".","0/0","0/0","0/0","0/0","0/0",".",".","0/0",".",".","0/0","0/0","0/0","0/0","0/0",".",".","0/0","0/0","0/0","0/0",".",".","0/0",".",".","0/0",".","0/0","0/0",".","0/0","0/0","0/0",".","0/0","0/0","0/0","0/1",".","0/0","0/0","0/0","0/0","0/0","0/0",".","0/0","0/0","0/0","0/0","0/0","0/0","0/0","0/0","0/0",".",".","0/0","0/0","0/0",".","0/0","0/0",".","0/0","0/0","0/0","0/0","0/0","0/0",".","0/0","0/0",".","0/0","0/0","0/0","0/0","0/0","0/0","0/0",".",".","0/0","0/0","0/0","0/0","0/0","0/0","0/0","0/0","0/0",".","0/0","0/0","0/0","0/0","0/0","0/0","0/0","0/0"
"chr11:798082_C/CT_PANO1","0/0","0/0","0/0","0/0","0/0",".",".",".","0/0",".","0/0","0/0",".","0/0",".","0/0","0/0","0/0","0/0","0/0","0/0","0/0",".","0/0","0/0","0/0",".","0/0","0/0",".",".","0/0","0/0",".",".","0/0",".","0/0","0/0",".","0/0",".","0/0","0/0",".","0/0","0/0",".","0/0","0/0","0/0","0/0","0/0","0/0",".","0/0",".",".","0/0","0/0",".","0/0","0/0","0/0",".","0/0","0/0","0/0","0/0","0/0","0/0","0/0",".",".","0/0",".",".","0/0",".","0/0","0/0",".",".","1/1",".",".",".","0/0","0/0","0/0",".","0/0","0/0","0/0","0/0","0/0","0/0","0/0","1/1","0/0","0/0","0/0","0/0","0/0","0/0","0/0","0/0",".",".","0/0","0/0","0/0",".","0/0","0/0","0/0","0/0","0/0","0/0","0/0","0/0","0/0",".",".","0/0","0/0","0/0","0/0","0/0","0/0","0/0","0/0","0/0",".",".","0/0","0/0","0/0","0/0","0/0","0/0",".","0/0","0/0","0/0",".","0/0","0/0","0/0","0/0","0/0","0/0","."
"chr11:798222_T/TCGCCGC_PANO1","0/0",".","0/0","0/0","0/0","0/0","0/0","0/0","0/0",".","0/0","0/1",".","0/0","0/0","0/0","0/0","0/0",".",".","0/0","0/0","0/0","0/0","0/0","0/0","0/0","0/0","0/0","0/0",".","0/0","0/0","2/2",".","0/0","0/0",".","0/0",".","0/0","0/0","0/0","0/0","0/0","0/0","0/0",".","0/0",".",".","0/0","0/0","0/0","0/0","0/0",".",".","0/0","0/0",".","0/0","0/0","0/0","0/0","0/0","0/0","0/0",".","0/0",".","0/0",".","0/0","0/0","0/0","0/0","0/0",".","0/0","0/0",".",".","0/0","0/0","0/0",".","0/0","0/2","0/0","0/0","0/0","0/0","0/0","0/0","0/0","0/0","0/0","0/0","0/0","0/0","0/0","0/0","0/0","0/0","0/0","0/0",".","0/0",".","0/0","0/0","0/0","0/0","0/0","0/0","0/0","0/0","0/0","0/0","0/0","0/0","0/0","0/0","0/0","0/0","0/0","0/0","0/0","0/0","0/0","0/0","0/0","0/0",".","0/0","0/0",".","0/0","0/0","0/0","0/0","0/0","0/0",".","0/0","0/0","0/0","0/0","0/0","0/0","0/0","0/0"
"chr11:821838_ACTCCAAGGACGAG/A_PNPLA2","0/0","0/0","0/0","0/0","0/0","0/0","0/0","0/0","0/0","0/0","0/0","0/0","0/0","0/0","0/0","0/0","0/0","0/0","0/0","0/0","0/0","0/0","0/0","0/0","0/0","0/0","0/0","0/0","0/0","0/0","0/0","0/0","0/0","0/0","0/0","0/0","0/0","0/0","0/0","0/0","0/0","0/0","0/0","0/0","0/0","0/0","0/0","0/0","0/0","0/0","0/0","0/0","0/0","0/0","0/0","0/0","0/0","0/0","0/0","0/0","0/0","0/0","0/0","0/0","0/0","0/0","0/0","0/0","0/0","0/0","0/0","0/1","0/0","0/0","0/0","0/0","0/0","0/0","0/0","0/0","0/0","0/0","0/0","0/0","0/0","0/0","0/0","0/0","0/0","0/0","0/0","0/0","0/0","0/0","0/0","0/0","0/0","0/0","0/0","0/0","0/0","0/0","0/0","0/0","0/0","0/0","0/0","0/0","0/0","0/0","0/0","0/0","0/0","0/0","0/0","0/0","0/0","0/0","0/0","0/0","0/0","0/0","0/0","0/0","0/0","0/0","0/0","0/0","0/0","0/0","0/0","0/0","0/0","0/0","0/0","0/0","0/0","0/0","0/0","0/0","0/0","0/0","0/0","0/0","0/0","0/0","0/0","0/0","0/0","0/0","0/0","0/0","0/0"
"chr11:824615_TGC/T_PNPLA2","0/0","0/0","0/0","0/0","0/0","0/0","0/0","0/0","0/0","0/0","0/0","0/0","0/0","0/0","0/0","0/0","0/0","0/0","0/0","0/0","0/0","0/0","0/0","0/0","0/0","0/0","0/0","0/1","0/0","0/0","0/0","0/0","0/0","0/0","0/0","0/0","0/0","0/0","0/0","0/0","0/0","0/0","0/0","0/0","0/0","0/0","0/0","0/0","0/0","0/0","0/0","0/0","0/0","0/0","0/0","0/0","0/0","0/0","0/0","0/0","0/0","0/0","0/0","0/0","0/0","0/0","0/0","0/0","0/0","0/0","0/0","0/0","0/0","0/0","0/0","0/0","0/0","0/0","0/0","0/0","0/0","0/0","0/0","0/0","0/0","0/0","0/0","0/0","0/0","0/0","0/0","0/0","0/0","0/0","0/0","0/0","0/0","0/0","0/0","0/0","0/0","0/0","0/0","0/0","0/0","0/0","0/0","0/0","0/0","0/0","0/0","0/0","0/0","0/0","0/0","0/0","0/0","0/0","0/0","0/0","0/0","0/0","0/0","0/0","0/0","0/0","0/0","0/0","0/0","0/0","0/0","0/0","0/0","0/0","0/0","0/0","0/0","0/0","0/0","0/0","0/0","0/0","0/0","0/0","0/0","0/0","0/0","0/0","0/0","0/0","0/0","0/0","0/0"
"chr11:1029105_TGTC/T_MUC6","0/0","0/0","0/0","0/0","0/0","0/0","0/0","0/0","0/0","0/0","0/0","0/0","0/0","0/0","0/0","0/0","0/0","0/0","0/0","0/0","0/0","0/0","0/0","0/0","0/0","0/0","0/0","0/0","0/0","0/0","0/0","0/0","0/0","0/0","0/0","0/0","0/0","0/0","0/0","0/0","0/0","0/0","0/0","0/0","0/0","0/0","0/0","0/0","0/0","0/0","0/0","0/0","0/0","0/0","0/0","0/0","0/0","0/0","0/0","0/0","0/1","0/0","0/0","0/0","0/0","0/0","0/0","0/0","0/0","0/0","0/0","0/0","0/0","0/0","0/0","0/0","0/0","0/0","0/0","0/0","0/0","0/0","0/0","0/0","0/0","0/0","0/0","0/0","0/0","0/0","0/0","0/0","0/0","0/0","0/0","0/0","0/0","0/0","0/0","0/0","0/0","0/0","0/0","0/0","0/0","0/0","0/0","0/0","0/0","0/0","0/0","0/0","0/0","0/0","0/0","0/0","0/0","0/0","0/0","0/0","0/0","0/0","0/0","0/0","0/0","0/0","0/0","0/0","0/0","0/0","0/0","0/0","0/0","0/0","0/0","0/0","0/0","0/0","0/0","0/0","0/0","0/0","0/0","0/0","0/0","0/0","0/0","0/0","0/0","0/0","0/0","0/0","0/0"
"chr11:1213578_G/GAA_MUC5AC",".","0/0",".","0/0","0/0","0/0","0/0","0/0",".","0/1","0/0",".","0/1","0/0",".",".",".",".",".",".",".",".",".",".",".",".","0/0",".",".",".","0/0","0/1","0/0","0/0",".","0/0","0/0",".",".","0/0",".",".","0/0",".","0/1",".",".","0/0",".",".","0/0","0/0",".","0/0",".",".","0/0","0/0","0/0","0/0",".","0/0",".","0/0",".",".","0/0","0/0","0/0",".","0/0",".",".",".","0/0",".","0/0","0/0",".","0/0",".",".","0/0",".","0/0",".","0/0","0/0",".",".","0/1",".",".","0/0",".",".",".",".","0/0",".","0/0","0/0",".",".",".",".","0/0","0/0","0/0",".","0/0",".",".",".",".",".",".","0/0",".",".",".",".","0/0","0/0","0/0","0/0",".",".","0/0","0/0","0/0","0/0","0/1",".","0/0","0/0","0/0","0/0",".","0/0",".","0/0",".","0/0","0/0",".",".","0/0","0/0",".",".","0/1","0/0"
"chr11:1216316_G/GC_MUC5AC","1/1","1/1","1/1",".","1/1","1/1","1/1","1/1","1/1","1/1","1/1","1/1","1/1","1/1","1/1","1/1","1/1","1/1","1/1","1/1","1/1","1/1","1/1","1/1","1/1","1/1","1/1","1/1","1/1","1/1","1/1","1/1","1/1","1/1","1/1","1/1","1/1","1/1","1/1","1/1","1/1","1/1","1/1","1/1","1/1","1/1","1/1","1/1","1/1","1/1","1/1","1/1","1/1","1/1","1/1","1/1","1/1","1/1","1/1","1/1","1/1","1/1","1/1","1/1","1/1","1/1","1/1","1/1","1/1","1/1","1/1","1/1","1/1","1/1","1/1","1/1","1/1","1/1","1/1","1/1","1/1","1/1","1/1","1/1","1/1","1/1","1/1","1/1","1/1","1/1","1/1","1/1","1/1","1/1","1/1","1/1","1/1","1/1","1/1","1/1","1/1","1/1","1/1","1/1","1/1","1/1","1/1","1/1","1/1","1/1","1/1","1/1","1/1","1/1","1/1","1/1","1/1","1/1","1/1","1/1","1/1","1/1","1/1","1/1","1/1","1/1","1/1","1/1","1/1","1/1","1/1","1/1","1/1","1/1","1/1","1/1","1/1","1/1","1/1","1/1","1/1","1/1","1/1","1/1","1/1","1/1","1/1","1/1","1/1","1/1","1/1","1/1","1/1"
"chr11:1216333_TA/T_MUC5AC","1/1","1/1","1/1",".","1/1","1/1","1/1","1/1","1/1","1/1","1/1","1/1","1/1","1/1","1/1","1/1","1/1","1/1","1/1","1/1","1/1","1/1","1/1","1/1","1/1","1/1","1/1","1/1","1/1","1/1","1/1","1/1","1/1","1/1","1/1","1/1","1/1","1/1","1/1","1/1","1/1","1/1","1/1","1/1","1/1","1/1","1/1","1/1","1/1","1/1","1/1","1/1","1/1","1/1","1/1","1/1","1/1","1/1","1/1","1/1","1/1","1/1","1/1","1/1","1/1","1/1","1/1","1/1","1/1","1/1","1/1","1/1","1/1","1/1","1/1","1/1","1/1","1/1","1/1","1/1","1/1","1/1","1/1","1/1","1/1","1/1","1/1","1/1","1/1","1/1","1/1","1/1","1/1","1/1","1/1","1/1","1/1","1/1","1/1","1/1","1/1","1/1","1/1","1/1","1/1","1/1","1/1","1/1","1/1","1/1","1/1","1/1","1/1","1/1","1/1","1/1","1/1","1/1","1/1","1/1","1/1","1/1","1/1","1/1","1/1","1/1","1/1","1/1","1/1","1/1","1/1","1/1","1/1","1/1","1/1","1/1","1/1","1/1","1/1","1/1","1/1","1/1","1/1","1/1","1/1","1/1","1/1","1/1","1/1","1/1","1/1","1/1","1/1"
"chr11:1216409_CGGT/C_MUC5AC","0/0","0/0","0/0","0/0","0/0","0/0","0/0","0/0","0/0","0/0","0/0","0/0","0/0","0/0","0/0","0/0","0/0","0/0","0/0","0/0","0/0","0/1","0/0","0/0","0/0","0/0","0/0","0/0","0/0","0/0","0/0","0/0","0/0","0/0","0/0","0/0","0/0","0/0","0/0","0/0","0/0","0/0","0/0","0/0","0/0","0/0","0/0","0/0","0/0","0/0","0/0","0/0","0/0","0/0","0/0","0/0","0/0","0/0","0/0","0/0","0/0","0/0","0/0","0/0","0/0","0/0","0/0","0/0","0/0","0/0","0/0","0/0","0/0","0/0","0/0","0/0","0/0","0/0","0/0","0/0","0/0","0/0","0/0","0/0","0/0","0/0","0/0","0/0","0/0","0/0","0/0","0/0","0/0","0/0","0/0","0/0","0/0","0/0","0/0","0/0","0/0","0/0","0/0","0/0","0/0","0/0","0/0","0/0","0/0","0/0","0/0","0/0","0/0","0/0","0/0","0/0","0/0","0/0","0/0","0/0","0/0","0/0","0/0","0/0","0/0","0/0","0/0","0/0","0/0","0/0","0/0","0/0","0/0","0/0","0/0","0/0","0/0","0/0","0/0","0/0","0/0","0/0","0/0","0/0","0/0","0/0","0/0","0/0","0/0","0/0","0/0","0/0","0/0"
"chr11:1216413_CGGGCCCACCACAGTTGGGTCTACCACG/C_MUC5AC","0/0","0/0","0/0","0/0","0/0","0/0","0/0","0/0","0/0","0/0","0/0","0/0","0/0","0/0","0/0","0/0","0/0","0/0","0/0","0/0","0/0","0/1","0/0","0/0","0/0","0/0","0/0","0/0","0/0","0/0","0/0","0/0","0/0","0/0","0/0","0/0","0/0","0/0","0/0","0/0","0/0","0/0","0/0","0/0","0/0","0/0","0/0","0/0","0/0","0/0","0/0","0/0","0/0","0/0","0/0","0/0","0/0","0/0","0/0","0/0","0/0","0/0","0/0","0/0","0/0","0/0","0/0","0/0","0/0","0/0","0/0","0/0","0/0","0/0","0/0","0/0","0/0","0/0","0/0","0/0","0/0","0/0","0/0","0/0","0/0","0/0","0/0","0/0","0/0","0/0","0/0","0/0","0/0","0/0","0/0","0/0","0/0","0/0","0/0","0/0","0/0","0/0","0/0","0/0","0/0","0/0","0/0","0/0","0/0","0/0","0/0","0/0","0/0","0/0","0/0","0/0","0/0","0/0","0/0","0/0","0/0","0/0","0/0","0/0","0/0","0/0","0/0","0/0","0/0","0/0","0/0","0/0","0/0","0/0","0/0","0/0","0/0","0/0","0/0","0/0","0/0","0/0","0/0","0/0","0/0","0/0","0/0","0/0","0/0","0/0","0/0","0/0","0/0"
"chr11:1651226_T/TGGAG_KRTAP5-5","0/0","0/2","0/0","0/0","0/0","0/0","0/0","0/0","0/0","0/0","0/0","0/0","0/0","0/0","0/0","0/0","0/0","0/0","0/0","0/0","0/0","0/0","0/0","0/0","0/0","0/0","0/0","0/0","0/0","0/0","0/0","0/0","0/0","0/1","0/0","0/0","0/0","0/0","0/0","0/0","0/0","0/0","0/0","0/0","0/0","0/0","0/0","0/0","0/0","0/0","0/0","0/0","0/0","0/0","0/0","0/0","0/0","0/0","0/0","0/0","0/0","0/0","0/0","0/0","0/0","0/0","0/0","0/0","0/0","0/0","0/0","0/0","0/0","0/0","0/0","0/0","0/0","0/0","0/0","0/0","0/0","0/0","0/0","0/0","0/0","0/0","0/0","0/0","0/0","0/0","0/2","0/0",".","0/0","0/0","0/0","0/0","0/0","0/0","0/0","0/0","0/0","0/0","0/0","0/0","0/0","0/0","0/0","0/0","0/0","0/0","0/0","0/0","0/0","0/0","0/2","0/0","0/0","0/0","0/0","0/0","0/0","0/0","0/0","0/0","0/0","0/0","0/0","0/0","0/0","0/0","0/0","0/0","0/0","0/0","0/0","0/0","0/0","0/0","0/2","0/0","0/0","0/0","0/0","0/0","0/0","0/0","0/0","0/0","0/0","0/0","0/0","0/0"
"chr11:2320865_T/TG_C11orf21","0/0","0/0","0/0","0/0","0/0","0/0","0/0","0/0","0/0","0/0","0/0","0/0","0/0","0/0","0/0","0/0","0/1","0/0","0/0","0/0","0/0","0/0","0/0","0/0","0/0","0/1","0/0","0/0","0/0","0/0","0/0","0/0","0/0","0/0","0/0","0/1","0/0","0/0","0/0","0/0","0/0","0/0","0/0","0/0","0/0","0/0","0/0","0/0","0/0","0/0","0/0","0/1","0/0","0/0","0/0","0/0","0/0","0/0","0/0","0/0","0/0","1/1","0/0","0/0","0/0","0/0","0/0","0/0","0/0","0/0","0/0","0/0","0/0","0/0","0/0","0/0","0/0","0/0","0/0","0/0","0/0","0/0","0/0","0/0","0/0","0/0","0/0","0/0","0/0","0/0","0/0","0/0","0/0","0/0","0/0","0/0","0/0","0/0","0/0","0/0","0/0","0/0","0/0","0/0","0/0","0/0","0/0","0/0","0/0","0/0","0/0","0/0","0/0","0/0","0/0","0/0","0/0","0/0","0/1","0/0","0/1","0/1","0/0","0/0","0/0","0/0","0/0","0/0","0/0","0/0","0/0","0/0","0/0","0/0","0/0","0/0","0/0","0/0","0/0","0/0","0/0","0/0","0/0","0/0","0/0","0/0","0/0","0/0","0/0","0/0","0/0","0/0","0/0"
"chr11:2920769_G/GA_SLC22A18AS","0/0","0/0","0/0","0/0","0/0","0/0","0/0","0/0","0/0","0/0","0/0","0/0","0/0","0/0","0/0","0/0","0/0","0/0","0/0","0/0","0/1","0/0","0/0","0/0","0/0","0/0","0/0","0/0","0/0","0/0","0/0","0/0","0/0","0/0","0/0","0/0","0/0","0/0","0/0","0/0","0/0","0/0","0/0","0/0","0/0","0/0","0/0","0/0","0/0","0/0","0/0","0/0","0/0","0/0","0/0","0/0","0/0","0/0","0/0","0/0","0/0","0/0","0/0","0/0","0/0","0/0","0/0","0/0","0/0","0/0","0/0","0/0","0/0","0/0","0/0","0/0","0/0","0/0","0/0","0/0","0/0","0/0","0/0","0/0","0/0","0/0","0/0","0/0","0/0","0/0","0/0","0/0","0/0","0/0","0/0","0/0","0/0","0/0","0/0","0/0","0/0","0/0","0/0","0/0","0/0","0/0","0/0","0/0","0/0","0/0","0/0","0/0","0/0","0/0","0/0","0/0","0/0","0/0","0/0","0/0","0/0","0/0","0/0","0/0","0/0","0/0","0/0","0/0","0/0","0/0","0/0","0/0","0/0","0/0","0/0","0/0","0/0","0/0","0/0","0/0","0/0","0/0","0/0","0/0","0/0","0/0","0/0","0/0","0/0","0/0","0/0","0/0","0/0"
"chr11:3661585_A/ATGG_ART5","1/1","1/1","1/1","1/1","1/1","1/1","1/1","1/1","1/1","1/1","1/1","1/1","1/1","1/1","1/1","1/1","1/1","1/1","1/1","1/1","1/1","1/1","1/1","1/1","1/1","1/1","1/1","1/1","1/1","1/1","1/1","1/1","1/1","1/1","1/1","1/1","1/1","1/1","1/1","1/1","1/1","1/1","1/1","1/1","1/1","1/1","1/1","1/1","1/1","1/1","1/1","1/1","1/1","1/1","1/1","1/1","1/1","1/1","1/1","1/1","1/1","1/1","1/1","1/1","1/1","1/1","1/1","1/1","1/1","1/1","1/1","1/1","1/1","1/1","1/1","1/1","1/1","1/1","1/1","1/1","1/1","1/1","1/1","1/1","1/1","1/1","1/1","1/1","1/1","1/1","1/1","1/1","1/1","1/1","1/1","1/1","1/1","1/1","1/1","1/1","1/1","1/1","1/1","1/1","1/1","1/1","1/1","1/1","1/1","1/1","1/1","1/1","1/1","1/1","1/1","1/1","1/1","1/1","1/1","1/1","1/1","1/1","1/1","1/1","1/1","1/1","1/1","1/1","1/1","1/1","1/1","1/1","1/1","1/1","1/1","1/1","1/1","1/1","1/1","1/1","1/1","1/1","1/1","1/1","1/1","1/1","1/1","1/1","1/1","1/1","1/1","1/1","1/1"
"chr11:4389404_AG/A_OR52B4","0/0","0/0","0/0","0/1","0/0","0/0","0/0","0/0","0/0","0/1","0/0","0/1","0/0","0/1","0/1","0/0","0/0","0/1","0/1","0/1","0/0","0/1","1/1","0/0","0/1","0/0","0/1","0/1","0/0","0/1","0/1","0/0","1/1","0/0","0/0","0/0","0/1","1/1","0/0","0/1","0/1","0/0","0/0","1/1","0/1","0/0","0/1","0/1","1/1","1/1","0/0","0/0","0/0","0/1","0/1","0/0","1/1","0/1","0/1","1/1","0/1","0/1","0/1","0/0","0/0","0/1","0/1","1/1","1/1","0/1","0/1","1/1","1/1","0/1","0/1","1/1","1/1","1/1","1/1","0/1","0/1","0/1","0/0","0/0","0/0","1/1","1/1","1/1","0/0","0/0","0/0","0/1","0/1","0/1","0/1","0/0","1/1","0/1","0/1","0/1","0/0","1/1","0/0","0/0","0/0","0/1","0/1","0/0","0/0","1/1","0/1","0/1","0/1","0/1","0/1","0/0","0/0","0/1","0/0","0/1","0/0","0/0","0/0","0/1","0/1","0/1","0/1","0/1","0/0","0/0","0/0","0/1","0/1","1/1","0/1","0/1","1/1","1/1","0/0","0/0","0/0","0/1","0/1","0/1","0/1","0/1","1/1","1/1","1/1","0/0","0/0","0/0","0/0"
"chr11:4566459_CT/C_OR52M1","0/0","0/0","0/0","0/0","0/0","0/0","0/0","0/0","0/0","0/0","0/0","0/0","0/0","0/0","0/0","0/0","0/0","0/0","0/0","0/0","0/0","0/0","0/0","0/0","0/0","0/0","0/0","0/0","0/1","0/0","0/0","0/1","0/0","0/0","0/0","0/0","0/0","0/0","0/0","0/0","0/1","0/1","0/0","0/0","0/0","0/0","0/0","0/0","0/0","0/0","0/0","0/0","0/0","0/0","0/0","0/0","0/0","0/0","0/0","0/0","0/0","0/0","0/0","0/1","0/1","0/0","0/0","0/0","0/0","0/0","0/0","0/0","0/0","0/1","0/1","0/1","0/1","0/0","0/0","0/0","0/0","0/0","0/0","0/0","0/0","0/1","0/1","0/0","0/0","0/0","0/0","0/0","0/0","0/1","0/1","0/0","0/0","0/0","0/0","0/0","0/0","0/0","0/0","0/0","0/0","0/0","0/0","0/0","0/0","0/0","0/0","0/0","0/0","0/0","0/0","0/0","0/0","0/0","0/0","0/0","0/0","0/0","0/0","0/0","0/0","0/0","0/0","0/0","0/0","0/0","0/0","0/0","0/0","0/0","0/0","0/0","0/0","0/0","0/0","0/0","0/0","0/0","0/0","0/0","0/0","0/0","0/0","0/0","0/0","0/1","0/1","0/1","0/1"
"chr11:4592706_T/TAC_C11orf40",".",".","0/0","0/0","0/1","0/1","0/1","0/1","0/1",".","0/1","0/0","0/1","0/0","0/0","0/0","1/1","0/0","0/1","0/0","0/1","0/0","0/1",".","0/0","0/1","0/0","0/1","0/0","0/0","0/0","0/1","0/1","1/1","0/1","0/0","0/0","0/1","0/0","0/1","0/0",".","0/0",".",".","0/1","1/1","0/0","0/1","0/0","1/1","0/1","0/0","1/1","0/1",".",".","0/1","0/1","0/1","0/1","0/1","0/0","0/1","0/1","0/0","0/1","0/0","0/0","0/1","0/0","0/0",".","0/0","0/0","0/0","0/0","0/0","0/0",".",".",".","1/1",".",".","0/0","0/0","0/0","1/1","1/1",".","0/0","0/0","0/0","0/0",".","0/0","0/0","0/1","0/1","0/0","0/0","0/0","0/0",".","0/1","0/1",".",".","0/0","0/0","1/1","1/1","0/0","0/0","0/0","0/0","0/1","0/1","0/1","0/1","0/1","0/0","0/1","0/0",".","0/0","0/0","0/0","0/0","0/0","0/1","0/1","0/0","0/1","0/1","0/0","0/0","0/1","0/1","0/1","0/1","0/1","0/1","0/1","0/1","0/0","0/0","0/0","0/1","0/1","0/1","0/1"
"chr11:4592708_C/CAG_C11orf40","1/1","1/1","1/1","0/1","0/0","0/0","0/1","0/1","0/1","1/1","0/1","0/1","0/1","0/1","0/0","0/1","0/0","1/1","0/1","1/1","0/1","0/1","0/1","1/1","1/1","0/1","1/1","0/1","0/1","0/1","1/1","0/0","0/1","0/0","0/1","0/1","1/1","0/1","0/0","0/1","0/1","1/1","1/1","1/1","1/1","0/1","0/0","0/1","0/1","0/1","0/0","0/1","1/1","0/0","0/1","1/1","1/1","0/1","0/1","0/0","0/0","0/1","1/1","0/0","0/0","1/1","0/1","0/1","0/1","0/1","1/1","1/1","1/1","0/1","0/1","0/1","0/1","1/1","1/1","1/1","1/1","1/1","0/0","1/1","1/1","0/0","0/0","0/1","0/0","0/0","1/1","1/1","1/1","0/1","0/1","1/1","0/1","0/0","0/0","0/0","0/1","0/1","0/1","1/1","1/1","0/1","0/1","1/1","1/1","0/1","0/1","0/0","0/0","1/1","1/1","1/1","1/1","0/1","0/1","0/1","0/1","0/1","1/1","0/1","1/1","1/1","1/1","1/1","0/1","0/1","0/1","0/1","0/1","0/1","0/1","0/1","0/1","0/1","0/1","0/1","0/1","0/1","0/1","0/1","0/1","0/1","0/1","0/1","0/1","0/0","0/0","0/0","0/0"
"chr11:4661688_ACT/A_OR51D1","0/0","0/0","0/0","0/0","0/0","0/0","0/0","0/0","0/0","0/0","0/0","0/0","0/0","0/0","0/0","0/0","0/0","0/0","0/0","0/0","0/0","0/0","0/0","0/0","0/0","0/0","0/0","0/0","0/0","0/0","0/0","0/1","0/0","0/0","0/0","0/0","0/0","0/0","0/0","0/0","0/0","0/0","0/0","0/0","0/0","0/0","0/0","0/0","0/0","0/0","0/0","0/0","0/0","0/0","0/0","0/0","0/0","0/0","0/0","0/0","0/0","0/0","0/0","0/0","0/0","0/0","0/0","0/0","0/0","0/0","0/0","0/0","0/0","0/0","0/0","0/0","0/0","0/0","0/0","0/0","0/0","0/0","0/0","0/0","0/0","0/0","0/0","0/0","0/0","0/0","0/0","0/0","0/0","0/0","0/0","0/0","0/0","0/0","0/0","0/0","0/0","0/0","0/0","0/0","0/0","0/0","0/0","0/0","0/0","0/0","0/0","0/0","0/0","0/0","0/0","0/0","0/0","0/0","0/0","0/0","0/0","0/0","0/0","0/0","0/0","0/0","0/0","0/0","0/0","0/0","0/0","0/0","0/0","0/0","0/0","0/0","0/0","0/0","0/0","0/0","0/0","0/0","0/0","0/0","0/0","0/0","0/0","0/0","0/0","0/0","0/0","0/0","0/0"
"chr11:4790873_CG/C_OR51F1","0/0","0/0","0/0","0/0","0/0","0/0","0/0","0/0","0/0","0/0","0/0","0/0","0/0","0/0","0/0","0/0","0/0","0/0","0/0","0/0","0/0","0/0","0/0","0/0","0/0","0/0","0/0","0/0","0/0","0/0","0/0","0/0","0/0","0/0","0/0","0/0","0/0","0/0","0/0","0/0","0/0","0/0","0/0","0/0","0/0","0/0","0/0","0/0","0/0","0/0","0/0","0/0","0/0","0/0","0/0","0/0","0/0","0/0","0/0","0/0","0/0","0/0","0/0","0/0","0/0","0/0","0/0","0/0","0/0","0/0","0/0","0/0","0/0","0/0","0/0","0/0","0/0","0/0","0/0","0/0","0/0","0/0","0/0","0/0","0/0","0/0","0/0","0/0","0/0","0/0","0/0","0/0","0/0","0/0","0/0","0/0","0/0","0/0","0/0","0/0","0/0","0/0","0/0","0/0","0/0","0/0","0/0","0/0","0/0","0/0","0/0","0/0","0/0","0/0","0/0","0/0","0/0","0/0","0/0","0/0","0/0","0/0","0/0","0/0","0/0","0/0","0/0","0/0","0/0","0/0","0/0","0/0","0/0","0/0","0/0","0/0","0/0","0/0","0/0","0/0","0/0","0/0","0/0","0/0","0/0","0/0","0/1","0/1","0/1","0/0","0/0","0/0","0/0"
"chr11:5172795_A/AC_OR52A1","0/0","0/0","0/0","0/0","0/0","0/0","0/1","0/1","0/1","0/1","0/0","0/0","0/0","0/1","0/0","0/0","0/0","0/0","0/0","0/0","0/0","0/0","0/0","0/1","0/0","0/0","0/0","0/0","0/0","0/0","0/0","0/0","0/0","0/0","0/0","0/0","0/0","0/0","0/0","0/0","0/0","0/0","0/0","0/0","0/0","0/0","0/0","0/0","0/0","0/0","0/0","0/0","0/0","0/0","0/0","0/0","0/1","0/1","0/0","0/0","0/0","0/0","0/0","0/0","0/0","0/0","0/0","0/0","0/0","0/0","0/0","0/0","0/0","0/0","0/0","0/0","0/0","0/0","0/0","0/0","0/0","0/0","0/0","0/0","0/0","0/0","0/0","0/0","0/0","0/0","0/1","0/0","0/0","0/0","0/0","0/1","0/0","0/0","0/0","0/0","0/0","0/0","0/0","0/0","0/0","0/0","0/0","0/0","0/0","0/0","0/0","0/0","0/0","0/0","0/0","0/0","0/0","0/0","0/0","0/0","0/0","0/0","0/0","0/0","0/0","0/0","0/0","0/0","0/0","0/0","0/0","0/0","0/0","0/0","0/0","0/0","0/0","0/0","0/0","0/0","0/0","0/0","0/0","0/0","0/0","0/0","0/0","0/0","0/0","0/0","0/0","0/0","0/0"
"chr11:5364668_G/GTA_OR51B5","0/0","0/0","0/0","0/0","0/0","0/0","0/0","0/0","0/0","0/0","0/0","0/0","0/0","0/0","0/0","0/0","0/0","0/0","0/0","0/0","0/0","0/0","0/0","0/0","0/0","0/0","0/0","0/0","0/0","0/0","0/0","0/0","0/0","0/0","0/0","0/0","0/0","0/0","0/0","0/0","0/0","0/0","0/0","0/0","0/0","0/0","0/0","0/0","0/0","0/0","0/0","0/1","0/0","0/0","0/0","0/0","0/0","0/0","0/0","0/0","0/0","0/0","0/0","0/0","0/0","0/0","0/0","0/0","0/0","0/0","0/0","0/0","0/0","0/0","0/0","0/0","0/0","0/0","0/0","0/0","0/0","0/0","0/0","0/0","0/0","0/0","0/0","0/0","0/0","0/0","0/0","0/0","0/0","0/0","0/0","0/0","0/0","0/0","0/0","0/0","0/0","0/0","0/0","0/0","0/0","0/0","0/0","0/0","0/0","0/0","0/0","0/0","0/0","0/0","0/0","0/0","0/0","0/0","0/0","0/0","0/0","0/0","0/0","0/0","0/0","0/0","0/0","0/0","0/0","0/0","0/0","0/0","0/0","0/0","0/0","0/0","0/0","0/0","0/0","0/0","0/0","0/0","0/0","0/0","0/0","0/0","0/0","0/0","0/0","0/0","0/0","0/0","0/0"
"chr11:5475431_T/TCA_OR51I2","0/0","0/0","0/0","0/0","0/0","0/0","0/0","0/0","0/0","0/0","0/0","0/0","0/0","0/0","0/0","0/0","0/0","0/0","0/0","0/0","0/0","0/0","0/0","0/0","0/0","0/0","0/0","0/0","0/0","0/0","0/1","0/0","0/0","0/0","0/0","0/0","0/0","0/0","0/0","0/0","0/0","0/0","0/0","0/0","0/0","0/0","0/0","0/0","0/0","0/0","0/0","0/0","0/0","0/0","0/0","0/0","0/0","0/0","0/0","0/0","0/0","0/0","0/0","0/0","0/0","0/0","0/0","0/0","0/0","0/0","0/0","0/0","0/0","0/0","0/0","0/0","0/0","0/0","0/0","0/0","0/0","0/0","0/0","0/0","0/0","0/0","0/0","0/0","0/0","0/0","0/0","0/0","0/0","0/0","0/0","0/0","0/0","0/0","0/0","0/0","0/0","0/0","0/0","0/0","0/0","0/0","0/0","0/1","0/1","0/0","0/0","0/0","0/0","0/0","0/0","0/0","0/0","0/0","0/0","0/0","0/0","0/0","0/0","0/0","0/0","0/0","0/0","0/0","0/1","0/1","0/1","0/0","0/0","0/0","0/0","0/0","0/0","0/0","0/0","0/0","0/0","0/0","0/0","0/1","0/1","0/1","0/1","0/1","0/1","0/0","0/0","0/0","0/0"
"chr11:5510423_ATCT/A_OR52D1","0/0","0/0","0/0","0/1","0/1","0/1","0/1","0/1","0/1","0/0","0/0","0/1","0/1","1/1","0/1","1/1","0/1","0/0","0/0","0/0","1/1","1/1","0/1","0/0","0/1","0/1","0/0","1/1","0/0","1/1","0/0","0/1","1/1","0/1","0/0","1/1","0/1","0/1","0/1","0/0","1/1","1/1","0/1","1/1","0/1","0/0","0/1","0/1","1/1","0/1","0/1","0/1","0/0","0/1","0/1","1/1","0/0","0/1","0/1","1/1","0/1","0/1","0/0","0/1","0/1","0/0","0/0","0/1","0/1","0/0","0/0","0/1","0/1","0/1","0/1","1/1","1/1","0/0","0/0","1/1","1/1","0/0","0/1","0/0","0/0","0/0","0/0","0/1","1/1","1/1","1/1","0/0","0/0","1/1","1/1","1/1","0/1","0/1","0/1","0/1","0/0","0/0","0/0","1/1","1/1","0/1","0/1","0/1","0/1","0/0","0/1","1/1","1/1","0/1","1/1","0/0","0/0","0/0","0/1","0/0","0/1","0/1","0/0","0/0","1/1","1/1","0/1","0/1","0/1","0/1","0/1","0/0","1/1","1/1","1/1","1/1","1/1","1/1","0/1","0/1","0/1","0/0","0/0","0/1","0/1","0/1","0/0","0/0","0/0","0/1","0/1","0/1","0/1"
"chr11:5510540_G/GGGCT_OR52D1","0/0","0/0","0/0","0/0","0/0","0/0","0/0","0/0","0/0","0/0","0/0","0/0","0/0","0/0","0/1","0/0","0/0","0/0","0/1","0/0","0/0","0/0","0/0","0/1","0/0","0/0","0/0","0/0","0/0","0/0","0/0","0/0","0/0","0/0","0/0","0/0","0/0","0/0","0/0","0/0","0/0","0/0","0/0","0/0","0/0","0/0","0/0","0/1","0/0","0/0","0/0","0/0","0/0","0/0","0/0","0/0","0/0","0/0","0/0","0/0","0/1","0/0","1/1","0/0","0/0","0/1","0/0","0/1","0/1","0/0","0/1","0/0","0/0","0/0","0/0","0/0","0/0","0/0","0/0","0/0","0/0","0/0","0/0","0/0","0/0","0/0","0/0","0/1","0/0","0/0","0/0","0/1","0/1","0/0","0/0","0/0","0/1","0/0","0/0","0/0","0/1","0/1","0/1","0/0","0/0","0/0","0/0","0/0","0/0","0/1","0/0","0/0","0/0","0/0","0/0","0/0","0/0","0/0","0/1","0/0","0/1","0/1","0/0","0/0","0/0","0/0","0/0","0/0","0/0","0/0","0/0","0/0","0/0","0/0","0/0","0/0","0/0","0/0","0/0","0/0","0/0","0/0","0/0","0/0","0/0","0/0","0/1","0/1","0/1","0/1","0/1","0/1","0/1"
"chr11:5653492_G/GAA_TRIM6-TRIM34","0/0","0/0","0/0","0/0","0/0","0/0","0/0","0/0","0/0","0/0","0/0","0/0","0/0","0/0","0/0","0/0","0/0","0/0","0/0","0/0","0/0","0/0","0/0","0/0","0/0","0/0","0/0","0/0","0/0","0/0","0/0","0/0","0/0","0/0","0/0","0/0","0/0","0/0","0/0","0/0","0/0","0/0","0/0","0/0","0/0","0/0","0/0","0/0","0/0","0/0","0/0","0/0","0/0","0/0","0/0","0/0","0/0","0/0","0/0","0/0","0/0","0/0","0/0","0/0","0/0","0/0","0/0","0/0","0/0","0/0","0/0","0/0","0/0","0/0","0/0","0/0","0/0","0/1","0/1","0/0","0/0","0/0","0/0","0/0","0/0","0/0","0/0","0/0","0/0","0/0","0/0","0/0","0/0","0/0","0/0","0/0","0/0","0/0","0/0","0/0","0/0","0/0","0/0","0/0","0/0","0/0","0/0","0/0","0/0","0/0","0/0","0/0","0/0","0/0","0/0","0/0","0/0","0/0","0/0","0/0","0/0","0/0","0/0","0/0","0/0","0/0","0/0","0/0","0/0","0/0","0/0","0/0","0/0","0/0","0/0","0/0","0/0","0/0","0/0","0/0","0/0","0/0","0/0","0/0","0/0","0/0","0/0","0/0","0/0","0/0","0/0","0/0","0/0"
"chr11:5653493_G/GATTGAGGA_TRIM6-TRIM34","0/0","0/0","0/0","0/0","0/0","0/0","0/0","0/0","0/0","0/0","0/0","0/0","0/0","0/0","0/0","0/0","0/0","0/0","0/0","0/0","0/0","0/0","0/0","0/0","0/0","0/0","0/0","0/0","0/0","0/0","0/0","0/0","0/0","0/0","0/0","0/0","0/0","0/0","0/0","0/0","0/0","0/0","0/0","0/0","0/0","0/0","0/0","0/0","0/0","0/0","0/0","0/0","0/0","0/0","0/0","0/0","0/0","0/0","0/0","0/0","0/0","0/0","0/0","0/0","0/0","0/0","0/0","0/0","0/0","0/0","0/0","0/0","0/0","0/0","0/0","0/0","0/0","0/1","0/1","0/0","0/0","0/0","0/0","0/0","0/0","0/0","0/0","0/0","0/0","0/0","0/0","0/0","0/0","0/0","0/0","0/0","0/0","0/0","0/0","0/0","0/0","0/0","0/0","0/0","0/0","0/0","0/0","0/0","0/0","0/0","0/0","0/0","0/0","0/0","0/0","0/0","0/0","0/0","0/0","0/0","0/0","0/0","0/0","0/0","0/0","0/0","0/0","0/0","0/0","0/0","0/0","0/0","0/0","0/0","0/0","0/0","0/0","0/0","0/0","0/0","0/0","0/0","0/0","0/0","0/0","0/0","0/0","0/0","0/0","0/0","0/0","0/0","0/0"
"chr11:5799651_CA/C_OR52N5","0/0","0/0","0/0","0/0","0/0","0/0","0/0","0/0","0/0","0/0","0/0","0/0","0/0","0/0","0/0","0/0","0/0","0/0","0/0",".","0/0","0/0","0/0","0/0","0/0","0/0","0/0","0/0","0/0","0/0","0/0","0/0","0/0","0/0","0/0","0/0","0/1","0/0","0/0","0/0","0/0","0/0","0/0","0/0","0/0","0/0","0/0","0/0","0/0","0/0","0/0","0/0","0/0","0/0","0/0","0/0","0/0","0/0","0/0","0/0","0/0","0/0","0/0",".",".",".","0/0","0/0","0/0","0/0",".","0/0","0/0","0/0","0/0","0/0","0/0","0/0","0/0","0/0","0/0","0/0","0/0",".",".","0/0","0/0","0/0","0/0","0/0","0/0","0/0","0/0","0/0","0/0","0/0","0/0","0/0","0/0","0/0",".","0/0",".","0/0","0/0","0/0","0/0","0/0","0/0","0/0","0/0","0/0","0/1","0/0","0/0","0/0","0/0",".","0/0",".","0/0","0/0","0/0",".","0/0","0/0","0/0","0/0","0/0","0/0","0/0","0/0","0/0",".","0/0","0/0",".",".","0/0","0/0","0/0","0/1","0/0","0/0","0/0","0/0","0/0","0/0","0/0",".",".",".","."
"chr11:5989280_TG/T_OR56A5","0/0","0/0","0/0","0/0","0/0","0/0","0/0","0/0","0/0","0/0","0/0","0/0","0/1","0/0","0/0","0/0","0/0","0/0","0/0","0/0","0/0","0/0","0/0","0/0","0/0","0/0","0/0","0/0","0/0","0/0","0/0","0/0","0/0","0/0","0/0","0/0","0/0","0/0","0/0","0/0","0/0","0/0","0/0","0/0","0/0","0/0","0/0","0/0","0/0","0/0","0/0","0/0","0/0","0/0","0/0","0/0","0/0","0/0","0/0","0/0","0/0","0/0","0/0","0/0","0/0","0/0","0/0","0/0","0/0","0/0","0/0","0/0","0/0","0/0","0/0","0/0","0/0","0/0","0/0","0/0","0/0","0/0","0/0","0/0","0/0","0/0","0/0","0/0","0/0","0/0","0/0","0/0","0/0","0/0","0/0","0/0","0/0","0/0","0/0","0/0","0/0","0/0","0/0","0/0","0/0","0/0","0/0","0/0","0/0","0/0","0/0","0/0","0/0","0/0","0/0","0/0","0/0","0/0","0/0","0/0","0/0","0/0","0/0","0/0","0/0","0/0","0/0","0/0","0/0","0/0","0/0","0/0","0/0","0/0","0/0","0/0","0/0","0/0","0/0","0/0","0/0","0/0","0/0","0/0","0/0","0/0","0/0","0/0","0/0","0/0","0/0","0/0","0/0"
"chr11:6048210_ACTGCCGCCCCCT/A_OR56A1","0/0","0/0","0/0","0/0","0/0","0/0","0/0","0/0","0/0","0/0","0/0","0/0","0/0","0/0","0/0","0/0","0/0","0/0","0/0","0/0","0/0","0/0","0/0","0/0","0/0","0/0","0/0","0/0","0/0","0/0","0/0","0/0","0/0","0/0","0/0","0/0","0/0","0/0","0/0","0/0","0/0","0/0","0/0","0/0","0/0","0/0","0/0","0/0","0/0","0/0","0/0","0/0","0/0","0/0","0/0","0/0","0/0","0/0","0/0","0/0","0/0","0/0","0/0","0/0","0/0","0/0","0/0","0/0","0/0","0/0","0/0","0/0","0/0","0/0","0/0","0/0","0/0","0/0","0/0","0/0","0/0","0/0","0/0","0/0","0/0","0/0","0/0","0/0","0/0","0/0","0/0","0/0","0/0","0/0","0/0","0/0","0/0","0/0","0/0","0/0","0/0","0/0","0/0","0/0","0/0","0/0","0/0","0/0","0/0","0/0","0/0","0/0","0/0","0/0","0/0","0/0","0/0","0/0","0/1","0/0","0/1","0/1","0/0","0/0","0/0","0/0","0/0","0/0","0/0","0/0","0/0","0/0","0/0","0/0","0/0","0/0","0/0","0/0","0/0","0/0","0/0","0/0","0/0","0/0","0/0","0/0","0/0","0/0","0/0","0/0","0/0","0/0","0/0"
"chr11:6411930_CCTGGTGCTGGCG/C_SMPD1","0/0","0/0","0/0","0/0","0/0","0/0","0/0","0/0","0/0","0/0","0/0","0/0","0/0","0/0","0/0","0/0","0/0","0/0","0/0","0/0","0/0","0/0","0/0","0/0","0/1","0/0","0/0","0/0","0/0","0/0","0/1","0/0","0/1","0/0","0/0","0/0","0/0","0/0","0/1","0/1","0/0","0/0","0/0","1/1","0/1","0/0","0/0","0/0","0/0","0/0","0/0","0/0","0/1","0/0","0/0","0/0","0/0","0/1","0/0","0/0","0/0","0/0","0/0","0/0","0/0","0/0","0/0","0/0","0/0","0/0","0/0","0/0","0/0","0/0","0/0","0/0","0/0","0/0","0/0","0/0","0/0","0/0","0/0","0/0","0/0","0/0","0/0","0/0","0/0","0/0","0/0","0/0","0/0","0/0","0/0","0/0","0/0","0/1","0/1","0/1","0/0","0/0","0/0","0/0","0/0","0/0","0/0","0/0","0/0","0/0","0/0","0/0","0/0","0/1","0/0","0/0","0/0","0/0","0/0","0/0","0/0","0/0","0/0","0/0","0/0","0/0","0/1","0/1","0/0","0/0","0/0","0/0","0/0","0/0","0/0","0/0","0/0","0/0","0/0","0/0","0/0","0/0","0/0","0/0","0/0","0/0","0/0","0/0","0/0","0/0","0/0","0/0","0/0"
"chr11:6411934_G/GCGC_SMPD1","0/0","0/0","0/0","0/0","0/0","0/0","0/0","0/0","0/0","0/0","0/0","0/0","0/0","0/2",".","0/0","0/0","0/0",".","0/0","0/0","0/0","0/0","0/0","0/2","0/0","0/0","0/0","0/0","0/0","0/2",".","0/2","0/0","0/0","0/0","0/0","0/0","0/2","0/2","0/0","0/1","0/0","2/2","0/2","0/0","0/0","0/0","0/0","0/0","0/0","0/0","0/2","0/0","0/0","0/0","0/0","0/2","0/0","0/0","0/0","0/0","0/0","0/0","0/0","0/0","0/0","0/0","0/0","0/0","0/0","0/0","0/0","0/1","0/1","0/0","0/0","0/0","0/0","0/0","0/0","0/0","0/0","0/0","0/0","0/0","0/0","0/0","0/0","0/0","0/0","0/0",".","0/0","0/0","0/0","0/0","0/2","0/2","0/2","0/0","0/0","0/0","0/0","0/0","0/0","0/0","0/0","0/0","0/0","0/0","0/0","0/0","0/2","0/0","0/0","0/0","0/0","0/0","0/0","0/0","0/0","0/0","0/0","0/0",".","0/2","0/2","0/0","0/0","0/0","0/1","0/0","0/1","0/0","0/0","0/1","0/1","0/0","0/1","0/0","0/1","0/1","0/0","0/0","0/0","0/0","0/0","0/0","0/0","0/0","0/0","0/0"
"chr11:6411935_TGCTGGC/CGCTGGC_SMPD1","1/1","1/1","1/1","1/1","0/1","1/2","1/2","1/2","1/2","1/1","1/1","0/1","1/1","0/1","1/1","0/1","1/1","1/1","1/1","1/1","1/1","1/1","1/1","1/2","0/1","1/1","1/1","1/1","1/1","1/1","0/1","1/1","0/1","1/1","0/1","1/1","0/1","1/1","0/1","0/1","1/1","2/4","1/1","6/6","0/2","1/1","1/1","1/1","1/1","1/1","1/2","1/1","0/1","0/1","0/1","1/1","1/2","0/1","1/1","1/1","1/1","1/1","1/1","0/1","0/1","1/2","0/1","1/1","1/1","1/2","0/1","1/1","1/1","1/3","1/3","1/1","1/1","1/1","1/1","1/1","1/1","0/1","1/2","1/1","1/1","1/1","1/1","1/1","0/1","1/2","0/1","1/1","1/1","1/1","1/1","1/2","1/1","0/2","0/1","0/1","1/1","1/2","1/1","1/2","1/2","1/1","1/1","1/1","1/1","1/2","1/1","0/1","1/2","0/1","1/1","1/1","1/1","1/1","1/2","1/1","1/2","0/1","1/1","1/1","1/1","1/1","0/1","0/1","1/1","1/1","1/1","1/3","1/1","1/5","1/1","1/1","1/5","1/5","1/2","1/2","1/2","1/3","1/3","1/2","1/2","1/2","1/1","1/1","1/1","1/1","1/1","1/1","1/1"
"chr11:6567895_C/CTGCCCTACTGCA_DNHD1","1/1","1/1","1/1","1/1","1/1","1/1","1/1","1/1","1/1","1/1","1/1","1/1","1/1","1/1","1/1","1/1","1/1","1/1","1/1","1/1","1/1","1/1","1/1","1/1","1/1","1/1","1/1","1/1","1/1","1/1","1/1","1/1","1/1","1/1","1/1","1/1","1/1","1/1","1/1","1/1","1/1","1/1","1/1","1/1","1/1","1/1","1/1","1/1","1/1","1/1","1/1","1/1","1/1","1/1","1/1","1/1","1/1","1/1","1/1","1/1","1/1","1/1","1/1","1/1","1/1","1/1","1/1","1/1","1/1","1/1","1/1","1/1","1/1","1/1","1/1","1/1","1/1","1/1","1/1","1/1","1/1","1/1","1/1","1/1","1/1","1/1","1/1","1/1","1/1","1/1","1/1","1/1","1/1","1/1","1/1","1/1","1/1","1/1","1/1","1/1","1/1","1/1","1/1","1/1","1/1","1/1","1/1","1/1","1/1","1/1","1/1","1/1","1/1","1/1","1/1","1/1","1/1","1/1","1/1","1/1","1/1","1/1","1/1","1/1","1/1","1/1","1/1","1/1","1/1","1/1","1/1","1/1","1/1","1/1","1/1","1/1","1/1","1/1","1/1","1/1","1/1","1/1","1/1","1/1","1/1","1/1","1/1","1/1","1/1","1/1","1/1","1/1","1/1"
"chr11:6578613_TGAG/T_DNHD1","0/0","0/0","0/0","0/0","0/0","0/0","0/0","0/0","0/0","0/0","0/0","0/0","0/0","0/0","0/0","0/0","0/0","0/0","0/0","0/0","0/0","0/0","0/0","0/0","0/0","0/0","0/0","0/0","0/0","0/0","0/0","0/0","0/0","0/0","0/0","0/0","0/1","0/0","0/0","0/0","0/0","0/0","0/0","0/0","0/0","0/0","0/0","0/0","0/0","0/0","0/0","0/0","0/0","0/0","0/0","0/0","0/0","0/0","0/0","0/0","0/0","0/0","0/0","0/0","0/0","0/0","0/0","0/0","0/0","0/0","0/0","0/0","0/0","0/0","0/0","0/0","0/0","0/0","0/0","0/1","0/0","0/0","0/0","0/0","0/0","0/0","0/0","0/0","0/0","0/0","0/0","0/0","0/0","0/0","0/0","0/0","0/0","0/0","0/0","0/0","0/0","0/0","0/0","0/0","0/0","0/0","0/0","0/0","0/0","0/0","0/0","0/0","0/0","0/0","0/0","0/0","0/0","0/0","0/0","0/0","0/0","0/0","0/0","0/0","0/0","0/0","0/0","0/0","0/0","0/0","0/0","0/0","0/0","0/0","0/0","0/0","0/0","0/0","0/0","0/0","0/0","0/0","0/0","0/0","0/0","0/0","0/0","0/0","0/0","0/0","0/0","0/0","0/0"
"chr11:6622672_TGGCACCTGA/T_RRP8","0/0","0/0","0/0","0/0","0/0","0/0","0/1","0/1","0/1","0/0","0/0","0/0","0/0","0/0","0/0","0/0","0/0","0/0","0/0","0/0","0/0","0/0","0/0","0/0","0/0","0/0","0/0","0/0","0/1","0/0","0/0","0/0","0/0","0/0","0/0","0/0","0/0","0/0","0/0","0/0","0/0","0/0","0/0","0/0","0/0","0/0","0/0","0/0","0/0","0/0","0/0","0/0","0/0","0/0","0/0","0/0","0/0","0/0","0/0","0/0","0/0","0/0","0/0","0/0","0/0","0/0","0/0","0/0","0/0","0/0","0/0","0/0","0/0","0/0","0/0","0/0","0/0","0/0","0/0","0/0","0/0","0/0","0/0","0/0","0/0","0/0","0/0","0/0","0/0","0/0","0/0","0/0","0/0","0/0","0/0","0/0","0/0","0/0","0/0","0/0","0/0","0/0","0/0","0/0","0/0","0/0","0/0","0/0","0/0","0/0","0/0","0/0","0/0","0/0","0/0","0/0","0/0","0/0","0/0","0/0","0/0","0/0","0/0","0/0","0/0","0/0","0/0","0/0","0/0","0/0","0/0","0/0","0/0","0/0","0/0","0/0","0/0","0/0","0/0","0/0","0/0","0/0","0/0","0/0","0/0","0/0","0/0","0/0","0/0","0/0","0/0","0/0","0/0"
"chr11:6662745_CCAG/CCAGCAG_DCHS1","0/0","0/0","0/0","0/0","0/0","0/0","0/1","0/1","0/1","0/1","1/1","0/1","0/1","0/1","0/0","0/1","0/2","0/1","0/0","0/1","0/1","0/0","0/0","0/0","0/0","0/1","0/0","1/1","1/1","0/0","0/1","0/1","0/0","0/0","0/0","0/0","0/1","0/0","0/1","0/1","0/0","0/1","0/0","0/0","0/0","0/0","0/0","0/0","0/1","1/1","0/0","0/0","0/0","0/0","0/0","0/1","0/0","0/1","0/1","0/0","0/0","0/1","0/1","0/0","0/0","0/0","0/0","0/1","0/1","0/0","0/0","0/0","0/0","0/0","0/2","0/1","0/1","0/2","0/0","1/1","1/1","0/0","0/0","0/1","0/1","0/1","0/1","0/1","0/0","0/0","0/1","0/0","0/0","0/0","0/0","0/1","0/1","0/1","0/1","0/1","0/0","0/1","0/0","0/0","0/0","0/1","0/1","0/0","0/0","0/1","0/0","0/0","0/0","0/1","0/1","0/1","0/1","0/0","0/1","0/0","0/1","0/1","0/1","0/0","0/1","0/1","0/1","0/1","0/0","0/0","0/0","0/0","0/0","0/0","0/0","0/0","0/0","0/0","0/1","0/1","0/1","0/0","0/0","0/0","0/0","0/0","0/0","0/0","0/0","0/0","0/0","0/0","0/0"
"chr11:7661047_TCTC/T_PPFIBP2","0/1","0/1","0/1","0/1","0/0","0/0","0/0","0/0","0/0","0/0","0/0","0/0","0/0","0/0","0/0","0/0","0/0","0/0","0/0","0/0","0/0","0/0","0/0","0/0","0/0","0/0","0/0","0/0","0/0","0/0","0/0","0/0","0/0","0/1","0/1","0/1","0/0","0/0","0/1","0/0","0/0","0/0","0/0","0/0","0/0","0/0","0/0","0/1","0/0","0/0","0/0","0/1","0/0","0/0","0/0","0/0","0/0","0/0","0/0","0/0","0/0","0/1","0/0","0/0","0/0","0/0","0/0","0/0","0/0","0/0","0/0","0/0","0/0","0/0","0/0","0/0","0/0","0/0","0/0","0/1","0/1","0/0","0/0","0/0","0/0","0/0","0/0","0/0","0/0","0/0","0/0","0/0","0/0","0/0","0/0","0/0","0/0","0/0","0/0","0/0","0/0","0/0","0/0","0/1","0/1","0/1","0/1","0/0","0/0","0/0","0/1","0/0","0/0","0/0","0/0","0/0","0/0","0/1","0/0","0/1","0/0","0/0","0/0","0/1","0/0","0/0","0/0","0/0","0/0","0/0","0/0","0/0","0/0","0/0","0/0","0/0","0/0","0/0","0/0","0/0","0/0","0/0","0/0","0/0","0/0","0/0","0/0","0/0","0/0","0/0","0/0","0/0","0/0"
"chr11:7818383_G/GATATGGTTACCAGGTAGATGC_OR5P2","0/0","0/0","0/0","0/0","0/0","0/0","0/0","0/0","0/0","0/0","0/0","0/1","0/0","0/0","0/0","0/0","0/0","0/0","0/1","0/0","1/1","0/1","0/0","0/0","0/0","0/0","0/1","0/0","0/1","0/0","0/1","0/1","0/0","0/0","0/0","0/0","0/0","0/0","0/0","0/0","0/0","0/1","0/1","0/0","0/0","0/0","0/1","0/1","0/0","0/0","1/1","0/0","0/1","1/1","0/0","0/1","0/1","0/1","0/1","0/0","0/0","0/0","0/0","0/0","0/0","0/0","0/0","0/0","0/0","0/0","0/0","0/0","0/0","0/0","0/0","0/1","0/1","0/0","0/0","0/0","0/0","0/0","1/1","0/1","0/1","0/1","0/1","0/0","0/0","0/0","0/1","0/0","0/0","0/0","0/0","0/1","0/0","0/0","0/0","0/0","0/0","0/0","0/0","0/0","0/0","0/0","0/0","0/1","0/1","0/0","0/0","0/0","0/0","0/0","0/0","0/0","0/0","0/0","0/0","0/0","0/0","0/0","0/0","0/0","0/0","0/0","0/0","0/0","0/1","0/1","0/1","0/0","1/1","0/1","1/1","1/1","0/1","0/1","0/0","0/0","0/0","0/0","0/0","0/0","0/0","0/0","0/1","0/1","0/1","0/0","0/0","0/0","0/0"
"chr11:7846777_A/AGTGGGAGTGGGAGTG_OR5P3","0/0","0/0","0/0","0/0","0/0","0/0","0/0","0/0","0/0","0/0","0/0","0/0","0/0","0/0","0/0","0/0","0/0","0/0","0/0","0/0","0/0","0/0","0/0","0/0","0/0","0/0","0/0","0/0","0/0","0/0","0/1","0/0","0/0","0/0","0/0","0/0","0/0","0/0","0/0","0/0","0/0","0/0","0/0","0/0","0/0","0/0","0/0","0/0","0/0","0/0","0/0","0/0","0/0","0/0","0/0","0/0","0/0","0/0","0/0","0/0","0/0","0/0","0/0","0/0","0/0","0/0","0/0","0/0","0/0","0/0","0/0","0/0","0/0","0/0","0/0","0/0","0/0","0/0","0/0","0/0","0/0","0/0","0/0","0/0","0/0","0/0","0/0","0/0","0/0","0/0","0/1","0/0","0/0","0/0","0/0","0/1","0/0","0/0","0/0","0/0","0/0","0/0","0/0","0/0","0/0","0/0","0/0","0/0","0/0","0/0","0/0","0/0","0/0","0/0","0/0","0/0","0/0","0/0","0/0","0/0","0/0","0/0","0/0","0/0","0/0","0/0","0/0","0/0","0/0","0/0","0/0","0/0","0/0","0/0","0/0","0/0","0/0","0/0","0/0","0/0","0/0","0/0","0/0","0/0","0/0","0/0","0/0","0/0","0/0","0/0","0/0","0/0","0/0"
"chr11:7846778_C/CAGGTGGGAG_OR5P3","0/0","0/0","0/0","0/0","0/0","0/0","0/0","0/0","0/0","0/0","0/0","0/0","0/0","0/0","0/0","0/0","0/0","0/0","0/0","0/0","0/0","0/0","0/0","0/0","0/0","0/0","0/0","0/0","0/0","0/0","0/1","0/0","0/0","0/0","0/0","0/0","0/0","0/0","0/0","0/0","0/0","0/0","0/0","0/0","0/0","0/0","0/0","0/0","0/0","0/0","0/0","0/0","0/0","0/0","0/0","0/0","0/0","0/0","0/0","0/0","0/0","0/0","0/0","0/0","0/0","0/0","0/0","0/0","0/0","0/0","0/0","0/0","0/0","0/0","0/0","0/0","0/0","0/0","0/0","0/0","0/0","0/0","0/0","0/0","0/0","0/0","0/0","0/0","0/0","0/0","0/1","0/0","0/0","0/0","0/0","0/1","0/0","0/0","0/0","0/0","0/0","0/0","0/0","0/0","0/0","0/0","0/0","0/0","0/0","0/0","0/0","0/0","0/0","0/0","0/0","0/0","0/0","0/0","0/0","0/0","0/0","0/0","0/0","0/0","0/0","0/0","0/0","0/0","0/0","0/0","0/0","0/0","0/0","0/0","0/0","0/0","0/0","0/0","0/0","0/0","0/0","0/0","0/0","0/0","0/0","0/0","0/0","0/0","0/0","0/0","0/0","0/0","0/0"
"chr11:7847364_ACTT/A_OR5P3","0/0","0/0","0/0","0/0","0/0","0/0","0/0","0/0","0/0","0/0","0/0","0/0","0/0","0/0","0/0","0/0","0/0","0/0","0/0","0/0","0/0","0/0","0/0","0/0","0/0","0/0","0/0","0/0","0/0","0/0","0/0","0/0","0/0","0/0","0/0","0/0","0/0","0/0","0/0","0/0","0/0","0/0","0/0","0/0","0/0","0/0","0/0","0/0","0/0","0/0","0/0","0/0","0/0","0/0","0/0","0/0","0/0","0/0","0/0","0/0","0/0","0/0","0/0","0/0","0/0","0/0","0/0","0/0","0/0","0/0","0/0","0/0","0/0","0/0","0/0","0/0","0/0","0/0","0/0","0/0","0/0","0/0","0/0","0/0","0/0","0/0","0/0","0/0","0/0","0/0","0/0","0/0","0/0","0/0","0/0","0/0","0/0","0/0","0/0","0/0","0/0","0/0","0/0","0/0","0/0","0/0","0/0","0/0","0/0","0/0","0/0","0/0","0/0","0/1","0/0","0/0","0/0","0/0","0/0","0/0","0/0","0/0","0/0","0/0","0/0","0/0","0/1","0/1","0/0","0/0","0/0","0/0","0/0","0/0","0/0","0/0","0/0","0/0","0/0","0/0","0/0","0/0","0/0","0/0","0/0","0/0","0/0","0/0","0/0","0/0","0/0","0/0","0/0"
"chr11:8739358_TCAGA/T_ST5","0/0","0/0","0/0","0/0","0/0","0/0","0/0","0/0","0/0","0/0","0/0","0/0","0/0","0/0","0/0","0/0","0/0","0/0","0/0","0/0","0/0","0/0","0/0","0/0","0/0","0/0","0/0","0/0","0/0","0/0","0/0","0/0","0/0","0/0","0/0","0/0","0/0","0/1","0/0","0/0","0/0","0/0","0/0","0/0","0/0","0/0","0/0","0/0","0/0","0/0","0/0","0/0","0/0","0/0","0/0","0/0","0/0","0/0","0/0","0/0","0/0","0/0","0/0","0/0","0/0","0/0","0/0","0/0","0/0","0/0","0/0","0/0","0/0","0/0","0/0","0/0","0/0","0/0","0/0","0/0","0/0","0/0","0/0","0/0","0/0","0/0","0/0","0/0","0/0","0/0","0/0","0/0","0/0","0/0","0/0","0/0","0/0","0/0","0/0","0/0","0/0","0/0","0/0","0/0","0/0","0/0","0/0","0/0","0/0","0/0","0/0","0/0","0/0","0/0","0/0","0/0","0/0","0/0","0/0","0/0","0/0","0/0","0/0","0/0","0/0","0/0","0/0","0/0","0/0","0/0","0/0","0/0","0/0","0/0","0/0","0/0","0/0","0/0","0/0","0/0","0/0","0/0","0/0","0/0","0/0","0/0","0/0","0/0","0/0","0/0","0/0","0/0","0/0"
"chr11:9113008_GGCA/G_SCUBE2","0/0","0/0","0/0","0/1","0/1","0/1","0/1","0/1","0/1","1/1","0/1","0/1","1/1","0/1","0/1","0/1","1/1","1/1","0/1","1/1","0/1","0/0","0/1","0/1","1/1","0/1","0/0","1/1","1/1","0/0","0/1","0/1","0/1","0/1","0/1","0/1","0/1","0/1","1/1","1/1","0/0","0/0","0/1","0/1","0/0","0/1","1/1","0/1","1/1","0/0","1/1","0/1","0/1","1/1","0/1","0/0","1/1","0/1","0/1","0/1","0/1","0/1","0/1","0/0","0/0","1/1","0/1","0/0","0/0","0/1","1/1","1/1","1/1","1/1","1/1","0/1","0/1","0/0","0/0","1/1","1/1","0/0","1/1","0/1","0/1","0/1","0/1","0/0","0/1","0/1","0/1","0/0","0/0","0/1","0/1","0/1","0/0","0/0","0/1","0/1","0/1","0/1","0/1","0/1","0/1","0/1","0/0","0/1","0/1","0/1","0/1","0/0","0/1","0/1","1/1","0/1","0/1","0/1","1/1","0/1","1/1","1/1","0/1","0/1","1/1","1/1","0/1","0/1","1/1","0/1","1/1","0/1","0/1","0/1","0/1","0/0","0/1","0/1","0/0","0/0","0/0","0/1","0/1","0/1","0/1","0/1","0/1","0/1","0/1","0/0","0/0","0/0","0/0"
"chr11:14101493_G/GC_SPON1","1/1","1/1","1/1","1/1","1/1","1/1","1/1","1/1","1/1","1/1","1/1","1/1","1/1","1/1","1/1","1/1","1/1","1/1","1/1","1/1","1/1","1/1","1/1","1/1","1/1","1/1","1/1","1/1","1/1","1/1","1/1","1/1","1/1","1/1","1/1","1/1","1/1","1/1","1/1","1/1","1/1","1/1","1/1","1/1","1/1","1/1","1/1","1/1","1/1","1/1","1/1","1/1","1/1","1/1","1/1","1/1","1/1","1/1","1/1","1/1","1/1","1/1","1/1","1/1","1/1","1/1","1/1","1/1","1/1","1/1","1/1","1/1","1/1","1/1","1/1","1/1","1/1","1/1","1/1","1/1","1/1","1/1","1/1","1/1","1/1","1/1","1/1","1/1","1/1","1/1","1/1","1/1","1/1","1/1","1/1","1/1","1/1","1/1","1/1","1/1","1/1","1/1","1/1","1/1","1/1","1/1","1/1","1/1","1/1","1/1","1/1","1/1","1/1","1/1","1/1","1/1","1/1","1/1","1/1","1/1","1/1","1/1","1/1","1/1","1/1","1/1","1/1","1/1","1/1","1/1","1/1","1/1","1/1","1/1","1/1","1/1","1/1","1/1","1/1","1/1","1/1","1/1","1/1","1/1","1/1","1/1","1/1","1/1","1/1","1/1","1/1","1/1","1/1"
"chr11:17352477_TACA/T_NUCB2","0/1","0/1","0/1","1/1","0/1","0/1","0/1","0/1","0/1","1/1","0/0","0/1","0/1","0/1","1/1","0/1","0/0","1/1","0/1","0/0","0/0","0/1","1/1","0/1","0/1","0/0","0/1","0/1","0/1","0/1","1/1","0/1","0/0","0/1","0/1","1/1","0/0","0/1","0/0","0/1","1/1","0/1","0/1","0/0","0/1","0/0","0/1","1/1","0/1","0/1","0/1","0/1","0/1","0/0","0/1","0/0","0/1","1/1","1/1","0/0","1/1","1/1","1/1","1/1","1/1","0/1","0/0","0/0","0/0","0/0","0/1","0/0","0/0","1/1","1/1","0/0","0/0","0/1","0/1","0/1","0/1","0/1","0/1","0/1","0/1","0/1","0/1","1/1","0/1","0/1","0/0","0/1","0/1","1/1","1/1","0/0","1/1","1/1","0/1","0/1","1/1","0/0","1/1","1/1","1/1","1/1","1/1","0/0","0/0","0/0","1/1","0/0","0/0","1/1","0/1","1/1","1/1","1/1","1/1","1/1","1/1","1/1","1/1","1/1","0/1","0/1","1/1","1/1","0/1","0/1","0/1","0/1","1/1","0/0","1/1","1/1","0/0","0/0","0/1","0/1","0/1","0/1","0/1","0/1","0/1","0/1","1/1","1/1","1/1","0/1","0/1","0/1","0/1"
"chr11:17394037_CTT/C_NCR3LG1","0/1","0/1","0/1","0/0","0/0","0/0","0/0","0/0","0/0","0/0","0/0","0/0","0/0","0/0","0/0","0/0","0/0","0/0","0/0","0/1","0/0","0/0","0/0","0/0","0/0","0/0","0/0","0/0","0/0","0/0","0/0","0/0","0/0","0/0","0/0","0/0","0/0","0/0","0/0","0/0","0/0","0/1","0/0","0/0","0/0","0/0","0/0","0/0","0/0","0/0","0/0","0/0","0/0","0/0","0/0","0/0","0/0","0/0","0/0","0/0","0/0","0/0","0/0","0/0","0/0","0/0","0/0","0/0","0/0","0/0","0/0","0/0","0/0","0/0","0/0","0/0","0/0","0/0","0/0","0/0","0/0","0/0","0/0","0/0","0/0","0/0","0/0","0/0","0/0","0/0","0/0","0/1","0/1","0/0","0/0","0/0","0/0","0/0","0/0","0/0","0/0","0/0","0/0","0/0","0/0","0/0","0/0","0/0","0/0","0/0","0/0","0/0","0/0","0/0","0/0","0/0","0/0","0/0","0/0","0/0","0/0","0/0","0/0","0/0","0/0","0/0","0/0","0/0","0/0","0/0","0/0","0/0","0/0","0/0","0/0","0/0","0/0","0/0","0/0","0/0","0/0","0/0","0/0","0/0","0/0","0/0","0/0","0/0","0/0","0/0","0/0","0/0","0/0"
"chr11:18127530_A/ACCTCCT_SAAL1","0/0","0/0","0/0","0/0","0/0","0/0","0/0","0/0","0/0","0/0","0/0","0/0","0/0","0/0","0/0","0/1","0/1","0/0","0/0","0/0","0/0","0/0","0/1","0/0","0/0","0/0","0/0","0/0","0/0","1/1","0/0","0/0","0/0","0/0","0/0","0/1","0/2","0/0","0/1","0/1","0/0","0/0","0/0","0/1","0/0","0/1","0/0","0/0","0/0","0/0","0/0","0/0","0/0","0/0","0/1","0/0","0/0","0/0","0/0","0/0","0/0","0/0","0/0","0/0","0/0","0/0","0/0","0/0","0/0","0/0","0/0","0/0","0/0","0/0","0/0","0/0","0/0","0/1","0/1","0/0","0/0","0/0","0/0","0/0","0/0","0/0","0/0","0/0","0/0","0/0","0/1","0/0","0/0","0/0","0/0","0/1","0/0","0/0","0/0","0/0","0/0","0/0","0/0","0/0","0/0","0/0","0/0","0/0","0/0","0/0","0/0","0/0","0/0","0/0","0/0","0/0","0/0","0/0","0/1","0/0","0/1","0/1","0/0","0/0","0/0","0/0","0/0","0/0","0/0","0/0","0/0","0/0","0/0","0/0","0/0","0/0","0/0","0/0","0/0","0/0","0/0","0/0","0/0","0/0","0/0","0/0","0/0","0/0","0/0","0/0","0/0","0/0","0/0"
"chr11:18127558_C/CCGG_SAAL1","0/1","0/1","0/1","0/0","0/1","0/1","0/1","0/1","0/1","0/0","0/0","0/1","0/1","0/0","0/0","0/0","0/0","0/0","0/1","0/1","0/1","0/0","0/0","0/0","0/0","1/1","0/0","0/0","0/0","0/0","0/0","0/0","0/1","0/1","0/0","0/0","0/0","0/0","0/0","0/0","0/0","0/1","0/0","0/0","0/1","0/1","0/0","0/1","0/1","0/0","0/0","0/0","0/0","0/0","0/1","0/0","0/0","0/1","0/0","0/0","0/1","0/0","0/0","0/0","0/0","0/0","0/1","0/0","0/0","0/1","0/0","0/0","0/0","0/0","0/0","0/1","0/1","0/1","0/1","0/1","0/1","0/0","0/0","0/1","0/1","0/0","0/0","0/0","0/0","0/0","0/0","0/0","0/0","0/1","0/1","0/0","0/0","0/0","0/0","0/0","0/1","0/0","0/1","0/0","0/0","0/1","0/1","0/0","0/0","0/0","0/0","0/0","0/0","0/0","0/0","0/0","0/0","0/0","0/1","0/0","0/1","0/1","0/0","0/0","0/0","0/0","0/0","0/0","0/1","0/1","0/1","0/0","0/0","0/0","0/0","0/0","0/0","0/0","0/1","0/1","0/1","0/0","0/0","0/0","0/0","0/0","0/1","0/1","0/1","0/1","0/1","0/1","0/1"
"chr11:18478271_AG/A_LDHAL6A","0/0","0/0","0/0","0/0","0/0","0/0","0/0","0/0","0/0","0/0","0/0","0/0","0/0","0/0","0/0","0/0","0/0","0/0","0/0","0/0","0/0","0/0","0/0","0/0","0/0","0/0","0/0","0/0","0/0","0/0","0/0","0/0","0/0","0/0","0/0","0/0","0/0","0/0","0/0","0/0","0/0","0/0","0/0","0/0","0/0","0/0","0/0","0/0","0/0","0/0","0/0","0/0","0/0","0/0","0/1","0/0","0/0","0/0","0/0","0/0","0/0","0/0","0/0","0/0","0/0","0/0","0/0","0/0","0/0","0/0","0/0","0/0","0/0","0/0","0/0","0/0","0/0","0/0","0/0","0/0","0/0","0/0","0/0","0/0","0/0","0/0","0/0","0/0","0/0","0/0","0/0","0/0","0/0","0/0","0/0","0/0","0/0","0/0","0/0","0/0","0/0","0/0","0/0","0/0","0/0","0/0","0/0","0/0","0/0","0/0","0/0","0/0","0/0","0/0","0/0","0/0","0/0","0/0","0/0","0/0","0/0","0/0","0/0","0/0","0/0","0/0","0/0","0/0","0/0","0/0","0/0","0/0","0/0","0/0","0/0","0/0","0/0","0/0","0/0","0/0","0/0","0/0","0/0","0/0","0/0","0/0","0/0","0/0","0/0","0/0","0/0","0/0","0/0"
"chr11:18727370_CGGT/C_IGSF22","0/0","0/0","0/0","0/0","0/0","0/0","0/0","0/0","0/0","0/0","0/0","0/0","0/0","0/0","0/0","0/0","0/0","0/0","0/0","0/0","0/0","0/0","0/0","0/0","0/0","0/1","0/0","0/0","0/0","0/0","0/0","0/0","0/0","0/0","0/0","0/0","0/0","0/0","0/0","0/0","0/0","0/0","0/0","0/0","0/0","0/0","0/0","0/0","0/0","0/0","0/0","0/0","0/0","0/0","0/0","0/0","0/0","0/0","0/0","0/0","0/0","0/0","0/0","0/0","0/0","0/0","0/0","0/0","0/0","0/0","0/0","0/0","0/0","0/0","0/0","0/0","0/0","0/0","0/0","0/0","0/0","0/0","0/0","0/0","0/0","0/0","0/0","0/0","0/0","0/0","0/0","0/0","0/0","0/0","0/0","0/0","0/0","0/0","0/0","0/0","0/0","0/0","0/0","0/0","0/0","0/0","0/0","0/0","0/0","0/0","0/0","0/0","0/0","0/0","0/0","0/0","0/0","0/0","0/0","0/0","0/0","0/0","0/0","0/0","0/0","0/0","0/0","0/0","0/0","0/0","0/0","0/0","0/0","0/0","0/0","0/0","0/0","0/0","0/0","0/0","0/0","0/0","0/0","0/0","0/0","0/0","0/0","0/0","0/0","0/0","0/0","0/0","0/0"
"chr11:20385381_CGCG/C_HTATIP2","0/0","0/0","0/0","0/0","0/0","0/0","0/0","0/0","0/0","0/0","0/0","0/0","0/0","0/0","0/0","0/0","0/0","0/0","0/0","0/0","0/0","0/0","0/0","0/0","0/0","0/0","0/0","0/0","0/0","0/0","0/0","0/0","0/0","0/0","0/0","0/0","0/0","0/0","0/0","0/0","0/0","0/0","0/0","0/0","0/0","0/0","0/0","0/0","0/0","0/0","0/0","0/0","0/0","0/0","0/0","0/0","0/0","0/0","0/0","0/0","0/0","0/0","0/0","0/0","0/1","0/0","0/0","0/0","0/0","0/0","0/1","0/0","0/0","0/0","0/0","0/0","0/0","0/0","0/0","0/0","0/0","0/0","0/0","0/0","0/0","0/0","0/0","0/0","0/0","0/0","0/0","0/0","0/0","0/0","0/0","0/0","0/0","0/0","0/0","0/0","0/0","0/0","0/0","0/0","0/0","0/0","0/0","0/0","0/0","0/0","0/0","0/0","0/0","0/0","0/0","0/0","0/0","0/0","0/0","0/0","0/0","0/0","0/0","0/0","0/0","0/0","0/0","0/0","0/0","0/0","0/0","0/0","0/0","0/0","0/0","0/0","0/0","0/0","0/0","0/0","0/0","0/0","0/0","0/0","0/0","0/0","0/0","0/0","0/0","0/0","0/0","0/0","0/0"
"chr11:22296288_TTGCAGG/T_ANO5","0/0","0/0","0/0","0/0","0/0","0/0","0/0","0/0","0/0","0/0","0/0","0/0","0/0","0/0","0/0","0/0","0/0","0/0","0/0","0/0","0/0","0/0","0/0","0/0","0/0","0/0","0/0","0/0","0/0","0/0","0/0","0/0","0/1","0/0","0/0","0/0","0/0","0/0","0/0","0/0","0/0","0/0","0/0","0/0","0/0","0/0","0/0","0/0","0/0","0/0","0/0","0/0","0/0","0/0","0/0","0/0","0/0","0/0","0/0","0/0","0/0","0/0","0/0","0/0","0/0","0/0","0/0","0/0","0/0","0/0","0/0","0/0","0/0","0/0","0/0","0/0","0/0","0/0","0/0","0/0","0/0","0/0","0/0","0/0","0/0","0/0","0/0","0/0","0/0","0/0","0/0","0/0","0/0","0/0","0/0","0/0","0/0","0/0","0/0","0/0","0/0","0/0","0/0","0/0","0/0","0/0","0/0","0/0","0/0","0/0","0/0","0/0","0/0","0/0","0/0","0/0","0/0","0/0","0/0","0/0","0/0","0/0","0/0","0/0","0/0","0/0","0/0","0/0","0/0","0/0","0/0","0/0","0/0","0/0","0/0","0/0","0/0","0/0","0/0","0/0","0/0","0/0","0/0","0/0","0/0","0/0","0/0","0/0","0/0","0/0","0/0","0/0","0/0"
"chr11:22382485_G/GC_SLC17A6","0/0","0/0","0/0","0/0","0/1","0/1","0/0","0/0","0/0","0/0","0/0","0/0","0/0","0/0","0/0","0/0","0/0","0/0","0/0","0/0","0/0","0/0","0/0","0/0","0/0","0/0","0/0","0/0","0/0","0/0","0/0","0/0","0/0","0/0","0/0","0/0","0/0","0/0","0/0","0/0","0/0","0/0","0/0","0/0","0/0","0/0","0/0","0/0","0/0","0/0","0/0","0/0","0/0","0/0","0/0","0/0","0/0","0/0","0/0","0/0","0/0","0/0","0/0","0/0","0/0","0/0","0/0","0/0","0/0","0/0","0/0","0/0","0/0","0/0","0/0","0/0","0/0","0/0","0/0","0/0","0/0","0/0","0/0","0/0","0/0","0/0","0/0","0/0","0/0","0/0","0/0","0/0","0/0","0/0","0/0","0/0","0/0","0/0","0/0","0/0","0/0","0/0","0/0","0/0","0/0","0/0","0/0","0/0","0/0","0/0","0/0","0/0","0/0","0/0","0/0","0/0","0/0","0/0","0/0","0/0","0/0","0/0","0/0","0/0","0/0","0/0","0/0","0/0","0/0","0/0","0/0","0/0","0/0","0/0","0/0","0/0","0/0","0/0","0/0","0/0","0/0","0/0","0/0","0/0","0/0","0/0","0/0","0/0","0/0","0/0","0/0","0/0","0/0"
"chr11:25100135_GA/G_LUZP2","0/0","0/0","0/0","0/0","0/0","0/0","0/0","0/0","0/0","0/0","0/0","0/0","0/0","0/0","0/0","0/0","0/0","0/0","0/0","0/0","0/0","0/0","0/0","0/0","0/0","0/0","0/0","0/0","0/0","0/0","0/0","0/0","0/0","0/0","0/0","0/0","0/1","0/0","0/0","0/0","0/0","0/0","0/0","0/0","0/0","0/0","0/0","0/0","0/0","0/0","0/0","0/0","0/0","0/0","0/0","0/0","0/0","0/0","0/0","0/0","0/0","0/0","0/0","0/0","0/0","0/0","0/0","0/0","0/0","0/0","0/0","0/0","0/0","0/0","0/0","0/0","0/0","0/0","0/0","0/0","0/0","0/0","0/0","0/0","0/0","0/0","0/0","0/0","0/0","0/0","0/0","0/0","0/0","0/0","0/0","0/0","0/0","0/0","0/0","0/0","0/0","0/0","0/0","0/0","0/0","0/0","0/0","0/0","0/0","0/0","0/0","0/0","0/0","0/0","0/0","0/0","0/0","0/0","0/0","0/0","0/0","0/0","0/0","0/0","0/0","0/0","0/0","0/0","0/0","0/0","0/0","0/0","0/0","0/0","0/0","0/0","0/0","0/0","0/0","0/0","0/0","0/0","0/0","0/0","0/0","0/0","0/0","0/0","0/0","0/0","0/0","0/0","0/0"
"chr11:26574791_TCAAGCCAAGAAA/T_ANO3","0/0","0/0","0/0","0/0","0/0","0/0","0/0","0/0","0/0","0/0","0/0","0/0","0/0","0/0","0/0","0/0","0/0","0/0","0/0","0/0","0/0","0/1","0/0","0/0","0/0","0/0","0/0","0/0","0/0","0/0","0/0","0/0","0/0","0/0","0/0","0/0","0/0","0/0","0/0","0/0","0/0","0/0","0/0","0/0","0/0","0/0","0/0","0/0","0/0","0/0","0/0","0/0","0/0","0/0","0/0","0/0","0/0","0/0","0/0","0/0","0/0","0/0","0/0","0/0","0/0","0/0","0/0","0/0","0/0","0/0","0/0","0/0","0/0","0/0","0/0","0/0","0/0","0/0","0/0","0/0","0/0","0/0","0/0","0/0","0/0","0/0","0/0","0/0","0/0","0/0","0/0","0/0","0/0","0/0","0/0","0/0","0/0","0/0","0/0","0/0","0/0","0/0","0/0","0/0","0/0","0/0","0/0","0/0","0/0","0/0","0/1","0/0","0/0","0/0","0/0","0/0","0/0","0/0","0/0","0/0","0/0","0/0","0/0","0/1","0/0","0/0","0/0","0/0","0/0","0/0","0/0","0/0","0/0","0/0","0/0","0/0","0/0","0/0","0/0","0/0","0/0","0/0","0/0","0/0","0/0","0/0","0/0","0/0","0/0","0/0","0/0","0/0","0/0"
"chr11:30937223_CA/C_DCDC5","0/0","0/0","0/0","0/0","0/0","0/0","0/0","0/0","0/0","0/0","0/0","0/0","0/0","0/0","0/0","0/0","0/0","0/0","0/0","0/0","0/0","0/0","0/0","0/0","0/0","0/0","0/0","0/0","0/0","0/0","0/0","0/0","0/0","0/0","0/0","0/0","0/0","0/0","0/0","0/0","0/0","0/0","0/0","0/0","0/0","0/0","0/0","0/0","0/0","0/0","0/0","0/0","0/0","0/0","0/0","0/0","0/0","0/0","0/0","0/0","0/0","0/0","0/0","0/0","0/0","0/0","0/0","0/0","0/0","0/0","0/0","0/0","0/0","0/0","0/0","0/0","0/0","0/0","0/0","0/0","0/0","0/0","0/0","0/0","0/0","0/0","0/0","0/0","0/0","0/0","0/0","0/0","0/0","0/0","0/0","0/0","0/0","0/1","0/0","0/0","0/0","0/0","0/0","0/0","0/0","0/0","0/0","0/0","0/0","0/0","0/0","0/0","0/0","0/0","0/0","0/0","0/0","0/0","0/0","0/0","0/0","0/0","0/0","0/0","0/0","0/0","0/0","0/0","0/0","0/0","0/0","0/0","0/0","0/0","0/0","0/0","0/0","0/0","0/0","0/0","0/0","0/0","0/0","0/0","0/0","0/0","0/0","0/0","0/0","0/0","0/0","0/0","0/0"
"chr11:32635950_AT/A_CCDC73","0/0","0/0","0/0","0/0","0/0","0/0","0/0","0/0","0/0","0/0","0/0","0/0","0/0","0/0","0/0","0/0","0/0","0/0","0/0","0/0","0/0","0/0","0/0","0/0","0/0","0/0","0/0","0/0","0/0","0/0","0/0","0/0","0/0","0/0","0/0","0/0","0/1","0/0","0/0","0/0","0/0","0/0","0/0","0/0","0/0","0/0","0/0","0/0","0/0","0/0","0/0","0/0","0/0","0/0","0/0","0/0","0/0","0/0","0/0","0/0","0/0","0/0","0/0","0/0","0/0","0/0","0/0","0/0","0/0","0/0","0/0","0/0","0/0","0/0","0/0","0/0","0/0","0/0","0/0","0/0","0/0","0/0","0/0","0/0","0/0","0/0","0/0","0/0","0/0","0/0","0/0","0/0","0/0","0/0","0/0","0/0","0/0","0/0","0/0","0/0","0/0","0/0","0/0","0/0","0/0","0/0","0/0","0/0","0/0","0/0","0/0","0/0","0/0","0/0","0/0","0/0","0/0","0/0","0/0","0/0","0/0","0/0","0/0","0/0","0/0","0/0","0/0","0/0","0/0","0/0","0/0","0/0","0/0","0/0","0/0","0/0","0/0","0/0","0/0","0/0","0/0","0/0","0/0","0/0","0/0","0/0","0/0","0/0","0/0","0/0","0/0","0/0","0/0"
"chr11:33763580_TTCC/T_FBXO3","0/0","0/0","0/0","0/0","0/0","0/0","0/0","0/0","0/0","0/0","0/0","0/0","0/0","0/0","0/1","0/0","0/0","0/1","0/0","0/0","0/0","0/0","0/0","0/0","0/0","0/0","0/0","0/0","0/0","0/0","0/0","0/0","0/0","0/0","0/0","0/0","0/0","0/0","0/0","0/0","0/0","0/0","0/0","0/0","0/0","0/0","0/0","0/0","0/0","0/0","0/0","0/0","0/0","0/0","0/0","0/0","0/0","0/0","0/0","0/0","0/0","0/0","0/0","0/0","0/0","0/0","0/0","0/0","0/0","0/0","0/0","0/0","0/0","0/0","0/0","0/0","0/0","0/0","0/0","0/0","0/0","0/0","0/0","0/0","0/0","0/0","0/0","0/0","0/0","0/0","0/0","0/0","0/0","0/0","0/0","0/0","0/0","0/0","0/0","0/0","0/0","0/0","0/0","0/0","0/0","0/0","0/0","0/0","0/0","0/0","0/0","0/0","0/0","0/1","0/0","0/0","0/0","0/0","0/0","0/0","0/0","0/0","0/0","0/0","0/0","0/0","0/1","0/1","0/0","0/0","0/0","0/0","0/0","0/0","0/0","0/0","0/0","0/0","0/0","0/0","0/0","0/0","0/0","0/0","0/0","0/0","0/0","0/0","0/0","0/0","0/0","0/0","0/0"
"chr11:34910340_C/CT_APIP","0/0","0/0","0/0","0/0","0/0","0/0","0/0","0/0","0/0","0/0","0/0","0/0","0/0","0/0","0/0","0/0","0/1","0/0","0/0","0/1","0/0","0/0","0/0","0/0","0/0","0/0","0/0","0/0","0/0","0/0","0/0","0/0","0/0","0/0","0/0","0/0","0/0","0/0","0/0","0/0","0/0","0/0","0/0","0/0","0/0","0/0","0/0","0/0","0/0","0/1","0/0","0/0","0/0","0/0","0/0","0/0","0/0","0/0","0/0","0/0","0/0","0/0","0/0","0/1","0/1","0/0","0/0","0/0","0/0","0/0","0/0","0/0","0/0","0/0","0/0","0/0","0/0","0/0","0/0","0/0","0/0","0/0","0/0","0/0","0/0","0/0","0/0","0/0","0/1","0/1","0/0","0/0","0/0","0/1","0/1","0/0","0/0","0/0","0/0","0/0","0/0","0/0","0/0","0/0","0/0","0/0","0/0","0/0","0/0","0/0","0/0","0/0","0/0","0/0","0/1","0/0","0/0","0/0","0/0","0/0","0/0","0/0","0/0","0/0","0/1","0/1","0/0","0/0","0/0","0/0","0/0","0/0","0/0","0/0","0/0","0/0","0/0","0/0","0/0","0/0","0/0","0/0","0/0","0/0","0/0","0/0","0/0","0/0","0/0","0/0","0/0","0/0","0/0"
"chr11:34991790_TG/T_PDHX","0/0","0/0","0/0","0/0","0/0","0/0","0/0","0/0","0/0","0/0","0/0","0/0","0/0","0/0","0/0","0/0","0/0","0/0","0/0","0/0","0/0","0/0","0/0","0/0","0/0","0/0","0/0","0/0","0/0","0/0","0/0","0/0","0/0","0/0","0/0","0/0","0/0","0/0","0/0","0/0","0/0","0/0","0/0","0/0","0/0","0/0","0/0","0/0","0/0","0/0","0/0","0/0","0/0","0/0","0/0","0/0","0/0","0/0","0/0","0/0","0/0","0/0","0/0","0/0","0/0","0/0","0/0","0/0","0/0","0/0","0/0","0/0","0/0","0/0","0/0","0/0","0/0","0/0","0/0","0/0","0/0","0/0","0/0","0/0","0/0","0/0","0/0","0/0","0/0","0/0","0/0","0/0","0/0","0/0","0/0","0/0","0/0","0/0","0/0","0/0","0/0","0/0","0/0","0/0","0/0","0/0","0/0","0/0","0/0","0/0","0/0","0/0","0/0","0/0","0/0","0/0","0/0","0/0","0/0","0/0","0/0","0/0","0/0","0/0","0/0","0/0","0/0","0/0","0/0","0/0","0/0","0/0","0/0","0/0","0/0","0/0","0/0","0/0","0/0","0/0","0/0","0/0","0/0","0/0","0/0","0/0","0/1","0/1","0/0","0/0","0/0","0/0","0/0"
"chr11:45248231_GC/G_PRDM11","0/0",".",".",".",".",".","0/0",".",".",".",".",".","0/0","0/0",".",".",".",".",".",".",".",".",".","0/0",".",".",".",".",".",".",".",".",".","0/0","0/0",".",".",".",".",".","0/0",".","0/0","0/0","0/0",".",".",".","0/0",".",".",".",".","0/0","0/0","0/0",".",".","0/0",".",".",".",".","0/0","0/0",".","0/0",".",".",".",".",".",".",".",".",".",".","0/0",".",".",".","0/0",".",".",".","0/0",".",".",".","0/0","0/0",".",".",".",".","0/0",".",".",".",".","0/0","0/0","0/0","0/0","0/0","0/0","0/0",".",".",".",".",".","0/0","0/0","0/0",".","0/0","0/0","0/0",".","0/0","0/0",".","0/0",".","0/0","0/0","0/0","0/0",".","0/0","0/0",".","0/0",".","0/0","0/0","0/1",".","0/0",".",".",".",".","0/0",".","1/1",".",".",".",".","0/0","0/0"
"chr11:46724716_CAGTGGTGACAGA/C_ZNF408","0/1","0/1","0/1","0/1","1/1","1/1","1/1","1/1","1/1","0/1","1/1","0/1","0/1","1/1","0/1","1/1","1/1","1/1","1/1","0/1","0/0","0/1","1/1","0/1","0/1","0/1","0/1","0/0","1/1","0/0","0/0","1/1","0/1","0/0","1/1","0/1","0/0","0/1","0/1","0/1","1/1","0/1","1/1","0/0","1/1","0/0","1/1","1/1","0/1","0/1","0/1","0/1","0/1","0/1","0/1","0/0","0/0","1/1","1/1","0/1","0/1","0/1","1/1","1/1","1/1","1/1","1/1","1/1","1/1","1/1","1/1","0/1","0/1","0/1","0/1","0/1","0/1","1/1","1/1","1/1","1/1","0/0","0/1","0/1","0/1","0/0","0/0","0/0","1/1","1/1","1/1","1/1","1/1","0/1","0/1","1/1","0/0","0/1","0/1","0/1","1/1","1/1","1/1","0/1","0/1","1/1","1/1","1/1","1/1","1/1","0/1","0/1","0/1","0/1","0/1","0/1","0/1","0/1","0/0","0/1","0/0","0/0","0/1","0/1","0/1","0/1","0/1","0/1","1/1","1/1","1/1","0/1","1/1","0/1","1/1","1/1","0/1","0/1","0/1","0/1","0/1","0/0","0/1","1/1","1/1","1/1","0/1","0/1","0/1","1/1","1/1","1/1","1/1"
"chr11:47182741_TGTAA/T_C11orf49","0/0","0/0","0/0","0/0","0/0","0/0","0/0","0/0","0/0","0/0","0/0","0/0","0/0","0/0","0/0","0/0","0/0","0/0","0/0","0/0","0/0","0/0","0/0","0/0","0/0","0/0","0/0","0/0","0/0","0/0","0/0","0/0","0/0","0/0","0/0","0/0","0/0","0/0","0/0","0/0","0/0","0/0","0/0","0/0","0/0","0/0","0/0","0/0","0/0","0/0","0/0","0/0","0/0","0/0","0/0","0/0","0/0","0/0","0/0","0/0","0/0","0/0","0/0","0/0","0/0","0/0","0/0","0/0","0/0","0/0","0/0","0/0","0/0","0/0","0/0","0/0","0/0","0/0","0/0","0/0","0/0","0/0","0/0","0/0","0/0","0/0","0/0","0/0","0/0","0/0","0/0","0/0","0/0","0/0","0/0","0/0","0/0","0/0","0/0","0/0","0/0","0/0","0/0","0/0","0/0","0/1","0/1","0/0","0/0","0/0","0/0","0/0","0/0","0/0","0/0","0/0","0/0","0/0","0/0","0/0","0/0","0/0","0/0","0/0","0/0","0/0","0/0","0/0","0/0","0/0","0/0","0/0","0/0","0/0","0/0","0/0","0/0","0/0","0/0","0/0","0/0","0/0","0/0","0/0","0/0","0/0","0/0","0/0","0/0","0/0","0/0","0/0","0/0"
"chr11:47196852_GA/G_ARFGAP2","0/0","0/0","0/0","0/0","0/0","0/0","0/0","0/0","0/0","0/0","0/0","0/0","0/0","0/0","0/0","0/0","0/0","0/0","0/0","0/0","0/0","0/0","0/0","0/0","0/0","0/0","0/0","0/0","0/0","0/0","0/0","0/0","0/0","0/0","0/0","0/0","0/1","0/0","0/0","0/0","0/0","0/0","0/0","0/0","0/0","0/0","0/0","0/0","0/0","0/0","0/0","0/0","0/0","0/0","0/0","0/0","0/0","0/0","0/0","0/0","0/0","0/0","0/0","0/0","0/0","0/0","0/0","0/0","0/0","0/0","0/0","0/0","0/0","0/0","0/0","0/0","0/0","0/0","0/0","0/0","0/0","0/0","0/0","0/0","0/0","0/0","0/0","0/0","0/0","0/0","0/0","0/0","0/0","0/0","0/0","0/0","0/0","0/0","0/0","0/0","0/0","0/0","0/0","0/0","0/0","0/0","0/0","0/0","0/0","0/0","0/0","0/0","0/0","0/0","0/0","0/0","0/0","0/0","0/0","0/0","0/0","0/0","0/0","0/0","0/0","0/0","0/0","0/0","0/0","0/0","0/0","0/0","0/0","0/0","0/0","0/0","0/0","0/0","0/0","0/0","0/0","0/0","0/0","0/0","0/0","0/0","0/0","0/0","0/0","0/0","0/0","0/0","0/0"
"chr11:47711779_CA/C_AGBL2","0/0","0/0","0/0","0/0","0/0","0/0","0/0","0/0","0/0","0/0","0/0","0/0","0/0","0/0","0/0","0/0","0/0","0/0","0/0","0/0","0/0","0/0","0/0","0/0","0/0","0/0","0/0","0/0","0/0","0/0","0/0","0/0","0/0","0/0","0/0","0/0","0/0","0/0","0/0","0/0","0/0","0/0","0/0","0/0","0/0","0/0","0/0","0/0","0/0","0/0","0/0","0/0","0/0","0/0","0/0","0/0","0/0","0/0","0/0","0/0","0/0","0/0","0/0","0/0","0/0","0/0","0/0","0/0","0/0","0/0","0/0","0/0","0/0","0/0","0/0","0/0","0/0","0/1","0/1","0/0","0/0","0/0","0/0","0/0","0/0","0/0","0/0","0/0","0/0","0/0","0/0","0/0","0/0","0/0","0/0","0/0","0/0","0/0","0/0","0/0","0/0","0/0","0/0","0/0","0/0","0/0","0/0","0/0","0/0","0/0","0/0","0/0","0/0","0/0","0/0","0/1","0/1","0/0","0/0","0/0","0/0","0/0","0/1","0/0","0/0","0/0","0/0","0/0","0/0","0/0","0/0","0/0","0/0","0/0","0/0","0/0","0/0","0/0","0/0","0/0","0/0","0/0","0/0","0/0","0/0","0/0","0/0","0/0","0/0","0/0","0/0","0/0","0/0"
"chr11:47788663_CGGTGGT/C_FNBP4","1/1","1/1","1/1","0/1","0/1","0/1","0/0","0/0","0/0","0/0","0/0","0/0","1/1","0/1","0/0","0/0","0/0","0/0","0/1","0/0","0/1","0/1","0/1","0/0","0/0","0/0","0/0","0/1","1/1","0/0","0/0","0/0","0/1","0/1","0/1","1/1","0/0","0/1","0/0","0/1","1/1","0/1","1/1","0/0","0/0","0/1","0/0","1/1","0/0","0/1","0/0","0/1","0/0","0/0","0/0","1/1","0/0","0/1","0/1","0/1","0/0","0/1","0/0","0/0","0/1","0/0","0/0","0/0","0/0","0/0","0/0","1/1","1/1","1/1","1/1","0/1","0/1","0/1","0/1","0/1","0/1","0/1","0/0","0/1","0/0","0/1","0/1","0/0","1/1","1/1","0/1","0/0","0/0","1/1","1/1","0/1","0/0","0/1","0/1","0/1","0/1","0/0","0/1","0/1","0/1","1/1","1/1","0/1","0/1","0/0","0/1","0/0","0/0","0/1","1/1","0/1","0/1","0/1","0/1","0/1","0/1","0/1","0/1","0/1","1/1","1/1","0/0","0/0","0/1","0/1","0/1","0/1","0/1","1/1","0/1","0/1","1/1","1/1","0/1","0/1","0/1","0/1","0/1","0/1","0/1","0/1","0/0","0/0","0/0","0/0","0/0","0/0","0/0"
"chr11:48002529_CGCT/CGCTGCT_PTPRJ","0/0","0/0","0/0","0/0","0/0","0/0","0/0","0/0","0/0","0/0","0/0","0/0","0/0","0/0","0/0","0/0","0/0","0/0","0/0","0/0","0/0","0/0","0/0","0/0","0/0","0/0","0/0","0/0","0/0","0/0","0/0","0/0","0/0","0/0","0/1","0/0","0/0","0/0","0/0","0/0","0/0","0/0","0/0","0/0","0/0","0/0","0/0","0/0","0/0","0/0","0/0","0/0","0/0","0/0","0/0","0/0","0/0","0/2","0/0","0/0","0/0","0/0","0/0","0/0","0/0","0/0","0/2","0/0","0/0","0/0","0/2","0/0","0/0","0/0","0/0","0/0","0/0","0/0","0/0","0/0","0/0","0/0","0/0","0/0","0/0","0/0","0/0","0/0","0/0","0/0","0/0","0/0","0/0","0/0","0/0","0/0","0/0","0/0","0/0","0/0",".","0/0","0/0","0/0","0/0","0/0","0/0","0/0","0/0","0/0","0/0","0/0","0/0","0/0","0/0","0/0","0/0","0/0","0/0","0/2","0/0","0/0","0/0","0/0","0/0","0/0","0/0","0/0","0/0","0/0","0/0","0/0","0/0","0/0","0/0","0/0","0/0","0/0","0/0","0/0","0/0","0/0","0/0","0/0","0/0","0/0","0/0","0/0","0/0","0/0","0/0","0/0","0/0"
"chr11:48285981_CCTT/C_OR4X1","0/1","0/1","0/1","0/1","0/1","0/1","0/1","0/1","0/1","0/0","1/1","1/1","0/1","1/1","0/1","0/1","1/1","1/1","0/1","0/1","0/0","0/1","1/1","1/1","1/1","1/1","1/1","0/0","0/1","0/1","1/1","1/1","0/0","0/1","1/1","0/1","1/1","0/0","0/1","1/1","1/1","0/1","0/1","0/0","1/1","1/1","0/0","0/1","1/1","0/1","0/1","0/0","0/1","1/1","0/1","0/0","1/1","0/1","0/1","0/1","1/1","0/0","0/1","1/1","1/1","1/1","0/1","1/1","1/1","0/1","1/1","0/0","0/0","0/0","0/0","0/1","0/1","0/0","0/0","1/1","1/1","0/1","0/1","0/1","0/1","0/1","0/1","0/1","0/0","0/0","1/1","1/1","1/1","0/1","0/1","1/1","0/1","0/0","0/0","0/0","0/1","1/1","0/1","0/1","0/1","0/1","0/1","0/1","0/1","1/1","0/1","0/1","0/1","0/1","0/1","0/1","0/1","0/1","0/0","0/1","0/0","0/0","0/1","0/1","0/1","0/1","0/1","0/1","1/1","1/1","1/1","1/1","0/0","0/0","0/0","0/0","0/0","0/0","0/1","0/1","0/1","1/1","1/1","0/1","0/1","0/1","1/1","1/1","1/1","1/1","1/1","1/1","1/1"
"chr11:48346660_TTTGCTGATC/T_OR4C3","0/1","0/1","0/1","0/1","0/1","0/1","0/1","0/1","0/1","0/1","0/1","0/1","0/1","0/1","0/1","0/1","0/1","0/1","0/1","0/1","0/1","0/1","0/1","0/1","0/1","0/1","0/1","0/1","0/1","0/1","0/1","0/1","0/1","0/1","0/1","0/1","0/1","0/1","0/1","0/1","0/1","0/1","0/1","0/1","0/1","0/1","0/1","0/1","0/1","0/1","0/1","0/1","0/1","0/1","0/1","0/1","0/1","0/1","0/1","0/1","0/1","0/1","0/1","0/1","0/1","0/1","0/1","0/1","0/1","0/1","0/1","0/1","0/1","0/1","0/1","0/1","0/1","0/1","0/1","0/1","0/1","0/1","0/1","0/1","0/1","0/1","0/1","0/1","0/1","0/1","0/1","0/1","0/1","0/1","0/1","0/1","0/1","0/1","0/1","0/1","0/1","0/1","0/1","0/1","0/1","0/1","0/1","0/1","0/1","0/1","0/1","0/1","0/1","0/1","0/1","0/1","0/1","0/1","0/1","0/1","0/1","0/1","0/1","0/1","0/1","0/1","0/1","0/1","0/1","0/1","0/1","0/1","0/1","0/1","0/1","0/1","0/1","0/1","0/1","0/1","0/1","0/1","0/1","0/1","0/1","0/1","0/1","0/1","0/1","0/1","0/1","0/1","0/1"
"chr11:48367050_T/TAG_OR4C45","0/1","0/1","0/1","0/1","0/1","0/1","0/1","0/1","0/1","0/1","0/1","0/1","0/1","0/1","0/1","0/1","0/1","0/1","0/1","0/1","0/1","0/1","0/1","0/1","0/1","0/1","0/1","0/1","0/1","0/1","0/1","0/1","0/1","0/1","0/1","0/1","0/1","0/1","0/1","0/1","0/1","0/1","0/1","0/1","0/1","0/1","0/1","0/1","0/1","0/1","0/1","0/1","0/1","0/1","0/1","0/1","0/1","0/1","0/1","0/1","0/1","0/1","0/1","0/1","0/1","0/1","0/1","0/1","0/1","0/1","0/1","0/1","0/1","0/1","0/1","0/1","0/1","0/1","0/1","0/1","0/1","0/1","0/1","0/1","0/1","0/1","0/1","0/1","0/1","0/1","0/1","0/1","0/1","0/1","0/1","0/1","0/1","0/1","0/1","0/1","0/1","0/1","0/1","0/1","0/1","0/1","0/1","0/1","0/1","0/1","0/1","0/1","0/1","0/1","0/1","0/1","0/1","0/1","0/1","0/1","0/1","0/1","0/1","0/1","0/1","0/1","0/1","0/1","0/1","0/1","0/1","0/1","0/1","0/1","0/1","0/1","0/1","0/1","0/1","0/1","0/1","0/1","0/1","0/1","0/1","0/1","0/1","0/1","0/1","0/1","0/1","0/1","0/1"
"chr11:55111433_AT/A_OR4A16","0/0","0/0","0/0","0/0","0/0","0/0","0/0","0/0","0/0","0/0","0/0","0/0","0/0","0/0","0/0","0/0","0/0","0/0","0/0","0/0","0/0","0/0","0/0","0/0","0/0","0/0","0/0","0/0","0/0","0/0","0/0","0/0","0/0","0/0","0/0","0/0","0/0","0/0","0/0","0/0","0/0","0/0","0/0","0/0","0/0","0/0","0/0","0/0","0/0","0/0","0/0","0/0","0/0","0/0","0/0","0/0","0/0","0/0","0/0","0/0","0/0","0/0","0/0","0/0","0/0","0/0","0/0","0/0","0/0","0/0","0/0","0/0","0/0","0/0","0/0","0/0","0/0","0/0","0/0","0/0","0/0","0/0","0/0","0/0","0/0","0/0","0/0","0/0","0/0","0/0","0/0","0/0","0/0","0/0","0/0","0/0","0/0","0/0","0/0","0/0","0/0","0/0","0/0","0/0","0/0","0/0","0/0","0/0","0/0","0/0","0/0","0/0","0/0","0/0","0/0","0/0","0/0","0/0","0/0","0/0","0/0","0/0","0/0","0/0","0/0","0/0","0/1","0/1","0/0","0/0","0/0","0/0","0/0","0/0","0/0","0/0","0/0","0/0","0/0","0/0","0/0","0/0","0/0","0/0","0/0","0/0","0/0","0/0","0/0","0/0","0/0","0/0","0/0"
"chr11:55653609_TA/T_TRIM51","0/0","0/0","0/0","0/0","0/0","0/0","0/0","0/0","0/0","0/0","0/0","0/0","0/0","0/0","0/0","0/0","0/0","0/0","0/0","0/0","0/0","0/0","0/0","0/0","0/0","0/0","0/0","0/0","0/0","0/0","0/0","0/0","0/0","0/0","0/0","0/0","0/1","0/0","0/0","0/0","0/0","0/0","0/0","0/0","0/0","0/0","0/0","0/0","0/0","0/0","0/0","0/0","0/0","0/0","0/0","0/0","0/0","0/0","0/0","0/0","0/0","0/0","0/0","0/0","0/0","0/0","0/0","0/0","0/0","0/0","0/0","0/0","0/0","0/0","0/0","0/0","0/0","0/0","0/0","0/0","0/0","0/0","0/0","0/0","0/0","0/0","0/0","0/0","0/0","0/0","0/0","0/0","0/0","0/0","0/0","0/0","0/0","0/0","0/0","0/0","0/0","0/0","0/0","0/0","0/0","0/0","0/0","0/0","0/0","0/0","0/0","0/0","0/0","0/0","0/0","0/0","0/0","0/0","0/0","0/0","0/0","0/0","0/0","0/0","0/0","0/0","0/0","0/0","0/0","0/0","0/0","0/0","0/0","0/0","0/0","0/0","0/0","0/0","0/0","0/0","0/0","0/0","0/0","0/0","0/0","0/0","0/0","0/0","0/0","0/0","0/0","0/0","0/0"
"chr11:56128673_A/AT_OR8J1","0/0","0/0","0/0","0/1","0/0","0/0","0/0","0/0","0/0","0/1","0/0","0/0","0/0","0/0","0/0","0/0","0/0","0/0","0/0","0/0","1/1","0/1","0/0","0/0","0/0","0/0","0/0","0/0","0/0","0/0","0/0","0/0","0/0","0/0","0/0","0/0","0/0","0/1","0/0","0/0","0/0","0/0","0/0","0/1","0/0","0/0","0/0","0/0","0/0","0/0","0/0","0/0","0/0","0/0","0/0","0/0","0/0","0/0","0/0","0/0","0/0","0/0","0/0","0/0","0/0","0/0","0/1","0/0","0/0","0/1","0/0","0/1","0/1","0/0","0/0","0/0","0/0","0/1","0/1","0/0","0/0","0/0","0/0","0/0","0/0","0/1","0/1","0/0","0/0","0/0","0/0","0/0","0/0","0/1","0/1","0/0","0/0","0/0","0/1","0/1","0/0","0/0","0/0","0/1","0/1","0/0","0/0","0/0","0/0","0/0","0/1","1/1","1/1","0/0","0/1","0/0","0/0","0/0","0/0","0/0","0/0","0/0","0/0","0/0","0/1","0/1","0/0","0/0","0/0","0/0","0/0","0/1","0/0","0/0","0/0","0/0","0/0","0/0","0/0","0/0","0/0","0/1","0/1","0/0","0/0","0/0","0/0","0/0","0/0","0/0","0/0","0/0","0/0"
"chr11:56143255_T/TGA_OR8U1_OR8U8","0/1","0/1","0/1","0/1","0/1","0/1","0/1","0/1","0/1","0/1","0/1","0/1","0/1","0/1","0/1","0/1","0/1","0/1","0/1","0/1","0/1","0/1","0/1","0/1","0/1","0/1","0/1","0/1","0/1","0/1","0/1","0/1","0/1","0/1","0/1","0/1","0/1","0/1","0/1","0/1","0/1","0/1","0/1","0/1","0/1","0/0","0/1","0/1","0/1","0/1","0/1","0/1","0/1","0/1","0/1","0/1","0/1","0/1","0/1","0/1","0/1","0/1","0/1","0/0","0/0","0/1","0/1","0/1","0/1","0/1","0/1","0/1","0/1","0/1","0/1","0/1","0/1","0/1","0/1","0/1","0/1","0/1","0/1","0/1","0/1","0/1","0/1","0/1","0/1","0/1","0/1","0/1","0/1","0/1","0/1","0/1","0/1","0/1","0/1","0/1","0/1","0/1","0/1","0/1","0/1","0/1","0/1","0/1","0/1","0/1","0/1","0/1","0/1","0/1","0/1","0/1","0/1","0/1","0/1","0/1","0/1","0/1","0/1","0/1","0/1","0/1","0/1","0/1","0/1","0/1","0/1","0/1","0/1","0/1","0/1","0/1","0/1","0/1","0/1","0/1","0/1","0/1","0/1","0/1","0/1","0/1","0/1","0/1","0/1","0/1","0/1","0/1","0/1"
"chr11:56143259_AGT/A_OR8U1_OR8U8","0/1","0/1","0/1","0/1","0/1","0/0","0/1","0/1","0/1","0/1","0/1","0/1","0/1","0/1","0/1","0/1","0/1","0/1","0/1","0/1","0/1","0/1","0/1","0/1","0/1","0/1","0/1","0/1","0/1","0/1","0/1","0/1","0/1","0/1","0/1","0/1","0/1","0/1","0/1","0/1","0/1","0/1","0/1","0/1","0/1","0/0","0/1","0/1","0/1","0/1","0/1","0/1","0/1","0/1","0/1","0/1","0/1","0/1","0/1","0/1","0/1","0/1","0/1","0/0","0/0","0/1","0/1","0/1","0/1","0/1","0/1","0/1","0/1","0/1","0/1","0/1","0/1","0/1","0/1","0/1","0/1","0/1","0/1","0/1","0/1","0/1","0/1","0/1","0/1","0/1","0/1","0/1","0/1","0/1","0/1","0/1","0/1","0/1","0/1","0/1","0/1","0/1","0/1","0/1","0/1","0/1","0/1","0/1","0/1","0/1","0/1","0/1","0/1","0/1","0/1","0/1","0/1","0/1","0/1","0/1","0/1","0/1","0/1","0/1","0/1","0/1","0/1","0/1","0/1","0/1","0/1","0/1","0/1","0/1","0/1","0/1","0/1","0/1","0/1","0/1","0/1","0/1","0/1","0/1","0/1","0/1","0/1","0/1","0/1","0/1","0/1","0/1","0/1"
"chr11:56143424_A/ACGGC_OR8U1_OR8U8","0/1","0/1","0/1","0/1","0/1","0/1","0/1","0/1","0/1","0/1","0/1","0/1","0/1","0/1","0/1","0/1","0/1","0/1","0/1","0/1","1/2","1/2","0/1","0/1","0/1","0/1","0/1","0/1","0/1","0/1","0/1","0/1","0/1","0/1","0/1","0/1","0/1","1/2","0/1","0/1","0/1","0/1","0/1","1/2","0/1","0/0","0/1","0/1","0/1","0/1","0/1","0/1","0/1","0/1","0/1","0/1","0/1","0/1","0/1","0/1","0/1","0/1","0/1","0/0","0/0","0/1","0/2","0/1","0/1","0/2","0/1","0/2","0/1","0/1","0/1","0/1","0/1","0/1","0/1","0/1","0/1","0/1","0/1","0/1","0/1","1/2","1/2","0/1","0/1","0/1","0/1","0/1","0/1","0/2","0/2","0/1","0/1","0/1","0/2","1/2","0/1","0/1","0/1","1/2","0/1","0/1","0/1","0/1","0/1","0/1","0/1","1/2","1/2","0/1","0/2","0/1","0/1","0/1","0/1","0/1","0/1","0/1","0/1","0/1","0/2","0/2","0/1","0/1","0/1","0/1","0/1","0/2","0/1","0/1","0/1","0/1","0/1","0/1","0/1","0/1","0/1","0/2","0/2","0/1","0/1","0/1","0/1","0/1","0/1","0/1","0/1","0/1","0/1"
"chr11:56143425_TATCA/T_OR8U1_OR8U8","0/1","0/1","0/1","0/1","0/1","0/1","0/1","0/1","0/1","0/1","0/1","0/1","0/1","0/1","0/1","0/1","0/1","0/1","0/1","0/1","0/1","0/1","0/1","0/1","0/1","0/1","0/1","0/1","0/1","0/1","0/1","0/1","0/1","0/1","0/1","0/1","0/1","0/1","0/1","0/1","0/1","0/1","0/1","0/1","0/1","0/0","0/1","0/1","0/1","0/1","0/1","0/1","0/1","0/1","0/1","0/1","0/1","0/1","0/1","0/1","0/1","0/1","0/1","0/0","0/0","0/1","0/1","0/1","0/1","0/1","0/1","0/1","0/1","0/1","0/1","0/1","0/1","0/1","0/1","0/1","0/1","0/1","0/1","0/1","0/1","0/1","0/1","0/1","0/1","0/1","0/1","0/1","0/1","0/1","0/1","0/1","0/1","0/1","0/1","0/1","0/1","0/1","0/1","0/1","0/1","0/1","0/1","0/1","0/1","0/1","0/1","0/1","0/1","0/1","0/1","0/1","0/1","0/1","0/1","0/1","0/1","0/1","0/1","0/1","0/1","0/1","0/1","0/1","0/1","0/1","0/1","0/1","0/1","0/1","0/1","0/1","0/1","0/1","0/1","0/1","0/1","0/1","0/1","0/1","0/1","0/1","0/1","0/1","0/1","0/1","0/1","0/1","0/1"
"chr11:56345196_ATCT/A_OR5M10","0/0","0/0","0/0","0/0","0/0","0/0","0/0","0/0","0/0","0/0","0/0","0/0","0/0","0/0","0/0","0/0","0/1","0/0","0/0","0/0","0/0","0/0","0/0","0/0","0/0","0/0","0/0","0/0","0/0","0/0","0/0","0/0","0/0","0/0","0/0","0/0","0/0","0/0","0/0","0/0","0/0","0/0","0/0","0/0","0/0","0/0","0/0","0/0","0/0","0/0","0/0","0/0","0/0","0/0","0/0","0/0","0/0","0/0","0/0","0/0","0/0","0/0","0/0","0/0","0/0","0/0","0/0","0/0","0/0","0/0","0/0","0/0","0/0","0/0","0/0","0/0","0/0","0/0","0/0","0/0","0/0","0/0","0/0","0/0","0/0","0/0","0/0","0/0","0/0","0/0","0/0","0/0","0/0","0/0","0/0","0/0","0/0","0/0","0/0","0/0","0/0","0/0","0/0","0/0","0/0","0/0","0/0","0/0","0/0","0/0","0/0","0/0","0/0","0/0","0/0","0/0","0/0","0/0","0/0","0/0","0/0","0/0","0/0","0/0","0/0","0/0","0/0","0/0","0/0","0/0","0/0","0/0","0/0","0/0","0/0","0/0","0/0","0/0","0/0","0/0","0/0","0/0","0/0","0/0","0/0","0/0","0/0","0/0","0/0","0/0","0/0","0/0","0/0"
"chr11:56380546_CCAGA/C_OR5M1","0/0","0/0","0/0","0/0","0/1","0/1","0/0","0/0","0/0","0/0","0/1","0/1","0/0","0/0","0/0","0/0","0/1","0/0","0/0","0/0","0/0","0/0","0/0","0/0","0/1","0/0","0/0","0/1","0/0","0/0","0/1","0/0","0/1","0/1","0/0","0/0","0/0","0/0","0/0","0/0","0/0","0/0","0/0","0/0","0/0","0/0","0/0","0/0","0/0","1/1","0/0","0/0","0/1","0/0","0/1","0/1","0/0","0/0","0/0","0/0","0/1","1/1","0/0","0/0","0/0","0/1","0/0","0/0","0/0","0/0","0/1","0/0","0/0","0/1","0/1","0/0","0/0","0/0","0/0","0/1","0/1","0/0","0/0","0/0","0/0","0/0","0/0","0/1","0/0","0/0","0/1","0/0","0/0","0/1","0/1","0/1","0/1","0/0","0/1","0/1","0/0","0/0","0/0","0/0","0/0","0/0","0/0","0/0","0/0","0/0","0/0","0/0","0/0","0/0","0/0","0/1","0/1","0/0","0/0","0/0","0/0","0/0","0/1","0/0","0/0","0/0","0/0","0/0","0/0","0/0","0/0","0/0","0/0","0/1","0/0","0/0","0/1","0/1","0/0","0/0","0/0","0/0","0/0","0/0","0/0","0/0","0/0","0/0","0/0","0/0","0/0","0/0","0/0"
"chr11:57081327_AG/A_TNKS1BP1","0/0","0/0","0/0","0/0","0/0","0/0","0/0","0/0","0/0","0/0","0/0","0/0","0/0","0/0","0/0","0/0","0/0","0/0","0/0","0/0","0/0","0/0","0/0","0/0","0/0","0/0","0/0","0/0","0/0","0/0","0/0","0/0","0/0","0/0","0/0","0/0","0/1","0/0","0/0","0/0","0/0","0/0","0/0","0/0","0/0","0/0","0/0","0/0","0/0","0/0","0/0","0/0","0/0","0/0","0/0","0/0","0/0","0/0","0/0","0/0","0/0","0/0","0/0","0/0","0/0","0/0","0/0","0/0","0/0","0/0","0/0","0/0","0/0","0/0","0/0","0/0","0/0","0/0","0/0","0/0","0/0","0/0","0/0","0/0","0/0","0/0","0/0","0/0","0/0","0/0","0/0","0/0","0/0","0/0","0/0","0/0","0/0","0/0","0/0","0/0","0/0","0/0","0/0","0/0","0/0","0/0","0/0","0/0","0/0","0/0","0/0","0/0","0/0","0/0","0/0","0/0","0/0","0/0","0/0","0/0","0/0","0/0","0/0","0/0","0/0","0/0","0/0","0/0","0/0","0/0","0/0","0/0","0/0","0/0","0/0","0/0","0/0","0/0","0/0","0/0","0/0","0/0","0/0","0/0","0/0","0/0","0/0","0/0","0/0","0/0","0/0","0/0","0/0"
"chr11:57093934_GTTC/G_SSRP1","0/0","0/0","0/0","0/0","0/0","0/0","0/0","0/0","0/0","0/0","0/0","0/0","0/0","0/0","0/0","0/0","0/0","0/0","0/0","0/0","0/0","0/0","0/0","0/0","0/0","0/0","0/0","0/0","0/0","0/0","0/0","0/0","0/0","0/0","0/0","0/0","0/0","0/0","0/0","0/0","0/0","0/0","0/0","0/0","0/0","0/0","0/0","0/0","0/0","0/0","0/0","0/0","0/0","0/0","0/0","0/0","0/0","0/0","0/0","0/0","0/0","0/0","0/0","0/0","0/0","0/1","0/0","0/0","0/0","0/0","0/1","0/0","0/0","0/0","0/0","0/0","0/0","0/0","0/0","0/0","0/0","0/0","0/0","0/0","0/0","0/0","0/0","0/0","0/0","0/0","0/0","0/0","0/0","0/0","0/0","0/0","0/0","0/0","0/0","0/0","0/0","0/0","0/0","0/0","0/0","0/0","0/0","0/0","0/0","0/0","0/0","0/0","0/0","0/0","0/0","0/0","0/0","0/0","0/0","0/0","0/0","0/0","0/0","0/0","0/0","0/0","0/0","0/0","0/0","0/0","0/0","0/0","0/0","0/0","0/0","0/0","0/0","0/0","0/0","0/0","0/0","0/0","0/0","0/0","0/0","0/0","0/0","0/0","0/0","0/0","0/0","0/0","0/0"
"chr11:57512825_GTTTC/G_BTBD18","0/0","0/0","0/0","0/0","0/0","0/0","0/0","0/0","0/0","0/0","0/0","0/0","0/0","0/0","0/0","0/0","0/0","0/0","0/0","0/0","0/0","0/0","0/0","0/0","0/0","0/0","0/0","0/0","0/0","0/0","0/0","0/1","0/0","0/0","0/0","0/0","0/0","0/0","0/0","0/0","0/0","0/0","0/0","0/0","0/0","0/0","0/0","0/0","0/0","0/0","0/0","0/0","0/0","0/0","0/0","0/0","0/0","0/0","0/0","0/0","0/0","0/0","0/0","0/0","0/0","0/0","0/0","0/0","0/0","0/0","0/0","0/0","0/0","0/0","0/0","0/0","0/0","0/0","0/0","0/0","0/0","0/0","0/0","0/0","0/0","0/0","0/0","0/0","0/0","0/0","0/0","0/0","0/0","0/0","0/0","0/0","0/0","0/0","0/0","0/0","0/0","0/0","0/0","0/0","0/0","0/0","0/0","0/0","0/0","0/0","0/0","0/0","0/0","0/0","0/0","0/0","0/0","0/0","0/0","0/0","0/0","0/0","0/0","0/0","0/0","0/0","0/0","0/0","0/0","0/0","0/0","0/0","0/0","0/0","0/0","0/0","0/0","0/0","0/0","0/0","0/0","0/0","0/0","0/0","0/0","0/0","0/0","0/0","0/0","0/0","0/0","0/0","0/0"
"chr11:57573392_A/AT_CTNND1","0/0","0/0","0/0","0/0","0/1","0/0","0/0","0/0","0/0","0/0","0/0","0/0","0/0","0/0","0/0","0/0","0/0","0/0","0/0","0/0","0/0","0/0","0/0","0/0","0/0","0/0","0/0","0/0","0/0","0/0","0/0","0/0","0/0","0/0","0/0","0/0","0/0","0/0","0/0","0/0","0/0","0/0","0/0","0/0","0/0","0/0","0/0","0/0","0/0","0/0","0/0","0/0","0/0","0/0","0/0","0/0","0/0","0/0","0/0","0/0","0/0","0/0","0/0","0/0","0/0","0/0","0/0","0/0","0/0","0/0","0/0","0/0","0/0","0/0","0/0","0/0","0/0","0/0","0/0","0/0","0/0","0/0","0/0","0/0","0/0","0/0","0/0","0/0","0/0","0/0","0/0","0/0","0/0","0/0","0/0","0/0","0/0","0/0","0/0","0/0","0/0","0/0","0/0","0/0","0/0","0/0","0/0","0/0","0/0","0/0","0/0","0/0","0/0","0/0","0/0","0/0","0/0","0/0","0/0","0/0","0/0","0/0","0/0","0/0","0/0","0/0","0/0","0/0","0/0","0/0","0/0","0/0","0/0","0/0","0/0","0/0","0/0","0/0","0/0","0/0","0/0","0/0","0/0","0/0","0/0","0/0","0/0","0/0","0/0","0/0","0/0","0/0","0/0"
"chr11:57799108_AC/A_OR6Q1","0/0","0/0","0/0","0/0","0/0","0/0","0/0","0/0","0/0","0/0","0/0","0/0","0/0","0/0","0/0","0/1","0/0","0/0","0/0","0/0","0/0","0/0","0/0","0/0","0/0","0/0","0/0","0/0","0/1","0/0","0/0","0/0","0/0","0/0","0/0","0/0","0/0","0/0","0/0","0/0","0/0","0/0","0/0","0/0","0/0","0/0","0/0","0/0","0/0","0/0","0/0","0/0","0/0","0/0","0/0","0/0","0/0","0/0","0/0","0/0","0/0","0/0","0/0","0/0","0/0","0/0","0/0","0/0","0/0","0/0","0/0","0/0","0/0","0/0","0/0","0/0","0/0","0/0","0/0","0/0","0/0","0/0","0/0","0/0","0/0","0/0","0/0","0/1","0/0","0/0","0/0","0/0","0/0","0/0","0/0","0/0","0/1","0/0","0/0","0/0","0/0","0/0","0/0","0/0","0/0","0/0","0/0","0/0","0/0","0/0","0/0","0/0","0/0","0/0","0/0","0/0","0/0","0/0","0/0","0/0","0/0","0/0","0/0","0/0","0/0","0/0","0/0","0/0","0/0","0/0","0/0","0/0","0/0","0/0","0/0","0/0","0/0","0/0","0/1","0/1","0/1","0/0","0/0","0/0","0/0","0/0","0/0","0/0","0/0","0/0","0/0","0/0","0/0"
"chr11:57995878_AG/A_OR10Q1","0/0","0/0","0/0","0/0","0/0","0/0","0/0","0/0","0/0","0/0","0/0","0/0","0/0","0/0","0/0","0/0","0/1","0/0","0/0","0/0","0/0","0/0","0/0","0/0","0/0","0/0","0/0","0/0","0/0","0/0","0/0","0/0","0/0","0/0","0/0","0/0","0/0","0/0","0/0","0/0","0/0","0/0","0/0","0/0","0/0","0/0","0/0","0/0","0/0","0/0","0/0","0/0","0/1","0/0","0/0","0/0","0/0","0/0","0/0","0/0","0/0","0/0","0/0","0/0","0/0","0/0","0/0","0/0","0/0","0/0","0/0","0/0","0/0","0/0","0/0","0/0","0/0","0/0","0/0","0/0","0/0","0/0","0/0","0/0","0/0","0/0","0/0","0/0","0/0","0/0","0/0","0/0","0/0","0/0","0/0","0/0","0/0","0/0","0/0","0/0","0/0","0/0","0/0","1/1","1/1","0/0","0/0","0/0","0/0","0/0","0/0","0/0","0/0","0/0","0/0","0/0","0/0","0/0","0/0","0/0","0/0","0/0","0/0","0/0","0/0","0/0","0/0","0/0","0/0","0/0","0/0","0/0","0/0","0/0","0/0","0/0","0/0","0/0","0/0","0/0","0/0","0/0","0/0","0/0","0/0","0/0","0/0","0/0","0/0","1/1","1/1","1/1","1/1"
"chr11:58892376_CA/C_FAM111B","0/0","0/0","0/0","0/0","0/0","0/0","0/0","0/0","0/1","0/1","0/0","0/0","0/0","0/0","0/0","0/0","0/0","0/0","0/0","0/0","0/0","0/0","0/0","0/0","0/0","0/0","0/0","0/1","0/0","0/0","0/0","0/0","0/0","0/0","0/0","0/0","0/1","0/0","0/0","0/0","0/0","0/0","0/0","0/0","0/0","0/0","0/0","0/0","0/0","0/0","0/0","0/0","0/1","0/0","0/0","0/1","0/0","0/0","0/1","0/0","0/0","0/0","0/0","0/0","0/0","0/0","0/0","0/0","0/0","0/0","0/0","0/0","0/0","0/0","0/0","0/0","0/0","0/0","0/0","0/0","0/0","0/0","0/0","0/0","0/0","0/0","0/0","0/0","0/0","0/0","0/0","0/0","0/0","0/0","0/0","0/0","0/0","0/0","0/0","0/0","0/0","0/0","0/0","0/0","0/0","0/0","0/0","0/0","0/0","0/0","0/0","0/0","0/0","0/0","0/1","0/0","0/0","0/0","0/0","0/0","0/0","0/0","0/0","0/0","0/0","0/0","0/0","0/0","0/0","0/0","0/0","0/0","0/1","0/0","0/0","0/0","0/0","0/0","0/0","0/0","0/0","0/0","0/0","0/0","0/0","0/0","0/0","0/0","0/0","0/0","0/0","0/0","0/0"
"chr11:58919623_AAAGT/A_FAM111A","0/0","0/0","0/0","0/0","0/0","0/0","0/0","0/0","0/0","0/0","0/0","0/0","0/0","0/0","0/0","0/0","0/0","0/0","0/0","0/0","0/0","0/0","0/0","0/0","0/0","0/0","0/0","0/0","0/0","0/0","0/0","0/0","0/0","0/0","0/0","0/0","0/1","0/0","0/0","0/0","0/0","0/0","0/0","0/0","0/0","0/0","0/0","0/0","0/0","0/0","0/0","0/0","0/0","0/0","0/0","0/0","0/0","0/0","0/0","0/0","0/0","0/0","0/0","0/0","0/0","0/0","0/0","0/0","0/0","0/0","0/0","0/0","0/0","0/0","0/0","0/0","0/0","0/0","0/0","0/0","0/0","0/0","0/0","0/0","0/0","0/0","0/0","0/0","0/0","0/0","0/0","0/0","0/0","0/0","0/0","0/0","0/0","0/0","0/0","0/0","0/0","0/0","0/0","0/0","0/0","0/0","0/0","0/0","0/0","0/0","0/0","0/0","0/0","0/0","0/0","0/0","0/0","0/0","0/0","0/0","0/0","0/0","0/0","0/0","0/0","0/0","0/0","0/0","0/0","0/0","0/0","0/0","0/0","0/0","0/0","0/0","0/0","0/0","0/0","0/0","0/0","0/0","0/0","0/0","0/0","0/0","0/0","0/0","0/0","0/0","0/0","0/0","0/0"
"chr11:58920413_CT/C_FAM111A","0/0","0/0","0/0","0/0","0/0","0/0","0/0","0/0","0/0","0/0","0/0","0/0","0/0","0/0","0/0","0/0","0/0","0/0","0/0","0/0","0/0","0/0","0/0","0/0","0/0","0/0","0/0","0/0","0/0","0/0","0/0","0/1","0/0","0/0","0/0","0/0","0/0","0/0","0/0","0/0","0/0","0/0","0/0","0/0","0/0","0/0","0/0","0/0","0/0","0/0","0/0","0/0","0/0","0/0","0/0","0/0","0/0","0/0","0/0","0/0","0/0","0/0","0/0","0/0","0/0","0/0","0/0","0/0","0/0","0/0","0/0","0/0","0/0","0/0","0/0","0/0","0/0","0/0","0/0","0/0","0/0","0/0","0/0","0/0","0/0","0/0","0/0","0/0","0/0","0/0","0/0","0/0","0/0","0/0","0/0","0/0","0/0","0/0","0/0","0/0","0/0","0/0","0/0","0/0","0/0","0/0","0/0","0/0","0/0","0/0","0/0","0/0","0/0","0/0","0/0","0/0","0/0","0/0","0/0","0/0","0/0","0/0","0/0","0/0","0/0","0/0","0/0","0/0","0/0","0/0","0/0","0/0","0/0","0/0","0/0","0/0","0/0","0/0","0/0","0/0","0/0","0/0","0/0","0/0","0/0","0/0","0/0","0/0","0/0","0/0","0/0","0/0","0/0"
"chr11:58978432_A/AT_MPEG1","0/0","0/0","0/0","0/0","0/0","0/0","0/0","0/0","0/0","0/0","0/0","0/0","0/0","0/0","0/0","0/0","0/0","0/0","0/0","0/0","0/0","0/0","0/0","0/1","0/0","0/0","0/0","0/0","0/0","0/0","0/0","0/0","0/0","0/0","0/0","0/0","0/0","0/0","0/0","0/0","0/0","0/0","0/0","0/0","0/0","0/0","0/0","0/0","0/0","0/0","0/0","0/0","0/0","0/0","0/0","0/0","0/0","0/0","0/0","0/0","0/0","0/0","0/0","0/0","0/0","0/0","0/0","0/0","0/0","0/0","0/0","0/0","0/0","0/0","0/0","0/0","0/0","0/0","0/0","0/0","0/0","0/0","0/0","0/0","0/0","0/0","0/0","0/0","0/0","0/0","0/0","0/0","0/0","0/0","0/0","0/0","0/0","0/0","0/0","0/0","0/0","0/0","0/0","0/0","0/0","0/0","0/0","0/0","0/0","0/0","0/0","0/0","0/0","0/0","0/0","0/0","0/0","0/0","0/0","0/0","0/0","0/0","0/0","0/0","0/0","0/0","0/0","0/0","0/0","0/0","0/0","0/0","0/0","0/0","0/0","0/0","0/0","0/0","0/0","0/0","0/0","0/0","0/0","0/0","0/0","0/0","0/0","0/0","0/0","0/0","0/0","0/0","0/0"
"chr11:59132266_AGTCTT/A_OR5AN1","0/0","0/0","0/0","0/0","0/0","0/0","0/0","0/0","0/0","0/0","0/0","0/0","0/0","0/0","0/0","0/0","0/0","0/0","0/0","0/1","0/0","0/0","0/0","0/0","0/0","0/0","0/0","0/0","0/0","0/0","0/0","0/0","0/0","0/0","0/0","0/0","0/0","0/0","0/0","0/0","0/0","0/0","0/0","0/0","0/0","0/0","0/0","0/0","0/0","0/0","0/0","0/0","0/0","0/0","0/0","0/0","0/0","0/0","0/0","0/0","0/0","0/0","0/0","0/0","0/0","0/0","0/0","0/0","0/0","0/0","0/0","0/0","0/0","0/0","0/0","0/0","0/0","0/0","0/0","0/0","0/0","0/0","0/0","0/0","0/0","0/0","0/0","0/0","0/0","0/0","0/0","0/0","0/0","0/0","0/0","0/0","0/0","0/0","0/0","0/0","0/0","0/0","0/0","0/0","0/0","0/0","0/0","0/0","0/0","0/0","0/0","0/0","0/0","0/0","0/0","0/0","0/0","0/0","0/0","0/0","0/0","0/0","0/0","0/0","0/0","0/0","0/0","0/0","0/0","0/0","0/0","0/0","0/0","0/0","0/0","0/0","0/0","0/0","0/0","0/0","0/0","0/0","0/0","0/0","0/0","0/0","0/0","0/0","0/0","0/0","0/0","0/0","0/0"
"chr11:59225223_AC/A_OR4D6","0/0","0/0","0/0","0/0","0/0","0/0","0/0","0/0","0/0","0/0","0/0","0/0","0/0","0/0","0/0","0/0","0/0","0/0","0/0","0/0","0/0","0/0","0/0","0/0","0/0","0/0","0/0","0/0","0/0","0/0","0/0","0/0","0/0","0/0","0/0","0/0","0/0","0/0","0/0","0/0","0/0","0/0","0/0","0/0","0/0","0/0","0/0","0/0","0/0","0/0","0/0","0/0","0/0","0/0","0/0","0/0","0/0","0/0","0/0","0/0","0/0","0/0","0/0","0/0","0/0","0/0","0/0","0/0","0/0","0/0","0/0","0/0","0/0","0/0","0/0","0/1","0/1","0/0","0/0","0/0","0/0","0/0","0/0","0/0","0/0","0/0","0/0","0/0","0/0","0/0","0/0","0/0","0/0","0/0","0/0","0/0","0/0","0/0","0/0","0/0","0/0","0/0","0/0","0/0","0/0","0/0","0/0","0/0","0/0","0/0","0/0","0/0","0/0","0/0","0/0","0/0","0/0","0/0","0/0","0/0","0/0","0/0","0/0","0/0","0/0","0/0","0/0","0/0","0/0","0/0","0/0","0/0","0/0","0/0","0/0","0/0","0/0","0/0","0/0","0/0","0/0","0/0","0/0","0/0","0/0","0/0","0/0","0/0","0/0","0/0","0/0","0/0","0/0"
"chr11:60165352_ATT/A_MS4A14","1/1","1/1","1/1","1/1","0/1","0/1","1/1","1/1","1/1","0/1","0/1","1/1","0/0","1/1","0/0","0/1","1/1","0/1","1/1","0/0","0/1","1/1","1/1","0/1","0/1","0/1","1/1","0/0","1/1","1/1","1/1","1/1","0/1","1/1","0/1","0/1","0/0","0/0","0/1","1/1","0/1","1/1","1/1","0/1","0/0","0/1","0/1","0/1","1/1","0/1","0/0","0/1","1/1","1/1","0/1","0/1","1/1","0/1","0/1","1/1","1/1","0/1","1/1","1/1","1/1","0/1","0/1","1/1","1/1","0/1","0/1","0/1","0/1","0/0","0/0","1/1","1/1","1/1","1/1","0/1","0/1","0/1","0/0","0/1","0/1","0/1","0/1","0/1","1/1","1/1","0/1","0/0","0/0","1/1","1/1","0/1","0/1","0/1","1/1","1/1","1/1","1/1","1/1","0/0","0/0","1/1","1/1","1/1","1/1","1/1","1/1","1/1","1/1","0/0","1/1","1/1","1/1","1/1","0/1","1/1","0/1","0/1","1/1","1/1","1/1","1/1","0/0","0/0","0/1","0/1","0/1","0/0","1/1","0/0","1/1","1/1","0/0","0/0","1/1","0/1","1/1","0/0","0/0","0/1","0/1","0/1","0/1","0/1","0/1","1/1","1/1","1/1","1/1"
"chr11:60620166_TGCG/T_PTGDR2","0/0","0/0","0/0","0/0","0/0","0/0","0/0","0/0","0/0","0/0","0/0","0/0","0/0","0/0","0/0","0/0","0/0","0/0","0/0","0/0","0/0","0/0","0/0","0/0","0/0","0/0","0/0","0/0","0/0","0/0","0/1","0/0","0/0","0/0","0/0","0/0","0/0","0/0","0/0","0/0","0/0","0/0","0/0","0/0","0/0","0/0","0/0","0/0","0/0","0/0","0/0","0/0","0/0","0/0","0/0","0/0","0/0","0/0","0/0","0/0","0/0","0/0","0/0","0/0","0/0","0/0","0/0","0/0","0/0","0/0","0/0","0/0","0/0","0/0","0/0","0/0","0/0","0/0","0/0","0/0","0/0","0/0","0/0","0/0","0/0","0/0","0/0","0/0","0/0","0/1","0/0","0/0","0/0","0/0","0/0","0/0","0/0","0/0","0/0","0/0","0/0","0/0","0/0","0/0","0/0","0/0","0/0","0/0","0/0","0/0","0/0","0/0","0/0","0/0","0/0","0/0","0/0","0/0","0/0","0/0","0/0","0/0","0/0","0/0","0/0","0/0","0/0","0/0","0/0","0/0","0/0","0/0","0/0","0/0","0/0","0/0","0/0","0/0","0/0","0/0","0/0","0/0","0/0","0/0","0/0","0/0","0/0","0/0","0/0","0/0","0/0","0/0","0/0"
"chr11:61026769_AGAG/A_VWCE","0/0","0/0","0/0","0/0","0/0","0/0","0/0","0/0","0/0","0/0","0/0","0/0","0/0","0/0","0/0","0/0","0/0","0/0","0/0","0/0","0/1","0/0","0/0","0/0","0/0","0/0","0/0","0/0","0/0","0/0","0/0","0/0","0/0","0/0","0/0","0/0","0/0","0/0","0/0","0/0","0/0","0/0","0/0","0/0","0/0","0/0","0/0","0/0","0/0","0/0","0/0","0/0","0/0","0/0","0/0","0/0","0/0","0/0","0/0","0/0","0/0","0/0","0/0","0/0","0/0","0/0","0/0","0/0","0/0","0/0","0/0","0/0","0/0","0/0","0/0","0/0","0/0","0/0","0/0","0/0","0/0","0/0","0/0","0/0","0/0","0/0","0/0","0/0","0/0","0/0","0/0","0/0","0/0","0/0","0/0","0/0","0/0","0/0","0/0","0/0","0/0","0/0","0/0","0/0","0/0","0/0","0/0","0/0","0/0","0/0","0/0","0/0","0/0","0/0","0/0","0/0","0/0","0/0","0/0","0/0","0/0","0/0","0/0","0/0","0/0","0/0","0/0","0/0","0/0","0/0","0/0","0/0","0/0","0/0","0/0","0/0","0/0","0/0","0/0","0/0","0/0","0/0","0/0","0/0","0/0","0/0","0/0","0/0","0/0","0/0","0/0","0/0","0/0"
"chr11:61537791_G/GC_MYRF","0/0","0/0","0/0","0/0","0/0","0/0","0/0","0/0","0/0","0/0","0/0","0/0","0/0","0/0","0/0","0/0","0/0","0/0","0/0","0/0","0/0","0/0","0/0","0/0","0/0","0/0","0/0","0/0","0/0","0/0","0/0","0/0","0/0","0/0","0/0","0/0","0/0","0/0","0/0","0/0","0/0","0/0","0/0","0/0","0/0","0/0","0/0","0/0","0/0","0/0","0/0","0/0","0/0","0/0","0/0","0/0","0/0","0/0","0/0","0/0","0/0","0/0","0/0","0/0","0/0","0/0","0/0","0/0","0/0","0/0","0/0","0/0","0/0","0/0","0/0","0/0","0/0","0/0","0/0","0/0","0/0","0/0","0/0","0/0","0/0","0/0","0/0","0/0","0/0","0/0","0/0","0/0","0/0","0/0","0/0","0/0","0/0","0/0","0/0","0/0","0/0","0/0","0/0","0/0","0/0","0/0","0/0","0/0","0/0","0/0","0/0","0/0","0/0","0/0","0/0","0/0","0/0","0/0","0/0","0/0","0/0","0/0","0/0","0/0","0/0","0/0","0/0","0/0","0/0","0/0","0/0","0/0","0/0","0/0","0/0","0/0","0/1","0/0","0/0","0/0","0/0","0/0","0/0","0/0","0/0","0/0","0/0","0/0","0/0","0/0","0/0","0/0","0/0"
"chr11:62303555_T/TCTC_AHNAK","0/0","0/0","0/0","0/0","0/0","0/0","0/0","0/0","0/0","0/0","0/0","0/0","0/0","0/0","0/0","0/0","0/0","0/0","0/0","0/0","0/0","0/0","0/0","0/0","0/0","0/1","0/0","0/0","0/0","0/0","0/0","0/0","0/0","0/0","0/0","0/0","0/0","0/0","0/0","0/0","0/0","0/0","0/0","0/0","0/0","0/0","0/0","0/0","0/0","0/1","0/0","0/0","0/0","0/0","0/0","0/0","0/0","0/0","0/1","0/0","0/0","0/0","0/0","0/0","0/0","0/0","0/0","0/0","0/0","0/0","0/0","0/0","0/0","0/0","0/0","0/0","0/0","0/0","0/0","0/0","0/0","0/0","0/0","0/0","0/0","0/0","0/0","0/0","0/0","0/0","0/0","0/0","0/0","0/0","0/0","0/0","0/0","0/0","0/0","0/0","0/0","0/0","0/0","0/0","0/0","0/0","0/0","0/0","0/0","0/0","0/0","0/0","0/0","0/0","0/0","0/0","0/0","0/0","0/0","0/0","0/0","0/0","0/0","0/0","0/0","0/0","0/0","0/0","0/0","0/0","0/0","0/0","0/0","0/0","0/0","0/0","0/0","0/0","0/0","0/0","0/0","0/0","0/0","0/0","0/0","0/0","0/0","0/0","0/0","0/0","0/0","0/0","0/0"
"chr11:62358977_CAAAA/C_TUT1","0/0","0/0","0/0","0/0","0/0","0/0","0/0","0/0","0/0","0/0","0/0","0/0","0/0","0/0","0/1","0/0","0/0","0/0","0/0","0/0","0/0","0/0","0/0","0/0","0/0","0/0","0/0","0/0","0/0","0/0","0/0","0/0","0/0","0/0","0/0","0/0","0/0","0/0","0/0","0/0","0/0","0/0","0/0","0/0","0/0","0/0","0/0","0/0","0/0","0/0","0/0","0/0","0/0","0/0","0/0","0/0","0/0","0/0","0/0","0/0","0/0","0/0","0/0","0/0","0/0","0/0","0/0","0/0","0/0","0/0","0/0","0/0","0/0","0/0","0/0","0/0","0/0","0/0","0/0","0/0","0/0","0/0","0/0","0/0","0/0","0/0","0/0","0/0","0/0","0/0","0/0","0/0","0/0","0/0","0/0","0/0","0/0","0/0","0/0","0/0","0/0","0/0","0/0","0/0","0/0","0/0","0/0","0/0","0/0","0/0","0/0","0/0","0/0","0/0","0/0","0/0","0/0","0/0","0/0","0/0","0/0","0/0","0/0","0/0","0/0","0/0","0/0","0/0","0/0","0/0","0/0","0/0","0/0","0/0","0/0","0/0","0/0","0/0","0/0","0/0","0/0","0/0","0/0","0/0","0/0","0/0","0/0","0/0","0/0","0/0","0/0","0/0","0/0"
"chr11:62358981_A/ATTTTTGTCGGT_TUT1","0/0","0/0","0/0","0/0","0/0","0/0","0/0","0/0","0/0","0/0","0/0","0/0","0/0","0/0","0/1","0/0","0/0","0/0","0/0","0/0","0/0","0/0","0/0","0/0","0/0","0/0","0/0","0/0","0/0","0/0","0/0","0/0","0/0","0/0","0/0","0/0","0/0","0/0","0/0","0/0","0/0","0/0","0/0","0/0","0/0","0/0","0/0","0/0","0/0","0/0","0/0","0/0","0/0","0/0","0/0","0/0","0/0","0/0","0/0","0/0","0/0","0/0","0/0","0/0","0/0","0/0","0/0","0/0","0/0","0/0","0/0","0/0","0/0","0/0","0/0","0/0","0/0","0/0","0/0","0/0","0/0","0/0","0/0","0/0","0/0","0/0","0/0","0/0","0/0","0/0","0/0","0/0","0/0","0/0","0/0","0/0","0/0","0/0","0/0","0/0","0/0","0/0","0/0","0/0","0/0","0/0","0/0","0/0","0/0","0/0","0/0","0/0","0/0","0/0","0/0","0/0","0/0","0/0","0/0","0/0","0/0","0/0","0/0","0/0","0/0","0/0","0/0","0/0","0/0","0/0","0/0","0/0","0/0","0/0","0/0","0/0","0/0","0/0","0/0","0/0","0/0","0/0","0/0","0/0","0/0","0/0","0/0","0/0","0/0","0/0","0/0","0/0","0/0"
"chr11:62381083_T/TG_ROM1","0/0","0/0","0/0","0/0","0/0","0/0","0/0","0/0","0/0","0/0","0/0","0/0","0/0","0/0","0/0","0/0","0/0","0/0","0/0","0/0","0/1","0/0","0/0","0/0","0/0","0/0","0/0","0/0","0/0","0/0","0/0","0/2","0/0","0/0","0/0","0/0","0/1","0/0","0/0","0/0","0/0","0/0","0/0","0/0","0/0","0/0","0/0","0/0","0/0","0/0","0/0","0/0","0/0","0/0","0/0","0/0","0/0","0/0","0/0","0/0","0/0","0/1","0/0","0/0","0/0","0/0","0/0","0/0","0/0","0/0","0/0","0/0","0/0","0/0","0/0","0/0","0/0","0/0","0/0","0/1","0/1","0/0","0/0","0/0","0/0","0/0","0/0","0/0","0/0","0/0","0/0","0/0","0/0","0/0","0/0","0/0","0/0","0/0","0/0","0/0","0/0","0/0","0/0","0/0","0/0","0/0","0/0","0/0","0/0","0/0","0/0","0/0","0/0","0/0","0/0","0/0","0/0","0/0","0/0","0/0","0/0","0/0","0/0","0/0","0/0","0/0","0/0","0/0","0/0","0/0","0/0","0/0","0/0","0/0","0/0","0/0","0/0","0/0","0/0","0/0","0/0","0/0","0/0","0/0","0/0","0/0","0/0","0/0","0/0","0/0","0/0","0/0","0/0"
"chr11:62381089_GGGGCTCCTGGTCGTCGGCCTC/G_ROM1","0/0","0/0","0/0","0/0","0/0","0/0","0/0","0/0","0/0","0/0","0/0","0/0","0/1","0/0","0/0","0/0","0/0","0/0","0/0","0/0","0/0","0/0","0/0","0/0","0/0","0/0","0/0","0/0","0/0","0/0","0/0","0/0","0/0","0/0","0/0","0/0","0/0","0/0","0/0","0/0","0/0","0/0","0/0","0/0","0/0","0/0","0/0","0/0","0/0","0/0","0/0","0/0","0/0","0/0","0/0","0/0","0/0","0/0","0/0","0/0","0/0","0/0","0/0","0/0","0/0","0/0","0/0","0/0","0/0","0/0","0/0","0/0","0/0","0/0","0/0","0/0","0/0","0/0","0/0","0/0","0/0","0/0","0/0","0/0","0/0","0/0","0/0","0/0","0/0","0/0","0/0","0/0","0/0","0/0","0/0","0/0","0/0","0/0","0/0","0/0","0/0","0/0","0/0","0/0","0/0","0/0","0/0","0/0","0/0","0/0","0/0","0/0","0/0","0/0","0/0","0/0","0/0","0/0","0/0","0/0","0/0","0/0","0/0","0/0","0/0","0/0","0/0","0/0","0/0","0/0","0/0","0/0","0/0","0/0","0/0","0/0","0/0","0/0","0/0","0/0","0/0","0/0","0/0","0/0","0/0","0/0","0/0","0/0","0/0","0/0","0/0","0/0","0/0"
"chr11:62458782_G/GC_BSCL2","0/0","0/0","0/0","0/0","0/0","0/0","0/0","0/0","0/0","0/0","0/0","0/0","0/0","0/0","0/0","0/0","0/0","0/0","0/0","0/0","0/0","0/0","0/0","0/0","0/0","0/0","0/0","0/0","0/0","0/0","0/0","0/0","0/0","0/0","0/0","0/0","0/1","0/0","0/0","0/0","0/0","0/0","0/0","0/0","0/0","0/0","0/0","0/0","0/0","0/0","0/0","0/0","0/0","0/0","0/0","0/0","0/0","0/0","0/0","0/0","0/0","0/0","0/0","0/0","0/0","0/0","0/0","0/0","0/0","0/0","0/0","0/0","0/0","0/0","0/0","0/0","0/0","0/0","0/0","0/0","0/0","0/0","0/0","0/0","0/0","0/0","0/0","0/0","0/0","0/0","0/0","0/0","0/0","0/0","0/0","0/0","0/0","0/0","0/0","0/0","0/0","0/0","0/0","0/0","0/0","0/0","0/0","0/0","0/0","0/0","0/0","0/0","0/0","0/0","0/0","0/0","0/0","0/0","0/0","0/0","0/0","0/0","0/0","0/0","0/0","0/0","0/0","0/0","0/0","0/0","0/0","0/0","0/0","0/0","0/0","0/0","0/0","0/0","0/0","0/0","0/0","0/0","0/0","0/0","0/0","0/0","0/0","0/0","0/0","0/0","0/0","0/0","0/0"
"chr11:63149670_CA/C_SLC22A9","0/0","0/0","0/0","0/0","0/0","0/0","0/0","0/0","0/0","0/2","0/0","0/0","0/2","0/0","0/0","0/0","0/0","0/2","0/0","0/2","0/0","0/0","0/1","0/0","0/0","0/0","0/0","0/0","0/0","0/0","0/0","0/0","0/2","0/0","0/0","0/0","0/1","0/0","0/0","0/0","0/2","0/0","0/0","0/0","0/0","0/0","0/0","0/0","0/0","0/0","0/0","0/0","0/0","0/0","0/0","0/0","0/0","0/0","0/0","0/0","0/0","0/0","0/0","0/0","0/0","0/0","0/0","0/0","0/0","0/2","0/0","0/0","0/0","0/0","0/0","0/0","0/0","0/0","0/0","0/0","0/0","0/0","0/0","0/0","0/0","0/0","0/0","0/0","0/0","0/0","0/0","0/0","0/0","0/0","0/0","0/0","0/0","0/2","0/0","0/0","0/2","0/0","0/0","0/0","0/0","0/1","0/0","0/0","0/0","0/0","0/0","0/0","0/2","0/0","0/0","0/0","0/0","0/0","0/0","0/0","0/2","0/1","0/0","0/0","0/0","0/0","0/0","0/0","0/0","0/0","0/0","0/0","0/0","0/0","0/0","0/0","0/0","0/2","0/0","0/0","0/0","0/0","0/0","0/0","0/0","0/1","0/1","0/0","0/0","0/0","0/0","0/0","0/0"
"chr11:64410169_A/AGCGGCAGCAGAGGTGGCGGCG_NRXN2","0/0","0/0","0/0","0/0","0/0","0/0","0/0","0/0","0/0","0/0","0/0","0/0","0/0","0/0","0/0","0/0","0/1","0/0","0/0","0/0","0/0","0/0","0/0","0/0","0/0","0/0","0/0","0/0","0/0","0/0","0/0","0/0","0/0","0/0","0/0","0/0","0/0","0/0","0/0","0/0","0/0","0/0","0/0","0/0","0/0","0/0","0/0","0/0","0/0","0/0","0/0","0/0","0/0","0/0","0/0","0/0","0/0","0/0","0/0","0/0","0/0","0/0","0/0","0/0","0/0","0/0","0/0","0/0","0/0","0/0","0/0","0/0","0/0","0/0","0/0","0/0","0/0","0/0","0/0","0/0","0/0","0/0","0/0","0/0","0/0","0/0","0/0","0/0","0/0","0/0","0/0","0/0","0/0","0/0","0/0","0/0","0/0","0/0","0/0","0/0","0/0","0/0","0/0","0/0","0/0","0/0","0/0","0/0","0/0","0/0","0/0","0/0","0/0","0/0","0/0","0/0","0/0","0/0","0/0","0/0","0/0","0/0","0/0","0/0","0/0","0/0","0/0","0/0","0/0","0/0","0/0","0/0","0/0","0/0","0/0","0/0","0/0","0/0","0/0","0/0","0/0","0/0","0/0","0/0","0/0","0/0","0/0","0/0","0/0","0/0","0/0","0/0","0/0"
"chr11:64678677_AC/A_ATG2A","0/0","0/0","0/0","0/0","0/0","0/0","0/0","0/0","0/0","0/0","0/0","0/0","0/0","0/0","0/0","0/0","0/0","0/0","0/0","0/0","0/0","0/0","0/0","0/0","0/0","0/0","0/0","0/0","0/0","0/0","0/0","0/0","0/0","0/0","0/0","0/0","0/1","0/0","0/0","0/0","0/0","0/0","0/0","0/0","0/0","0/0","0/0","0/0","0/0","0/0","0/0","0/0","0/0","0/0","0/0","0/0","0/0","0/0","0/0","0/0","0/0","0/0","0/0","0/0","0/0","0/0","0/0","0/0","0/0","0/0","0/0","0/0","0/0","0/0","0/0","0/0","0/0","0/0","0/0","0/0","0/0","0/0","0/0","0/0","0/0","0/0","0/0","0/0","0/0","0/0","0/0","0/0","0/0","0/0","0/0","0/0","0/0","0/0","0/0","0/0","0/0","0/0","0/0","0/0","0/0","0/0","0/0","0/0","0/0","0/0","0/0","0/0","0/0","0/0","0/0","0/0","0/0","0/0","0/0","0/0","0/0","0/0","0/0","0/0","0/0","0/0","0/0","0/0","0/0","0/0","0/0","0/0","0/0","0/0","0/0","0/0","0/0","0/0","0/0","0/0","0/0","0/0","0/0","0/0","0/0","0/0","0/0","0/0","0/0","0/0","0/0","0/0","0/0"
"chr11:65303557_TCCTG/T_SCYL1","0/0","0/0","0/0","0/0","0/0","0/0","0/0","0/0","0/0","0/0","0/0","0/0","0/0","0/0","0/0","0/0","0/0","0/0","0/0","0/0","0/0","0/0","0/0","0/0","0/0","0/0","0/0","0/0","0/0","0/0","0/0","0/1","0/0","0/0","0/0","0/0","0/0","0/0","0/0","0/0","0/0","0/0","0/0","0/0","0/0","0/0","0/0","0/0","0/0","0/0","0/0","0/0","0/0","0/0","0/0","0/0","0/0","0/0","0/0","0/0","0/0","0/0","0/0","0/0","0/0","0/0","0/0","0/0","0/0","0/0","0/0","0/0","0/0","0/0","0/0","0/0","0/0","0/0","0/0","0/0","0/0","0/0","0/0","0/0","0/0","0/0","0/0","0/0","0/0","0/0","0/0","0/0","0/0","0/0","0/0","0/0","0/0","0/0","0/0","0/0","0/0","0/0","0/0","0/0","0/0","0/0","0/0","0/0","0/0","0/0","0/0","0/0","0/0","0/0","0/0","0/0","0/0","0/0","0/0","0/0","0/0","0/0","0/0","0/0","0/0","0/0","0/0","0/0","0/0","0/0","0/0","0/0","0/0","0/0","0/0","0/0","0/0","0/0","0/0","0/0","0/0","0/0","0/0","0/0","0/0","0/0","0/0","0/0","0/0","0/0","0/0","0/0","0/0"
"chr11:65321357_CG/C_LTBP3","0/0","0/0","0/0","0/0","0/0","0/0","0/0","0/0","0/0","0/0","0/0","0/0","0/0","0/0","0/0","0/0","0/0","0/0","0/0","0/0","0/0","0/0","0/0","0/0","0/0","0/0","0/0","0/0","0/0","0/0","0/0","0/0","0/0","0/0","0/0","0/0","0/1","0/0","0/0","0/0","0/0","0/0","0/0","0/0","0/0","0/0","0/0","0/0","0/0","0/0","0/0","0/0","0/0","0/0","0/0","0/0","0/0","0/0","0/0","0/0","0/0","0/0","0/0","0/0","0/0","0/0","0/0","0/0","0/0","0/0","0/0","0/0","0/0","0/0","0/0","0/0","0/0","0/0","0/0","0/0","0/0","0/0","0/0","0/0","0/0","0/0","0/0","0/0","0/0","0/0","0/0","0/0","0/0","0/0","0/0","0/0","0/0","0/0","0/0","0/0","0/0","0/0","0/0","0/0","0/0","0/0","0/0","0/0","0/0","0/0","0/0","0/0","0/0","0/0","0/0","0/0","0/0","0/0","0/0","0/0","0/0","0/0","0/0","0/0","0/0","0/0","0/0","0/0","0/0","0/0","0/0","0/0","0/0","0/0","0/0","0/0","0/0","0/0","0/0","0/0","0/0","0/0","0/0","0/0","0/0","0/0","0/0","0/0","0/0","0/0","0/0","0/0","0/0"
"chr11:65325325_CCAG/CCAGCAGCAG_LTBP3","0/0","0/0","0/0","0/0","0/0","0/0","0/0","0/0","0/0","0/0","0/0","0/0","0/0","0/0","0/0","0/0","0/0","0/0","0/1","0/0","0/0","0/0","0/0","0/2","0/0","0/0","0/0","0/0","0/0","0/0","0/0","0/3","0/0","0/0","0/0","0/0","0/0","0/0","0/0","0/0","0/0","0/0","0/0","0/0","0/0","0/0","0/1","0/0","0/0","0/0","0/0","0/0","0/0","0/0","0/0","0/1","0/0","0/0","0/0","0/0","0/2","0/0","0/0","0/0","0/0","0/0","0/0","0/1","0/1","0/0","0/3","0/0","0/0","0/0","0/0","0/0","0/0","0/0","0/0","0/0","0/0","0/0","0/0","0/0","0/0","0/0","0/0","0/0","0/0","0/0","0/0","0/0","0/0","0/0","0/0","0/0","0/0","0/0","0/0","0/0","0/0","0/0","0/0","0/0","0/0","0/3","0/0","0/0","0/0","0/0","0/0","0/0","0/0","0/0","0/0","0/0","0/0","0/1","0/0","0/1","0/0","0/0","0/0","0/1","0/0","0/0","0/0","0/0","0/0","0/0","0/0","0/0","0/0","0/0","0/0","0/0","0/0","0/0","0/0","0/0","0/0","0/0","0/0","0/0","0/0","0/0","0/0","0/0","0/0","0/0","0/0","0/0","0/0"
"chr11:65325349_G/GCGC_LTBP3","0/0","0/0","0/0","0/0","0/0","0/0","0/0","0/0","0/0","0/0","0/0","0/0","0/0","0/0","0/0","0/0","0/0","0/0","0/0","0/0","0/0","0/0","0/0","0/0","0/0","0/0","0/0","0/0","0/0","0/0","0/0","0/0","0/0","0/0","0/0","0/0","0/0","0/0","0/0","0/0","0/0","0/0","0/0","0/0","0/0","0/0","0/0","0/0","0/0","0/0","0/0","0/0","0/0","0/0","0/0","0/0","0/0","0/1","0/0","0/0","0/0","0/0","0/0","0/0","0/0","0/0","0/0","0/0","0/0","0/0","0/0","0/0","0/0","0/0","0/0","0/0","0/0","0/0","0/0","0/0","0/0","0/0","0/0","0/0","0/0","0/0","0/0","0/0","0/0","0/0","0/0","0/0","0/0","0/0","0/0","0/0","0/0","0/0","0/0","0/0","0/0","0/0","0/0","0/0","0/0","0/0","0/0","0/0","0/0","0/0","0/0","0/0","0/0","0/0","0/0","0/0","0/0","0/0","0/0","0/0","0/0","0/0","0/0","0/0","0/0","0/0","0/0","0/0","0/0","0/0","0/0","0/0","0/0","0/0","0/0","0/0","0/0","0/0","0/0","0/0","0/0","0/0","0/0","0/0","0/0","0/0","0/0","0/0","0/0","0/0","0/0","0/0","0/0"
"chr11:65367201_TGGGCTCCTC/T_MAP3K11","0/0","0/0","0/0","0/0","0/0","0/0","0/0","0/0","0/0","0/0","0/0","0/0","0/0","0/0","0/0","0/0","0/0","0/0","0/0","0/0","0/0","0/0","0/0","0/0","0/0","0/0","0/0","0/0","0/0","0/0","0/0","0/0","0/0","0/0","0/0","0/0","0/0","0/0","0/0","0/0","0/0","0/0","0/0","0/0","0/0","0/0","0/0","0/0","0/0","0/0","0/0","0/0","0/0","0/0","0/0","0/0","0/0","0/0","0/0","0/0","0/0","0/0","0/0","0/0","0/0","0/0","0/0","0/0","0/0","0/0","0/0","0/0","0/0","0/0","0/0","0/0","0/0","0/0","0/0","0/0","0/0","0/0","0/0","0/0","0/0","0/0","0/0","0/0","0/1","0/1","0/0","0/0","0/0","0/0","0/0","0/0","0/0","0/0","0/0","0/0","0/0","0/0","0/0","0/0","0/0","0/0","0/0","0/0","0/0","0/0","0/0","0/0","0/0","0/0","0/0","0/0","0/0","0/0","0/0","0/0","0/0","0/0","0/0","0/0","0/0","0/0","0/0","0/0","0/0","0/0","0/0","0/0","0/0","0/0","0/0","0/0","0/0","0/0","0/0","0/0","0/0","0/0","0/0","0/0","0/0","0/0","0/0","0/0","0/0","0/0","0/0","0/0","0/0"
"chr11:65487790_CCTT/C_RNASEH2C","0/0","0/0","0/0","0/0","0/0","0/0","0/0","0/0","0/0","0/0","0/0","0/0","0/0","0/0","0/1","0/0","0/0","0/0","0/0","0/0","0/0","0/0","0/0","0/0","0/1","0/0","0/1","0/0","0/0","0/0","0/0","0/0","0/1","0/0","0/0","0/0","0/0","0/0","0/0","0/0","1/1","0/0","0/0","0/0","0/0","0/0","0/0","0/1","0/0","0/0","0/0","0/0","0/0","0/0","0/0","0/0","0/0","1/1","0/0","0/0","0/0","0/0","0/0","0/0","0/0","0/0","0/0","0/0","0/0","0/0","0/0","0/0","0/0","0/0","0/0","0/1","0/1","0/0","0/0","0/1","0/1","0/0","0/0","0/1","0/1","0/1","0/1","0/0","0/0","0/0","0/0","0/0","0/0","0/0","0/0","0/0","0/0","0/0","0/0","0/0","0/1","0/1","0/1","0/0","0/0","0/0","0/0","0/0","0/0","0/1","0/0","0/0","0/0","0/0","0/0","0/0","0/0","0/0","0/0","0/0","0/0","0/0","0/0","0/0","0/0","0/0","0/0","0/0","0/0","0/0","0/0","0/1","0/0","0/0","0/0","0/0","0/0","0/0","0/1","0/1","0/1","0/1","0/1","0/1","0/1","0/1","0/1","0/1","0/1","0/0","0/0","0/0","0/0"
"chr11:65819899_T/TGCC_SF3B2","0/1","0/1","0/1","0/1","0/0","0/0","0/0","0/0","0/0","0/0","0/0","0/1","0/0","0/1","0/0","0/0","0/1","0/0","0/0","0/0","0/1","0/0","0/0","0/0","0/0","0/0","0/0","0/0","0/0","0/0","0/0","0/0","0/0","0/1","0/0","0/0","0/0","0/0","0/1","0/0","0/0","0/0","0/0","0/0","0/1","0/0","0/1","0/0","0/0","0/0","0/0","0/0","0/1","0/0","0/0","0/0","0/1","0/0","0/0","0/0","0/0","0/1","0/0","0/0","0/0","0/0","0/0","0/0","0/0","0/0","0/0","0/0","0/0","0/1","0/1","0/0","0/0","0/0","0/0","0/0","0/0","0/0","0/0","0/0","0/0","0/1","0/1","0/0","0/0","0/0","0/0","0/0","0/0","0/0","0/0","0/0","0/0","0/0","0/0","0/0","0/0","0/0","0/0","0/0","0/0","0/1","0/1","0/0","0/0","0/0","0/1","0/0","0/0","0/0","0/1","0/1","0/1","0/0","0/0","0/0","0/0","0/0","0/1","0/0","0/1","0/1","0/0","0/0","0/0","0/0","0/0","0/0","0/0","0/0","0/0","0/0","0/0","0/0","0/0","0/1","0/0","0/0","0/0","0/0","0/0","0/0","0/0","0/0","0/0","0/1","0/1","0/1","0/1"
"chr11:65836145_CA/C_SF3B2","0/0","0/0","0/0","0/0","0/0","0/0","0/0","0/0","0/0","0/0","0/0","0/0","0/0","0/0","0/0","0/0","0/0","0/0","0/0","0/0","0/0","0/0","0/0","0/0","0/0","0/0","0/0","0/0","0/0","0/0","0/0","0/0","0/0","0/0","0/0","0/0","0/1","0/0","0/0","0/0","0/0","0/0","0/0","0/0","0/0","0/0","0/0","0/0","0/0","0/0","0/0","0/0","0/0","0/0","0/0","0/0","0/0","0/0","0/0","0/0","0/0","0/0","0/0","0/0","0/0","0/0","0/0","0/0","0/0","0/0","0/0","0/0","0/0","0/0","0/0","0/0","0/0","0/0","0/0","0/0","0/0","0/0","0/0","0/0","0/0","0/0","0/0","0/0","0/0","0/0","0/0","0/0","0/0","0/0","0/0","0/0","0/0","0/0","0/0","0/0","0/0","0/0","0/0","0/0","0/0","0/0","0/0","0/0","0/0","0/0","0/0","0/0","0/0","0/0","0/0","0/0","0/0","0/0","0/0","0/0","0/0","0/0","0/0","0/0","0/0","0/0","0/0","0/0","0/0","0/0","0/0","0/0","0/0","0/0","0/0","0/0","0/0","0/0","0/0","0/0","0/0","0/0","0/0","0/0","0/1","0/0","0/0","0/0","0/0","0/0","0/0","0/0","0/0"
"chr11:66082910_G/GACA_CD248","0/0","0/0","0/0","0/0","0/0","0/0","0/0","0/0","0/0","0/0","0/0","0/0","0/0","0/0","0/0","0/0","0/0","0/0","0/0","0/0","0/0","0/0","0/0","0/0","0/0","0/0","0/0","0/0","0/0","0/0","0/0","0/0","0/0","0/0","0/0","0/0","0/0","0/0","0/0","0/0","0/0","0/0","0/0","0/0","0/0","0/0","0/0","0/0","0/0","0/1","0/0","0/0","0/0","0/0","0/0","0/0","0/0","0/0","0/0","0/0","0/0","0/0","0/0","0/0","0/0","0/0","0/0","0/0","0/0","0/0","0/0","0/0","0/0","0/0","0/0","0/0","0/0","0/0","0/0","0/0","0/0","0/0","0/0","0/0","0/0","0/0","0/0","0/0","0/0","0/0","0/0","0/0","0/0","0/0","0/0","0/0","0/0","0/0","0/0","0/0","0/0","0/0","0/0","0/0","0/0","0/0","0/0","0/0","0/0","0/0","0/0","0/0","0/0","0/0","0/0","0/0","0/0","0/0","0/0","0/0","0/0","0/0","0/0","0/0","0/0","0/0","0/0","0/0","0/0","0/0","0/0","0/0","0/0","0/0","0/0","0/0","0/0","0/0","0/0","0/0","0/0","0/0","0/0","0/0","0/0","0/0","0/0","0/0","0/0","0/0","0/0","0/0","0/0"
"chr11:66083170_TGAG/T_CD248","0/0","0/0","0/0","0/0","0/0","0/0","0/0","0/0","0/0","0/0","0/0","0/0","0/0","0/0","0/0","0/0","0/0","0/0","0/0","0/0","0/0","0/0","0/0","0/0","0/0","0/1","0/0","0/0","0/0","0/0","0/0","0/0","0/0","0/1","0/1","0/0","0/0","0/0","0/0","0/0","0/0","0/0","0/0","0/1","0/1","0/0","0/0","0/0","0/1","0/0","0/0","0/0","0/0","0/0","0/0","0/0","0/0","0/0","0/0","0/0","0/0","0/0","0/0","0/0","0/0","0/0","0/0","0/0","0/0","0/0","0/0","0/0","0/0","0/0","0/0","0/0","0/0","0/0","0/0","0/0","0/0","0/0","0/0","0/0","0/0","0/0","0/0","0/0","0/1","0/1","0/0","0/0","0/0","0/0","0/0","0/0","0/0","0/0","0/0","0/0","0/0","0/0","0/0","0/0","0/0","0/0","0/0","0/0","0/0","0/0","0/0","0/0","0/0","0/1","0/0","0/1","0/1","0/0","0/0","0/0","0/0","0/0","0/1","0/0","0/0","0/0","0/1","0/1","0/0","0/0","0/0","0/0","0/1","0/0","0/1","0/1","0/0","0/0","0/0","0/1","0/0","0/0","0/0","0/0","0/0","0/0","0/0","0/0","0/0","0/0","0/0","0/0","0/0"
"chr11:66392904_GTCA/G_RBM14","0/0","0/0","0/0","0/0","0/0","0/0","0/0","0/0","0/0","0/0","0/0","0/0","0/0","0/0","0/0","0/0","0/0","0/0","0/0","0/0","0/0","0/0","0/0","0/0","0/0","0/0","0/0","0/0","0/0","0/0","0/0","0/0","0/0","0/0","0/0","0/0","0/0","0/0","0/0","0/0","0/0","0/0","0/0","0/0","0/0","0/0","0/0","0/0","0/0","0/0","0/0","0/0","0/0","0/0","0/0","0/0","0/0","0/0","0/0","0/0","0/0","0/0","0/0","0/0","0/0","0/0","0/0","0/0","0/0","0/0","0/0","0/0","0/0","0/0","0/0","0/0","0/0","0/0","0/0","0/0","0/0","0/0","0/0","0/0","0/0","0/0","0/0","0/0","0/0","0/0","0/0","0/0","0/0","0/0","0/0","0/0","0/0","0/0","0/0","0/0","0/0","0/0","0/0","0/0","0/0","0/0","0/0","0/0","0/0","0/0","0/0","0/0","0/0","0/0","0/0","0/0","0/0","0/0","0/0","0/0","0/0","0/0","0/0","0/0","0/0","0/0","0/0","0/0","0/0","0/0","0/0","0/0","0/0","0/0","0/0","0/0","0/0","0/0","0/0","0/0","0/0","0/0","0/0","0/0","0/0","0/0","0/1","0/1","0/1","0/0","0/0","0/0","0/0"
"chr11:66512290_G/GGGC_C11orf80","0/1","0/1","0/1","0/0","0/1","0/1","1/2","1/2","1/2","1/3","0/0","0/1","0/1","1/1","0/1","0/0","0/1","0/1","0/1","0/0","0/1","0/1","1/1","1/1","0/0","0/1","0/0","0/1","0/0","0/1","0/0","1/2","0/0","0/1","0/1","0/1","0/1","0/4","0/0","1/1","0/1","0/1","0/1","0/1","0/1","0/1","0/0","0/0","1/1","0/0","1/1","1/1","0/1","0/1","0/0","1/1","0/1","0/1","0/1","1/1","0/1","0/0","0/1","1/3","1/3","1/3","0/1","0/0","0/0","0/1","1/3","0/1","0/1","0/0","0/0","0/0","0/0","0/1","0/1","1/4","1/4","1/1","1/1","0/1","0/1","0/1","0/1","0/0","1/1","1/1","0/0","0/0","0/0","0/0","0/0","0/0","0/0","0/1","1/1","1/1","0/1","0/0","0/1","0/1","0/1","0/0","0/0","0/0","0/0","0/0","0/0","0/1","0/1","0/1","0/0","0/1","0/1","0/1","0/1","0/1","0/1","0/1","0/1","0/1","0/0","0/0","0/1","0/1","0/0","0/0","0/0","0/1","0/1","0/0","0/1","0/1","0/0","0/0","0/4","0/4","0/4","0/1","0/1","1/1","1/1","1/1","0/1","0/1","0/1","0/0","0/0","0/0","0/0"
"chr11:67018078_AGAG/A_KDM2A","0/0","0/0","0/0","0/0","0/0","0/0","0/0","0/0","0/0","0/0","0/0","0/0","0/0","0/0","0/0","0/0","0/0","0/0","0/0","0/0","0/0","0/0","0/0","0/0","0/0","0/0","0/0","0/0","0/0","0/0","0/0","0/0","0/0","0/0","0/0","0/0","0/0","0/0","0/0","0/0","0/0","0/0","0/0","0/0","0/0","0/0","0/0","0/0","0/0","0/0","0/0","0/0","0/0","0/0","0/0","0/0","0/0","0/0","0/0","0/0","0/0","0/0","0/1","0/0","0/0","0/0","0/0","0/0","0/0","0/0","0/0","0/0","0/0","0/0","0/0","0/0","0/0","0/0","0/0","0/0","0/0","0/0","0/0","0/0","0/0","0/0","0/0","0/0","0/0","0/0","0/0","0/0","0/0","0/0","0/0","0/0","0/0","0/0","0/0","0/0","0/0","0/0","0/0","0/0","0/0","0/0","0/0","0/0","0/0","0/0","0/0","0/0","0/0","0/0","0/0","0/0","0/0","0/0","0/0","0/0","0/0","0/0","0/0","0/0","0/0","0/0","0/0","0/0","0/0","0/0","0/0","0/0","0/0","0/0","0/0","0/0","0/0","0/0","0/0","0/0","0/0","0/0","0/0","0/0","0/0","0/0","0/0","0/0","0/0","0/0","0/0","0/0","0/0"
"chr11:67168628_TTC/T_PPP1CA","0/0","0/0","0/0","0/0","0/0","0/0","0/0","0/0","0/0","0/0","0/0","0/0","0/0","0/0","0/0","0/0","0/0","0/0","0/0","0/0","0/0","0/0","0/0","0/0","0/0","0/0","0/0","0/0","0/0","0/0","0/0","0/0","0/0","0/0","0/0","0/0","0/0","0/0","0/0","0/0","0/0","0/0","0/1","0/0","0/0","0/0","0/0","0/0","0/0","0/0","0/0","0/0","0/0","0/0","0/0","0/0","0/0","0/0","0/0","0/0","0/0","0/0","0/0","0/0","0/0","0/0","0/0","0/0","0/0","0/0","0/0","0/0","0/0","0/0","0/0","0/0","0/0","0/0","0/0","0/0","0/0","0/0","0/0","0/0","0/0","0/0","0/0","0/0","0/0","0/0","0/0","0/0","0/0","0/0","0/0","0/0","0/0","0/0","0/0","0/0","0/0","0/0","0/0","0/0","0/0","0/0","0/0","0/0","0/0","0/0","0/0","0/0","0/0","0/0","0/0","0/0","0/0","0/0","0/0","0/0","0/0","0/0","0/0","0/0","0/0","0/0","0/0","0/0","0/0","0/0","0/0","0/0","0/0","0/0","0/0","0/0","0/0","0/0","0/0","0/0","0/0","0/0","0/0","0/0","0/0","0/0","0/0","0/0","0/0","0/0","0/0","0/0","0/0"
"chr11:67263766_CA/C_PITPNM1","0/0","0/0","0/0","0/0","0/0","0/0","0/0","0/0","0/0","0/0","0/0","0/0","0/0","0/0","0/0","0/0","0/0","0/0","0/0","0/0","0/0","0/0","0/0","0/0","0/0","0/0","0/0","0/0","0/0","0/0","0/0","0/0","0/0","0/0","0/0","0/0","0/0","0/0","0/0","0/0","0/0","0/0","0/0","0/0","0/0","0/0","0/0","0/0","0/0","0/0","0/0","0/0","0/0","0/0","0/0","0/0","0/0","0/0","0/0","0/0","0/0","0/0","0/0","0/0","0/0","0/0","0/0","0/0","0/0","0/0","0/0","0/0","0/0","0/0","0/0","0/0","0/0","0/0","0/0","0/0","0/0","0/0","0/0","0/0","0/0","0/0","0/0","0/0","0/0","0/0","0/0","0/0","0/0","0/0","0/0","0/0","0/0","0/0","0/0","0/0","0/0","0/0","0/1","0/0","0/0","0/0","0/0","0/0","0/0","0/0","0/0","0/0","0/0","0/0","0/0","0/0","0/0","0/0","0/0","0/0","0/0","0/0","0/0","0/0","0/0","0/0","0/0","0/0","0/0","0/0","0/0","0/0","0/0","0/0","0/0","0/0","0/0","0/0","0/0","0/0","0/0","0/0","0/0","0/0","0/0","0/0","0/0","0/0","0/0","0/0","0/0","0/0","0/0"
"chr11:67765163_A/AG_UNC93B1","1/1","1/1","1/1","1/1","1/1","1/1","1/1","1/1","1/1","1/1","1/1","1/1","1/1","1/1","1/1","1/1","1/1","1/1","1/1","1/1","1/1","1/1","1/1","1/1","1/1","1/1","1/1","1/1","1/1","1/1","1/1","1/1","1/1","1/1","1/1","1/1","1/1","1/1","1/1","1/1","1/1","1/1","1/1","1/1","1/1","1/1","1/1","1/1","1/1","1/1","1/1","1/1","1/1","1/1","1/1","1/1","1/1","1/1","1/1","1/1","1/1","1/1","1/1","1/1","1/1","1/1","1/1","1/1","1/1","1/1","1/1","1/1","1/1","1/1","1/1","1/1","1/1","1/1","1/1","1/1","1/1","1/1","1/1","1/1","1/1","1/1","1/1","1/1","1/1","1/1","1/1","1/1","1/1","1/1","1/1","1/1","1/1","1/1","1/1","1/1","1/1","1/1","1/1","1/1","1/1","1/1","1/1","1/1","1/1","1/1","1/1","1/1","1/1","1/1","1/1","1/1","1/1","1/1","1/1","1/1","1/1","1/1","1/1","1/1","1/1","1/1","1/1","1/1","1/1","1/1","1/1","1/1","1/1","1/1","1/1","1/1","1/1","1/1","1/1","1/1","1/1","1/1","1/1","1/1","1/1","1/1","1/1","1/1","1/1","1/1","1/1","1/1","1/1"
"chr11:67786064_A/AC_ALDH3B1","1/1","1/1","1/1","1/1","1/1","1/1","1/1","1/1","1/1","1/1","1/1","1/1","1/1","1/1","1/1","1/1","1/1","1/1","1/1","1/1","1/1","1/1","1/1","1/1","1/1","1/1","1/1","1/1","1/1","1/1","1/1","1/1","1/1","1/1","1/1","1/1","1/1","1/1","1/1","1/1","1/1","1/1","1/1","1/1","1/1","1/1","1/1","1/1","1/1","1/1","1/1","1/1","1/1","1/1","1/1","1/1","1/1","1/1","1/1","1/1","1/1","1/1","1/1","1/1","1/1","1/1","1/1","1/1","1/1","1/1","1/1","1/1","1/1","1/1","1/1","1/1","1/1","1/1","1/1","1/1","1/1","1/1","1/1","1/1","1/1","1/1","1/1","1/1","1/1","1/1","1/1","1/1","1/1","1/1","1/1","1/1","1/1","1/1","1/1","1/1","1/1","1/1","1/1","1/1","1/1","1/1","1/1","1/1","1/1","1/1","1/1","1/1","1/1","1/1","1/1","1/1","1/1","1/1","1/1","1/1","1/1","1/1","1/1","1/1","1/1","1/1","1/1","1/1","1/1","1/1","1/1","1/1","1/1","1/1","1/1","1/1","1/1","1/1","1/1","1/1","1/1","1/1","1/1","1/1","1/1","1/1","1/1","1/1","1/1","1/1","1/1","1/1","1/1"
"chr11:67789293_G/GC_ALDH3B1","1/1","1/1","1/1","1/1","1/1","1/1","1/1","1/1","1/1","1/1","1/1","1/2","1/1","1/1","1/1","1/1","1/1","1/1","1/1","1/1","1/1","1/1","1/1","1/1","1/1","1/1","1/1","1/1","1/1","1/1","1/1","1/1","1/1","1/1","1/1","1/1","1/1","1/1","1/1","1/1","1/1","1/1","1/1","1/1","1/1","1/1","1/1","1/1","1/1","1/1","1/1","1/1","1/1","1/1","1/1","1/1","1/1","1/1","1/1","1/1","1/1","1/1","1/1","1/1","1/1","1/1","1/1","1/1","1/1","1/1","1/1","1/1","1/1","1/1","1/1","1/1","1/1","1/1","1/1","1/1","1/1","1/1","1/1","1/1","1/1","1/1","1/1","1/1","1/1","1/1","1/1","1/1","1/1","1/1","1/1","1/1","1/1","1/1","1/1","1/1","1/1","1/1","1/1","1/1","1/1","1/1","1/1","1/1","1/1","1/1","1/1","1/1","1/1","1/1","1/1","1/1","1/1","1/1","1/1","1/1","1/1","1/1","1/1","1/1","1/1","1/1","1/1","1/1","1/1","1/1","1/1","1/2","1/1","1/1","1/1","1/1","1/1","1/1","1/1","1/1","1/1","1/2","1/2","1/1","1/1","1/1","1/1","1/1","1/1","1/1","1/1","1/1","1/1"
"chr11:67795378_G/GC_ALDH3B1","1/1","1/1","1/1","1/1","1/1","1/1","1/1","1/1","1/1","1/1","1/1","1/1","1/1","1/1","1/1","1/1","1/1","1/1","1/1","1/1","1/1","1/1","1/1","1/1","1/1","1/1","1/1","1/1","1/1","1/1","1/1","1/1","1/1","1/1","1/1","1/1","1/1","1/1","1/1","1/1","1/1","1/1","1/1","1/1","1/1","1/1","1/1","1/1","1/1","1/1","1/1","1/1","1/1","1/1","1/1","1/1","1/1","1/1","1/1","1/1","1/1","1/1","1/1","1/1","1/1","1/1","1/1","1/1","1/1","1/1","1/1","1/1","1/1","1/1","1/1","1/1","1/1","1/1","1/1","1/1","1/1","1/1","1/1","1/1","1/1","1/1","1/1","1/1","1/1","1/1","1/1","1/1","1/1","1/1","1/1","1/1","1/1","1/1","1/1","1/1","1/1","1/1","1/1","1/1","1/1","1/1","1/1","1/1","1/1","1/1","1/1","1/1","1/1","1/1","1/1","1/1","1/1","1/1","1/1","1/1","1/1","1/1","1/1","1/1","1/1","1/1","1/1","1/1","1/1","1/1","1/1","1/1","1/1","1/1","1/1","1/1","1/1","1/1","1/1","1/1","1/1","1/1","1/1","1/1","1/1","1/1","1/1","1/1","1/1","1/1","1/1","1/1","1/1"
"chr11:68080214_CGCT/C_LRP5","0/0","0/0","0/0","0/0","0/0","0/0","0/0","0/0","0/0","0/0","0/0","0/0","0/0","0/1","0/0","0/0","0/0","0/0","0/0","0/0","0/0","0/0","0/0","0/2","0/0","0/0","0/3","0/1","0/0","0/0","0/0","0/0","0/0","0/0","0/0","0/0","0/0","0/0","0/0","0/0","0/0","0/0","0/0","0/0","0/0","0/0","0/2","0/3","0/0","0/0","0/0","0/0","0/0","0/3","0/0","0/0","0/0","0/0","0/1","0/0","0/0","0/0","0/0","0/0","0/0","0/0","0/0","0/0","0/0","0/0","0/0","0/0","0/0","0/0","0/0","0/0","0/1","0/0","0/0","0/0","0/0","0/0","0/0","0/0","0/1","0/0","0/0","0/0","0/0","0/0","0/0","0/0","0/0","0/0","0/0","0/0","0/0","0/0","0/0","0/0","0/0","0/0","0/0","0/0","0/1","0/0","0/0","0/0","0/0","0/0","0/0","0/0","0/0","0/0","0/0","0/0","0/0","0/0","0/0","0/0","0/0","0/0","0/0","0/0","0/0","0/0","0/0","0/0","0/0","0/0","0/0","0/0","0/0","0/0","0/0","0/0","0/0","0/0","0/0","0/0","0/0","0/0","0/0","0/0","0/0","0/0","0/0","0/0","0/0","0/3","0/3","0/3","0/3"
"chr11:68517658_TG/T_MTL5","0/0","0/0","0/0","0/0","0/0","0/0","0/0","0/0","0/0","0/0","0/0","0/0","0/0","0/0","0/0","0/0","0/0","0/0","0/0","0/0","0/0","0/0","0/0","0/1","0/0","0/0","0/0","0/0","0/0","0/0","0/0","0/0","0/0","0/0","0/0","0/0","0/0","0/0","0/0","0/0","0/0","0/0","0/0","0/0","0/0","0/0","0/0","0/0","0/0","0/0","0/0","0/0","0/0","0/0","0/0","0/0","0/0","0/0","0/0","0/0","0/0","0/0","0/0","0/0","0/0","0/0","0/0","0/0","0/0","0/0","0/0","0/0","0/0","0/0","0/0","0/0","0/0","0/0","0/0","0/0","0/0","0/0","0/0","0/0","0/0","0/0","0/0","0/0","0/0","0/0","0/0","0/0","0/0","0/0","0/0","0/0","0/0","0/0","0/0","0/0","0/0","0/0","0/0","0/0","0/0","0/0","0/0","0/0","0/0","0/0","0/0","0/0","0/0","0/0","0/0","0/0","0/0","0/0","0/0","0/0","0/0","0/0","0/0","0/0","0/0","0/0","0/0","0/0","0/0","0/0","0/0","0/0","0/0","0/0","0/0","0/0","0/0","0/0","0/0","0/0","0/0","0/0","0/0","0/0","0/0","0/0","0/0","0/0","0/0","0/0","0/0","0/0","0/0"
"chr11:68517664_C/CTT_MTL5","0/0","0/0","0/0","0/0","0/0","0/0","0/0","0/0","0/0","0/0","0/0","0/0","0/0","0/0","0/0","0/0","0/0","0/0","0/0","0/0","0/0","0/0","0/0","0/1","0/0","0/0","0/0","0/0","0/0","0/0","0/0","0/0","0/0","0/0","0/0","0/0","0/0","0/0","0/0","0/0","0/0","0/0","0/0","0/0","0/0","0/0","0/0","0/0","0/0","0/0","0/0","0/0","0/0","0/0","0/0","0/0","0/0","0/0","0/0","0/0","0/0","0/0","0/0","0/0","0/0","0/0","0/0","0/0","0/0","0/0","0/0","0/0","0/0","0/0","0/0","0/0","0/0","0/0","0/0","0/0","0/0","0/0","0/0","0/0","0/0","0/0","0/0","0/0","0/0","0/0","0/0","0/0","0/0","0/0","0/0","0/0","0/0","0/0","0/0","0/0","0/0","0/0","0/0","0/0","0/0","0/0","0/0","0/0","0/0","0/0","0/0","0/0","0/0","0/0","0/0","0/0","0/0","0/0","0/0","0/0","0/0","0/0","0/0","0/0","0/0","0/0","0/0","0/0","0/0","0/0","0/0","0/0","0/0","0/0","0/0","0/0","0/0","0/0","0/0","0/0","0/0","0/0","0/0","0/0","0/0","0/0","0/0","0/0","0/0","0/0","0/0","0/0","0/0"
"chr11:69063723_TG/T_MYEOV","0/0","0/0","0/0","0/0","0/0","0/0","0/0","0/0","0/0","0/0","0/0","0/0","0/0","0/0","0/0","0/0","0/0","0/0","0/0","0/0","0/0","0/0","0/0","0/0","0/0","0/0","0/0","0/0","0/0","0/0","0/0","0/0","0/0","0/0","0/0","0/0","0/0","0/0","0/0","0/0","0/0","0/0","0/0","0/0","0/0","0/0","0/0","0/0","0/0","0/0","0/0","0/0","0/0","0/0","0/0","0/0","0/0","0/0","0/0","0/0","0/0","0/0","0/0","0/0","0/0","0/0","0/0","0/0","0/0","0/0","0/0","0/1","0/1","0/0","0/0","0/0","0/0","0/0","0/0","0/0","0/0","0/0","0/0","0/0","0/0","0/0","0/0","0/0","0/0","0/0","0/0","0/0","0/0","0/0","0/0","0/0","0/0","0/0","0/0","0/0","0/0","0/0","0/0","0/0","0/0","0/0","0/0","0/0","0/0","0/0","0/0","0/0","0/0","0/0","0/0","0/0","0/0","0/0","0/0","0/0","0/0","0/0","0/0","0/0","0/0","0/0","0/0","0/0","0/0","0/0","0/0","0/0","0/0","0/1","0/0","0/0","0/1","0/1","0/0","0/0","0/0","0/0","0/0","0/0","0/0","0/0","0/0","0/0","0/0","0/0","0/0","0/0","0/0"
"chr11:71174483_TA/T_NADSYN1","0/0","0/0","0/0","0/0","0/0","0/0","0/0","0/0","0/0","0/0","0/0","0/0","0/0","0/0","0/0","0/0","0/0","0/0","0/0","0/0","0/0","0/0","0/0","0/0","0/0","0/0","0/0","0/0","0/1","0/0","0/0","0/0","0/0","0/0","0/0","0/0","0/0","0/0","0/0","0/0","0/0","0/0","0/0","0/0","0/0","0/0","0/0","0/0","0/0","0/0","0/0","0/0","0/0","0/0","0/0","0/0","0/0","0/0","0/0","0/0","0/0","0/0","0/0","0/0","0/0","0/0","0/0","0/0","0/0","0/0","0/0","0/0","0/0","0/0","0/0","0/0","0/0","0/0","0/0","0/0","0/0","0/0","0/0","0/0","0/0","0/0","0/0","0/0","0/0","0/0","0/0","0/0","0/0","0/0","0/0","0/0","0/0","0/0","0/0","0/0","0/0","0/0","0/0","0/0","0/0","0/0","0/0","0/0","0/0","0/0","0/0","0/0","0/0","0/0","0/0","0/0","0/0","0/0","0/0","0/0","0/0","0/0","0/0","0/0","0/0","0/0","0/0","0/0","0/0","0/0","0/0","0/0","0/0","0/0","0/0","0/0","0/0","0/0","0/0","0/0","0/0","0/0","0/0","0/0","0/0","0/0","0/0","0/0","0/0","0/0","0/0","0/0","0/0"
"chr11:71850156_C/CTA_FOLR3","0/0","0/0","0/0","0/0","0/1","0/1","0/0","0/0","0/0","0/0","0/0","0/0","0/0","0/0","0/0","0/0","0/0","0/0","0/0","0/0","0/0","0/0","0/0","0/1","0/0","0/0","0/0","0/0","0/1","0/0","0/0","0/0","0/1","0/0","0/1","0/0","0/0","0/0","0/0","0/0","0/0","0/0","0/0","0/1","0/0","0/0","0/0","0/0","0/0","0/0","0/0","0/0","0/0","0/0","0/0","0/0","0/0","0/0","0/0","0/0","0/0","0/1","0/1","0/0","0/0","0/0","0/1","0/0","0/0","0/1","0/0","0/0","0/0","0/0","0/0","0/0","0/0","0/0","0/0","0/0","0/0","0/1","0/0","0/0","0/0","0/0","0/0","0/0","0/1","0/1","0/0","0/0","0/0","0/0","0/0","0/0","0/0","0/0","0/0","0/0","0/0","1/1","0/0","0/0","0/0","0/1","0/1","0/0","0/0","1/1","0/0","0/1","0/1","0/0","0/0","0/1","0/1","0/0","0/0","0/0","0/0","0/0","0/1","0/0","0/0","0/0","0/0","0/0","0/0","0/0","0/0","0/0","0/0","0/0","0/0","0/0","0/0","0/0","0/0","0/0","0/0","0/0","0/0","0/0","0/0","0/0","0/0","0/0","0/0","0/0","0/0","0/0","0/0"
"chr11:71951159_G/GGCGCCCGCC_PHOX2A","0/0","0/0","0/0","0/0","0/0","0/0","0/0","0/0","0/0","0/0","0/0","0/0","0/0","0/0","0/0","0/0","0/0","0/0","0/0","0/0","0/0","0/0","0/0","0/0","0/0","0/0","0/0","0/0","0/0","0/0","0/0","0/0","0/0","0/0","0/0","0/0","0/0","0/0","0/0","0/0","0/0","0/0","0/0","0/0","0/0","0/0","0/0","0/0","0/0","0/0","0/0","0/0","0/0","0/0","0/0","0/0","0/0","0/0","0/0","0/0","0/0","0/1","0/0","0/0","0/0","0/0","0/0","0/0","0/0","0/0","0/0","0/0","0/0","0/0","0/0","0/0","0/0","0/0","0/0","0/0","0/0","0/0","0/0","0/0","0/0","0/0","0/0","0/0","0/0","0/0","0/0","0/0","0/0","0/0","0/0","0/0","0/0","0/0","0/0","0/0","0/0","0/0","0/0","0/0","0/0","0/0","0/0","0/0","0/0","0/0","0/0","0/0","0/0","0/0","0/0","0/0","0/0","0/0","0/0","0/0","0/0","0/0","0/0","0/0","0/0","0/0","0/0","0/0","0/0","0/0","0/0","0/0","0/0","0/0","0/0","0/0","0/0","0/0","0/0","0/0","0/0","0/0","0/0","0/0","0/0","0/0","0/0","0/0","0/0","0/0","0/0","0/0","0/0"
"chr11:72527775_AACCATCTC/A_ATG16L2","0/0","0/0","0/0","0/0","0/0","0/0","0/0","0/0","0/0","0/0","0/0","0/0","0/0","0/0","0/0","0/0","0/0","0/0","0/0","0/0","0/0","0/0","0/0","0/0","0/0","0/0","0/1","0/0","0/0","0/0","0/0","0/0","0/0","0/0","0/0","0/0","0/0","0/0","0/0","0/0","0/0","0/0","0/0","0/0","0/0","0/0","0/0","0/0","0/0","0/0","0/0","0/0","0/0","0/0","0/0","0/0","0/0","0/0","0/0","0/0","0/0","0/0","0/0","0/0","0/0","0/0","0/0","0/0","0/0","0/0","0/0","0/0","0/0","0/0","0/0","0/0","0/0","0/0","0/0","0/0","0/0","0/0","0/0","0/0","0/0","0/0","0/0","0/0","0/0","0/0","0/0","0/0","0/0","0/0","0/0","0/0","0/0","0/0","0/0","0/0","0/0","0/0","0/0","0/0","0/0","0/0","0/0","0/0","0/0","0/0","0/0","0/0","0/0","0/0","0/0","0/0","0/0","0/0","0/0","0/0","0/0","0/0","0/0","0/0","0/0","0/0","0/0","0/0","0/0","0/0","0/0","0/0","0/0","0/0","0/0","0/0","0/0","0/0","0/0","0/0","0/0","0/0","0/0","0/0","0/0","0/0","0/0","0/0","0/0","0/0","0/0","0/0","0/0"
"chr11:73020375_G/GCTC_ARHGEF17","0/0","0/0","0/0","0/1","0/0","0/0","0/1","0/1","0/1","0/0","0/0","0/0","0/0","0/0","0/0","0/1","0/0","0/0","0/0","0/0","0/0","0/0","0/0","0/0","0/0","0/0","0/0","0/0","0/0","0/0","0/0","0/0","0/0","0/0","0/0","0/0","0/0","0/0","0/0","0/0","0/0","0/0","0/0","0/0","0/0","0/0","0/0","0/1","0/0","0/0","0/0","0/0","0/0","0/0","0/0","0/1","0/0","0/0","0/1","0/0","0/0","0/0","0/0","0/0","0/0","0/0","0/0","0/1","0/1","0/0","0/0","0/0","0/0","0/0","0/0","0/0","0/0","0/0","0/0","0/0","0/0","0/0","0/0","0/0","0/0","0/0","0/0","0/0","0/0","0/0","0/0","0/0","0/0","0/0","0/0","0/0","0/0","0/0","0/0","0/0","0/0","0/0","0/0","0/0","0/0","0/0","0/0","0/0","0/0","0/0","0/1","0/0","0/0","0/0","0/0","0/0","0/0","0/0","0/1","0/0","0/1","0/1","0/0","0/0","0/0","0/0","0/0","0/0","0/0","0/0","0/0","0/0","0/1","0/0","0/1","0/1","0/0","0/0","0/0","0/0","0/0","0/0","0/0","0/0","0/0","0/0","0/1","0/1","0/1","0/0","0/0","0/0","0/0"
"chr11:73101892_CA/C_RELT","0/0","0/0","0/0","0/0","0/0","0/0","0/0","0/0","0/0","0/0","0/0","0/0","0/0","0/0","0/0","0/0","0/0","0/0","0/0","0/0","0/0","0/0","0/0","0/0","0/0","0/0","0/0","0/0","0/0","0/0","0/0","0/0","0/0","0/0","0/0","0/0","0/0","0/0","0/0","0/0","0/0","0/0","0/0","0/0","0/0","0/0","0/0","0/0","0/0","0/0","0/0","0/0","0/0","0/0","0/0","0/0","0/0","0/0","0/0","0/0","0/0","0/0","0/0","0/0","0/0","0/0","0/0","0/0","0/0","0/0","0/0","0/0","0/0","0/0","0/0","0/0","0/0","0/0","0/0","0/0","0/0","0/0","0/0","0/0","0/0","0/0","0/0","0/0","0/0","0/0","0/0","0/0","0/0","0/0","0/0","0/0","0/0","0/0","0/0","0/0","0/0","0/0","0/0","0/0","0/0","0/0","0/0","0/0","0/0","0/0","0/0","0/0","0/0","0/0","0/1","0/0","0/0","0/0","0/0","0/0","0/0","0/0","0/0","0/0","0/1","0/1","0/0","0/0","0/0","0/0","0/0","0/0","0/0","0/0","0/0","0/0","0/0","0/0","0/0","0/0","0/0","0/0","0/0","0/0","0/0","0/0","0/0","0/0","0/0","0/0","0/0","0/0","0/0"
"chr11:74716552_T/TC_NEU3","0/0","0/0","0/0","0/0","0/0","0/0","0/0","0/0","0/0","0/0","0/0","0/0","0/0","0/0","0/0","0/0","0/1","0/0","0/0","0/0","0/0","0/0","0/0","0/0","0/0","0/0","0/0","0/0","0/0","0/0","0/0","0/0","0/0","0/0","0/0","0/0","0/0","0/0","0/0","0/0","0/0","0/0","0/0","0/0","0/0","0/0","0/0","0/0","0/0","0/0","0/0","0/0","0/0","0/0","0/0","0/0","0/0","0/0","0/0","0/0","0/0","0/0","0/0","0/0","0/0","0/0","0/0","0/0","0/0","0/0","0/0","0/0","0/0","0/0","0/0","0/0","0/0","0/0","0/0","0/0","0/0","0/0","0/0","0/0","0/0","0/0","0/0","0/0","0/0","0/0","0/0","0/0","0/0","0/0","0/0","0/0","0/0","0/0","0/0","0/0","0/0","0/0","0/0","0/0","0/0","0/0","0/0","0/0","0/0","0/0","0/0","0/0","0/0","0/0","0/0","0/0","0/0","0/0","0/0","0/0","0/0","0/0","0/0","0/0","0/0","0/0","0/0","0/0","0/0","0/0","0/0","0/0","0/0","0/0","0/0","0/0","0/0","0/0","0/0","0/0","0/0","0/0","0/0","0/0","0/0","0/0","0/0","0/0","0/0","0/0","0/0","0/0","0/0"
"chr11:74873754_GCACAGAAAA/G_SLCO2B1","0/0","0/0","0/0","0/0","0/0","0/0","0/0","0/0","0/0","0/0","0/0","0/1","0/0","0/0","0/0","0/0","0/0","0/0","0/0","0/0","0/0","0/0","0/1","1/1","0/0","0/0","0/0","0/0","0/0","0/0","0/0","0/0","0/0","0/0","0/0","0/0","0/1","0/0","0/1","0/0","0/0","0/0","0/0","0/0","0/1","0/0","0/0","0/0","0/0","0/0","0/0","0/0","0/0","0/0","0/0","0/0","0/0","0/0","0/0","0/0","0/0","0/0","0/1","0/1","0/1","0/0","0/1","0/0","0/0","0/1","0/0","0/1","0/1","0/1","0/1","0/0","0/0","0/0","0/0","0/1","0/1","0/0","0/0","0/1","0/1","0/0","0/0","0/0","0/0","0/0","0/0","1/1","1/1","0/0","0/0","0/0","0/0","0/1","0/0","0/0","0/0","0/0","0/0","0/0","0/0","0/1","0/1","0/0","0/0","0/0","0/0","0/0","0/0","0/0","0/1","0/0","0/0","0/0","0/0","0/0","0/0","0/0","0/0","0/0","0/1","0/1","0/0","0/0","0/0","0/0","0/0","0/0","0/0","0/1","0/0","0/0","0/1","0/1","0/0","0/0","0/0","0/0","0/0","0/0","0/0","0/0","0/0","0/0","0/0","1/1","1/1","1/1","1/1"
"chr11:76751584_CT/C_B3GNT6","1/1","1/1","1/1","1/1","1/1","1/1","1/1","1/1","1/1","1/1","1/1","1/1","1/1","1/1","1/1","1/1","1/1","1/1","1/1","1/1","1/1","1/1","1/1","1/1","1/1","1/1","1/1","1/1","1/1","1/1","1/1","1/1","1/1","1/1","1/1","1/1","1/1","1/1","1/1","1/1","1/1","1/1","1/1","1/1","1/1","1/1","1/1","1/1","1/1","1/1","1/1","1/1","1/1","1/1","1/1","1/1","1/1","1/1","1/1","1/1","1/1","1/1","1/1","1/1","1/1","1/1","1/1","1/1","1/1","1/1","1/1","1/1","1/1","1/1","1/1","1/1","1/1","1/1","1/1","1/1","1/1","1/1","1/1","1/1","1/1","1/1","1/1","1/1","1/1","1/1","1/1","1/1","1/1","1/1","1/1","1/1","1/1","1/1","1/1","1/1","1/1","1/1","1/1","1/1","1/1","1/1","1/1","1/1","1/1","1/1","1/1","1/1","1/1","1/1","1/1","1/1","1/1","1/1","1/1","1/1","1/1","1/1","1/1","1/1","1/1","1/1","1/1","1/1","1/1","1/1","1/1","1/1","1/1","1/1","1/1","1/1","1/1","1/1","1/1","1/1","1/1","1/1","1/1","1/1","1/1","1/1","1/1","1/1","1/1","1/1","1/1","1/1","1/1"
"chr11:76895770_GGGAGGCGGGGACACCAGGGCCT/G_MYO7A","0/1","0/1","0/1","0/1","0/1","0/1","0/0","0/0","0/0","0/1","0/1","0/1","0/0","0/0","0/1","0/1","1/1","0/0","0/0","0/0","0/1","0/0","0/1","0/1","0/1","0/0","0/1","0/1","0/0","1/1","0/0","0/1","0/0","0/0","0/1","0/1","1/1","0/0","0/0","0/1","0/1","1/1","1/1","0/1","0/1","0/1","0/0","0/0","0/0","1/1","0/1","0/0","0/1","0/0","0/1","1/1","0/0","0/0","0/1","0/1","0/0","0/1","0/0","0/0","0/0","0/0","0/1","0/0","0/0","0/1","0/0","0/0","0/0","0/0","0/0","1/1","1/1","0/0","0/0","1/1","1/1","0/1","0/1","0/1","0/1","0/0","0/0","0/0","0/1","0/1","0/0","0/0","0/0","1/1","1/1","0/0","0/0","0/1","1/1","1/1","0/0","1/1","0/0","0/0","0/0","0/1","0/1","0/0","0/0","1/1","0/1","1/1","1/1","0/1","0/0","0/0","0/0","1/1","0/0","1/1","0/0","0/0","0/0","1/1","0/0","0/0","0/1","0/1","0/0","0/0","0/0","0/1","0/0","0/0","0/0","0/0","0/0","0/0","0/0","0/1","0/0","0/1","0/1","0/0","0/0","0/0","0/0","0/0","0/0","0/0","0/0","0/0","0/0"
"chr11:76954788_T/TA_GDPD4","0/1","0/1","0/1","0/0","0/1","0/1","0/0","0/0","0/0","0/1","0/1","0/1","0/0","0/1","0/0","0/0","0/0","0/0","0/1","0/0","0/0","0/0","0/0","0/0","0/0","0/0","0/1","0/0","0/0","0/0","0/0","0/0","0/1","0/0","0/1","0/1","0/0","0/0","0/1","0/0","0/0","0/0","0/0","0/0","0/1","0/0","0/0","0/0","0/0","0/0","0/1","0/1","0/0","1/1","0/0","0/0","0/0","0/0","0/0","0/0","1/1","0/1","0/0","0/1","0/1","0/0","0/0","0/1","0/1","0/0","0/0","0/0","0/0","0/1","0/1","0/0","0/0","0/0","0/0","0/0","0/0","0/0","0/1","0/0","0/0","0/0","0/0","0/0","0/1","0/1","0/1","0/0","0/0","0/0","0/0","0/1","0/0","0/1","0/0","0/0","0/1","0/0","0/1","0/0","0/0","0/0","0/0","0/0","0/0","0/0","0/0","0/1","0/1","0/0","0/1","0/1","0/1","0/0","0/1","0/0","0/1","0/1","0/1","0/0","0/1","0/1","0/0","0/0","0/0","0/0","0/0","0/1","0/0","0/1","0/0","0/0","0/1","0/1","0/1","0/1","0/1","0/1","0/1","1/1","1/1","1/1","0/0","0/0","0/0","1/1","1/1","1/1","1/1"
"chr11:77069989_GCAT/G_PAK1","0/0","0/0","0/0","0/0","0/0","0/0","0/0","0/0","0/0","0/0","0/0","0/0","0/0","0/0","0/0","0/0","0/0","0/0","0/0","0/0","0/0","0/0","0/0","0/0","0/0","0/0","0/0","0/0","0/0","0/0","0/0","0/0","0/0","0/0","0/0","0/0","0/0","0/0","0/0","0/0","0/0","0/0","0/0","0/0","0/0","0/0","0/0","0/0","0/0","0/0","0/0","0/0","0/0","0/0","0/0","0/0","0/0","0/0","0/0","0/0","0/0","0/0","0/0","0/0","0/0","0/0","0/0","0/0","0/0","0/0","0/0","0/0","0/0","0/0","0/0","0/0","0/0","0/0","0/0","0/0","0/1","0/0","0/0","0/0","0/0","0/0","0/0","0/0","0/0","0/0","0/0","0/0","0/0","0/0","0/0","0/0","0/0","0/0","0/0","0/0","0/0","0/0","0/0","0/0","0/0","0/0","0/0","0/0","0/0","0/0","0/0","0/0","0/0","0/0","0/0","0/0","0/0","0/0","0/0","0/0","0/0","0/0","0/0","0/0","0/0","0/0","0/0","0/0","0/0","0/0","0/0","0/0","0/0","0/0","0/0","0/0","0/0","0/0","0/0","0/0","0/0","0/0","0/0","0/0","0/0","0/0","0/0","0/0","0/0","0/0","0/0","0/0","0/0"
"chr11:77728263_C/CTG_KCTD14","0/0","0/0","0/0","0/0","0/0","0/0","0/0","0/0","0/0","0/0","0/0","0/0","0/0","0/0","0/0","0/0","0/0","0/0","0/0","0/0","0/0","0/0","0/0","0/0","0/0","0/0","0/0","0/0","0/0","0/0","0/0","0/0","0/0","0/0","0/0","0/0","0/0","0/0","0/0","0/0","0/0","0/0","0/0","0/0","0/0","0/0","0/0","0/0","0/0","0/0","0/0","0/0","0/0","0/0","0/0","0/0","0/0","0/1","0/0","0/0","0/0","0/0","0/0","0/0","0/0","0/0","0/0","0/0","0/0","0/0","0/0","0/0","0/0","0/0","0/0","0/0","0/0","0/0","0/0","0/0","0/0","0/0","0/0","0/0","0/0","0/0","0/0","0/0","0/0","0/0","0/0","0/0","0/0","0/0","0/0","0/0","0/0","0/0","0/0","0/0","0/0","0/0","0/0","0/0","0/0","0/0","0/0","0/0","0/0","0/0","0/0","0/0","0/0","0/0","0/0","0/0","0/0","0/0","0/0","0/0","0/0","0/0","0/0","0/0","0/0","0/0","0/0","0/0","0/0","0/0","0/0","0/0","0/0","0/0","0/0","0/0","0/0","0/0","0/0","0/0","0/0","0/0","0/0","0/0","0/0","0/0","0/0","0/0","0/0","0/0","0/0","0/0","0/0"
"chr11:77728266_G/GTACC_KCTD14","0/0","0/0","0/0","0/0","0/0","0/0","0/0","0/0","0/0","0/0","0/0","0/0","0/0","0/0","0/0","0/0","0/0","0/0","0/0","0/0","0/0","0/0","0/0","0/0","0/0","0/0","0/0","0/0","0/0","0/0","0/0","0/0","0/0","0/0","0/0","0/0","0/0","0/0","0/0","0/0","0/0","0/0","0/0","0/0","0/0","0/0","0/0","0/0","0/0","0/0","0/0","0/0","0/0","0/0","0/0","0/0","0/0","0/1","0/0","0/0","0/0","0/0","0/0","0/0","0/0","0/0","0/0","0/0","0/0","0/0","0/0","0/0","0/0","0/0","0/0","0/0","0/0","0/0","0/0","0/0","0/0","0/0","0/0","0/0","0/0","0/0","0/0","0/0","0/0","0/0","0/0","0/0","0/0","0/0","0/0","0/0","0/0","0/0","0/0","0/0","0/0","0/0","0/0","0/0","0/0","0/0","0/0","0/0","0/0","0/0","0/0","0/0","0/0","0/0","0/0","0/0","0/0","0/0","0/0","0/0","0/0","0/0","0/0","0/0","0/0","0/0","0/0","0/0","0/0","0/0","0/0","0/0","0/0","0/0","0/0","0/0","0/0","0/0","0/0","0/0","0/0","0/0","0/0","0/0","0/0","0/0","0/0","0/0","0/0","0/0","0/0","0/0","0/0"
"chr11:77728271_T/TACCTCA_KCTD14","0/0","0/0","0/0","0/0","0/0","0/0","0/0","0/0","0/0","0/0","0/0","0/0","0/0","0/0","0/0","0/0","0/0","0/0","0/0","0/0","0/0","0/0","0/0","0/0","0/0","0/0","0/0","0/0","0/0","0/0","0/0","0/0","0/0","0/0","0/0","0/0","0/0","0/0","0/0","0/0","0/0","0/0","0/0","0/0","0/0","0/0","0/0","0/0","0/0","0/0","0/0","0/0","0/0","0/0","0/0","0/0","0/0","0/1","0/0","0/0","0/0","0/0","0/0","0/0","0/0","0/0","0/0","0/0","0/0","0/0","0/0","0/0","0/0","0/0","0/0","0/0","0/0","0/0","0/0","0/0","0/0","0/0","0/0","0/0","0/0","0/0","0/0","0/0","0/0","0/0","0/0","0/0","0/0","0/0","0/0","0/0","0/0","0/0","0/0","0/0","0/0","0/0","0/0","0/0","0/0","0/0","0/0","0/0","0/0","0/0","0/0","0/0","0/0","0/0","0/0","0/0","0/0","0/0","0/0","0/0","0/0","0/0","0/0","0/0","0/0","0/0","0/0","0/0","0/0","0/0","0/0","0/0","0/0","0/0","0/0","0/0","0/0","0/0","0/0","0/0","0/0","0/0","0/0","0/0","0/0","0/0","0/0","0/0","0/0","0/0","0/0","0/0","0/0"
"chr11:77784146_CA/C_NDUFC2_NDUFC2-KCTD14","0/0","0/0","0/0","0/0","0/0","0/0","0/0","0/0","0/0","0/0","0/0","0/0","0/0","0/0","0/0","0/0","0/0","0/0","0/0","0/0","0/0","0/0","0/0","0/0","0/0","0/0","0/0","0/0","0/0","0/0","0/0","0/0","0/0","0/0","0/0","0/0","0/1","0/0","0/0","0/0","0/0","0/0","0/0","0/0","0/0","0/0","0/0","0/0","0/0","0/0","0/0","0/0","0/0","0/0","0/0","0/0","0/0","0/0","0/0","0/0","0/0","0/0","0/0","0/1","0/0","0/0","0/0","0/0","0/0","0/0","0/0","0/0","0/0","0/0","0/0","0/0","0/0","0/0","0/0","0/0","0/0","0/0","0/0","0/0","0/0","0/0","0/0","0/0","0/0","0/0","0/0","0/0","0/0","0/0","0/0","0/0","0/0","0/0","0/0","0/0","0/0","0/0","0/0","0/0","0/0","0/0","0/0","0/0","0/0","0/0","0/0","0/0","0/0","0/0","0/0","0/0","0/0","0/0","0/0","0/0","0/0","0/0","0/0","0/0","0/0","0/0","0/0","0/0","0/0","0/0","0/0","0/0","0/0","0/0","0/0","0/0","0/0","0/0","0/0","0/0","0/0","0/0","0/0","0/0","0/0","0/0","0/0","0/0","0/0","0/0","0/0","0/0","0/0"
"chr11:82644887_G/GC_DDIAS","0/0","0/0","0/0","0/0","0/0","0/0","0/0","0/0","0/0","0/0","0/0","0/0","0/0","0/0","0/0","0/0","0/0","0/0","0/0","0/0","0/0","0/0","0/0","0/0","0/0","0/0","0/0","0/0","0/0","0/0","0/0","0/0","0/0","0/0","0/0","0/0","0/0","0/0","0/0","0/0","0/0","0/0","0/0","0/0","0/0","0/0","0/0","0/0","0/0","0/0","0/0","0/0","0/0","0/0","0/0","0/0","0/0","0/0","0/0","0/0","0/0","0/0","0/0","0/0","0/0","0/0","0/0","0/0","0/0","0/0","0/0","0/0","0/0","0/0","0/0","0/0","0/0","0/0","0/0","0/0","0/0","0/0","0/0","0/0","0/0","0/0","0/0","0/0","0/0","0/0","0/0","0/0","0/0","0/0","0/0","0/0","0/0","0/0","0/0","0/0","0/0","0/1","0/0","0/0","0/0","0/0","0/0","0/0","0/0","0/1","0/0","0/0","0/0","0/1","0/0","0/0","0/0","0/0","0/0","0/0","0/0","0/0","0/0","0/0","0/0","0/0","0/1","0/1","0/0","0/0","0/0","0/0","0/0","0/0","0/0","0/0","0/0","0/0","0/0","0/0","0/0","0/0","0/0","0/0","0/0","0/0","0/0","0/0","0/0","0/0","0/0","0/0","0/0"
"chr11:89224131_T/TCTC_NOX4","0/0","0/0","0/0","0/0","0/0","0/0","0/0","0/0","0/0","0/0","1/1","0/0","0/0","1/1","1/1","0/0","0/0","0/0","0/0","0/1","0/1","0/0","0/0","0/0","0/0","1/1","0/1","0/1","0/0","0/1","0/0","0/0","0/0","1/1","0/1","0/1","1/1","0/0","0/1","0/1","0/0","0/0","0/0","0/0","0/1","0/0","0/1","0/1","0/0","0/0","0/0","0/0","0/0","0/0","0/1","0/1","0/0","0/0","0/0","0/1","0/1","0/0","0/1","1/1","1/1","0/0","0/0","0/1","0/1","0/0","0/0","0/1","0/1","0/0","0/0","0/0","0/0","0/1","0/1","0/1","0/1","0/1","0/0","0/0","0/0","0/1","0/1","0/1","0/1","0/1","0/1","0/1","0/1","0/0","0/0","0/1","0/1","0/0","0/0","0/0","0/0","0/0","0/0","0/0","0/0","0/1","0/1","1/1","1/1","0/0","0/0","0/0","0/0","0/0","0/0","1/1","1/1","0/0","0/0","0/0","0/0","0/0","1/1","0/0","0/0","0/0","0/0","0/0","0/1","0/1","0/1","0/0","0/1","0/1","0/1","0/1","0/1","0/1","0/0","0/0","0/0","0/0","0/0","0/0","0/0","0/0","0/0","0/0","0/0","0/0","0/0","0/0","0/0"
"chr11:89608991_GT/G_TRIM64B","0/0","0/0","0/0","0/0","0/0","0/0","0/0","0/0","0/0","0/0","0/0","0/0","0/1","0/0","0/0","0/0","0/0","0/0","0/0","0/0","0/0","0/0","0/0","0/0","0/0","0/0","0/0","0/0","0/0","0/0","0/0","0/0","0/0","0/0","0/0","0/0","0/0","0/0","0/0","0/0","0/1","0/1","0/0","0/0","0/0","0/0","0/1","0/0","0/0","0/0","0/0","0/0","0/1","0/0","0/0","0/0","0/1","1/1","0/0","0/0","0/1","0/0","0/0","0/0","0/0","0/0","0/0","0/0","0/0","0/0","0/1","0/1","0/1","0/0","0/0","1/1","1/1","0/0","0/0","0/0","0/0","0/0","0/0","0/0","0/0","0/0","0/0","0/0","0/0","0/0","0/0","0/0","0/0","0/0","0/0","0/0","0/0","0/0","0/0","0/0","0/0","0/0","0/0","0/1","0/1","0/0","0/0","0/0","0/0","0/0","0/0","0/0","0/0","0/0","0/0","0/0","0/0","0/0","0/0","0/0","0/0","0/0","0/0","0/0","0/0","0/0","0/0","0/0","0/0","0/0","0/0","0/0","0/0","0/1","0/0","0/0","0/1",".","0/0","0/0","0/0","0/0","0/0","0/0","0/0","0/0","0/0","0/0","0/0","0/0","0/0","0/0","0/0"
"chr11:92495276_TA/T_FAT3","0/0","0/0","0/0","0/0","0/0","0/0","0/0","0/0","0/0","0/0","0/0","0/0","0/0","0/0","0/0","0/0","0/0","0/0","0/0","0/0","0/0","0/0","0/0","0/0","0/0","0/0","0/0","0/0","0/0","0/0","0/0","0/0","0/0","0/0","0/0","0/0","0/1","0/0","0/0","0/0","0/0","0/0","0/0","0/0","0/0","0/0","0/0","0/0","0/0","0/0","0/0","0/0","0/0","0/0","0/0","0/0","0/0","0/0","0/0","0/0","0/0","0/0","0/0","0/0","0/0","0/0","0/0","0/0","0/0","0/0","0/0","0/0","0/0","0/0","0/0","0/0","0/0","0/0","0/0","0/0","0/0","0/0","0/0","0/0","0/0","0/0","0/0","0/0","0/0","0/0","0/0","0/0","0/0","0/0","0/0","0/0","0/0","0/0","0/0","0/0","0/0","0/0","0/0","0/0","0/0","0/0","0/0","0/0","0/0","0/0","0/0","0/0","0/0","0/0","0/0","0/0","0/0","0/0","0/0","0/0","0/0","0/0","0/0","0/0","0/0","0/0","0/0","0/0","0/0","0/0","0/0","0/0","0/0","0/0","0/0","0/0","0/0","0/0","0/0","0/0","0/0","0/0","0/0","0/0","0/0","0/0","0/0","0/0","0/0","0/0","0/0","0/0","0/0"
"chr11:93104239_T/TA_CCDC67","0/0","0/0","0/0","0/0","0/0","0/0","0/0","0/0","0/0","0/0","0/0","0/0","0/0","0/0","0/0","0/0","0/0","0/0","0/0","0/0","0/0","0/0","0/0","0/0","0/0","0/0","0/0","0/0","0/0","0/0","0/0","0/0","0/0","0/0","0/0","0/0","0/1","0/0","0/0","0/0","0/0","0/0","0/0","0/0","0/0","0/0","0/0","0/0","0/0","0/0","0/0","0/0","0/0","0/0","0/0","0/0","0/0","0/0","0/0","0/0","0/0","0/0","0/0","0/0","0/0","0/0","0/0","0/0","0/0","0/0","0/0","0/0","0/0","0/0","0/0","0/0","0/0","0/0","0/0","0/0","0/0","0/0","0/0","0/0","0/0","0/0","0/0","0/0","0/0","0/0","0/0","0/0","0/0","0/0","0/0","0/0","0/0","0/0","0/0","0/0","0/0","0/0","0/0","0/0","0/0","0/0","0/0","0/0","0/0","0/0","0/0","0/0","0/0","0/0","0/0","0/0","0/0","0/0","0/0","0/0","0/0","0/0","0/0","0/0","0/0","0/0","0/0","0/0","0/0","0/0","0/0","0/0","0/0","0/0","0/0","0/0","0/0","0/0","0/0","0/0","0/0","0/0","0/0","0/0","0/0","0/0","0/0","0/0","0/0","0/0","0/0","0/0","0/0"
"chr11:93800816_TGTC/T_HEPHL1","0/1","0/1","0/1","0/0","0/0","0/0","0/0","0/0","0/0","0/0","0/0","0/0","0/0","0/0","0/0","0/0","0/0","0/0","0/0","0/0","0/0","0/0","0/0","0/0","0/0","0/0","0/0","0/0","0/0","0/0","0/0","0/0","0/0","0/0","0/0","0/0","0/0","0/0","0/0","0/0","0/0","0/0","0/0","0/0","0/0","0/0","0/0","0/0","0/0","0/0","0/0","0/0","0/0","0/0","0/0","0/0","0/0","0/0","0/0","0/0","0/0","0/0","0/0","0/0","0/0","0/0","0/0","0/0","0/0","0/0","0/0","0/0","0/0","0/0","0/0","0/0","0/0","0/0","0/0","0/0","0/0","0/0","0/0","0/0","0/0","0/0","0/0","0/0","0/0","0/0","0/0","0/0","0/0","0/0","0/0","0/0","0/0","0/0","0/0","0/0","0/0","0/0","0/0","0/0","0/0","0/0","0/0","0/0","0/0","0/0","0/0","0/0","0/0","0/0","0/0","0/0","0/0","0/0","0/0","0/0","0/0","0/0","0/0","0/0","0/0","0/0","0/0","0/0","0/0","0/0","0/0","0/0","0/0","0/0","0/0","0/0","0/0","0/0","0/0","0/0","0/0","0/0","0/0","0/0","0/0","0/0","0/0","0/0","0/0","0/0","0/0","0/0","0/0"
"chr11:93844066_CAGAT/C_HEPHL1","0/0","0/0","0/0","0/0","0/0","0/0","0/0","0/0","0/0","0/0","0/0","0/0","0/0","0/0","0/0","0/0","0/0","0/0","0/0","0/0","0/0","0/0","0/0","0/0","0/0","0/0","0/0","0/1","0/0","0/0","0/0","0/0","0/0","0/0","0/0","0/0","0/0","0/0","0/0","0/0","0/0","0/0","0/0","0/0","0/0","0/0","0/0","0/0","0/0","0/0","0/0","0/0","0/0","0/0","0/0","0/0","0/0","0/0","0/0","0/0","0/0","0/0","0/0","0/0","0/0","0/0","0/0","0/0","0/0","0/0","0/0","0/0","0/0","0/0","0/0","0/0","0/0","0/0","0/0","0/0","0/0","0/0","0/0","0/0","0/0","0/0","0/0","0/0","0/0","0/0","0/0","0/0","0/0","0/0","0/0","0/0","0/0","0/0","0/0","0/0","0/0","0/0","0/0","0/0","0/0","0/0","0/0","0/0","0/0","0/0","0/0","0/0","0/0","0/0","0/0","0/0","0/0","0/0","0/0","0/0","0/0","0/0","0/0","0/0","0/0","0/0","0/0","0/0","0/0","0/0","0/0","0/0","0/0","0/0","0/0","0/0","0/0","0/0","0/0","0/0","0/0","0/0","0/0","0/0","0/0","0/0","0/0","0/0","0/0","0/0","0/0","0/0","0/0"
"chr11:94699507_A/AT_CWC15","1/1","1/1","1/1","1/1","1/1","1/1","1/1","1/1","1/1","1/1","1/1","1/1","1/1","1/1","1/1","1/1","1/1","1/1","1/1","1/1","1/1","1/1","1/1","1/1","1/1","1/1","1/1","1/1","1/1","1/1","1/1","1/1","1/1","1/1","1/1","1/1","1/1","1/1","1/1","1/1","1/1","1/1","1/1","1/1","1/1","1/1","1/1","1/1","1/1","1/1","1/1","1/1","1/1","1/1","1/1","1/1","1/1","1/1","1/1","1/1","1/1","1/1","1/1","1/1","1/1","1/1","1/1","1/1","1/1","1/1","1/1","1/1","1/1","1/1","1/1","1/1","1/1","1/1","1/1","1/1","1/1","1/1","1/1","1/1","1/1","1/1","1/1","1/1","1/1","1/1","1/1","1/1","1/1","1/1","1/1","1/1","1/1","1/1","1/1","1/1","1/1","1/1","1/1","1/1","1/1","1/1","1/1","1/1","1/1","1/1","1/1","1/1","1/1","1/1","1/1","1/1","1/1","1/1","1/1","1/1","1/1","1/1","1/1","1/1","1/1","1/1","1/1","1/1","1/1","1/1","1/1","1/1","1/1","1/1","1/1","1/1","1/1","1/1","1/1","1/1","1/1","1/1","1/1","1/1","1/1","1/1","1/1","1/1","1/1","1/1","1/1","1/1","1/1"
"chr11:94800902_G/GC_SRSF8","1/1","1/1","1/1","1/1","1/1","1/1","1/1","1/1","1/1","1/1","1/1","1/1","1/1","1/1","1/1","1/1","1/1","1/1","1/1","1/1","1/1","1/1","1/1","1/1","1/1","1/1","1/1","1/1","1/1","1/1","1/1","1/1","1/1","1/1","1/1","1/1","1/1","1/1","1/1","1/1","1/1","1/1","1/1","1/1","1/1","1/1","1/1","1/1","1/1","1/1","1/1","1/1","1/1","1/1","1/1","1/1","1/1","1/1","1/1","1/1","1/1","1/1","1/1","1/1","1/1","1/1","1/1","1/1","1/1","1/1","1/1","1/1","1/1","1/1","1/1","1/1","1/1","1/1","1/1","1/1","1/1","1/1","1/1","1/1","1/1","1/1","1/1","1/1","1/1","1/1","1/1","1/1","1/1","1/1","1/1","1/1","1/1","1/1","1/1","1/1","1/1","1/1","1/1","1/1","1/1","1/1","1/1","1/1","1/1","1/1","1/1","1/1","1/1","1/1","1/1","1/1","1/1","1/1","1/1","1/1","1/1","1/1","1/1","1/1","1/1","1/1","1/1","1/1","1/1","1/1","1/1","1/1","1/1","1/1","1/1","1/1","1/1","1/1","1/1","1/1","1/1","1/1","1/1","1/1","1/1","1/1","1/1","1/1","1/1","1/1","1/1","1/1","1/1"
"chr11:95825374_TTGCTGCTGCTGCTGCTGCTGCTGCTGC/TTGCTGCTGCTGCTGC_MAML2","0/2","2/2","2/2","2/2","2/2","2/2","2/2","0/2","2/2","2/2","1/2","2/2","2/2","2/2","2/2","2/2","2/2","2/2","2/2","1/2","0/2","2/2","2/2","2/2","2/2","2/2","2/2","1/2","2/2","2/2","2/2","2/2","2/2","2/2","2/2","2/2","1/2","1/2","2/2","2/2","2/2","2/2","1/2","2/2","2/2","2/2","2/2","2/2","1/2","2/2","2/2","2/2","2/2","2/2","2/2","0/2","2/2","2/2","2/2","2/2","2/2","2/2","2/2","2/2","2/2","2/2","2/2","1/2","2/2","2/2","2/2","0/2","2/2","2/2","2/2","2/2","2/2","2/2","2/2","2/2","1/2","2/2","2/2","2/2","2/2","2/2","2/2","2/2","2/2","2/2","2/2","2/2","2/2","2/2","2/2","2/2","2/2","2/2","0/2","0/2","2/2","2/2","2/2","2/3","2/3","2/2","2/2","2/2","2/2","2/2","2/2","2/2","2/2","2/2","2/2","1/2","2/2","2/2","2/2","2/2","2/2","2/2","2/2","2/2","2/2","2/2","2/2","2/2","2/2","2/2","2/2","1/2","2/2","2/2","2/2","2/2","2/2","2/2","2/2","2/2","2/2","2/2","2/2","2/2","2/2","2/2","2/2","2/2","2/2","2/2","2/2","2/2","2/2"
"chr11:101762079_G/GT_ANGPTL5","0/0","0/0","0/0","0/0","0/0","0/0","0/0","0/0","0/0","0/0","0/0","0/0","0/0","0/0","0/0","0/0","0/0","0/0","0/0","0/0","0/0","0/0","0/0","0/0","0/0","0/0","0/0","0/0","0/0","0/0","0/0","0/0","0/0","0/0","0/0","0/0","0/0","0/0","0/0","0/0","0/1","0/0","0/0","0/0","0/0","0/0","0/0","0/0","0/0","0/0","0/0","0/0","0/0","0/0","0/0","0/0","0/0","0/0","0/0","0/0","0/0","0/1","0/0","0/0","0/0","0/0","0/0","0/0","0/0","0/0","0/0","0/1","0/1","0/0","0/0","0/0","0/0","0/0","0/0","0/0","0/0","0/0","0/0","0/0","0/0","0/0","0/0","0/0","0/0","0/0","0/0","0/0","0/0","0/0","0/0","0/0","0/0","0/1","0/0","0/0","0/0","0/0","0/0","0/0","0/0","0/0","0/0","0/0","0/0","0/0","0/0","0/0","0/0","0/0","0/0","0/0","0/0","0/0","0/0","0/0","0/0","0/0","0/0","0/0","0/0","0/0","0/0","0/0","0/0","0/0","0/0","0/0","0/0","0/0","0/0","0/0","0/0","0/0","0/0","0/0","0/0","0/0","0/0","0/0","0/0","0/0","0/0","0/0","0/0","0/0","0/0","0/0","0/0"
"chr11:102565730_TC/T_MMP27","0/0","0/0","0/0","0/0","0/0","0/0","0/0","0/0","0/0","0/0","0/0","0/0","0/0","0/0","0/0","0/0","0/0","0/0","0/0","0/0","0/0","0/0","0/0","0/0","0/0","0/0","0/0","0/0","0/0","0/0","0/0","0/0","0/0","0/0","0/0","0/0","0/0","0/0","0/0","0/0","0/0","0/0","0/1","0/0","0/0","0/0","0/0","0/0","0/0","0/0","0/0","0/0","0/0","0/0","0/0","0/0","0/0","0/0","0/0","0/0","0/0","0/0","0/0","0/0","0/0","0/0","0/0","0/0","0/0","0/0","0/0","0/0","0/0","0/0","0/0","0/0","0/0","0/0","0/0","0/0","0/0","0/0","0/0","0/0","0/0","0/0","0/0","0/0","0/0","0/0","0/0","0/0","0/0","0/0","0/0","0/0","0/0","0/0","0/0","0/0","0/0","0/0","0/0","0/0","0/0","0/0","0/0","0/0","0/0","0/0","0/0","0/0","0/0","0/0","0/0","0/0","0/0","0/0","0/0","0/0","0/0","0/0","0/0","0/0","0/0","0/0","0/0","0/0","0/0","0/0","0/0","0/0","0/0","0/0","0/0","0/0","0/0","0/0","0/0","0/0","0/0","0/0","0/0","0/0","0/0","0/0","0/0","0/0","0/0","0/0","0/0","0/0","0/0"
"chr11:102663380_GC/G_MMP1","0/0","0/0","0/0","0/0","0/0","0/0","0/0","0/0","0/0","0/0","0/0","0/0","0/0","0/0","0/0","0/0","0/0","0/0","0/0","0/0","0/0","0/0","0/0","0/0","0/0","0/0","0/0","0/0","0/0","0/0","0/0","0/0","0/0","0/0","0/0","0/0","0/0","0/0","0/0","0/0","0/0","0/0","0/1","0/0","0/0","0/0","0/0","0/0","0/0","0/0","0/0","0/0","0/0","0/0","0/0","0/0","0/0","0/0","0/0","0/0","0/0","0/0","0/0","0/0","0/0","0/0","0/0","0/0","0/0","0/0","0/0","0/0","0/0","0/0","0/0","0/0","0/0","0/0","0/0","0/0","0/0","0/0","0/0","0/0","0/0","0/0","0/0","0/0","0/0","0/0","0/0","0/0","0/0","0/0","0/0","0/0","0/0","0/0","0/0","0/0","0/0","0/0","0/0","0/0","0/0","0/0","0/0","0/0","0/0","0/0","0/0","0/0","0/0","0/0","0/0","0/0","0/0","0/0","0/0","0/0","0/0","0/0","0/0","0/0","0/0","0/0","0/0","0/0","0/0","0/0","0/0","0/0","0/0","0/0","0/0","0/0","0/0","0/0","0/0","0/0","0/0","0/0","0/0","0/0","0/0","0/0","0/0","0/0","0/0","0/0","0/0","0/0","0/0"
"chr11:102738793_G/GT_MMP12","1/1","1/1","1/1","1/1","1/1","1/1","1/1","1/1","1/1","1/1","1/1","1/1","1/1","1/1","1/1","1/1","1/1","1/1","1/1","1/1","1/1","1/1","1/1","1/1","1/1","1/1","1/1","1/1","1/1","1/1","1/1","1/1","1/1","1/1","1/1","1/1","1/1","1/1","1/1","1/1","1/1","1/1","1/1","1/1","1/1","1/1","1/1","1/1","1/1","1/1","1/1","1/1","1/1","1/1","1/1","1/1","1/1","1/1","1/1","1/1","1/1","1/1","1/1","1/1","1/1","1/1","1/1","1/1","1/1","1/1","1/1","1/1","1/1","1/1","1/1","1/1","1/1","1/1","1/1","1/1","1/1","1/1","1/1","1/1","1/1","1/1","1/1","1/1","1/1","1/1","1/1","1/1","1/1","1/1","1/1","1/1","1/1","1/1","1/1","1/1","1/1","1/1","1/1","1/1","1/1","1/1","1/1","1/1","1/1","1/1","1/1","1/1","1/1","1/1","1/1","1/1","1/1","1/1","1/1","1/1","1/1","1/1","1/1","1/1","1/1","1/1","1/1","1/1","1/1","1/1","1/1","1/1","1/1","1/1","1/1","1/1","1/1","1/1","1/1","1/1","1/1","1/1","1/1","1/1","1/1","1/1","1/1","1/1","1/1","1/1","1/1","1/1","1/1"
"chr11:103022855_TAACCTTTAGA/TTTTAGA_DYNC2H1","0/0","0/0","0/1","0/0","0/0","0/0","0/0","0/0","0/0","0/0","0/1","0/0","0/0","0/0","0/0","0/0","0/0","0/0","0/0","0/0","0/0","0/0","0/0","0/0","0/0","0/0","0/0","0/0","0/0","0/0","0/0","0/0","0/0","0/0","0/0","0/0","0/0","0/0","0/0","0/0","0/0","0/0","0/0","0/0","0/0","0/0","0/0","0/0","0/0","0/0","0/0","0/0","0/0","0/0","0/0","0/0","0/0","0/0","0/0","0/0","0/0","0/0","0/0","0/0","0/0","0/0","0/0","0/0","0/0","0/0","0/0","0/0","0/0","0/0","0/0","0/0","0/0","0/0","0/0","0/0","0/0","0/0","0/0","0/0","0/0","0/0","0/0","0/0","0/0","0/0","0/0","0/0","0/0","0/0","0/0","0/0","0/0","0/0","0/0","0/0","0/2","0/0","0/0","0/0","0/0","0/0","0/0","0/0","0/0","0/0","0/0","0/0","0/0","0/0","0/0","0/0","0/0","0/0","0/0","0/0","0/0","0/0","0/0","0/0","0/0","0/0","0/0","0/0","0/0","0/0","0/0","0/0","0/0","0/0","0/0","0/0","0/0","0/1","0/0","0/0","0/0","0/0","0/0","0/1","0/0","0/0","0/0","0/0","0/0","0/0","0/0","0/0","0/0"
"chr11:103106534_GTCTTGAGAGTTTGTATTTAGTTATTCCTGA/G_DYNC2H1","0/0","0/0","0/0","0/0","0/0","0/0","0/0","0/0","0/0","0/0","0/0","0/0","0/0","0/0","0/0","0/0","0/0","0/0","0/0","0/0","0/0","0/0","0/0","0/0","0/0","0/0","0/0","0/0","0/0","0/0","0/0","0/0","0/0","0/0","0/0","0/0","0/0","0/0","0/0","0/0","0/0","0/0","0/0","0/0","0/1","0/0","0/0","0/0","0/0","0/0","0/0","0/0","0/0","0/0","0/0","0/0","0/0","0/0","0/0","0/0","0/0","0/0","0/0","0/0","0/0","0/0","0/0","0/0","0/0","0/0","0/0","0/0","0/0","0/0","0/0","0/0","0/0","0/0","0/0","0/0","0/0","0/0","0/0","0/0","0/0","0/0","0/0","0/0","0/0","0/0","0/0","0/0","0/0","0/0","0/0","0/0","0/0","0/0","0/0","0/0","0/0","0/0","0/0","0/0","0/0","0/0","0/0","0/0","0/0","0/0","0/0","0/0","0/0","0/0","0/0","0/0","0/0","0/0","0/0","0/0","0/0","0/0","0/0","0/0","0/0","0/0","0/0","0/0","0/0","0/0","0/0","0/0","0/0","0/0","0/0","0/0","0/0","0/0","0/0","0/0","0/0","0/0","0/0","0/0","0/0","0/0","0/0","0/0","0/0","0/0","0/0","0/0","0/0"
"chr11:104878040_G/GT_CASP5","0/0","0/0","0/0","0/0","0/0","0/0","0/0","0/0","0/0","0/0","0/0","0/0","0/0","0/0","0/0","0/0","0/0","0/0","0/0","0/0","0/0","0/0","0/0","0/0","0/0","0/0","0/0","0/0","0/0","0/0","0/1","0/0","0/0","0/0","0/0","0/0","0/0","0/0","0/0","0/0","0/0","0/0","0/0","0/0","0/0","0/0","0/0","0/0","0/0","0/0","0/0","0/0","0/0","0/1","0/0","0/0","0/0","0/0","0/0","0/1","0/0","0/0","0/0","0/0","0/0","0/0","0/1","0/0","0/0","0/0","0/0","0/1","0/0","0/0","0/0","0/0","0/0","0/1","0/1","0/0","0/0","0/0","0/0","0/0","0/0","0/0","0/0","0/0","0/0","0/0","0/0","0/0","0/0","0/0","0/0","0/0","0/0","0/0","0/0","0/1","0/0","0/0","0/0","0/0","0/0","0/0","0/0","0/0","0/0","0/0","0/0","0/0","0/0","0/0","0/0","0/0","0/0","0/0","0/0","0/0","0/0","0/0","0/0","0/0","0/0","0/0","0/0","0/0","0/0","0/0","0/0","0/0","0/0","0/0","0/0","0/0","0/0","0/0","0/0","0/0","0/0","0/0","0/0","0/0","0/0","0/0","0/0","0/0","0/0","0/0","0/0","0/0","0/1"
"chr11:104879686_CT/C_CASP5","0/1","0/0","0/0","0/0","0/0","0/0","0/2","0/0","0/0","0/1","0/0","0/0","0/0","0/0","0/0","0/0","0/0","0/0","0/0","0/0","0/0","0/2","0/0","0/0","0/0","0/0","0/2","0/0","0/0","0/0","0/0","0/0","0/0","0/0","0/0","0/0","0/1","0/0","0/0","0/0","0/0","0/0","0/0","0/2","0/1","0/0","0/0","0/1","0/0","0/0","0/0","0/0","0/0","0/0","0/0","0/0","0/0","0/0","0/1","0/0","0/0","0/0","0/0","0/0","0/0","0/0","0/0","0/0","0/1","0/2","0/0","0/0","0/0","0/0","0/0","0/0","0/0","0/0","0/0","0/0","0/0","0/0","0/0","0/0","0/0","0/1","0/0","0/0","0/0","0/0","0/1","0/0","0/0","0/0","0/0","0/0","0/0","0/0","0/0","0/0","0/1","0/0","0/0","0/0","0/0","0/0","0/0","0/1","0/0","0/0","0/0","0/0","0/0","0/0","0/0","0/0","0/0","0/0","0/0","0/0","0/0","0/1","0/0","0/0","0/0","0/0","0/0","0/0","0/0","0/0","0/0","0/0","0/0","0/0","0/0","0/0","0/0","0/1","0/0","0/0","0/1","0/0","0/1","0/0","0/0","0/0","0/0","0/0","0/0","0/0","0/0","0/0","0/0"
"chr11:104901069_AT/A_CASP1","0/0","0/0","0/0","0/0","0/0","0/0","0/0","0/0","0/0","0/0","0/0","0/0","0/0","0/0","0/0","0/0","0/0","0/0","0/0","0/0","0/0","0/0","0/0","0/0","0/0","0/0","0/0","0/0","0/0","0/0","0/0","0/1","0/0","0/0","0/0","0/0","0/0","0/0","0/0","0/0","0/0","0/0","0/0","0/0","0/0","0/0","0/0","0/0","0/0","0/0","0/0","0/0","0/0","0/0","0/0","0/0","0/0","0/0","0/0","0/0","0/0","0/0","0/0","0/0","0/0","0/0","0/0","0/0","0/0","0/0","0/0","0/0","0/0","0/0","0/0","0/0","0/0","0/0","0/0","0/0","0/0","0/0","0/0","0/0","0/0","0/0","0/0","0/0","0/0","0/0","0/0","0/0","0/0","0/0","0/0","0/0","0/0","0/0","0/0","0/0","0/0","0/0","0/0","0/0","0/0","0/0","0/0","0/0","0/0","0/0","0/0","0/0","0/0","0/0","0/0","0/0","0/0","0/0","0/0","0/0","0/0","0/0","0/0","0/0","0/0","0/0","0/0","0/0","0/0","0/0","0/0","0/0","0/0","0/0","0/0","0/0","0/0","0/0","0/0","0/0","0/0","0/0","0/0","0/0","0/0","0/0","0/0","0/0","0/0","0/0","0/0","0/0","0/0"
"chr11:108788634_GTGA/GTGATGATGA_DDX10","0/0","0/0","0/0","0/0","0/0","0/0","0/1","0/1","0/1","0/0","0/0","0/0","0/0","0/0","0/0","0/0","0/0","0/0","0/0","0/0","0/0","0/0","0/0","0/0","0/0","0/0","0/0","0/0","0/2","0/2","0/0","0/0","0/0","0/0","0/0","0/0","0/0","0/1","0/0","0/0","0/0","0/0","0/1","0/0","0/0","0/1","0/0","0/0","0/0","0/0","0/0","0/2","0/0","0/0","0/0","0/0","0/0","0/0","0/0","0/0","0/0","0/0","0/0","0/0","0/0","0/0","0/0","0/0","0/0","0/0","0/0","0/0","0/0","0/0","0/0","0/0","0/0","0/0","0/0","0/0","0/0","0/0","0/0","0/0","0/0","0/0","0/0","0/0","0/0","0/0","0/2","0/0","0/0","0/0","0/0","0/0","0/0","0/0","0/0","0/0","0/0","0/0","0/0","0/1","0/1","0/1","0/1","0/0","0/0","0/0","0/0","0/0","0/0","0/0","0/0","0/0","0/0","0/0","0/0","0/0","0/0","0/0","0/0","0/0","0/0","0/0","0/0","0/0","0/1","0/1","0/1","0/0","0/1","0/0","0/1","0/1","0/0","0/0","0/0","0/0","0/0","0/0","0/0","0/0","0/0","0/0","0/1","0/1","0/1","0/0","0/0","0/0","0/0"
"chr11:110007743_T/TTAA_ZC3H12C","0/0","0/0","0/0","0/0","0/0","0/0","0/0","0/0","0/0","0/0","0/0","0/0","0/0","0/0","0/0","0/0","0/0","0/0","0/0","0/0","0/0","0/0","0/0","0/0","0/0","0/0","0/0","0/0","0/0","0/0","0/0","0/0","0/0","0/0","0/0","0/0","0/0","0/0","0/0","0/0","0/0","0/0","0/0","0/0","0/0","0/0","0/0","0/0","0/0","0/0","0/0","0/0","0/0","0/0","0/0","0/0","0/0","0/0","0/0","0/0","0/0","0/0","0/0","0/0","0/0","0/0","0/0","0/0","0/0","0/0","0/0","0/0","0/0","0/0","0/0","0/0","0/0","0/0","0/0","0/0","0/0","0/0","0/0","0/0","0/0","0/0","0/0","0/0","0/0","0/0","0/0","0/0","0/0","0/0","0/0","0/0","0/0","0/0","0/0","0/0","0/0","0/0","0/0","0/0","0/0","0/0","0/0","0/0","0/0","0/0","0/0","0/0","0/0","0/0","0/0","0/0","0/0","0/0","0/0","0/0","0/0","0/0","0/0","0/0","0/0","0/0","0/0","0/0","0/0","0/0","0/0","0/0","0/0","0/0","0/0","0/0","0/0","0/0","0/0","0/0","0/0","0/0","0/0","0/0","0/0","0/0","0/1","0/1","0/1","0/0","0/0","0/0","0/0"
"chr11:111411591_A/AGGCCGTGCTGCT_LAYN","0/0","0/0","0/0","0/0","0/0","0/0","0/0","0/0","0/0","0/0","0/0","0/0","0/0","0/0","0/0","0/0","0/0","0/0","0/0","0/0","0/0","0/0","0/0","0/0","0/0","0/0","0/0","0/0","0/0","0/0","0/0","0/0","0/0","0/0","0/0","0/0","0/0","0/0","0/0","0/0","0/0","0/0","0/0","0/0","0/0","0/0","0/0","0/0","0/0","0/0","0/0","0/0","0/0","0/0","0/0","0/0","0/0","0/0","0/0","0/0","0/0","0/0","0/0","0/0","0/0","0/0","0/0","0/0","0/0","0/0","0/0","0/0","0/0","0/0","0/0","0/0","0/0","0/0","0/0","0/0","0/0","1/1","0/0","0/0","0/0","0/0","0/0","0/0","0/0","0/0","0/0","0/0","0/0","0/0","0/0","0/0","0/0","0/0","0/0","0/0","0/0","0/0","0/0","0/0","0/0","0/0","0/0","0/0","0/0","0/0","0/0","0/0","0/0","0/0","0/0","0/0","0/0","0/0","0/0","0/0","0/0","0/0","0/0","0/0","0/0","0/0","0/0","0/0","0/0","0/0","0/0","0/0","0/0","0/0","0/0","0/0","0/0","0/0","0/0","0/0","0/0","0/0","0/0","0/0","0/0","0/0","0/0","0/0","0/0","0/0","0/0","0/0","0/0"
"chr11:111749433_A/AT_FDXACB1","0/0","0/0","0/0","0/0","0/0","0/0","0/0","0/0","0/0","0/0","0/0","0/0","0/0","0/0","0/0","0/0","0/0","0/0","0/0","0/0","0/0","0/0","0/0","0/0","0/0","0/0","0/0","0/0","0/0","0/0","0/0","0/0","0/1","0/0","0/0","0/0","0/0","0/0","0/0","0/0","0/0","0/0","0/0","0/0","0/0","0/0","0/0","0/0","0/0","0/0","0/0","0/0","0/0","0/0","0/0","0/0","0/0","0/0","0/0","0/0","0/0","0/0","0/0","0/0","0/0","0/0","0/0","0/0","0/0","0/0","0/0","0/0","0/0","0/0","0/0","0/0","0/0","0/0","0/0","0/0","0/0","0/0","0/0","0/0","0/0","0/0","0/0","0/0","0/0","0/0","0/0","0/0","0/0","0/0","0/0","0/0","0/0","0/0","0/0","0/0","0/0","0/0","0/0","0/0","0/0","0/0","0/0","0/0","0/0","0/0","0/0","0/0","0/0","0/0","0/0","0/0","0/0","0/0","0/0","0/0","0/0","0/0","0/0","0/0","0/0","0/0","0/0","0/0","0/0","0/0","0/0","0/0","0/0","0/0","0/0","0/0","0/0","0/0","0/0","0/0","0/0","0/0","0/0","0/0","0/0","0/0","0/0","0/0","0/0","0/0","0/0","0/0","0/0"
"chr11:111853106_G/GC_DIXDC1","1/1","1/1","1/1","1/1","1/1","1/1","1/1","1/1","1/1","1/1","1/1","1/1","1/1","1/1","1/1","1/1","1/1","1/1","1/1","1/1","1/1","1/1","1/1","1/1","1/1","1/1","1/1","1/1","1/1","1/1","1/1","1/1","1/1","1/1","1/1","1/1","1/1","1/1","1/1","1/1","1/1","1/1","1/1","1/1","1/1","1/1","1/1","1/1","1/1","1/1","1/1","1/1","1/1","1/1","1/1","1/1","1/1","1/1","1/1","1/1","1/1","1/1","1/1","1/1","1/1","1/1","1/1","1/1","1/1","1/1","1/1","1/1","1/1","1/1","1/1","1/1","1/1","1/1","1/1","1/1","1/1","1/1","1/1","1/1","1/1","1/1","1/1","1/1","1/1","1/1","1/1","1/1","1/1","1/1","1/1","1/1","1/1","1/1","1/1","1/1","1/1","1/1","1/1","1/1","1/1","1/1","1/1","1/1","1/1","1/1","1/1","1/1","1/1","1/1","1/1","1/1","1/1","1/1","1/1","1/1","1/1","1/1","1/1","1/1","1/1","1/1","1/1","1/1","1/1","1/1","1/1","1/1","1/1","1/1","1/1","1/1","1/1","1/1","1/1","1/1","1/1","1/1","1/1","1/1","1/1","1/1","1/1","1/1","1/1","1/1","1/1","1/1","1/1"
"chr11:111953288_CA/C_C11orf57","0/0","0/0","0/0","0/0","0/0","0/0","0/0","0/0","0/0","0/0","0/0","0/0","0/0","0/0","0/0","0/0","0/0","0/0","0/0","0/0","0/0","0/0","0/0","0/0","0/0","0/0","0/0","0/0","0/0","0/0","0/0","0/0","0/0","0/0","0/0","0/0","0/1","0/0","0/0","0/0","0/0","0/0","0/0","0/0","0/0","0/0","0/0","0/0","0/0","0/0","0/0","0/0","0/0","0/0","0/0","0/0","0/0","0/0","0/0","0/0","0/0","0/0","0/0","0/0","0/0","0/0","0/0","0/0","0/0","0/0","0/0","0/0","0/0","0/0","0/0","0/0","0/0","0/0","0/0","0/0","0/0","0/0","0/0","0/0","0/0","0/0","0/0","0/0","0/0","0/0","0/0","0/0","0/0","0/0","0/0","0/0","0/0","0/0","0/0","0/0","0/0","0/0","0/0","0/0","0/0","0/0","0/0","0/0","0/0","0/0","0/0","0/0","0/0","0/0","0/0","0/0","0/0","0/0","0/0","0/0","0/0","0/0","0/0","0/0","0/0","0/0","0/0","0/0","0/0","0/0","0/0","0/0","0/0","0/0","0/0","0/0","0/0","0/0","0/0","0/0","0/0","0/0","0/0","0/0","0/0","0/0","0/0","0/0","0/0","0/0","0/0","0/0","0/0"
"chr11:111963915_C/CGA_SDHD","0/0","0/0","0/0","0/0",".","0/0",".","0/0","0/0","0/0","0/1","0/0",".","0/0","0/0","0/0","0/0","0/0","0/0",".","0/0","0/0","0/0","0/0","0/0","0/0","0/0","0/0",".","0/0","0/0","0/0",".",".","0/0","0/0","0/0","0/0","0/0",".","0/0",".","0/0","0/0","0/0","0/0","0/0","0/0","0/0","0/0","0/0","0/0","0/0",".","0/0","0/0",".","0/0","0/0","0/0",".",".","0/0","0/0","0/0","0/0","0/0","0/0","0/0",".","0/0","0/0",".","0/0","0/0","0/0",".","0/0","0/0",".","0/0",".","0/0",".","0/0",".","0/0",".","0/0",".","0/0","0/0","0/0","0/0","0/0","0/0","0/0","0/0","0/0","0/0","0/0","0/0","0/0","0/0","0/0","0/0",".","0/0",".","0/0","0/0","0/0",".","0/0","0/0","0/0","0/0","0/0","0/0","0/0","0/0","0/0","0/0","0/0","0/0","0/0","0/0","0/0",".","0/0",".","0/0","0/0","0/0","0/0","0/0","0/0","0/0","0/0","0/0","0/0","0/0","0/0",".",".","0/0","0/0","0/0","0/0","0/0","0/0","0/0","0/0"
"chr11:111963917_AGT/A_SDHD","0/0","0/0","0/0","0/0",".","0/0",".","0/0","0/0","0/0","0/1","0/0",".","0/0","0/0","0/0","0/0","0/0","0/0",".","0/0","0/0","0/0","0/0","0/0","0/0","0/0",".",".","0/0","0/0","0/0",".",".","0/0","0/0","0/0","0/0","0/0",".","0/0",".","0/0","0/0","0/0","0/0","0/0","0/0","0/0","0/0","0/0","0/0","0/0",".","0/0","0/0",".","0/0","0/0","0/0",".",".","0/0","0/0","0/0","0/0","0/0","0/0","0/0",".","0/0","0/0",".","0/0","0/0","0/0",".","0/0","0/0",".","0/0",".","0/0",".","0/0",".","0/0",".","0/0",".","0/0","0/0","0/0",".","0/0","0/0","0/0","0/0","0/0","0/0","0/0","0/0","0/0","0/0","0/0","0/0",".","0/0",".","0/0","0/0","0/0",".","0/0","0/0","0/0","0/0","0/0","0/0","0/0","0/0","0/0","0/0","0/0","0/0","0/0","0/0","0/0",".","0/0",".","0/0","0/0","0/0","0/0","0/0","0/0","0/0","0/0","0/0","0/0","0/0","0/0",".",".","0/0","0/0","0/0","0/0","0/0","0/0","0/0","0/0"
"chr11:113567640_TG/T_TMPRSS5","0/0","0/0","0/0","0/0","0/0","0/0","0/0","0/0","0/0","0/0","0/0","0/0","0/0","0/0","0/0","0/0","0/0","0/0","0/0","0/0","0/0","0/1","0/0","0/0","0/0","0/0","0/0","0/0","0/0","0/0","0/0","0/0","0/0","0/0","0/0","0/0","0/0","0/0","0/0","0/0","0/0","0/0","0/0","0/0","0/0","0/0","0/0","0/0","0/0","0/0","0/0","0/0","0/0","0/0","0/0","0/0","0/0","0/0","0/0","0/0","0/0","0/0","0/1","0/0","0/0","0/0","0/0","0/0","0/0","0/0","0/0","0/0","0/0","0/0","0/0","0/0","0/0","0/0","0/0","0/0","0/0","0/1","0/0","0/0","0/0","0/0","0/0","0/0","0/0","0/0","0/0","0/0","0/0","0/0","0/0","0/0","0/0","0/0","0/0","0/0","0/0","0/0","0/0","0/0","0/0","0/0","0/0","0/0","0/0","0/0","0/0","0/0","0/0","0/0","0/0","0/0","0/0","0/0","0/0","0/0","0/0","0/0","0/0","0/0","0/0","0/0","0/0","0/0","0/0","0/0","0/0","0/0","0/0","0/0","0/0","0/0","0/0","0/0","0/0","0/1","0/0","0/0","0/0","0/0","0/0","0/0","0/0","0/0","0/0","0/0","0/0","0/0","0/0"
"chr11:113857263_CT/C_HTR3A","0/0","0/0","0/0","0/0","0/0","0/0","0/0","0/0","0/0","0/0","0/0","0/0","0/0","0/0","0/0","0/0","0/0","0/1","0/0","0/0","0/0","0/0","0/0","0/0","0/0","0/0","0/0","0/0","0/0","0/0","0/0","0/0","0/0","0/0","0/0","0/0","0/0","0/0","0/0","0/0","0/0","0/0","0/0","0/0","0/0","0/0","0/0","0/0","0/0","0/0","0/0","0/0","0/0","0/0","0/0","0/0","0/0","0/0","0/0","0/0","0/0","0/0","0/0","0/0","0/0","0/0","0/0","0/0","0/0","0/0","0/0","0/0","0/0","0/0","0/0","0/0","0/0","0/0","0/0","0/0","0/0","0/0","0/0","0/0","0/0","0/0","0/0","0/0","0/0","0/0","0/0","0/0","0/0","0/0","0/0","0/0","0/0","0/0","0/0","0/0","0/0","0/0","0/0","0/0","0/0","0/0","0/0","0/0","0/0","0/0","0/0","0/0","0/0","0/0","0/0","0/0","0/0","0/0","0/0","0/0","0/0","0/0","0/0","0/0","0/0","0/0","0/0","0/0","0/0","0/0","0/0","0/0","0/0","0/0","0/0","0/0","0/0","0/0","0/0","0/0","0/0","0/0","0/0","0/0","0/0","0/0","0/0","0/0","0/0","0/0","0/0","0/0","0/0"
"chr11:117261796_G/GA_CEP164","0/0","0/0","0/0","0/0","0/0","0/0","0/0","0/0","0/1","0/0","0/0","0/0","0/0","0/0","0/0","0/0","0/0","0/0","0/0","0/0","0/0","0/0","0/0","0/0","0/0","0/0","0/0","0/0","0/0","0/0","0/0","0/0","0/0","0/0","0/0","0/0","0/0","0/0","0/0","0/0","0/0","0/0","0/0","0/0","0/0","0/0","0/0","0/0","0/0","0/0","0/0","0/0","0/0","0/0","0/0","0/0","0/0","0/0","0/0","0/0","0/0","0/0","0/0","0/0","0/0","0/0","0/0","0/0","0/0","0/0","0/0","0/0","0/0","0/0","0/0","0/0","0/0","0/0","0/0","0/0","0/0","0/0","0/0","0/0","0/0","0/0","0/0","0/0","0/0","0/0","0/0","0/0","0/0","0/0","0/0","0/0","0/0","0/0","0/0","0/0","0/0","0/0","0/0","0/0","0/0","0/0","0/0","0/0","0/0","0/0","0/0","0/0","0/0","0/0","0/0","0/0","0/0","0/0","0/0","0/0","0/0","0/0","0/0","0/0","0/0","0/0","0/0","0/0","0/0","0/0","0/0","0/0","0/0","0/0","0/0","0/0","0/0","0/0","0/0","0/0","0/0","0/0","0/0","0/0","0/0","0/0","0/0","0/0","0/0","0/0","0/0","0/0","0/0"
"chr11:118307413_CGCG/C_KMT2A","0/0","0/0","0/0","0/0","0/0","0/0","0/0","0/0","0/0","0/0","0/0","0/0","0/0","0/0","0/0","0/0","0/0","0/0","0/0","0/0","0/0","0/0","0/0","0/0","0/0","0/0","0/0","0/0","0/0","0/0","0/0","0/0","0/0","0/0","0/0","0/0","0/0","0/0","0/0","0/0","0/0","0/0","0/0","0/0","0/0","0/0","0/0","0/0","0/0","0/0","0/0","0/0","0/0","0/0","0/0","0/0","0/0","0/0","0/0","0/1","0/0","0/0","0/0","0/0","0/0","0/0","0/0","0/0","0/0","0/0","0/0","0/0","0/0","0/0","0/0","0/0","0/0","0/0","0/0","0/0","0/0","0/0","0/0","0/0","0/0","0/0","0/0","0/0","0/0","0/0","0/1","0/0","0/0","0/0","0/0","0/0","0/0","0/0","0/0","0/0","0/0","0/0","0/0","0/0","0/0","0/0","0/0","0/0","0/0","0/0","0/0","0/0","0/0","0/0","0/0","0/0","0/0","0/0","0/0","0/0","0/0","0/0","0/0","0/0","0/0","0/0","0/0","0/0","0/0","0/0","0/0","0/0","0/0","0/0","0/0","0/0","0/0","0/0","0/0","0/0","0/0","0/0","0/0","0/0","0/0","0/0","0/0","0/0","0/0","0/0","0/0","0/0","0/0"
"chr11:118403114_GCT/G_TMEM25","0/0","0/0","0/0","0/0","0/0","0/0","0/0","0/0","0/0","0/0","0/0","0/0","0/0","0/0","0/0","0/0","0/0","0/0","0/0","0/0","0/0","0/0","0/0","0/0","0/0","0/0","0/0","0/0","0/0","0/0","0/0","0/0","0/0","0/0","0/0","0/0","0/1","0/0","0/0","0/0","0/0","0/0","0/0","0/0","0/0","0/0","0/0","0/0","0/0","0/0","0/0","0/0","0/0","0/0","0/0","0/0","0/0","0/0","0/0","0/0","0/0","0/0","0/0","0/0","0/0","0/0","0/0","0/0","0/0","0/0","0/0","0/0","0/0","0/0","0/0","0/0","0/0","0/0","0/0","0/0","0/0","0/0","0/0","0/0","0/0","0/0","0/0","0/0","0/0","0/0","0/0","0/0","0/0","0/0","0/0","0/0","0/0","0/0","0/0","0/0","0/0","0/0","0/0","0/0","0/0","0/0","0/0","0/0","0/0","0/0","0/0","0/0","0/0","0/0","0/0","0/0","0/0","0/0","0/0","0/0","0/0","0/0","0/0","0/0","0/0","0/0","0/0","0/0","0/0","0/0","0/0","0/0","0/0","0/0","0/0","0/0","0/0","0/0","0/0","0/0","0/0","0/0","0/0","0/0","0/0","0/0","0/0","0/0","0/0","0/0","0/0","0/0","0/0"
"chr11:118529044_C/CG_TREH","1/1","1/1","1/1","1/1","1/1","1/1","1/1","1/1","1/1","1/1","1/1","1/1","1/1","1/1","1/1","1/1","1/1","1/1","1/1","1/1","1/1","1/1","1/1","1/1","1/1","1/1","1/1","1/1","1/1","1/1","1/1","1/1","1/1","1/1","1/1","1/1","1/1","1/1","1/1","1/1","1/1","1/1","1/1","1/1","1/1","1/1","1/1","1/1","1/1","1/1","1/1","1/1","1/1","1/1","1/1","1/1","1/1","1/1","1/1","1/1","1/1","1/1","1/1","1/1","1/1","1/1","1/1","1/1","1/1","1/1","1/1","1/1","1/1","1/1","1/1","1/1","1/1","1/1","1/1","1/1","1/1","1/1","1/1","1/1","1/1","1/1","1/1","1/1","1/1","1/1","1/1","1/1","1/1","1/1","1/1","1/1","1/1","1/1","1/1","1/1","1/1","1/1","1/1","1/1","1/1","1/1","1/1","1/1","1/1","1/1","1/1","1/1","1/1","1/1","1/1","1/1","1/1","1/1","1/1","1/1","1/1","1/1","1/1","1/1","1/1","1/1","1/1","1/1","1/1","1/1","1/1","1/1","1/1","1/1","1/1","1/1","1/1","1/1","1/1","1/1","1/1","1/1","1/1","1/1","1/1","1/1","1/1","1/1","1/1","1/1","1/1","1/1","1/1"
"chr11:118886041_TC/T_CCDC84","0/0","0/0","0/0","0/0","0/0","0/0","0/0","0/0","0/0","0/0","0/0","0/0","0/0","0/0","0/0","0/0","0/0","0/0","0/0","0/0","0/0","0/0","0/0","0/0","0/0","0/0","0/0","0/0","0/0","0/0","0/0","0/0","0/0","0/0","0/0","0/0","0/1","0/0","0/0","0/0","0/0","0/0","0/0","0/0","0/0","0/0","0/0","0/0","0/0","0/0","0/0","0/0","0/0","0/0","0/0","0/0","0/0","0/0","0/0","0/0","0/0","0/0","0/0","0/0","0/0","0/0","0/0","0/0","0/0","0/0","0/0","0/0","0/0","0/0","0/0","0/0","0/0","0/0","0/0","0/0","0/0","0/0","0/0","0/0","0/0","0/0","0/0","0/0","0/0","0/0","0/0","0/0","0/0","0/0","0/0","0/0","0/0","0/0","0/0","0/0","0/0","0/0","0/0","0/0","0/0","0/0","0/0","0/0","0/0","0/0","0/0","0/0","0/0","0/0","0/0","0/0","0/0","0/0","0/0","0/0","0/0","0/0","0/0","0/0","0/0","0/0","0/0","0/0","0/0","0/0","0/0","0/0","0/0","0/0","0/0","0/0","0/0","0/0","0/0","0/0","0/0","0/0","0/0","0/0","0/0","0/0","0/0","0/0","0/0","0/0","0/0","0/0","0/0"
"chr11:118939939_T/TC_VPS11","0/1","0/1","0/1","1/1","1/1","1/1","1/1","1/1","1/1","1/1","1/1","1/1","1/1","1/1","1/1","1/1","1/1","1/1","1/1","1/1","1/1","1/1","1/1","1/1","1/1","1/1","1/1","1/1","1/1","1/1","1/1","1/1","1/1","1/1","1/1","1/1","1/1","1/1","1/1","0/1","1/1","1/1","1/1","1/1","1/1","1/1","1/1","1/1","1/1","1/1","1/1","1/1","1/1","1/1","1/1","1/1","1/1","1/1","1/1","1/1","0/1","1/1","1/1","1/1","1/1","1/1","1/1","1/1","1/1","1/1","1/1","1/1","1/1","1/1","1/1","1/1","1/1","1/1","1/1","1/1","1/1","0/1","1/1","1/1","1/1","1/1","1/1","1/1","1/1","1/1","1/1","1/1","1/1","1/1","1/1","1/1","1/1","1/1","1/1","1/1","1/1","1/1","1/1","1/1","1/1","1/1","1/1","1/1","1/1","1/1","1/1","1/1","1/1","1/1","1/1","1/1","1/1","1/1","1/1","1/1","1/1","1/1","1/1","1/1","1/1","1/1","1/1","1/1","1/1","1/1","1/1","1/1","1/1","1/1","1/1","1/1","1/1","1/1","1/1","1/1","1/1","1/1","1/1","1/1","1/1","1/1","1/1","1/1","1/1","1/1","1/1","1/1","1/1"
"chr11:118939941_C/CT_VPS11","0/1","0/1","0/1","0/0","0/0","0/0","0/0","0/0","0/0","0/0","0/0","0/0","0/0","0/0","0/0","0/0","0/0","0/0","0/0","0/0","0/0","0/0","0/0","0/0","0/0","0/0","0/0","0/0","0/0","0/0","0/0","0/0","0/0","0/0","0/0","0/0","0/0","0/0","0/0","0/1","0/0","0/0","0/0","0/0","0/0","0/0","0/0","0/0","0/0","0/0","0/0","0/0","0/0","0/0","0/0","0/0","0/0","0/0","0/0","0/0","0/1","0/0","0/0","0/0","0/0","0/0","0/0","0/0","0/0","0/0","0/0","0/0","0/0","0/0","0/0","0/0","0/0","0/0","0/0","0/0","0/0","0/1","0/0","0/0","0/0","0/0","0/0","0/0","0/0","0/0","0/0","0/0","0/0","0/0","0/0","0/0","0/0","0/0","0/0","0/0","0/0","0/0","0/0","0/0","0/0","0/0","0/0","0/0","0/0","0/0","0/0","0/0","0/0","0/0","0/0","0/0","0/0","0/0","0/0","0/0","0/0","0/0","0/0","0/0","0/0","0/0","0/0","0/0","0/0","0/0","0/0","0/0","0/0","0/0","0/0","0/0","0/0","0/0","0/0","0/0","0/0","0/0","0/0","0/0","0/0","0/0","0/0","0/0","0/0","0/0","0/0","0/0","0/0"
"chr11:119077232_G/GCACCAC_CBL","0/0","0/0","0/0","0/0","0/0","0/0","0/0","0/0","0/0","0/0","0/0","0/0","0/0","0/0","0/1","0/0","0/0","0/0","0/0","0/0","0/0","0/0","0/0","0/0","0/0","0/0","0/0","0/0","0/0","0/0","0/0","0/0","0/0","0/0","0/0","0/0","0/0","0/0","0/0","0/0","0/0","0/0","0/0","0/2","0/0","0/0","0/0","0/0","0/0","0/0","0/0","0/0","0/0","0/2","0/0","0/0","0/0","0/0","0/0","0/0","0/0","0/0","0/0","0/0","0/0","0/0","0/0","0/0","0/0","0/0","0/0","0/0","0/0","0/0","0/0","0/0","0/0","0/0","0/0","0/0","0/0","0/0","0/0","0/0","0/0","0/0","0/0","0/0","0/0","0/0","0/0","0/0","0/0","0/0","0/0","0/0","0/0","0/0","0/0","0/0","0/0","0/0","0/0","0/0","0/0","0/0","0/0","0/0","0/0","0/0","0/0","0/0","0/0","0/2","0/0","0/0","0/0","0/0","0/0","0/0","0/0","0/0","0/0","0/0","0/0","0/0","0/2","0/2","0/0","0/0","0/0","0/0","0/0","0/0","0/0","0/0","0/0","0/0","0/0","0/0","0/0","0/0","0/0","0/0","0/0","0/0","0/0","0/0","0/0","0/0","0/0","0/0","0/0"
"chr11:119210189_G/GC_C1QTNF5","0/0","0/0","0/0","0/0","0/0","0/0","0/0","0/0","0/0","0/0","0/0","0/0","0/0","0/0","0/0","0/0","0/0","0/0","0/0","0/0","0/0","0/0","0/0","0/0","0/0","0/0","0/0","0/0","0/0","0/0","0/0","0/1","0/0","0/0","0/0","0/0","0/1","0/0","0/0","0/0","0/0","0/0","0/0","0/0","0/0","0/0","0/0","0/0","0/0","0/0","0/0","0/0","0/0","0/0","0/0","0/0","0/0","0/0","0/0","0/0","0/0","0/0","0/0","0/0","0/0","0/0","0/0","0/0","0/0","0/0","0/0","0/0","0/0","0/0","0/0","0/0","0/0","0/0","0/0","0/0","0/0","0/0","0/0","0/0","0/0","0/0","0/0","0/0","0/0","0/0","0/0","0/0","0/0","0/0","0/0","0/0","0/0","0/0","0/0","0/0","0/0","0/0","0/0","0/0","0/0","0/0","0/0","0/0","0/0","0/0","0/0","0/0","0/0","0/0","0/0","0/0","0/0","0/0","0/0","0/0","0/0","0/0","0/0","0/0","0/0","0/0","0/0","0/0","0/0","0/0","0/0","0/0","0/0","0/0","0/0","0/0","0/0","0/0","0/0","0/0","0/0","0/0","0/0","0/0","0/0","0/0","0/0","0/0","0/0","0/0","0/0","0/0","0/0"
"chr11:119211039_CTTG/C_C1QTNF5","0/0","0/0","0/0","0/0","0/0","0/0","0/0","0/0","0/0","0/0","0/0","0/0","0/0","0/0","0/0","0/0","0/0","0/0","0/0","0/0","0/0","0/0","0/0","0/0","0/0","0/0","0/0","0/0","0/0","0/0","0/0","0/0","0/0","0/0","0/0","0/0","0/0","0/0","0/0","0/0","0/0","0/0","0/0","0/0","0/0","0/0","0/0","0/0","0/0","0/0","0/0","0/0","0/0","0/0","0/0","0/0","0/0","0/0","0/0","0/0","0/0","0/0","0/0","0/0","0/0","0/0","0/0","0/0","0/0","0/0","0/0","0/0","0/0","0/0","0/0","0/0","0/0","0/0","0/0","0/0","0/0","0/0","0/0","0/0","0/0","0/0","0/0","0/0","0/0","0/0","0/0","0/0","0/0","0/0","0/0","0/0","0/0","0/0","0/0","0/0","0/0","0/0","0/0","0/0","0/0","0/0","0/0","0/0","0/0","0/0","0/0","0/0","0/0","0/0","0/0","0/0","0/0","0/0","0/0","0/0","0/0","0/0","0/0","0/0","0/0","0/0","0/0","0/0","0/0","0/0","0/0","0/0","0/0","0/0","0/0","0/0","0/0","0/0","0/0","0/0","0/0","0/0","0/0","0/0","0/0","0/0","0/0","0/0","0/0","0/1","0/1","0/1","0/1"
"chr11:119535677_C/CCCT_PVRL1","0/0","0/0","0/0","0/0","0/0","0/0","0/0","0/0","0/0","0/0","0/0","0/0","0/0","0/0","0/0","0/0","0/0","0/0","0/0","0/1","0/0","0/0","0/0","0/0","0/0","0/0","0/0","0/0","0/0","0/1","0/0","0/0","0/0","0/0","0/0","0/1","0/0","0/0","0/0","0/0","0/0","0/0","0/0","0/0","0/0","0/0","0/0","0/0","0/0","0/0","0/0","0/1","0/0","0/0","0/0","0/0","0/0","0/1","0/0","0/0","0/1","0/0","0/0","0/0","0/0","0/0","0/0","0/1","0/1","0/0","0/0","0/0","0/0","0/0","0/0","0/0","0/0","0/0","0/0","0/1","0/1","0/0","0/0","0/0","0/0","0/0","0/0","0/0","0/0","0/0","0/0","0/0","0/0","0/0","0/0","0/0","0/0","0/0","0/0","0/0","0/0","0/1","0/0","0/0","0/0","0/0","0/0","0/0","0/0","0/1","0/0","0/1","0/1","0/0","0/0","0/0","0/0","0/0","0/0","0/0","0/0","0/0","0/0","0/0","0/0","0/0","0/0","0/0","0/0","0/0","0/0","0/0","0/0","0/0","0/0","0/0","0/0","0/0","0/0","0/0","0/0","0/0","0/0","0/0","0/0","0/0","0/1","0/1","0/1","0/0","0/0","0/0","0/0"
"chr11:121454270_CGATGAG/C_SORL1","0/0","0/0","0/0","0/0","0/0","0/0","0/0","0/0","0/1","0/0","0/0","0/0","0/0","0/0","0/0","0/0","0/0","0/0","0/0","0/0","0/0","0/0","0/0","0/0","0/0","0/0","0/0","0/0","0/0","0/0","0/0","0/0","0/0","0/0","0/0","0/0","0/0","0/0","0/0","0/0","0/0","0/0","0/0","0/0","0/0","0/0","0/0","0/0","0/0","0/0","0/0","0/0","0/0","0/0","0/0","0/0","0/0","0/0","0/0","0/0","0/0","0/0","0/0","0/0","0/0","0/0","0/0","0/0","0/0","0/0","0/0","0/0","0/0","0/0","0/0","0/0","0/0","0/0","0/0","0/0","0/0","0/0","0/0","0/0","0/0","0/0","0/0","0/0","0/0","0/0","0/0","0/0","0/0","0/0","0/0","0/0","0/0","0/0","0/0","0/0","0/0","0/0","0/0","0/0","0/0","0/0","0/0","0/0","0/0","0/0","0/0","0/0","0/0","0/0","0/0","0/0","0/0","0/0","0/0","0/0","0/0","0/0","0/0","0/0","0/0","0/0","0/0","0/0","0/0","0/0","0/0","0/0","0/0","0/0","0/0","0/0","0/0","0/0","0/0","0/0","0/0","0/0","0/0","0/0","0/0","0/0","0/0","0/0","0/0","0/0","0/0","0/0","0/0"
"chr11:124189657_GC/G_OR8D2","0/0","0/0","0/0","0/0","0/0","0/0","0/0","0/0","0/0","0/0","0/0","0/0","0/0","0/0","0/0","0/0","0/0","0/0","0/0","0/0","0/0","0/0","0/0","0/1","0/0","0/0","0/0","0/0","0/0","0/0","0/0","0/0","0/0","0/0","0/0","0/0","0/0","0/0","0/0","0/0","0/0","0/0","0/0","0/0","0/0","0/0","0/0","0/0","0/0","0/0","0/0","0/0","0/0","0/0","0/0","0/0","0/0","0/0","0/0","0/0","0/0","0/0","0/0","0/0","0/0","0/0","0/0","0/0","0/0","0/0","0/0","0/0","0/0","0/0","0/0","0/0","0/0","0/0","0/0","0/0","0/0","0/0","0/0","0/0","0/0","0/0","0/0","0/0","0/0","0/0","0/0","0/0","0/0","0/0","0/0","0/0","0/0","0/0","0/0","0/0","0/0","0/0","0/0","0/0","0/0","0/0","0/0","0/0","0/0","0/0","0/0","0/0","0/0","0/0","0/0","0/0","0/0","0/0","0/0","0/0","0/0","0/0","0/0","0/0","0/0","0/0","0/0","0/0","0/0","0/0","0/0","0/0","0/0","0/0","0/0","0/0","0/0","0/0","0/0","0/0","0/0","0/0","0/0","0/0","0/0","0/0","0/0","0/0","0/0","0/0","0/0","0/0","0/0"
"chr11:124481625_TCTC/T_PANX3","0/0","0/0","0/0","0/0","0/0","0/0","0/0","0/0","0/0","0/0","0/0","0/0","0/0","0/0","0/0","0/0","0/0","0/0","0/0","0/0","0/0","0/0","0/0","0/0","0/0","0/0","0/0","0/0","0/0","0/0","0/0","0/0","0/0","0/0","0/0","0/0","0/1","0/0","0/0","0/0","0/0","0/0","0/0","0/0","0/0","0/0","0/0","0/0","0/0","0/0","0/0","0/0","0/0","0/0","0/0","0/0","0/0","0/0","0/0","0/0","0/0","0/0","0/0","0/0","0/0","0/0","0/0","0/0","0/0","0/0","0/0","0/0","0/0","0/0","0/0","0/0","0/0","0/0","0/0","0/0","0/0","0/0","0/0","0/0","0/0","0/0","0/0","0/0","0/0","0/0","0/0","0/0","0/0","0/0","0/0","0/0","0/0","0/0","0/0","0/0","0/0","0/0","0/0","0/0","0/0","0/0","0/0","0/0","0/0","0/0","0/0","0/0","0/0","0/0","0/0","0/0","0/0","0/0","0/0","0/0","0/0","0/0","0/0","0/0","0/0","0/0","0/0","0/0","0/0","0/0","0/0","0/0","0/0","0/0","0/0","0/0","0/0","0/0","0/0","0/0","0/0","0/0","0/0","0/0","0/0","0/0","0/0","0/0","0/0","0/0","0/0","0/0","0/0"
"chr11:124750447_CCGGAGT/C_ROBO3","0/1","0/1","0/1","0/0","0/1","0/1","0/1","0/1","0/1","0/1","0/0","0/1","0/1","1/1","0/0","0/0","0/1","1/1","0/0","0/1","0/0","0/0","0/1","0/0","0/0","0/0","0/1","0/0","0/1","0/0","0/1","0/1","0/0","0/0","0/1","0/0","0/0","0/0","1/1","0/1","0/0","0/1","0/0","0/1","0/1","0/0","0/1","0/1","0/0","0/0","0/1","0/0","0/1","0/0","0/1","0/0","0/1","0/1","1/1","1/1","0/1","0/1","0/0","0/1","0/1","0/0","0/0","0/0","0/0","0/0","0/0","1/1","1/1","0/0","0/0","0/0","0/0","0/0","0/0","0/0","0/0","1/1","0/1","0/0","0/0","0/1","0/1","0/1","0/0","0/0","1/1","0/0","0/0","0/0","0/0","1/1","0/1","0/1","0/0","0/0","0/0","0/0","0/0","0/0","0/0","0/0","0/0","0/0","0/0","0/0","0/0","0/0","0/0","0/0","0/1","0/0","0/0","0/0","0/0","0/0","0/0","0/0","0/0","0/0","0/1","0/1","0/0","0/0","0/1","0/1","0/1","0/0","0/0","0/0","0/0","0/0","0/0","0/0","0/1","0/1","0/1","0/0","0/0","0/0","0/0","0/0","0/1","0/1","0/1","0/1","0/1","0/1","0/1"
"chr11:124829711_GC/G_CCDC15","0/0","0/0","0/0","0/0","0/0","0/0","0/0","0/0","0/0","0/0","0/0","0/0","0/0","0/0","0/0","0/0","0/0","0/0","0/0","0/0","0/0","0/0","0/0","0/0","0/0","0/0","0/0","0/0","0/0","0/0","0/1","0/0","0/0","0/0","0/0","0/0","0/0","0/0","0/0","0/0","0/0","0/0","0/0","0/0","0/0","0/0","0/0","0/0","0/0","0/0","0/0","0/0","0/0","0/0","0/0","0/0","0/0","0/0","0/0","0/0","0/0","0/0","0/0","0/0","0/0","0/0","0/0","0/0","0/0","0/0","0/0","0/0","0/0","0/0","0/0","0/0","0/0","0/0","0/0","0/0","0/0","0/0","0/0","0/0","0/0","0/0","0/0","0/0","0/0","0/0","0/0","0/0","0/0","0/0","0/0","0/0","0/0","0/0","0/0","0/0","0/0","0/0","0/0","0/0","0/0","0/0","0/0","0/0","0/0","0/0","0/0","0/0","0/0","0/0","0/0","0/0","0/0","0/0","0/0","0/0","0/0","0/0","0/0","0/0","0/0","0/0","0/0","0/0","0/0","0/0","0/0","0/0","0/0","0/0","0/0","0/0","0/0","0/0","0/0","0/0","0/0","0/0","0/0","0/0","0/0","0/0","0/0","0/0","0/0","0/0","0/0","0/0","0/0"
"chr11:125301192_AGAGGAGGAGGAGGAGGAGCTG/AGAGGAGGAGGAGGAGCTG_PKNOX2","0/0","0/0","0/0","0/0","0/1","0/1","0/1","0/1","0/1","0/0","0/0","0/0","0/0","0/0","0/0","0/0","0/0","0/0","0/0","0/0","0/0","0/0","0/0","0/1","0/0","0/1","0/0","0/1","0/0","0/0","0/1","0/0","0/0","0/1","0/0","0/0","0/0","0/0","0/0","0/0","0/0","0/0","0/1","0/0","0/0","0/0","0/0","0/0","0/0","0/0","0/0","0/0","0/0","0/0","0/0","0/1","0/0","0/1","0/0","0/1","0/1","0/1","0/1","0/0","0/0","0/0","0/0","0/0","0/0","0/0","0/0","0/0","0/0","0/0","0/0","0/0","0/0","0/1","0/1","0/0","0/0","0/0","0/0","0/0","0/0","0/0","0/0","0/1","0/0","0/0","0/1","0/0","0/0","0/0","0/0","0/1","0/1","0/0","0/0","0/0","0/0","0/0","0/0","0/0","0/0","0/0","0/0","0/2","0/2","0/0","0/0","0/0","0/0","0/0","0/1","0/0","0/0","0/0","0/0","0/0","0/0","0/0","0/0","0/0","0/1","0/1","0/0","0/0","0/0","0/0","0/0","0/1","0/0","0/0","0/0","0/0","0/0","0/0","0/0","0/0","0/0","0/1","0/1","0/0","0/0","0/0","0/0","0/0","0/0","0/1","0/1","0/1","0/1"
"chr11:125452300_A/AC_EI24","1/1","1/1","1/1","1/1","1/1","1/1","1/1","1/1","1/1","1/1","1/1","1/1","1/1","1/1","1/1","1/1","1/1","1/1","1/1","1/1","1/1","1/1","1/1","1/1","1/1","1/1","1/1","1/1","1/1","1/1","1/1","1/1","1/1","1/1","1/1","1/1","1/1","1/1","1/1","1/1","1/1","1/1","1/1","1/1","1/1","1/1","1/1","1/1","1/1","1/1","1/1","1/1","1/1","1/1","1/1","1/1","1/1","1/1","1/1","1/1","1/1","1/1","1/1","1/1","1/1","1/1","1/1","1/1","1/1","1/1","1/1","1/1","1/1","1/1","1/1","1/1","1/1","1/1","1/1","1/1","1/1","1/1","1/1","1/1","1/1","1/1","1/1","1/1","1/1","1/1","1/1","1/1","1/1","1/1","1/1","1/1","1/1","1/1","1/1","1/1","1/1","1/1","1/1","1/1","1/1","1/1","1/1","1/1","1/1","1/1","1/1","1/1","1/1","1/1","1/1","1/1","1/1","1/1","1/1","1/1","1/1","1/1","1/1","1/1","1/1","1/1","1/1","1/1","1/1","1/1","1/1","1/1","1/1","1/1","1/1","1/1","1/1","1/1","1/1","1/1","1/1","1/1","1/1","1/1","1/1","1/1","1/1","1/1","1/1","1/1","1/1","1/1","1/1"
"chr11:126343330_GC/G_KIRREL3","0/0","0/0","0/0","0/0","0/0","0/0","0/0","0/0","0/0","0/0","0/0","0/0","0/0","0/0","0/0","0/0","0/0","0/0","0/0","0/0","0/0","0/0","0/0","0/0","0/0","0/0","0/0","0/0","0/0","0/0","0/0","0/0","0/0","0/0","0/0","0/0","0/1","0/0","0/0","0/0","0/0","0/0","0/0","0/0","0/0","0/0","0/0","0/0","0/0","0/0","0/0","0/0","0/0","0/0","0/0","0/0","0/0","0/0","0/0","0/0","0/0","0/0","0/0","0/0","0/0","0/0","0/0","0/0","0/0","0/0","0/0","0/0","0/0","0/0","0/0","0/0","0/0","0/0","0/0","0/0","0/0","0/0","0/0","0/0","0/0","0/0","0/0","0/0","0/0","0/0","0/0","0/0","0/0","0/0","0/0","0/0","0/0","0/0","0/0","0/0","0/0","0/0","0/0","0/0","0/0","0/0","0/0","0/0","0/0","0/0","0/0","0/0","0/0","0/0","0/0","0/0","0/0","0/0","0/0","0/0","0/0","0/0","0/0","0/0","0/0","0/0","0/0","0/0","0/0","0/0","0/0","0/0","0/0","0/0","0/0","0/0","0/0","0/0","0/0","0/0","0/0","0/0","0/0","0/0","0/0","0/0","0/0","0/0","0/0","0/0","0/0","0/0","0/0"
"chr11:130297583_TC/T_ADAMTS8","0/0","0/0","0/0","0/0","0/0","0/0","0/0","0/0","0/0","0/0","0/0","0/0","0/0","0/0","0/0","0/0","0/0","0/0","0/0","0/0","0/0","0/0","0/0","0/0","0/0","0/0","0/0","0/0","0/0","0/0","0/0","0/0","0/0","0/0","0/0","0/0","0/0","0/0","0/0","0/0","0/0","0/0","0/0","0/0","0/0","0/0","0/0","0/0","0/0","0/0","0/0","0/0","0/0","0/0","0/0","0/0","0/0","0/0","0/0","0/0","0/0","0/0","0/0","0/0","0/0","0/0","0/0","0/1","0/1","0/0","0/0","0/0","0/0","0/0","0/0","0/0","0/0","0/0","0/0","0/0","0/0","0/0","0/0","0/0","0/0","0/0","0/0","0/0","0/0","0/0","0/0","0/0","0/0","0/0","0/0","0/0","0/0","0/0","0/0","0/0","0/0","0/0","0/0","0/0","0/0","0/0","0/0","0/0","0/0","0/0","0/0","0/0","0/0","0/0","0/0","0/0","0/0","0/0","0/0","0/0","0/0","0/0","0/0","0/0","0/0","0/0","0/0","0/0","0/0","0/0","0/0","0/0","0/0","0/0","0/0","0/0","0/0","0/0","0/0","0/0","0/0","0/0","0/0","0/0","0/0","0/0","0/0","0/0","0/0","0/0","0/0","0/0","0/0"
"chr11:130298117_GGCA/G_ADAMTS8","1/1","1/1","1/1","0/1","0/1","0/1","1/1","1/1","1/1","1/1","1/1","1/1","1/1","1/1","0/1","1/1","0/1","1/1","1/1","0/0","0/1","0/1","0/1","1/1","0/0","1/1","0/1","1/1","0/1","0/1","0/1","0/1","0/1","0/1","0/1","0/0","0/1","1/1","1/1","1/1","1/1","0/1","0/1","0/1","0/1","0/1","0/1","0/0","1/1","1/1","0/0","0/1","1/1","0/1","0/0","0/1","1/1","0/1","0/1","0/1","1/1","1/1","0/1","0/1","0/1","1/1","1/1","1/1","1/1","1/1","1/1","0/1","0/1","1/1","1/1","0/1","0/1","0/1","0/1","0/1","0/1","1/1","0/0","1/1","1/1","1/1","1/1","0/1","1/1","1/1","0/1","0/0","0/0","0/0","0/0","0/1","0/1","1/1","1/1","1/1","0/1","0/1","0/1","0/1","0/1","0/0","0/0","1/1","1/1","0/1","0/1","0/1","0/1","0/1","0/1","1/1","1/1","1/1","0/0","1/1","0/0","0/0","1/1","1/1","0/1","0/1","0/1","0/1","1/1","1/1","1/1","0/1","0/1","0/1","0/1","0/1","0/1","0/1","0/1","0/1","0/1","0/1","0/1","1/1","1/1","1/1","1/1","1/1","1/1","0/1","0/1","0/1","0/1"
"chr12:655863_AT/A_B4GALNT3","0/0","0/0","0/0","0/0","0/0","0/0","0/0","0/0","0/0","0/0","0/0","0/0","0/0","0/0","0/0","0/0","0/0","0/0","0/0","0/0","0/0","0/0","0/0","0/0","0/0","0/0","0/0","0/0","0/0","0/0","0/0","0/0","0/0","0/0","0/0","0/0","0/1","0/0","0/0","0/0","0/0","0/0","0/0","0/0","0/0","0/0","0/0","0/0","0/0","0/0","0/0","0/0","0/0","0/0","0/0","0/0","0/0","0/0","0/0","0/0","0/0","0/0","0/0","0/0","0/0","0/0","0/0","0/0","0/0","0/0","0/0","0/0","0/0","0/0","0/0","0/0","0/0","0/0","0/0","0/0","0/0","0/0","0/0","0/0","0/0","0/0","0/0","0/0","0/0","0/0","0/0","0/0","0/0","0/0","0/0","0/0","0/0","0/0","0/0","0/0","0/0","0/0","0/0","0/0","0/0","0/0","0/0","0/0","0/0","0/0","0/0","0/0","0/0","0/0","0/0","0/0","0/0","0/0","0/0","0/0","0/0","0/0","0/0","0/0","0/0","0/0","0/0","0/0","0/0","0/0","0/0","0/0","0/0","0/0","0/0","0/0","0/0","0/0","0/0","0/0","0/0","0/0","0/0","0/0","0/0","0/0","0/0","0/0","0/0","0/0","0/0","0/0","0/0"
"chr12:970296_GA/G_WNK1","0/0","0/0","0/0","0/0","0/1","0/0","0/0","0/0","0/0","0/0","0/0","0/0","0/0","0/0","0/0","0/0","0/0","0/0","0/0","0/0","0/0","0/0","0/0","0/0","0/0","0/0","0/0","0/0","0/0","0/0","0/1","0/0","0/0","0/1","0/0","0/0","0/1","0/0","0/0","0/0","0/0","0/0","0/0","0/0","0/0","0/0","0/0","0/0","0/0","0/0","0/0","0/0","0/0","0/0","0/0","0/0","0/0","0/0","0/0","0/0","0/1","0/0","0/0","0/0","0/0","0/0","0/0","0/0","0/0","0/0","0/1","0/0","0/1","0/0","0/0","0/0","0/0","0/0","0/0","0/0","0/0","0/0","0/0","0/0","0/0","0/0","0/0","0/0","0/0","0/0","0/0","0/0","0/0","0/0","0/0","0/0","0/0","0/0","0/0","0/0","0/0","0/0","0/0","0/0","0/0","0/0","0/0","0/0","0/0","0/0","0/0","0/0","0/0","0/0","0/0","0/0","0/0","0/0","0/0","0/0","0/0","0/0","0/0","0/0","0/0","0/0","0/0","0/0","0/0","0/0","0/0","0/0","0/0","0/0","0/0","0/0","0/0","0/0","0/0","0/0","0/0","0/0","0/0","0/0","0/0","0/0","0/0","0/0","0/0","0/0","0/0","0/0","0/0"
"chr12:974308_T/TC_WNK1","0/0","0/0","0/0","0/0","0/1","0/1","0/0","0/0","0/0","0/0","0/1","0/0","0/0","0/0","0/0","0/1","0/1","0/1","0/0","1/1","0/0","0/0","0/0","0/0","0/0","0/0","0/0","0/0","0/0","0/0","0/0","0/0","0/0","0/0","0/0","0/0","0/0","0/0","0/0","0/0","0/0","0/0","0/1","0/1","0/0","0/0","0/0","0/0","0/0","0/0","0/0","0/1","0/0","0/0","0/0","0/0","0/0","0/0","0/0","0/0","0/1","0/0","0/0","0/1","0/1","0/0","0/1","0/0","0/0","0/1","0/0","0/1","0/1","0/1","0/1","0/0","0/0","0/0","0/0","0/0","0/0","0/0","0/0","0/1","0/1","0/1","0/1","0/0","0/0","0/0","0/0","1/1","1/1","0/1","0/1","0/0","0/0","0/0","0/0","0/0","0/0","0/0","0/0","0/0","0/0","0/1","0/1","0/1","0/1","0/0","0/0","0/0","0/0","0/1","0/0","0/0","0/0","0/0","0/0","0/0","0/0","0/0","0/0","0/0","0/0","0/0","0/1","0/1","0/1","0/1","0/1","0/0","0/0","0/0","0/0","0/0","0/0","0/0","0/0","0/0","0/0","0/0","0/0","0/1","0/1","0/1","0/0","0/0","0/0","0/0","0/0","0/0","0/0"
"chr12:974355_T/TC_WNK1","0/1","0/1","0/1","1/1","0/0","0/0","0/0","0/0","0/0","0/1","1/1","1/1","1/1","0/0","0/1","0/1","0/1","1/1","0/1","0/0","0/1","0/1","0/1","0/1","0/1","0/0","0/1","0/1","0/0","0/1","1/1","1/1","1/1","0/1","1/1","0/1","1/1","0/1","1/1","0/1","0/1","0/1","0/0","0/0","0/0","0/0","0/0","0/0","0/0","0/1","0/1","1/1","1/1","1/1","1/1","0/1","0/1","0/1","0/1","0/1","1/1","1/1","0/1","0/1","0/1","0/1","0/0","1/1","1/1","0/0","0/1","0/1","0/1","0/0","0/0","0/1","0/1","0/1","0/1","0/0","0/0","0/1","0/1","1/1","1/1","0/1","0/1","1/1","0/1","0/1","1/1","0/1","0/1","0/0","0/0","1/1","1/1","0/1","0/1","0/1","0/1","1/1","0/1","1/1","1/1","0/0","0/0","0/1","0/1","1/1","1/1","0/1","0/1","0/1","0/0","0/0","0/0","0/1","0/1","0/1","0/1","0/1","0/0","0/1","0/0","0/0","0/1","0/1","0/1","0/1","0/1","1/1","0/1","0/1","0/1","0/1","0/1","0/1","0/1","0/1","0/1","1/1","1/1","0/1","0/1","0/1","0/0","0/0","0/0","1/1","1/1","1/1","1/1"
"chr12:2062323_T/TTGC_DCP1B","1/1","1/1","1/1","0/1","1/1","1/1","1/1","1/1","1/1","1/1","1/2","1/1","1/1","0/1","0/0","0/1","0/1","0/1","0/1","0/1","0/1","1/1","1/1","0/1","0/1","0/1","0/1","0/1","1/1","1/1","1/1","0/1","1/1","1/1","1/1","1/1","0/1","0/1","0/1","1/1","1/1","1/1","1/1","1/1","1/1","1/1","0/1","0/1","1/1","1/1","1/1","0/1","1/1","1/1","1/1","0/1","1/1","0/1","1/1","1/1","0/1","0/1","1/1","1/1","1/1","1/1","0/1","0/0","0/0","0/1","1/1","1/1","1/1","1/1","1/1","0/1","0/1","1/1","1/1","0/1","0/1","0/1","1/1","1/1","1/1","1/1","1/1","0/1","1/1","1/1","1/1","1/1","1/1","1/1","1/1","1/1","0/1","0/1","1/1","1/1","0/1","1/1","0/1","1/1","1/1","1/1","1/1","1/1","1/1","1/1","0/1","1/1","1/1","1/1","1/1","0/1","0/1","1/1","0/1","1/1","0/1","0/1","0/1","1/1","1/1","1/1","1/1","1/1","1/1","1/1","1/1","0/1","0/1","1/1","0/1","0/1","1/1","1/1","1/1","0/1","1/1","0/1","0/1","0/1","1/1","0/1","1/1","1/1","1/1","0/1","0/1","0/1","0/1"
"chr12:2904314_CGAG/C_FKBP4","0/0","0/0","0/0","0/0","0/0","0/0","0/0","0/0","0/0","0/0","0/0","0/0","0/0","0/0","0/0","0/0","0/0","0/0","0/0","0/0","0/0","0/0","0/0","0/0","0/0","0/0","0/0","0/0","0/0","0/0","0/0","0/0","0/0","0/0","0/0","0/0","0/0","0/0","0/0","0/0","0/0","0/0","0/0","0/0","0/0","0/0","0/0","0/0","0/0","0/0","0/0","0/0","0/0","0/0","0/0","0/0","0/0","0/0","0/0","0/0","0/0","0/0","0/0","0/0","0/0","0/0","0/0","0/0","0/0","0/0","0/0","0/0","0/0","0/0","0/0","0/0","0/0","0/0","0/0","0/0","0/0","0/0","0/0","0/0","0/0","0/0","0/0","0/0","0/0","0/0","0/0","0/0","0/0","0/0","0/0","0/0","0/0","0/0","0/0","0/0","0/0","0/0","0/0","0/0","0/0","0/0","0/0","0/0","0/0","0/0","0/0","0/0","0/0","0/0","0/0","0/0","0/0","0/0","0/0","0/0","0/0","0/0","0/0","0/0","0/0","0/0","0/0","0/0","0/0","0/0","0/0","0/0","0/1","0/0","0/1","0/1","0/0","0/0","0/0","0/0","0/0","0/0","0/0","0/0","0/0","0/0","0/0","0/0","0/0","0/0","0/0","0/0","0/0"
"chr12:2904319_AGAT/A_FKBP4","0/0","0/0","0/0","0/0","0/0","0/0","0/0","0/0","0/0","0/0","0/0","0/0","0/0","0/0","0/0","0/0","0/0","0/0","0/0","0/0","0/0","0/0","0/0","0/0","0/0","0/0","0/0","0/0","0/1","0/0","0/0","0/0","0/0","0/0","0/0","0/0","0/0","0/0","0/0","0/0","0/0","0/0","0/0","0/0","0/0","0/0","0/0","0/0","0/0","0/0","0/0","0/0","0/0","0/0","0/0","0/0","0/0","0/0","0/0","0/0","0/0","0/0","0/0","0/0","0/0","0/0","0/0","0/0","0/0","0/0","0/0","0/0","0/0","0/0","0/0","0/0","0/0","0/0","0/0","0/0","0/0","0/0","0/0","0/0","0/0","0/0","0/0","0/0","0/0","0/0","0/0","0/0","0/0","0/0","0/0","0/0","0/0","0/0","0/0","0/0","0/0","0/0","0/0","0/0","0/0","0/0","0/0","0/0","0/0","0/0","0/0","0/0","0/0","0/0","0/0","0/0","0/0","0/0","0/0","0/0","0/0","0/0","0/0","0/0","0/0","0/0","0/0","0/0","0/0","0/0","0/0","0/0","0/0","0/0","0/0","0/0","0/0","0/0","0/0","0/0","0/0","0/0","0/0","0/0","0/0","0/0","0/0","0/0","0/0","0/0","0/0","0/0","0/0"
"chr12:4719361_GA/G_DYRK4","0/0","0/0","0/0","0/0","0/0","0/0","0/0","0/0","0/0","0/0","0/0","0/0","0/0","0/0","0/0","0/0","0/0","0/0","0/0","0/0","0/0","0/0","0/0","0/0","0/0","0/0","0/0","0/0","0/0","0/0","0/0","0/0","0/0","0/0","0/0","0/0","0/0","0/0","0/0","0/0","0/1","0/0","0/0","0/0","0/0","0/0","0/0","0/0","0/0","0/0","0/0","0/0","0/0","0/0","0/0","0/0","0/0","0/0","0/0","0/0","0/0","0/0","0/0","0/0","0/0","0/0","0/0","0/0","0/0","0/0","0/0","0/0","0/0","0/0","0/0","0/0","0/0","0/0","0/0","0/0","0/0","0/0","0/0","0/0","0/0","0/0","0/0","0/0","0/0","0/0","0/0","0/0","0/0","0/0","0/0","0/0","0/0","0/0","0/0","0/0","0/0","0/0","0/0","0/0","0/0","0/0","0/0","0/0","0/0","0/0","0/0","0/0","0/0","0/0","0/0","0/0","0/0","0/0","0/0","0/0","0/0","0/0","0/0","0/0","0/0","0/0","0/0","0/0","0/0","0/0","0/0","0/0","0/0","0/0","0/0","0/0","0/0","0/0","0/0","0/0","0/0","0/0","0/0","0/0","0/0","0/0","0/0","0/0","0/0","0/0","0/0","0/0","0/0"
"chr12:4735965_T/TC_AKAP3","0/1","0/1","0/1","0/0","0/1","0/1","0/1","0/1","0/1","0/0","0/1","0/0","0/1","0/1","0/0","0/0","0/0","0/1","0/0","0/0","0/0","0/1","0/1","0/0","0/0","0/0","0/0","0/0","0/1","0/0","0/0","0/0","0/0","0/0","0/0","0/0","0/0","0/0","0/0","0/0","0/1","0/1","0/0","0/0","0/0","0/0","0/0","0/1","0/0","0/0","0/0","0/0","0/0","0/0","0/1","0/0","0/1","0/1","0/1","0/1","0/0","0/0","0/0","0/0","0/0","0/0","0/0","0/0","0/0","0/0","0/0","0/0","0/0","0/0","0/0","0/0","0/0","0/0","0/0","0/1","0/1","0/1","0/0","0/0","0/0","0/1","0/1","0/0","0/0","0/0","0/0","0/0","0/0","0/0","0/0","0/0","0/0","0/0","0/1","0/1","0/0","0/0","0/0","0/0","0/0","0/0","0/0","0/0","0/0","0/0","0/0","0/0","0/0","0/0","0/1","0/0","0/0","0/0","0/0","0/0","0/0","0/0","0/0","0/0","0/1","0/1","0/0","0/0","0/1","0/1","0/1","0/0","0/0","0/0","0/0","0/0","0/0","0/0","0/0","0/0","0/0","0/0","0/0","0/0","0/0","0/0","0/0","0/0","0/0","0/0","0/0","0/0","0/0"
"chr12:4735969_GA/G_AKAP3","0/1","0/1","0/1","0/0","0/1","0/1","0/1","0/1","0/1","0/0","0/1","0/0","0/1","0/1","0/0","0/0","0/0","0/1","0/0","0/0","0/0","0/1","0/1","0/0","0/0","0/0","0/0","0/0","0/1","0/0","0/0","0/0","0/0","0/0","0/0","0/0","0/0","0/0","0/0","0/0","0/1","0/1","0/0","0/0","0/0","0/0","0/0","0/1","0/0","0/0","0/0","0/0","0/0","0/0","0/1","0/0","0/1","0/1","0/1","0/1","0/0","0/0","0/0","0/0","0/0","0/0","0/0","0/0","0/0","0/0","0/0","0/0","0/0","0/0","0/0","0/0","0/0","0/0","0/0","0/1","0/1","0/1","0/0","0/0","0/0","0/1","0/1","0/0","0/0","0/0","0/0","0/0","0/0","0/0","0/0","0/0","0/0","0/0","0/1","0/1","0/0","0/0","0/0","0/0","0/0","0/0","0/0","0/0","0/0","0/0","0/0","0/0","0/0","0/0","0/1","0/0","0/0","0/0","0/0","0/0","0/0","0/0","0/0","0/0","0/1","0/1","0/0","0/0","0/1","0/1","0/1","0/0","0/0","0/0","0/0","0/0","0/0","0/0","0/0","0/0","0/0","0/0","0/0","0/0","0/0","0/0","0/0","0/0","0/0","0/0","0/0","0/0","0/0"
"chr12:5153497_T/TCGGGAGTGCGGCCCTTGCCTCCGCTGCCGGACC_KCNA5","0/0","0/0","0/0","0/0","0/0","0/0","0/0","0/0","0/0","0/0","0/0","0/0","0/0","0/0","0/0","0/0","0/0","0/0","0/0","0/0","0/0","0/0","0/0","0/0","0/0","0/0","0/1","0/0","0/0","0/0","0/0","0/0","0/0","0/0","0/0","0/0","0/0","0/0","0/0","0/0","0/0","0/0","0/0","0/0","0/0","0/0","0/0","0/0","0/0","0/0","0/0","0/0","0/0","0/0","0/0","0/0","0/0","0/0","0/0","0/0","0/1","0/0","0/0","0/0","0/0","0/0","0/0","0/0","0/0","0/0","0/0","0/0","0/0","0/0","0/0","0/0","0/0","0/0","0/0","0/0","0/0","0/0","0/0","0/0","0/0","0/0","0/0","0/0","0/0","0/0","0/0","0/0","0/0","0/0","0/0","0/0","0/0","0/0","0/0","0/0","0/0","0/0","0/0","0/0","0/0","0/0","0/0","0/0","0/0","0/0","0/0","0/0","0/0","0/0","0/0","0/0","0/0","0/0","0/0","0/0","0/0","0/0","0/0","0/0","0/0","0/0","0/0","0/0","0/0","0/0","0/0","0/0","0/0","0/0","0/0","0/0","0/0","0/0","0/0","0/0","0/0","0/0","0/0","0/0","0/0","0/0","0/0","0/0","0/0","0/0","0/0","0/0","0/0"
"chr12:5722071_TC/T_ANO2","0/0","0/0","0/0","0/0","0/0","0/0","0/0","0/0","0/0","0/0","0/0","0/0","0/0","0/0","0/0","0/0","0/0","0/0","0/0","0/0","0/0","0/0","0/0","0/0","0/0","0/0","0/0","0/0","0/0","0/0","0/0","0/0","0/0","0/0","0/0","0/0","0/0","0/0","0/0","0/0","0/0","0/0","0/0","0/0","0/0","0/0","0/0","0/0","0/0","0/0","0/0","0/0","0/0","0/0","0/0","0/0","0/0","0/0","0/0","0/0","0/0","0/0","0/0","0/0","0/0","0/1","0/0","0/0","0/0","0/0","0/1","0/0","0/0","0/0","0/0","0/0","0/0","0/0","0/0","0/0","0/0","0/0","0/0","0/0","0/0","0/0","0/0","0/0","0/0","0/0","0/0","0/0","0/0","0/0","0/0","0/0","0/0","0/0","0/0","0/0","0/0","0/0","0/0","0/0","0/0","0/0","0/0","0/0","0/0","0/0","0/0","0/0","0/0","0/0","0/0","0/0","0/0","0/0","0/0","0/0","0/0","0/0","0/0","0/0","0/0","0/0","0/0","0/0","0/0","0/0","0/0","0/0","0/0","0/0","0/0","0/0","0/0","0/0","0/0","0/0","0/0","0/0","0/0","0/0","0/0","0/0","0/0","0/0","0/0","0/0","0/0","0/0","0/0"
"chr12:6666243_C/CA_NOP2","0/0","0/0","0/0","0/0","0/0","0/0","0/0","0/0","0/0","0/0","0/0","0/0","0/0","0/0","0/0","0/0","0/0","0/0","0/0","0/0","0/0","0/0","0/0","0/0","0/0","0/0","0/0","0/0","0/0","0/0","0/0","0/0","0/0","0/0","0/0","0/0","0/0","0/0","0/0","0/0","0/0","0/0","0/0","0/0","0/0","0/0","0/0","0/0","0/0","0/0","0/0","0/0","0/0","0/0","0/0","0/0","0/0","0/0","0/0","0/0","0/0","0/0","0/0","0/0","0/0","0/0","0/0","0/0","0/0","0/0","0/0","0/0","0/0","0/0","0/0","0/0","0/0","0/0","0/0","0/0","0/0","0/0","0/0","0/0","0/0","0/0","0/0","0/0","0/0","0/0","0/0","0/0","0/0","0/0","0/0","0/0","0/0","0/0","0/0","0/0","0/0","0/0","0/0","0/0","0/0","0/0","0/0","0/0","0/0","0/0","0/0","0/0","0/0","0/1","0/0","0/0","0/0","0/0","0/0","0/0","0/0","0/0","0/0","0/0","0/0","0/0","0/1","0/1","0/0","0/0","0/0","0/0","0/0","0/0","0/0","0/0","0/0","0/0","0/0","0/0","0/0","0/0","0/0","0/0","0/0","0/0","0/0","0/0","0/0","0/0","0/0","0/0","0/0"
"chr12:6777069_TTGCTGC/T_ZNF384","0/0","0/0","0/0","1/2","0/2","0/2","0/2","0/2","0/2","0/2","1/2","2/2","0/2","1/2","1/2","2/2","0/2","2/2","0/2","0/2","2/2","0/2","2/2","0/0","2/2","0/2","2/2","1/2","1/2","0/2","2/2","1/2","2/2","2/2","2/2","2/2","1/2","1/2","1/2","0/2","0/2","2/2","2/2","0/2","2/2","2/3","0/2","2/2","1/2","2/2","1/2","2/2","2/2","2/2","2/2","0/2","2/4","0/2","1/2","1/2","0/2","2/2","0/2","0/2","0/2","1/2","1/2","2/2","2/2","1/2","2/2","1/2","2/2","2/2","1/2","0/2","0/2","0/2","0/2","2/2","2/2","0/2","2/2","2/2","2/2","2/2","2/2","2/2","2/2","1/2","0/2","0/2","0/2","1/2","2/2","0/2","2/2","1/2","2/2","1/2","2/2","0/2","2/2","0/2","0/2","0/2","0/2","0/2","0/2","0/2","2/2","0/0","0/0","1/2","2/2","2/2","2/2","0/2","0/2","0/2","0/2","0/2","2/2","0/2","2/2","2/2","2/2","1/2","0/2","0/2","0/2","2/2","2/2","0/2","2/2","2/2","0/2","0/2","0/0","0/2","0/0","1/2","2/2","0/2","0/2","0/2","2/2","2/2","1/2","2/2","2/2","2/2","1/2"
"chr12:6787520_AG/A_ZNF384","0/0","0/0","0/0","0/0","0/0","0/0","0/0","0/0","0/0","0/0","0/0","0/0","0/0","0/0","0/0","0/0","0/0","0/0","0/0","0/0","0/0","0/0","0/0","0/0","0/0","0/0","0/0","0/0","0/0","0/0","0/0","0/0","0/0","0/0","0/0","0/0","0/1","0/0","0/0","0/0","0/0","0/0","0/0","0/0","0/0","0/0","0/0","0/0","0/0","0/0","0/0","0/0","0/0","0/0","0/0","0/0","0/0","0/0","0/0","0/0","0/0","0/0","0/0","0/0","0/0","0/0","0/0","0/0","0/0","0/0","0/0","0/0","0/0","0/0","0/0","0/0","0/0","0/0","0/0","0/0","0/0","0/0","0/0","0/0","0/0","0/0","0/0","0/0","0/0","0/0","0/0","0/0","0/0","0/0","0/0","0/0","0/0","0/0","0/0","0/0","0/0","0/0","0/0","0/0","0/0","0/0","0/0","0/0","0/0","0/0","0/0","0/0","0/0","0/0","0/0","0/0","0/0","0/0","0/0","0/0","0/0","0/0","0/0","0/0","0/0","0/0","0/0","0/0","0/0","0/0","0/0","0/0","0/0","0/0","0/0","0/0","0/0","0/0","0/0","0/0","0/0","0/0","0/0","0/0","0/0","0/0","0/0","0/0","0/0","0/0","0/0","0/0","0/0"
"chr12:6935987_TGGAGGACGA/T_GPR162","0/0","0/0","0/0","0/0","0/0","0/0","0/0","0/0","0/0","0/1","0/0","0/0","0/0","0/0","0/0","0/0","0/0","0/0","0/0","0/0","0/0","0/0","0/0","0/0","0/0","0/0","0/0","0/0","0/0","0/0","0/0","0/0","0/0","0/0","0/0","0/0","0/0","0/0","0/0","0/0","0/0","0/0","0/0","0/0","0/0","0/0","0/0","0/0","0/0","0/0","0/0","0/0","0/0","0/0","0/0","0/0","0/0","0/0","0/0","0/0","0/0","0/0","0/0","0/0","0/0","0/0","0/0","0/0","0/0","0/0","0/0","0/0","0/0","0/0","0/0","0/0","0/0","0/0","0/0","0/0","0/0","0/0","0/0","0/0","0/0","0/0","0/0","0/0","0/0","0/0","0/0","0/0","0/0","0/0","0/0","0/0","0/0","0/0","0/0","0/0","0/0","0/0","0/0","0/0","0/0","0/0","0/0","0/0","0/0","0/0","0/0","0/0","0/0","0/0","0/0","0/0","0/0","0/0","0/0","0/0","0/0","0/0","0/0","0/0","0/0","0/0","0/0","0/0","0/0","0/0","0/0","0/0","0/0","0/0","0/0","0/0","0/0","0/0","0/0","0/0","0/0","0/0","0/0","0/0","0/0","0/0","0/0","0/0","0/0","0/0","0/0","0/0","0/0"
"chr12:6938023_C/CG_P3H3","1/1","1/1","1/1",".","1/1","1/1","1/1","1/1","1/1","1/1","1/1","1/1","1/1","1/1","1/1","1/1","1/1","1/1","1/1","1/1","1/1","1/1","1/1","1/1","1/1","1/1","1/1","1/1","1/1","1/1","1/1","1/1","1/1","1/1","1/1","1/1","1/1","1/1","1/1","1/1","1/1","1/1","1/1","1/1","1/1","1/1","1/1","1/1","1/1","1/1","1/1","1/1","1/1","1/1","1/1","1/1","1/1","1/1","1/1","1/1","1/1","1/1","1/1","1/1","1/1","1/1","1/1","1/1","1/1","1/1","1/1","1/1","1/1","1/1","1/1","1/1","1/1","1/1","1/1","1/1","1/1","1/1","1/1","1/1","1/1","1/1","1/1","1/1","1/1","1/1","1/1","1/1","1/1","1/1","1/1","1/1","1/1","1/1","1/1","1/1","1/1","1/1","1/1","1/1","1/1","1/1","1/1","1/1","1/1","1/1","1/1","1/1","1/1","1/1","1/1","1/1","1/1","1/1","1/1","1/1","1/1","1/1","1/1","1/1","1/1","1/1","1/1","1/1","1/1","1/1",".","1/1","1/1","1/1","1/1","1/1","1/1","1/1","1/1","1/1","1/1","1/1","1/1","1/1","1/1","1/1","1/1","1/1","1/1","1/1","1/1","1/1","1/1"
"chr12:6981660_C/CGATG_SPSB2","0/0","0/0","0/0","0/0","0/0","0/0","0/0","0/0","0/0","0/0","0/0","0/0","0/0","0/0","0/0","0/0","0/0","0/0","0/0","0/0","0/0","0/0","0/0","0/0","0/0","0/0","0/0","0/0","0/0","0/0","0/0","0/0","0/0","0/0","0/0","0/0","0/0","0/0","0/0","0/0","0/0","0/0","0/0","0/0","0/0","0/0","0/0","0/0","0/0","0/0","0/0","0/0","0/0","0/0","0/0","0/0","0/0","0/0","0/0","0/0","0/0","0/0","0/0","0/0","0/0","0/0","0/0","0/0","0/0","0/0","0/0","0/0","0/0","0/0","0/0","0/0","0/0","0/0","0/0","0/0","0/0","0/0","0/0","0/0","0/0","0/0","0/0","0/0","0/0","0/0","0/0","0/0","0/0","0/0","0/0","0/0","0/0","0/0","0/0","0/0","0/0","0/0","0/0","0/0","0/0","0/0","0/0","0/0","0/0","0/0","0/0","0/0","0/0","0/0","0/0","0/0","0/0","0/0","0/1","0/0","0/1","0/1","0/0","0/0","0/0","0/0","0/0","0/0","0/0","0/0","0/0","0/0","0/0","0/0","0/0","0/0","0/0","0/0","0/0","0/0","0/0","0/0","0/0","0/0","0/0","0/0","0/0","0/0","0/0","0/0","0/0","0/0","0/0"
"chr12:7045891_ACAGCAGCAGCAGCAG/ACAGCAGCAGCAGCAGCAGCAG_ATN1","2/2","2/2","0/2","0/3","3/3","3/3","0/4","0/4","0/4","0/6","0/2","0/2","1/6","2/5","1/4","0/6","2/3","1/1","0/1","0/5","0/0","0/4","1/4","3/3","0/3","0/1","0/0","0/0","1/2","2/4","0/3","1/4","1/1","1/6","1/2","0/1","0/3","2/4","2/3","0/3","1/2","2/3","1/1","2/6","1/6","0/0","1/2","0/1","0/1","1/1","0/1","1/2","1/3","3/5","1/4","0/1","2/3","0/1","2/3","0/0","2/2","2/5","0/2","0/5","0/5","2/4","0/6","1/2","1/2","0/6","4/4","1/6","1/1","2/6","2/6","1/2","1/2","1/3","1/3","1/2","1/2","2/4","0/1","3/6","3/6","0/6","0/6","2/5","0/2","0/2","1/6","0/1","0/1","0/1","0/1","1/6","2/3","0/0","1/2","2/2","2/2","0/2","2/3","0/4","0/4","1/4","1/4","0/6","0/6","0/2","0/3","3/6","3/6","0/4","0/5","0/1","0/1","0/4","0/0","0/4","0/0","0/0","0/1","0/4","0/5","0/5","0/4","0/4","1/2","1/2","1/2","0/0","1/2","3/3","1/2","1/2","3/3","3/3","1/3","2/3","0/3","0/0","0/0","2/3","2/3","2/3","0/6","0/6","0/6","1/2","1/2","1/2","1/2"
"chr12:7080210_A/AG_EMG1","1/1","1/1","1/1","1/1","1/1","1/1","1/1","1/1","1/1","1/1","1/1","1/1","1/1","1/1","1/1","1/1","1/1","1/1","1/1","1/1","1/1","1/1","1/1","1/1","1/1","1/1","1/1","1/1","1/1","1/1","1/1","1/1","1/1","1/1","1/1","1/1","1/1","1/1","1/1","1/1","1/1","1/1","1/1","1/1","1/1","1/1","1/1","1/1","1/1","1/1","1/1","1/1","1/1","1/1","1/1","1/1","1/1","1/1","1/1","1/1","1/1","1/1","1/1","1/1","1/1","1/1","1/1","1/1","1/1","1/1","1/1","1/1","1/1","1/1","1/1","1/1","1/1","1/1","1/1","1/1","1/1","1/1","1/1","1/1","1/1","1/1","1/1","1/1","1/1","1/1","1/1","1/1","1/1","1/1","1/1","1/1","1/1","1/1","1/1","1/1","1/1","1/1","1/1","1/1","1/1","1/1","1/1","1/1","1/1","1/1","1/1","1/1","1/1","1/1","1/1","1/1","1/1","1/1","1/1","1/1","1/1","1/1","1/1","1/1","1/1","1/1","1/1","1/1","1/1","1/1","1/1","1/1","1/1","1/1","1/1","1/1","1/1","1/1","1/1","1/1","1/1","1/1","1/1","1/1","1/1","1/1","1/1","1/1","1/1","1/1","1/1","1/1","1/1"
"chr12:7283251_CT/C_CLSTN3","0/0","0/0","0/0","0/0","0/0","0/0","0/0","0/0","0/0","0/0","0/0","0/0","0/0","0/0","0/0","0/0","0/0","0/0","0/0","0/0","0/0","0/0","0/0","0/0","0/0","0/0","0/0","0/0","0/0","0/0","0/0","0/0","0/0","0/0","0/0","0/0","0/0","0/0","0/0","0/0","0/0","0/1","0/0","0/0","0/0","0/0","0/0","0/0","0/0","0/0","0/0","0/0","0/0","0/0","0/0","0/0","0/0","0/0","0/0","0/0","0/0","0/0","0/0","0/0","0/0","0/0","0/0","0/0","0/0","0/0","0/0","0/0","0/0","0/0","0/0","0/0","0/0","0/0","0/0","0/0","0/0","0/0","0/0","0/0","0/0","0/0","0/0","0/0","0/0","0/0","0/0","0/0","0/0","0/0","0/0","0/0","0/0","0/0","0/0","0/0","0/0","0/0","0/0","0/0","0/0","0/0","0/0","0/0","0/0","0/0","0/0","0/0","0/0","0/0","0/0","0/0","0/0","0/0","0/0","0/0","0/0","0/0","0/0","0/0","0/0","0/0","0/0","0/0","0/0","0/0","0/0","0/0","0/0","0/0","0/0","0/0","0/0","0/0","0/0","0/0","0/0","0/0","0/0","0/0","0/0","0/0","0/0","0/0","0/0","0/0","0/0","0/0","0/0"
"chr12:7528178_G/GACAGAT_CD163L1","0/0","0/0","0/0","0/0","0/0","0/0","0/0","0/0","0/0","0/0","0/0","0/0","0/0","0/0","0/0","0/0","0/0","0/0","0/0","0/0","0/0","0/0","0/0","0/0","0/0","0/0","0/0","0/0","0/0","0/1","0/0","0/0","0/0","0/0","0/0","0/0","0/0","0/0","0/0","0/0","0/0","0/0","0/0","0/0","0/0","0/0","0/0","0/0","0/0","0/0","0/0","0/0","0/0","0/0","0/0","0/0","0/0","0/0","0/0","0/0","0/0","0/0","0/0","0/0","0/0","0/0","0/0","0/0","0/0","0/0","0/0","0/0","0/0","0/0","0/0","0/0","0/0","0/0","0/0","0/0","0/0","0/0","0/0","0/0","0/0","0/0","0/0","0/0","0/0","0/0","0/0","0/0","0/0","0/0","0/0","0/0","0/0","0/0","0/0","0/0","0/0","0/0","0/0","0/0","0/0","0/0","0/0","0/0","0/0","0/0","0/0","0/0","0/0","0/0","0/0","0/0","0/0","0/0","0/0","0/0","0/0","0/0","0/0","0/0","0/0","0/0","0/0","0/0","0/0","0/0","0/0","0/0","0/0","0/1","0/0","0/0","0/1","0/1","0/0","0/0","0/0","0/0","0/0","0/0","0/0","0/0","0/0","0/0","0/0","0/0","0/0","0/0","0/0"
"chr12:8200557_ACAG/A_FOXJ2","0/0","0/0","0/0","0/0","0/0","0/0","0/0","0/0","0/0","0/1","0/0","0/0","0/0","0/0","0/0","0/0","0/0","0/0","0/0","0/0","0/0","0/0","0/0","0/0","0/0","0/0","0/0","0/0","0/0","0/0","0/0","0/0","0/0","0/0","0/0","0/0","0/0","0/0","0/0","0/0","0/0","0/0","0/0","0/0","0/0","0/0","0/0","0/0","0/0","0/0","0/0","0/0","0/0","0/0","0/0","0/0","0/0","0/0","0/0","0/0","0/0","0/1","0/0","0/0","0/0","0/0","0/0","0/0","0/0","0/0","0/0","0/0","0/0","0/0","0/0","0/0","0/0","0/0","0/0","0/0","0/0","0/0","0/0","0/0","0/0","0/0","0/0","0/0","0/0","0/0","0/0","0/0","0/0","0/0","0/0","0/0","0/0","0/0","0/0","0/0","0/0","0/0","0/0","0/0","0/0","0/0","0/0","0/0","0/0","0/0","0/0","0/0","0/0","0/0","0/0","0/0","0/0","0/0","0/0","0/0","0/0","0/0","0/0","0/0","0/0","0/0","0/0","0/0","0/1","0/0","0/0","0/0","0/0","0/0","0/0","0/0","0/0","0/0","0/0","0/0","0/0","0/0","0/0","0/0","0/0","0/0","0/0","0/0","0/0","0/0","0/0","0/0","0/0"
"chr12:8374781_C/CACG_FAM90A1","1/1","1/1","1/1","0/1","0/1","0/1","0/1","0/1","0/1","1/1","1/1","0/1","1/1","1/1","0/1","0/1","1/1","0/1","0/1","0/1","0/1","0/1","0/1","0/1","1/1","0/1","0/0","0/1","1/1","1/1","0/0","1/1","0/1","1/1","0/1","0/1","0/0","1/1","0/1","0/1","0/0","0/1","0/1","0/1","0/1","0/1","1/1","0/0","0/1","0/1","1/1","1/1","0/1","0/1","1/1","0/1","1/1","0/0","0/1","0/1","0/1","0/1","1/1","0/1","0/1","0/0","1/1","0/0","0/0","1/1","0/0","0/0","0/0","1/1","1/1","1/1","1/1","0/0","0/1","1/1","1/1","1/1","1/1","0/1","0/1","0/0","0/0","0/1","0/1","0/1","1/1","0/0","0/0","0/0","0/0","1/1","0/1","0/0","0/1","0/1","1/1","0/1","1/1","1/1","1/1","0/1","0/1","1/1","1/1","0/1","0/1","1/1","1/1","0/1","0/1","0/1","0/1","1/1","0/1","1/1","0/1","0/1","0/1","1/1","0/1","0/1","0/1","0/1","0/1","0/1","0/1","0/1","0/1","0/0","0/1","0/1","0/0","0/0","0/0","0/1","0/0","0/1","0/1","1/1","1/1","1/1","1/1","1/1","1/1","0/0","0/0","0/0","0/0"
"chr12:8804268_A/AT_MFAP5","0/0","0/0","0/0","0/0","0/0","0/0","0/0","0/0","0/0","0/0","0/0","0/0","0/0","0/0","0/0","0/0","0/0","0/0","0/0","0/0","0/0","0/0","0/0","0/0","0/0","0/0","0/0","0/0","0/0","0/0","0/0","0/0","0/0","0/0","0/0","0/0","0/0","0/0","0/0","0/0","0/0","0/0","0/0","0/0","0/0","0/0","0/0","0/0","0/0","0/0","0/0","0/0","0/0","0/0","0/0","0/0","0/0","0/0","0/0","0/0","0/0","0/0","0/0","0/0","0/0","0/0","0/0","0/0","0/0","0/0","0/0","0/0","0/0","0/0","0/0","0/0","0/0","0/0","0/0","0/0","0/0","0/0","0/0","0/0","0/0","0/0","0/0","0/0","0/0","0/0","0/0","0/0","0/0","0/0","0/0","0/0","0/0","0/0","0/0","0/0","0/0","0/0","0/0","0/1","0/1","0/0","0/0","0/0","0/0","0/0","0/0","0/0","0/0","0/0","0/0","0/0","0/0","0/0","0/0","0/0","0/0","0/0","0/0","0/0","0/0","0/0","0/0","0/0","0/0","0/0","0/0","0/0","0/0","0/0","0/0","0/0","0/0","0/0","0/0","0/0","0/0","0/0","0/0","0/0","0/0","0/0","0/0","0/0","0/0","0/0","0/0","0/0","0/0"
"chr12:9098995_G/GAAC_M6PR","0/0","0/0","0/0","0/0","0/0","0/0","0/1","0/1","0/1","0/0","0/0","0/0","0/0","0/0","1/1","0/0","0/1","0/1","0/0","0/0","1/1","1/1","0/1","0/0","1/1","1/1","0/0","0/0","0/0","0/1","1/1","1/1","0/1","0/1","0/0","0/0","0/0","0/0","0/1","0/0","0/0","0/1","0/0","0/1","0/1","0/0","0/1","0/0","0/0","0/0","0/0","0/0","0/0","0/0","0/1","0/1","0/0","0/0","1/1","0/0","0/0","1/1","1/1","0/0","0/0","0/1","0/1","1/1","1/1","0/1","0/1","0/1","0/1","0/1","0/1","1/1","1/1","0/0","0/0","0/1","0/1","0/0","0/0","0/1","0/1","0/1","0/1","0/0","0/0","0/0","0/0","0/1","0/1","0/0","0/0","0/0","0/0","0/0","0/1","0/1","0/1","0/0","0/1","0/0","0/0","0/0","0/0","0/0","0/0","0/0","0/0","0/0","0/0","0/0","0/1","0/1","0/1","0/1","0/1","0/1","0/1","0/1","0/1","0/1","0/1","0/1","0/0","0/0","0/1","0/1","0/1","0/1","0/1","1/1","0/1","0/1","1/1","1/1","0/0","0/0","0/0","0/1","0/1","1/1","1/1","1/1","0/1","0/1","0/1","0/1","0/1","0/1","0/1"
"chr12:9885707_A/ATAAGT_CLECL1","0/0","0/0","0/0","0/1","0/1","0/1","0/1","0/1","0/1","0/0","0/1","0/0","1/1","0/1","0/1","0/0","0/0","0/1","0/0","0/0","0/1","0/1","0/1","0/1","0/0","0/1","0/0","0/0","0/1","0/1","0/0","0/0","1/1","0/1","0/1","1/1","0/0","1/1","1/1","1/1","0/1","0/1","0/0","0/1","0/1","0/1","0/1","0/1","0/1","0/1","0/1","0/0","0/1","0/1","0/1","0/0","0/0","0/1","0/1","0/1","1/1","0/0","0/1","0/1","0/1","0/1","0/0","0/0","0/0","0/0","0/1","0/1","0/1","0/1","0/1","0/0","0/0","0/0","0/0","0/1","0/1","0/1","0/1","1/1","1/1","0/1","0/1","0/1","0/1","0/1","1/1","0/0","0/0","0/0","0/0","1/1","0/1","0/1","0/1","0/1","1/1","0/0","1/1","0/0","0/0","0/1","0/1","0/1","0/1","0/0","0/1","0/1","0/1","0/0","0/1","0/1","0/1","0/1","1/1","0/1","1/1","1/1","0/1","0/1","0/1","0/1","0/0","0/0","0/0","0/0","0/0","0/0","0/0","0/1","0/0","0/0","0/1","0/1","0/1","0/1","0/1","0/0","0/0","1/1","1/1","1/1","1/1","1/1","1/1","0/0","0/0","0/0","0/0"
"chr12:9994445_GTGT/G_KLRF1","1/1","1/1","1/1","1/1","1/1","1/1","1/1","1/1","1/1","1/1","1/1","1/1","1/1","1/1","1/1","1/1","1/1","1/1","1/1","1/1","1/1","1/1","1/1","1/1","1/1","1/1","1/1","1/1","1/1","1/1","1/1","1/1","1/1","1/1","1/1","1/1","1/1","1/1","1/1","1/1","1/1","1/1","1/1","1/1","1/1","1/1","1/1","1/1","1/1","1/1","1/1","1/1","1/1","1/1","1/1","1/1","1/1","1/1","1/1","1/1","1/1","1/1","1/1","1/1","1/1","1/1","1/1","1/1","1/1","1/1","1/1","1/1","1/1","1/1","1/1","1/1","1/1","1/1","1/1","1/1","1/1","1/1","1/1","1/1","1/1","1/1","1/1","1/1","1/1","1/1","1/1","1/1","1/1","1/1","1/1","1/1","1/1","1/1","1/1","1/1","1/1","1/1","1/1","1/1","1/1","1/1","1/1","1/1","1/1","1/1","1/1","1/1","1/1","1/1","1/1","1/1","1/1","1/1","1/1","1/1","1/1","1/1","1/1","1/1","1/1","1/1","1/1","1/1","1/1","1/1","1/1","1/1","1/1","1/1","1/1","1/1","1/1","1/1","1/1","1/1","1/1","1/1","1/1","1/1","1/1","1/1","1/1","1/1","1/1","1/1","1/1","1/1","1/1"
"chr12:10034223_TGA/T_KLRF2","0/0","0/0","0/0","0/0","0/0","0/0","0/0","0/0","0/0","0/0","0/0","0/0","0/1","0/0","0/0","0/0","0/0","0/0","0/0","0/0","0/0","0/0","0/0","0/0","0/0","0/0","0/0","0/0","0/0","0/0","0/0","0/1","0/0","0/0","0/0","0/0","0/0","0/0","0/0","0/0","0/0","0/0","0/0","0/0","0/0","0/0","0/0","0/0","0/0","0/0","0/1","0/0","0/0","0/0","0/0","0/0","0/0","0/0","0/0","0/0","0/0","0/0","0/0","0/0","0/0","0/0","0/0","0/0","0/0","0/0","0/0","0/0","0/0","0/0","0/0","0/0","0/0","0/0","0/0","0/0","0/0","0/0","0/1","0/0","0/0","0/0","0/0","0/0","0/0","0/0","0/0","0/0","0/0","0/0","0/0","0/0","0/0","0/0","0/0","0/0","0/0","0/0","0/0","0/0","0/0","0/0","0/0","0/0","0/0","0/0","0/0","0/0","0/0","0/0","0/0","0/0","0/0","0/0","0/0","0/0","0/0","0/0","0/0","0/0","0/0","0/0","0/0","0/0","0/0","0/0","0/0","0/0","0/0","0/0","0/0","0/0","0/0","0/0","0/0","0/0","0/0","0/0","0/0","0/0","0/0","0/0","0/0","0/0","0/0","0/0","0/0","0/0","0/0"
"chr12:10233892_CCTGCAAGCTTTATATT/C_CLEC1A","0/0","0/0","0/0","0/0","0/0","0/0","0/0","0/0","0/0","0/0","0/0","0/0","0/0","0/0","0/0","0/0","0/1","0/0","0/0","0/0","0/0","0/0","0/0","0/0","0/0","0/0","0/0","0/0","0/0","0/0","0/0","0/0","0/0","0/0","0/0","0/0","0/0","0/0","0/0","0/0","0/0","0/0","0/0","0/0","0/0","0/0","0/0","0/0","0/0","0/0","0/0","0/0","0/0","0/0","0/0","0/0","0/0","0/0","0/0","0/0","0/0","0/0","0/0","0/0","0/0","0/0","0/0","0/0","0/0","0/0","0/0","0/0","0/0","0/0","0/0","0/0","0/0","0/0","0/0","0/0","0/0","0/0","0/0","0/0","0/0","0/0","0/0","0/0","0/0","0/0","0/0","0/0","0/0","0/0","0/0","0/0","0/0","0/0","0/0","0/0","0/0","0/0","0/0","0/0","0/0","0/0","0/0","0/0","0/0","0/0","0/0","0/0","0/0","0/0","0/0","0/0","0/0","0/0","0/0","0/0","0/0","0/0","0/0","0/0","0/0","0/0","0/0","0/0","0/0","0/0","0/0","0/0","0/0","0/0","0/0","0/0","0/0","0/0","0/0","0/0","0/0","0/0","0/0","0/0","0/0","0/0","0/0","0/0","0/0","0/0","0/0","0/0","0/0"
"chr12:11138598_GT/G_TAS2R50","0/0","0/0","0/0","0/0","0/0","0/0","0/0","0/0","0/0","0/0","0/0","0/0","0/0","0/0","0/0","0/0","0/0","0/0","0/0","0/0","0/0","0/0","0/0","0/0","0/0","0/0","0/0","0/0","0/0","0/0","0/0","0/0","0/0","0/0","0/0","0/0","0/1","0/0","0/0","0/0","0/0","0/0","0/0","0/0","0/0","0/0","0/0","0/0","0/0","0/0","0/0","0/0","0/0","0/0","0/0","0/0","0/0","0/0","0/0","0/0","0/0","0/0","0/0","0/0","0/0","0/0","0/0","0/0","0/0","0/0","0/0","0/0","0/0","0/0","0/0","0/0","0/0","0/0","0/0","0/0","0/0","0/0","0/0","0/0","0/0","0/0","0/0","0/0","0/0","0/0","0/0","0/0","0/0","0/0","0/0","0/0","0/0","0/0","0/0","0/0","0/0","0/0","0/0","0/0","0/0","0/0","0/0","0/0","0/0","0/0","0/0","0/0","0/0","0/0","0/0","0/0","0/0","0/0","0/0","0/0","0/0","0/0","0/0","0/0","0/0","0/0","0/0","0/0","0/0","0/0","0/0","0/0","0/0","0/0","0/0","0/0","0/0","0/0","0/0","0/0","0/0","0/0","0/0","0/0","0/0","0/0","0/0","0/0","0/0","0/0","0/0","0/0","0/0"
"chr12:11139431_GA/G_TAS2R50","0/1","0/1","0/1","0/0","0/0","0/0","0/0","0/0","0/0","0/0","0/0","0/0","0/0","0/0","0/0","0/0","0/0","0/0","0/0","0/0","0/0","0/0","0/0","0/0","0/0","0/1","0/0","0/0","0/0","0/0","0/0","0/0","0/0","0/0","0/0","0/0","0/0","0/0","0/0","0/0","0/0","0/0","0/0","0/0","0/1","0/0","0/0","0/0","0/0","0/0","0/0","0/0","0/0","0/0","0/0","0/0","0/0","0/0","0/0","0/1","0/0","0/0","0/0","0/0","0/0","0/0","0/0","0/0","0/0","0/0","0/0","0/0","0/0","0/0","0/0","0/0","0/0","0/0","0/0","0/1","0/1","0/0","0/0","0/0","0/0","0/0","0/0","0/0","0/0","0/0","0/0","0/0","0/0","0/0","0/0","0/0","0/0","0/0","0/0","0/0","0/0","0/0","0/0","0/0","0/0","0/0","0/0","0/0","0/0","0/0","0/0","0/0","0/0","0/0","0/0","0/0","0/0","0/0","0/0","0/0","0/0","0/0","0/0","0/0","0/0","0/0","0/0","0/0","0/0","0/0","0/0","0/0","0/0","0/0","0/0","0/0","0/0","0/0","0/0","0/0","0/0","0/0","0/0","0/1","0/0","0/0","0/0","0/0","0/0","0/0","0/0","0/0","0/0"
"chr12:11214631_CAGA/C_TAS2R46","0/0","0/0","0/0","0/0","0/0","0/0","0/0","0/0","0/0","0/1","0/0","0/0","0/0","0/1","0/0","0/0","0/0","0/0","0/0","0/0","0/1","0/0","0/0","0/0","0/1","0/0","0/0","0/0","0/0","0/0","0/0","0/0","0/0","0/0","0/0","0/0","0/0","0/0","0/0","0/0","0/0","0/0","0/0","0/0","0/0","0/0","0/0","0/0","0/0","0/0","0/1","0/0","0/0","0/0","0/0","0/0","0/0","0/0","0/0","0/0","0/0","0/0","0/0","0/0","0/0","0/0","0/1","0/1","0/1","0/1","0/0","0/0","0/0","0/0","0/0","0/0","0/0","0/0","0/0","0/0","0/0","0/0","0/1","0/0","0/0","0/0","0/0","0/0","0/0","0/0","0/0","0/0","0/0","0/0","0/0","0/0","0/0","0/0","0/0","0/0","0/0","0/0","0/0","0/0","0/0","0/0","0/0","0/0","0/0","0/0","0/0","0/0","0/0","0/0","0/0","0/0","0/0","0/0","0/0","0/0","0/0","0/0","0/0","0/0","0/0","0/0","0/0","0/0","0/0","0/0","0/0","0/0","0/0","0/0","0/0","0/0","0/0","0/0","0/1","0/1","0/1","0/0","0/0","0/1","0/1","0/1","0/0","0/0","0/0","0/0","0/0","0/0","0/0"
"chr12:11214634_A/ACC_TAS2R46","0/0","0/0","0/0","0/0","0/0","0/0","0/0","0/0","0/0","0/1","0/0","0/0","0/0","0/1","0/0","0/0","0/0","0/0","0/0","0/0","0/1","0/0","0/0","0/0","0/1","0/0","0/0","0/0","0/0","0/0","0/0","0/0","0/0","0/0","0/0","0/0","0/0","0/0","0/0","0/0","0/0","0/0","0/0","0/0","0/0","0/0","0/0","0/0","0/0","0/0","0/1","0/0","0/0","0/0","0/0","0/0","0/0","0/0","0/0","0/0","0/0","0/0","0/0","0/0","0/0","0/0","0/1","0/1","0/1","0/1","0/0","0/0","0/0","0/0","0/0","0/0","0/0","0/0","0/0","0/0","0/0","0/0","0/1","0/0","0/0","0/0","0/0","0/0","0/0","0/0","0/0","0/0","0/0","0/0","0/0","0/0","0/0","0/0","0/0","0/0","0/0","0/0","0/0","0/0","0/0","0/0","0/0","0/0","0/0","0/0","0/0","0/0","0/0","0/0","0/0","0/0","0/0","0/0","0/0","0/0","0/0","0/0","0/0","0/0","0/0","0/0","0/0","0/0","0/0","0/0","0/0","0/0","0/0","0/0","0/0","0/0","0/0","0/0","0/1","0/1","0/1","0/0","0/0","0/1","0/1","0/1","0/0","0/0","0/0","0/0","0/0","0/0","0/0"
"chr12:11244067_A/ATT_TAS2R43","0/1","0/1","0/1","0/1","0/1","0/1","0/1","0/1","0/1","0/1","0/1","0/1","0/1","0/1","0/1","0/1","0/1","1/1","0/1","0/1","0/1","0/1","0/1","0/1","0/0","0/1","0/1","1/1","0/1","0/1","0/1","0/1","0/1","0/1","0/1","0/1","0/1","0/1","0/1","0/1","0/1","0/1","0/1","0/1","0/1","0/1","0/1","0/1","0/1","0/1","0/1","0/1","1/1","0/1","0/1","1/1","0/1","0/1","0/1","0/1","0/1","0/1","0/1","0/1","0/1","0/1","0/0","0/1","0/1","0/1","0/1","1/1","1/1","0/1","0/1","0/1","0/1","0/1","0/1","0/1","0/1","0/1","0/0","0/1","0/1","0/1","0/1","1/1","0/1","0/1","0/1","0/1","0/1","0/1","0/1","0/1","1/1","0/1","0/1","0/1","0/1","1/1","0/1","0/1","0/1","0/1","0/1","0/1","0/1","1/1","0/1","0/1","0/1","0/1","0/1","0/1","0/1","0/1","0/1","0/1","0/1","0/1","0/1","0/1","0/1","0/1","0/1","0/1","0/1","0/1","0/1","0/1","0/1","0/1","0/1","0/1","0/1","0/1","0/1","0/1","0/0","0/1","0/1","0/0","0/1","0/1","0/1","0/1","0/1","0/1","0/1","0/1","0/1"
"chr12:11244070_TCC/T_TAS2R43","0/1","0/1","0/1","0/1","0/1","0/1","0/1","0/1","0/1","0/1","0/1","0/1","0/1","0/1","0/1","0/1","0/1","1/1","0/1","0/1","0/1","0/1","0/1","0/1","0/0","0/1","0/1","1/1","0/1","0/1","0/1","0/1","0/1","0/1","0/1","0/1","0/1","0/1","0/1","0/1","0/1","0/1","0/1","0/1","0/1","0/1","0/1","0/1","0/1","0/1","0/1","0/1","1/1","0/1","0/1","1/1","0/1","0/1","0/1","0/1","0/1","0/1","0/1","0/1","0/1","0/1","0/0","0/1","0/1","0/1","0/1","1/1","1/1","0/1","0/1","0/1","0/1","0/1","0/1","0/1","0/1","0/1","0/0","0/1","0/1","0/1","0/1","1/1","0/1","0/1","0/1","0/1","0/1","0/1","0/1","0/1","1/1","0/1","0/1","0/1","0/1","1/1","0/1","0/1","0/1","0/1","0/1","0/1","0/1","1/1","0/1","0/1","0/1","0/1","0/1","0/1","0/1","0/1","0/1","0/1","0/1","0/1","0/1","0/1","0/1","0/1","0/1","0/1","0/1","0/1","0/1","0/1","0/1","0/1","0/1","0/1","0/1","0/1","0/1","0/1","0/0","0/1","0/1","0/0","0/1","0/1","0/1","0/1","0/1","0/1","0/1","0/1","0/1"
"chr12:12278239_G/GT_LRP6","0/0","0/0","0/0","0/0","0/0","0/0","0/0","0/0","0/0","0/0","0/0","0/0","0/0","0/0","0/0","0/0","0/0","0/0","0/0","0/0","0/0","0/0","0/0","0/0","0/0","0/0","0/0","0/0","0/0","0/0","0/0","0/0","0/0","0/0","0/0","0/0","0/0","0/0","0/0","0/0","0/0","0/0","0/0","0/0","0/0","0/0","0/0","0/0","0/0","0/0","0/0","0/1","0/0","0/0","0/0","0/0","0/0","0/0","0/0","0/0","0/0","0/0","0/0","0/0","0/0","0/0","0/0","0/0","0/0","0/0","0/0","0/0","0/0","0/0","0/0","0/0","0/0","0/0","0/0","0/0","0/0","0/0","0/0","0/0","0/0","0/0","0/0","0/0","0/0","0/0","0/0","0/0","0/0","0/0","0/0","0/0","0/0","0/0","0/0","0/0","0/0","0/0","0/0","0/0","0/0","0/0","0/0","0/0","0/0","0/0","0/0","0/0","0/0","0/0","0/0","0/0","0/0","0/0","0/0","0/0","0/0","0/0","0/0","0/0","0/0","0/0","0/0","0/0","0/0","0/0","0/0","0/0","0/0","0/0","0/0","0/0","0/0","0/0","0/0","0/0","0/0","0/0","0/0","0/0","0/0","0/0","0/0","0/0","0/0","0/0","0/0","0/0","0/0"
"chr12:12284865_AC/A_LRP6","0/0","0/0","0/0","0/0","0/0","0/0","0/0","0/0","0/0","0/0","0/0","0/0","0/0","0/0","0/0","0/0","0/0","0/0","0/0","0/0","0/0","0/0","0/0","0/0","0/0","0/0","0/0","0/0","0/0","0/0","0/0","0/0","0/0","0/0","0/0","0/0","0/0","0/0","0/0","0/0","0/0","0/0","0/0","0/0","0/0","0/0","0/0","0/0","0/0","0/0","0/0","0/0","0/0","0/0","0/0","0/0","0/0","0/0","0/0","0/0","0/0","0/0","0/0","0/0","0/0","0/0","0/0","0/0","0/0","0/0","0/0","0/0","0/0","0/0","0/0","0/0","0/0","0/0","0/0","0/0","0/0","0/0","0/0","0/0","0/0","0/0","0/0","0/0","0/0","0/0","0/0","0/0","0/0","0/0","0/0","0/0","0/0","0/0","0/0","0/0","0/0","0/0","0/0","0/0","0/0","0/0","0/0","0/0","0/1","0/0","0/0","0/0","0/0","0/0","0/0","0/0","0/0","0/0","0/0","0/0","0/0","0/0","0/0","0/0","0/0","0/0","0/0","0/0","0/0","0/0","0/0","0/0","0/0","0/0","0/0","0/0","0/0","0/0","0/0","0/0","0/0","0/0","0/0","0/0","0/0","0/0","0/0","0/0","0/0","0/0","0/0","0/0","0/0"
"chr12:12318228_ACCTTCAGGTTT/A_LRP6","0/1","0/0","0/0","0/0","0/0","0/0","0/0","0/0","0/0","0/0","0/0","0/0","0/0","0/0","0/0","0/0","0/0","0/0","0/0","0/0","0/0","0/0","0/0","0/0","0/0","0/0","0/0","0/0","0/0","0/0","0/0","0/0","0/0","0/0","0/0","0/0","0/0","0/0","0/0","0/0","0/0","0/0","0/0","0/0","0/0","0/0","0/0","0/0","0/0","0/0","0/0","0/0","0/0","0/0","0/0","0/0","0/0","0/0","0/0","0/0","0/0","0/0","0/0","0/0","0/0","0/0","0/0","0/0","0/0","0/0","0/0","0/0","0/0","0/0","0/0","0/0","0/0","0/0","0/0","0/0","0/0","0/0","0/0","0/0","0/0","0/0","0/0","0/0","0/0","0/0","0/0","0/0","0/0","0/0","0/0","0/0","0/0","0/0","0/0","0/0","0/0","0/0","0/0","0/0","0/0","0/0","0/0","0/0","0/0","0/0","0/0","0/0","0/0","0/0","0/0","0/0","0/0","0/0","0/0","0/0","0/0","0/0","0/0","0/0","0/0","0/0","0/0","0/0","0/0","0/0","0/0","0/0","0/0","0/0","0/0","0/0","0/0","0/0","0/0","0/0","0/0","0/0","0/0","0/0","0/0","0/0","0/0","0/0","0/0","0/0","0/0","0/0","0/0"
"chr12:12630665_TGCACGCTGG/T_DUSP16","0/0","0/0","0/0","0/1","0/0","0/0",".",".",".","0/0","0/0","0/1","0/0","0/0","0/0","0/0","0/0","0/1","0/0",".","0/0","0/0","0/0",".","0/0","0/1","0/0","0/0","0/1","1/1","0/0","0/0","0/1","0/0","0/0",".","0/1",".","0/0","0/0","0/0","0/0","0/0","0/1","0/1","0/0","0/1",".",".","0/0","0/0","0/1","0/1","0/1","0/0","0/0","0/0","0/0","0/1","0/0","0/0","0/0","0/0","0/0","0/0","0/0","0/0","0/0","0/0","0/0","0/0","0/0","0/0","0/0","0/0","0/1","0/1",".","0/0","0/0","0/0","0/0","0/0","0/1","0/1","0/0","0/0","0/0","0/0","0/0","0/0","0/0","0/0",".",".","0/0","0/0","0/0","0/0","0/0","0/1","0/0","0/1","0/0","0/0","0/1","0/1","0/0","0/0","0/0","0/1","0/0","0/0","0/0","0/1","0/1","0/1","0/0","0/1","0/0","0/1","0/1","0/1","0/0","0/1","0/1","0/0","0/0","0/0","0/0","0/0","0/0","0/0","0/0","0/0","0/0","0/0","0/0","0/0","0/0",".","0/0","0/0","0/0",".","0/0","0/1","0/1","0/1","0/0","0/0","0/0","0/0"
"chr12:12630675_GCACGC/G_DUSP16","0/0","0/0","0/0","0/0","0/1","0/1","1/1","1/1","1/1","0/0","0/0","0/1","0/0","0/0","0/0","0/0","0/0","0/1","0/0","0/1","0/0","0/0","0/0","0/1","0/1","0/1","0/0","0/1","0/0",".","0/1","0/0","0/1","0/1","0/0","0/1","0/0","1/1","0/1","0/0","0/1","0/1","0/0","0/0","0/1","0/0","0/1","0/1","0/1","0/1","0/0","0/0","0/0","0/0","0/0","0/0","0/0","0/0","0/0","0/1","0/1","0/1","0/0","0/0","0/0","0/1","0/1","0/1","0/1","0/1","0/1","0/1","0/1","0/1","0/1","0/1","0/1","0/1","0/1","0/1","0/1","0/0","0/0","0/0","0/0","0/0","0/0","0/1","0/0","0/0","0/0","0/1","0/1","0/1","0/1","0/0","0/1","0/0","0/1","0/1","0/1","0/1","0/1","0/1","0/1","0/0","0/0","0/0","0/0","0/1","0/0","0/0","0/0","0/0","0/1","0/1","0/1","0/0","0/0","0/0","0/0","0/0","0/1","0/0","0/1","0/1","0/0","0/0","0/1","0/1","0/1","0/0","0/0","0/0","0/0","0/0","0/0","0/0","0/1","0/1","0/1","0/0","0/0","0/1","0/1","0/1","0/0",".","0/0","0/0","0/0","0/0","0/0"
"chr12:12630677_ACGC/A_DUSP16","0/0","0/0","0/0","0/0","0/2","0/2","2/2","2/2","2/2","0/0","0/0","0/2","0/0","0/0","0/0","0/0","0/0","0/2","0/0","0/2","0/0","0/0","0/0","0/2","0/2","0/2","0/0","0/2","0/0","0/0","0/2","0/0","0/2","0/2","0/0","0/2","0/1","2/2","0/2","0/0","0/2","0/2","0/0","0/0","0/2","0/0","0/2","0/2","0/2","0/2","0/0","0/0","0/0","0/0","0/0","0/0","0/0","0/0","0/0","0/2","0/2","0/2","0/0","0/0","0/0","0/2","0/2","0/2","0/2","0/2","0/2","0/2","0/2","0/2","0/2","0/2","0/2","0/2","0/2","0/2","0/2","0/0","0/0","0/0","0/0","0/0","0/0","0/2","0/0","0/0","0/0","0/2","0/2","0/2","0/2","0/0","0/2","0/0","0/2","0/2","0/2","0/2","0/2","0/2","0/2","0/0","0/0","0/0","0/0","0/2","0/0","0/0","0/0","0/0","0/2","0/2","0/2","0/0","0/0","0/0","0/0","0/0","0/2","0/0","0/2","0/2","0/0","0/0","0/2","0/2","0/2","0/0","0/0","0/0","0/0","0/0","0/0","0/0","0/2","0/2","0/2","0/0","0/0","0/2","0/2","0/2","0/0","0/0","0/0","0/0","0/0","0/0","0/0"
"chr12:12630681_TGGGCAC/TAC_DUSP16","0/0","0/0","0/0","0/0","0/1","0/1","1/1","1/1","1/1","0/0","0/0","0/1","0/0","0/0","0/0","0/0","0/0","0/1","0/0","0/1","0/0","0/0","0/0","0/1","0/1","0/1","0/0","0/1","0/0","0/0","0/1","0/0","0/1","0/1","0/0","0/1","0/2","1/1","0/1","0/0","0/1","0/1","0/0","0/0","0/1","0/0","0/1","0/1","0/1","0/1","0/0","0/0","0/0","0/0","0/0","0/0","0/0","0/0","0/0","0/1","0/1","0/1","0/0","0/0","0/0","0/1","0/1","0/1","0/1","0/1","0/1","0/1","0/1","0/1","0/1","0/1","0/1","0/1","0/1","0/1","0/1","0/0","0/0","0/0","0/0","0/0","0/0","0/1","0/0","0/0","0/0","0/1","0/1","0/1","0/1","0/0","0/1","0/0","0/1","0/1","0/1","0/1","0/1","0/1","0/1","0/0","0/0","0/0","0/0","0/1","0/0","0/0","0/0","0/0","0/1","0/1","0/1","0/0","0/0","0/0","0/0","0/0","0/1","0/0","0/1","0/1","0/0","0/0","0/1","0/1","0/1","0/0","0/0","0/0","0/0","0/0","0/0","0/0","0/1","0/1","0/1","0/0","0/0","0/1","0/1","0/1","0/0","0/0","0/0","0/0","0/0","0/0","0/0"
"chr12:12814273_GT/G_GPR19","0/0","0/0","0/0","0/0","0/0","0/0","0/0","0/0","0/0","0/0","0/0","0/0","0/0","0/0","0/0","0/0","0/0","0/0","0/0","0/0","0/0","0/0","0/0","0/0","0/0","0/0","0/0","0/0","0/0","0/0","0/0","0/0","0/0","0/0","0/0","0/0","0/1","0/0","0/0","0/0","0/0","0/0","0/0","0/0","0/0","0/0","0/0","0/0","0/0","0/0","0/0","0/0","0/0","0/0","0/0","0/0","0/0","0/0","0/0","0/0","0/0","0/0","0/0","0/0","0/0","0/0","0/0","0/0","0/0","0/0","0/0","0/0","0/0","0/0","0/0","0/0","0/0","0/0","0/0","0/0","0/0","0/0","0/0","0/0","0/0","0/0","0/0","0/0","0/0","0/0","0/0","0/0","0/0","0/0","0/0","0/0","0/0","0/0","0/0","0/0","0/0","0/0","0/0","0/0","0/0","0/0","0/0","0/0","0/0","0/0","0/0","0/0","0/0","0/0","0/0","0/0","0/0","0/0","0/0","0/0","0/0","0/0","0/0","0/0","0/0","0/0","0/0","0/0","0/0","0/0","0/0","0/0","0/0","0/0","0/0","0/0","0/0","0/0","0/0","0/0","0/0","0/0","0/0","0/0","0/0","0/0","0/0","0/0","0/0","0/0","0/0","0/0","0/0"
"chr12:14720554_GGCA/G_PLBD1","1/1","1/1","1/1","1/2","1/1","1/1","1/1","1/1","1/1","1/1","1/1","1/1","0/1","1/2","1/1","1/1","1/1","1/1","1/1","1/1","1/1","1/2","1/2","1/1","1/1","1/1","1/1","1/1","1/1","1/1","2/2","1/1","1/1","1/1","1/2","1/1","1/1","1/2","1/1","1/2","1/2","1/2","1/1","1/1","1/2","1/1","1/1","1/2","1/2","1/2","1/1","1/1","1/1","1/1","1/1","1/1","1/1","2/2","1/1","1/2","1/1","1/2","1/1","1/2","1/2","1/1","1/1","0/1","0/1","1/1","1/1","1/1","1/1","1/2","1/2","1/2","1/2","1/1","1/1","1/2","1/2","1/1","1/1","1/2","1/2","1/1","1/1","1/1","1/1","1/1","1/1","1/1","1/1","1/2","1/2","1/1","1/1","1/1","1/1","1/1","1/1","1/1","1/1","1/1","1/1","1/1","1/1","1/1","1/1","1/1","1/2","1/2","1/2","1/1","1/1","1/1","1/1","0/1","1/1","1/1","1/1","1/1","1/1","1/1","1/1","1/1","1/1","1/1","1/1","1/1","1/1","1/2","0/1","1/1","1/2","1/2","1/1","1/1","1/2","1/2","1/2","1/2","1/2","1/1","1/1","1/1","2/2","2/2","2/2","1/1","1/1","1/1","1/1"
"chr12:14923934_C/CA_HIST4H4","0/0","0/0","0/0","0/0","0/0","0/0","0/0","0/0","0/0","0/0","0/0","0/0","0/0","0/0","0/0","0/1","0/0","0/0","0/0","0/0","0/0","0/0","0/0","0/0","0/1","0/0","0/0","0/0","0/0","0/0","0/0","0/1","0/0","0/0","0/0","0/0","0/0","0/0","0/0","0/0","0/0","0/1","0/0","0/0","0/0","0/0","0/1","0/0","0/0","0/0","0/0","0/0","0/0","0/0","0/0","0/0","0/0","0/0","0/0","0/0","0/1","0/0","0/0","0/0","0/0","0/0","0/0","0/0","0/0","0/0","0/0","0/0","0/0","0/0","0/0","0/0","0/0","0/0","0/0","0/0","0/0","0/0","0/0","0/0","0/0","0/0","0/0","0/0","0/0","0/0","0/0","0/0","0/0","0/0","0/0","0/0","0/0","0/0","0/0","0/0","0/0","0/0","0/0","0/0","0/0","0/0","0/0","0/0","0/0","0/0","0/0","0/0","0/0","0/0","0/0","0/1","0/1","0/0","0/0","0/0","0/0","0/0","0/1","0/0","0/0","0/0","0/0","0/0","0/0","0/0","0/0","0/0","0/0","0/0","0/0","0/0","0/0","0/0","0/0","0/0","0/0","0/0","0/0","0/0","0/0","0/0","0/0","0/0","0/0","0/0","0/0","0/0","0/0"
"chr12:14923935_T/TC_HIST4H4","0/0","0/0","0/0","0/0","0/0","0/0","0/0","0/0","0/0","0/0","0/0","0/0","0/0","0/0","0/0","0/1","0/0","0/0","0/0","0/0","0/0","0/0","0/0","0/0","0/1","0/0","0/0","0/0","0/0","0/0","0/0","0/1","0/0","0/0","0/0","0/0","0/0","0/0","0/0","0/0","0/0","0/1","0/0","0/0","0/0","0/0","0/1","0/0","0/0","0/0","0/0","0/0","0/0","0/0","0/0","0/0","0/0","0/0","0/0","0/0","0/1","0/0","0/0","0/0","0/0","0/0","0/0","0/0","0/0","0/0","0/0","0/0","0/0","0/0","0/0","0/0","0/0","0/0","0/0","0/0","0/0","0/0","0/0","0/0","0/0","0/0","0/0","0/0","0/0","0/0","0/0","0/0","0/0","0/0","0/0","0/0","0/0","0/0","0/0","0/0","0/0","0/0","0/0","0/0","0/0","0/0","0/0","0/0","0/0","0/0","0/0","0/0","0/0","0/0","0/0","0/1","0/1","0/0","0/0","0/0","0/0","0/0","0/1","0/0","0/0","0/0","0/0","0/0","0/0","0/0","0/0","0/0","0/0","0/0","0/0","0/0","0/0","0/0","0/0","0/0","0/0","0/0","0/0","0/0","0/0","0/0","0/0","0/0","0/0","0/0","0/0","0/0","0/0"
"chr12:14976417_CTA/C_C12orf60","0/0","0/0","0/0","0/0","0/1","0/1","0/0","0/0","0/0","0/1","0/0","0/0","0/0","0/0","0/1","0/0","0/0","0/0","0/0","0/0","0/1","0/0","0/0","0/0","0/0","0/0","0/0","0/0","0/0","0/0","0/0","0/0","0/0","0/0","0/0","0/0","0/1","0/0","0/0","0/0","0/0","0/0","0/1","0/0","0/0","0/0","0/0","0/0","0/0","0/0","0/0","0/1","0/0","0/0","0/1","0/0","0/0","0/0","0/0","0/0","0/0","0/0","0/1","0/0","0/0","0/0","0/0","0/0","0/0","0/0","0/0","0/0","0/0","0/0","0/0","0/0","0/0","0/0","0/0","0/0","0/0","0/0","0/0","0/0","0/0","0/0","0/0","0/1","0/0","0/0","0/0","0/1","0/1","0/1","0/1","0/0","0/1","0/1","0/0","0/0","0/0","0/0","0/0","0/0","0/0","0/1","0/1","0/0","0/0","0/0","0/0","0/0","0/0","0/0","0/0","0/0","0/0","0/1","0/0","0/1","0/0","0/0","0/0","0/1","0/0","0/0","0/0","0/0","0/0","0/0","0/0","0/0","0/0","0/0","0/0","0/0","0/0","0/0","0/0","0/0","0/0","0/0","0/0","0/0","0/0","0/0","0/0","0/0","0/0","0/0","0/0","0/0","0/0"
"chr12:18435398_GCCC/G_PIK3C2G","0/0","0/0","0/0","0/0","0/1","0/1","0/1","0/1","0/1","0/1","0/0","1/1","1/1","0/1","0/0","0/0","0/1","0/0","0/0","0/0","0/0","0/0","0/0","0/0","0/1","0/0","0/0","0/0","0/0","0/1","0/0","0/0","0/0","0/0","0/0","0/0","0/0","0/0","0/0","0/0","0/1","0/1","0/1","0/1","0/1","0/0","0/1","0/1","0/0","0/0","0/1","0/0","0/1","0/0","0/0","0/0","0/0","0/0","0/1","0/0","0/1","0/0","0/1","0/1","0/1","0/0","0/0","0/1","0/1","0/0","0/0","0/0","0/0","0/1","0/1","0/0","0/0","0/0","0/0","0/0","0/0","1/1","0/1","0/1","0/1","0/1","0/1","0/1","0/1","0/1","1/1","0/1","0/1","0/1","0/1","1/1","0/1","0/0","0/0","0/0","0/0","0/1","0/0","0/0","0/0","0/0","0/0","0/0","0/0","0/1","0/0","0/1","0/1","0/1","0/0","0/0","0/0","1/1","0/0","1/1","0/0","0/0","0/0","1/1","0/0","0/0","0/1","0/1","0/1","0/1","0/1","0/0","0/1","0/1","0/1","0/1","0/1","0/1","0/1","0/1","0/1","0/0","0/0","0/0","0/0","0/0","0/1","0/1","0/1","0/0","0/0","0/0","0/0"
"chr12:18499645_CT/C_PIK3C2G","0/0","0/0","0/0","0/0","0/0","0/0","0/0","0/0","0/0","0/0","0/0","0/0","0/0","0/0","0/0","0/0","0/0","0/0","0/0","0/0","0/0","0/0","0/0","0/0","0/0","0/0","0/0","0/0","0/0","0/0","0/0","0/0","0/0","0/0","0/0","0/0","0/1","0/0","0/0","0/0","0/0","0/0","0/0","0/0","0/0","0/0","0/0","0/0","0/0","0/0","0/0","0/0","0/0","0/0","0/0","0/0","0/0","0/0","0/0","0/0","0/0","0/0","0/0","0/0","0/0","0/0","0/0","0/0","0/0","0/0","0/0","0/0","0/0","0/0","0/0","0/0","0/0","0/0","0/0","0/0","0/0","0/0","0/0","0/0","0/0","0/0","0/0","0/0","0/0","0/0","0/0","0/0","0/0","0/0","0/0","0/0","0/0","0/0","0/0","0/0","0/0","0/0","0/0","0/0","0/0","0/0","0/0","0/0","0/0","0/0","0/0","0/0","0/0","0/0","0/0","0/0","0/0","0/0","0/0","0/0","0/0","0/0","0/0","0/0","0/0","0/0","0/0","0/0","0/0","0/0","0/0","0/0","0/0","0/0","0/0","0/0","0/0","0/0","0/0","0/0","0/0","0/0","0/0","0/0","0/0","0/0","0/0","0/0","0/0","0/0","0/0","0/0","0/0"
"chr12:19427535_CA/C_PLEKHA5","0/0","0/0","0/0","0/0","0/0","0/0","0/0","0/0","0/0","0/0","0/0","0/0","0/0","0/0","0/0","0/0","0/0","0/0","0/0","0/0","0/0","0/0","0/0","0/0","0/0","0/0","0/0","0/0","0/0","0/0","0/0","0/1","0/0","0/0","0/0","0/0","0/0","0/0","0/0","0/0","0/0","0/0","0/0","0/0","0/0","0/0","0/0","0/0","0/0","0/0","0/0","0/0","0/0","0/0","0/0","0/0","0/0","0/0","0/0","0/0","0/0","0/0","0/0","0/0","0/0","0/0","0/0","0/0","0/0","0/0","0/0","0/0","0/0","0/0","0/0","0/0","0/0","0/0","0/0","0/0","0/0","0/0","0/0","0/0","0/0","0/0","0/0","0/0","0/0","0/0","0/0","0/0","0/0","0/0","0/0","0/0","0/0","0/0","0/0","0/0","0/0","0/0","0/0","0/0","0/0","0/0","0/0","0/0","0/0","0/0","0/0","0/0","0/0","0/0","0/0","0/0","0/0","0/0","0/0","0/0","0/0","0/0","0/0","0/0","0/0","0/0","0/0","0/0","0/0","0/0","0/0","0/0","0/0","0/0","0/0","0/0","0/0","0/0","0/0","0/0","0/0","0/0","0/0","0/0","0/0","0/0","0/0","0/0","0/0","0/0","0/0","0/0","0/0"
"chr12:19427544_C/CA_PLEKHA5","0/0","0/0","0/0","0/0","0/0","0/0","0/0","0/0","0/0","0/0","0/0","0/0","0/0","0/0","0/0","0/0","0/0","0/0","0/0","0/0","0/0","0/0","0/0","0/0","0/0","0/0","0/0","0/1","0/0","0/0","0/0","0/0","0/0","0/0","0/0","0/0","0/0","0/0","0/0","0/0","0/0","0/0","0/0","0/0","0/0","0/0","0/0","0/0","0/0","0/0","0/0","0/0","0/0","0/0","0/0","0/0","0/0","0/0","0/0","0/0","0/0","0/0","0/0","0/0","0/0","0/0","0/0","0/0","0/0","0/0","0/0","0/0","0/0","0/0","0/0","0/0","0/0","0/0","0/0","0/0","0/0","0/0","0/0","0/0","0/0","0/0","0/0","0/0","0/0","0/0","0/0","0/0","0/0","0/0","0/0","0/0","0/0","0/0","0/0","0/0","0/0","0/0","0/0","0/0","0/0","0/0","0/0","0/0","0/0","0/0","0/0","0/0","0/0","0/0","0/0","0/0","0/0","0/0","0/0","0/0","0/0","0/0","0/0","0/0","0/0","0/0","0/0","0/0","0/0","0/0","0/0","0/0","0/0","0/0","0/0","0/0","0/0","0/0","0/0","0/0","0/0","0/0","0/0","0/0","0/0","0/0","0/0","0/0","0/0","0/0","0/0","0/0","0/0"
"chr12:19593646_C/CA_AEBP2","0/0","0/0","0/0","0/0","0/0","0/0","0/0","0/0","0/0","0/0","0/0","0/0","0/0","0/0","0/0","0/0","0/0","0/0","0/0","0/0","0/0","0/0","0/0","0/0","0/0","0/0","0/0","0/0","0/0","0/0","0/0","0/0","0/0","0/0","0/0","0/0","0/0","0/0","0/0","0/0","0/0","0/0","0/0","0/0","0/0","0/0","0/0","0/0","0/0","0/0","0/0","0/0","0/0","0/0","0/0","0/0","0/0","0/0","0/0","0/0","0/0","0/0","0/0","0/0","0/0","0/0","0/0","0/0","0/0","0/0","0/0","0/0","0/0","0/0","0/0","0/0","0/0","0/0","0/0","0/0","0/0","0/1","0/0","0/0","0/0","0/0","0/0","0/0","0/0","0/0","0/0","0/0","0/0","0/0","0/0","0/0","0/0","0/0","0/0","0/0","0/0","0/0","0/0","0/0","0/0","0/0","0/0","0/0","0/0","0/0","0/0","0/0","0/0","0/0","0/1","0/0","0/0","0/0","0/0","0/0","0/0","0/0","0/0","0/0","0/1","0/1","0/0","0/0","0/0","0/0","0/0","0/0","0/0","0/0","0/0","0/0","0/0","0/0","0/0","0/0","0/0","0/0","0/0","0/0","0/0","0/0","0/0","0/0","0/0","0/0","0/0","0/0","0/0"
"chr12:21644546_CT/C_RECQL","0/0","0/0","0/0","0/0","0/0","0/0","0/0","0/0","0/0","0/0","0/0","0/0","0/0","0/0","0/0","0/0","0/0","0/0","0/0","0/0","0/0","0/0","0/0","0/0","0/0","0/0","0/0","0/0","0/0","0/0","0/0","0/0","0/0","0/0","0/0","0/0","0/1","0/0","0/0","0/0","0/0","0/0","0/0","0/0","0/0","0/0","0/0","0/0","0/0","0/0","0/0","0/0","0/0","0/0","0/0","0/0","0/0","0/0","0/0","0/0","0/0","0/0","0/0","0/0","0/0","0/0","0/0","0/0","0/0","0/0","0/0","0/0","0/0","0/0","0/0","0/0","0/0","0/0","0/0","0/0","0/0","0/0","0/0","0/0","0/0","0/0","0/0","0/0","0/0","0/0","0/0","0/0","0/0","0/0","0/0","0/0","0/0","0/0","0/0","0/0","0/0","0/0","0/0","0/0","0/0","0/0","0/0","0/0","0/0","0/0","0/0","0/0","0/0","0/0","0/0","0/0","0/0","0/0","0/0","0/0","0/0","0/0","0/0","0/0","0/0","0/0","0/0","0/0","0/0","0/0","0/0","0/0","0/0","0/0","0/0","0/0","0/0","0/0","0/0","0/0","0/0","0/0","0/0","0/0","0/0","0/0","0/0","0/0","0/0","0/0","0/0","0/0","0/0"
"chr12:26275215_CGCG/C_BHLHE41","0/0","0/0","0/0","0/0","0/0","0/0","0/0","0/0","0/0","0/0","0/0","0/0","0/0","0/0","0/0","0/0","0/0","0/0","0/0","0/0","0/0","0/0","0/0","0/0","0/0","0/0","0/0","0/0","0/0","0/0","0/0","0/0","0/0","0/0","0/0","0/0","0/0","0/0","0/0","0/0","0/0","0/0","0/0","0/0","0/0","0/0","0/0","0/0","0/0","0/0","0/0","0/0","0/0","0/0","0/0","0/0","0/0","0/0","0/0","0/0","0/0","0/0","0/0","0/0","0/0","0/0","0/1","0/0","0/0","0/0","0/0","0/0","0/0","0/0","0/0","0/0","0/0","0/0","0/0","0/0","0/0","0/0","0/0","0/0","0/0","0/0","0/0","0/0","0/0","0/0","0/0","0/0","0/0","0/0","0/0","0/0","0/0","0/0","0/0","0/0","0/0","0/0","0/0","0/0","0/0","0/0","0/0","0/0","0/1","0/0","0/0","0/0","0/0","0/0","0/0","0/0","0/0","0/0","0/0","0/0","0/0","0/0","0/0","0/0","0/0","0/0","0/0","0/0","0/0","0/0","0/0","0/0","0/0","0/0","0/0","0/0","0/0","0/0","0/0","0/0","0/0","0/0","0/0","0/0","0/0","0/0","0/0","0/0","0/0","0/0","0/0","0/0","0/0"
"chr12:27472351_CA/C_STK38L","0/0","0/0","0/0","0/0","0/0","0/0","0/0","0/0","0/0","0/0","0/0","0/0","0/0","0/0","0/0","0/0","0/0","0/0","0/0","0/0","0/0","0/0","0/0","0/0","0/0","0/0","0/0","0/0","0/0","0/0","0/0","0/0","0/0","0/0","0/0","0/0","0/0","0/0","0/0","0/0","0/0","0/0","0/0","0/0","0/0","0/0","0/0","0/0","0/0","0/0","0/0","0/0","0/0","0/0","0/0","0/0","0/0","0/0","0/0","0/0","0/0","0/0","0/0","0/0","0/0","0/0","0/0","0/0","0/0","0/0","0/0","0/0","0/0","0/0","0/0","0/0","0/0","0/0","0/0","0/0","0/0","0/0","0/0","0/0","0/0","0/0","0/0","0/0","0/0","0/0","0/0","0/0","0/0","0/0","0/0","0/0","0/0","0/0","0/0","0/0","0/0","0/0","0/0","0/0","0/0","0/0","0/0","0/0","0/0","0/0","0/0","0/0","0/0","0/0","0/0","0/0","0/0","0/0","0/0","0/0","0/0","0/0","0/0","0/0","0/0","0/1","0/0","0/0","0/0","0/0","0/0","0/0","0/0","0/0","0/0","0/0","0/0","0/0","0/0","0/0","0/0","0/0","0/0","0/0","0/0","0/0","0/0","0/0","0/0","0/0","0/0","0/0","0/0"
"chr12:27916294_G/GA_MANSC4","0/0","0/0","0/0","0/0","0/0","0/0","0/0","0/0","0/0","0/0","0/0","0/0","0/0","0/0","0/0","0/0","0/0","0/0","0/0","0/0","0/0","0/0","0/0","0/0","0/0","0/0","0/0","0/0","0/0","0/0","0/0","0/0","0/0","0/0","0/0","0/0","0/0","0/0","0/0","0/0","0/0","0/0","0/0","0/0","0/0","0/0","0/0","0/0","0/0","0/0","0/0","0/0","0/0","0/0","0/0","0/0","0/0","0/0","0/0","0/0","0/0","0/0","0/0","0/0","0/0","0/0","0/0","0/0","0/0","0/0","0/0","0/0","0/0","0/0","0/0","0/0","0/0","0/0","0/0","0/0","0/0","0/0","0/0","0/0","0/0","0/0","0/0","0/0","0/0","0/0","0/1","0/0","0/0","0/0","0/0","0/1","0/0","0/0","0/0","0/0","0/0","0/0","0/0","0/0","0/0","0/0","0/0","0/0","0/0","0/0","0/0","0/0","0/0","0/0","0/0","0/0","0/0","0/0","0/0","0/0","0/0","0/0","0/0","0/0","0/0","0/0","0/0","0/0","0/0","0/0","0/0","0/0","0/0","0/0","0/0","0/0","0/0","0/0","0/0","0/0","0/0","0/0","0/0","0/0","0/0","0/0","0/0","0/0","0/0","0/0","0/0","0/0","0/0"
"chr12:29592335_T/TCAGTATCATTGC_OVCH1","0/0","0/0","0/0","0/0","0/0","0/0","0/0","0/0","0/0","0/0","0/0","0/0","0/0","0/0","0/0","0/0","0/0","0/0","0/0","0/0","0/0","0/0","0/1","0/0","0/0","0/0","0/0","0/0","0/0","0/0","0/0","0/0","0/0","0/0","0/0","0/0","0/0","0/0","0/0","0/0","0/0","0/0","0/0","0/0","0/0","0/0","0/0","0/0","0/0","0/0","0/0","0/0","0/0","0/0","0/0","0/0","0/0","0/0","0/0","0/0","0/0","0/0","0/0","0/0","0/0","0/0","0/0","0/0","0/0","0/0","0/0","0/0","0/0","0/0","0/0","0/0","0/0","0/0","0/0","0/0","0/0","0/0","0/0","0/0","0/0","0/0","0/0","0/0","0/0","0/0","0/0","0/0","0/0","0/0","0/0","0/0","0/0","0/0","0/0","0/0","0/0","0/0","0/0","0/0","0/0","0/0","0/0","0/0","0/0","0/0","0/0","0/0","0/0","0/0","0/0","0/0","0/0","0/0","0/0","0/0","0/0","0/0","0/0","0/0","0/0","0/0","0/0","0/0","0/0","0/0","0/0","0/0","0/0","0/0","0/0","0/0","0/0","0/0","0/0","0/0","0/0","0/0","0/0","0/0","0/0","0/0","0/0","0/0","0/0","0/0","0/0","0/0","0/0"
"chr12:32751489_CTTATGTCAACCGACTTGACCTCTTAGATCAGGTAAGAT/C_FGD4","0/0","0/0","0/0","0/0","0/0","0/0","0/0","0/0","0/0","0/0","0/0","0/0","0/0","0/0","0/0","0/0","0/0","0/0","0/0","0/0","0/0","0/0","0/0","0/0","0/0","0/0","0/0","0/0","0/0","0/0","0/0","0/0","0/0","0/0","0/0","0/0","0/0","0/0","0/0","0/0","0/0","0/1","0/0","0/0","0/0","0/0","0/0","0/0","0/0","0/0","0/0","0/0","0/0","0/0","0/0","0/0","0/0","0/0","0/0","0/0","0/0","0/0","0/0","0/0","0/0","0/0","0/0","0/0","0/0","0/0","0/0","0/0","0/0","0/0","0/0","0/0","0/0","0/0","0/0","0/0","0/0","0/0","0/0","0/0","0/0","0/0","0/0","0/0","0/0","0/0","0/0","0/0","0/0","0/0","0/0","0/0","0/0","0/0","0/0","0/0","0/0","0/0","0/0","0/0","0/0","0/0","0/0","0/0","0/0","0/0","0/0","0/0","0/0","0/0","0/0","0/0","0/0","0/0","0/0","0/0","0/0","0/0","0/0","0/0","0/0","0/0","0/0","0/0","0/0","0/0","0/0","0/0","0/0","0/0","0/0","0/0","0/0","0/0","0/0","0/0","0/0","0/0","0/0","0/0","0/0","0/0","0/0","0/0","0/0","0/0","0/0","0/0","0/0"
"chr12:39734128_CT/C_KIF21A","0/0","0/0","0/0","0/0","0/0","0/0","0/0","0/0","0/0","0/0","0/0","0/0","0/0","0/0","0/0","0/0","0/0","0/0","0/0","0/0","0/0","0/0","0/0","0/0","0/0","0/0","0/0","0/0","0/0","0/0","0/0","0/0","0/0","0/0","0/0","0/0","0/1","0/0","0/0","0/0","0/0","0/0","0/0","0/0","0/0","0/0","0/0","0/0","0/0","0/0","0/0","0/0","0/0","0/0","0/0","0/0","0/0","0/0","0/0","0/0","0/0","0/0","0/0","0/0","0/0","0/0","0/0","0/0","0/0","0/0","0/0","0/0","0/0","0/0","0/0","0/0","0/0","0/0","0/0","0/0","0/0","0/0","0/0","0/0","0/0","0/0","0/0","0/0","0/0","0/0","0/0","0/0","0/0","0/0","0/0","0/0","0/0","0/0","0/0","0/0","0/0","0/0","0/0","0/0","0/0","0/0","0/0","0/0","0/0","0/0","0/0","0/0","0/0","0/0","0/0","0/0","0/0","0/0","0/0","0/0","0/0","0/0","0/0","0/0","0/0","0/0","0/0","0/0","0/0","0/0","0/0","0/0","0/0","0/0","0/0","0/0","0/0","0/0","0/0","0/0","0/0","0/0","0/0","0/0","0/0","0/0","0/0","0/0","0/0","0/0","0/0","0/0","0/0"
"chr12:39745579_CT/C_KIF21A","0/0","0/0","0/0","0/0","0/0","0/0","0/0","0/0","0/0","0/0","0/0","0/0","0/0","0/0","0/0","0/0","0/0","0/0","0/0","0/0","0/0","0/0","0/0","0/0","0/0","0/0","0/0","0/0","0/0","0/0","0/0","0/0","0/0","0/0","0/0","0/0","0/1","0/0","0/0","0/0","0/0","0/0","0/0","0/0","0/0","0/0","0/0","0/0","0/0","0/0","0/0","0/0","0/0","0/0","0/0","0/0","0/0","0/0","0/0","0/0","0/0","0/0","0/0","0/0","0/0","0/0","0/0","0/0","0/0","0/0","0/0","0/0","0/0","0/0","0/0","0/0","0/0","0/0","0/0","0/0","0/0","0/0","0/0","0/0","0/0","0/0","0/0","0/0","0/0","0/0","0/0","0/0","0/0","0/0","0/0","0/0","0/0","0/0","0/0","0/0","0/0","0/0","0/0","0/0","0/0","0/0","0/0","0/0","0/0","0/0","0/0","0/0","0/0","0/0","0/0","0/0","0/0","0/0","0/0","0/0","0/0","0/0","0/0","0/0","0/0","0/0","0/0","0/0","0/0","0/0","0/0","0/0","0/0","0/0","0/0","0/0","0/0","0/0","0/0","0/0","0/0","0/0","0/0","0/0","0/0","0/0","0/0","0/0","0/0","0/0","0/0","0/0","0/0"
"chr12:39763593_GT/G_KIF21A","0/0","0/0","0/0","0/0","0/0","0/0","0/0","0/0","0/0","0/0","0/0","0/0","0/0","0/0","0/0","0/0","0/0","0/0","0/0","0/0","0/0","0/0","0/0","0/0","0/0","0/0","0/0","0/0","0/0","0/0","0/0","0/0","0/0","0/0","0/0","0/0","0/1","0/0","0/0","0/0","0/0","0/0","0/0","0/0","0/0","0/0","0/0","0/0","0/0","0/0","0/0","0/0","0/0","0/0","0/0","0/0","0/0","0/0","0/0","0/0","0/0","0/0","0/0","0/0","0/0","0/0","0/0","0/0","0/0","0/0","0/0","0/0","0/0","0/0","0/0","0/0","0/0","0/0","0/0","0/0","0/0","0/0","0/0","0/0","0/0","0/0","0/0","0/0","0/0","0/0","0/0","0/0","0/0","0/0","0/0","0/0","0/0","0/0","0/0","0/0","0/0","0/0","0/0","0/0","0/0","0/0","0/0","0/0","0/0","0/0","0/0","0/0","0/0","0/0","0/0","0/0","0/0","0/0","0/0","0/0","0/0","0/0","0/0","0/0","0/0","0/0","0/0","0/0","0/0","0/0","0/0","0/0","0/0","0/0","0/0","0/0","0/0","0/0","0/0","0/0","0/0","0/0","0/0","0/0","0/0","0/0","0/0","0/0","0/0","0/0","0/0","0/0","0/0"
"chr12:40713950_GAGA/G_LRRK2","0/0","0/0","0/0","0/0","0/0","0/0","0/0","0/0","0/0","0/0","0/0","0/0","0/0","0/0","0/0","0/0","0/0","0/0","0/0","0/0","0/0","0/0","0/0","0/0","0/0","0/0","0/0","0/0","0/0","0/0","0/0","0/1","0/0","0/0","0/0","0/0","0/0","0/0","0/0","0/0","0/0","0/0","0/0","0/0","0/0","0/0","0/0","0/0","0/0","0/0","0/0","0/0","0/0","0/0","0/0","0/0","0/0","0/0","0/0","0/0","0/0","0/0","0/0","0/0","0/0","0/0","0/0","0/0","0/0","0/0","0/0","0/0","0/0","0/0","0/0","0/0","0/0","0/0","0/0","0/0","0/0","0/0","0/0","0/0","0/0","0/0","0/0","0/0","0/0","0/0","0/0","0/0","0/0","0/0","0/0","0/0","0/0","0/0","0/0","0/0","0/0","0/0","0/0","0/0","0/0","0/0","0/0","0/0","0/0","0/0","0/0","0/0","0/0","0/0","0/0","0/0","0/0","0/0","0/0","0/0","0/0","0/0","0/0","0/0","0/0","0/0","0/0","0/0","0/0","0/0","0/0","0/0","0/0","0/0","0/0","0/0","0/0","0/0","0/0","0/0","0/0","0/0","0/0","0/0","0/0","0/0","0/0","0/0","0/0","0/0","0/0","0/0","0/0"
"chr12:40799933_C/CGTCAGGATG_MUC19","0/0","0/0","0/0","0/0","0/1","0/1","0/0","0/0","0/0","0/0","0/0","0/0","0/0","0/0","0/0","0/0","0/0","0/0","0/0","0/0","0/0","0/0","0/0","0/0","0/0","0/0","0/0","0/0","0/0","0/0","0/0","0/0","0/0","0/0","0/0","0/0","0/0","0/0","0/0","0/0","0/0","0/0","0/0","0/0","0/0","0/0","0/0","0/0","0/0","0/0","0/0","0/0","0/0","0/0","0/0","0/0","0/0","0/0","0/0","0/0","0/0","0/0","0/0","0/0","0/0","0/0","0/1","0/0","0/0","0/1","0/0","0/0","0/0","0/0","0/0","0/0","0/0","0/0","0/0","0/0","0/0","0/0","0/0","0/0","0/0","0/0","0/0","0/0","0/0","0/0","0/0","0/0","0/0","0/0","0/0","0/0","0/0","0/0","0/1","0/1","0/0","0/0","0/0","0/0","0/0","0/0","0/0","0/0","0/0","0/0","0/0","0/0","0/0","0/0","0/0","0/0","0/0","0/0","0/0","0/0","0/0","0/0","0/0","0/0","0/0","0/0","0/0","0/0","0/0","0/0","0/0","0/0","0/0","0/0","0/0","0/0","0/0","0/0","0/0","0/0","0/0","0/0","0/0","0/0","0/0","0/0","0/0","0/0","0/0","0/0","0/0","0/0","0/0"
"chr12:40843506_CT/C_MUC19","0/0","0/0","0/0","0/0","0/1","0/1","0/0","0/0","0/0","0/0","0/0","0/0","0/0","0/0","0/0","0/0","0/0","0/0","0/0","0/0","0/0","0/0","0/0","0/0","0/0","0/0","0/0","0/0","0/0","0/0","0/0","0/0","0/0","0/0","0/0","0/0","0/0","0/0","0/0","0/0","0/0","0/0","0/0","0/0","0/0","0/0","0/0","0/0","0/0","0/0","0/0","0/0","0/0","0/0","0/0","0/0","0/0","0/1","0/0","0/0","0/0","0/0","0/0","0/0","0/0","0/0","0/0","0/0","0/0","0/0","0/0","0/0","0/0","0/1","0/1","0/0","0/0","0/0","0/0","0/1","0/1","0/0","0/0","0/0","0/0","0/0","0/0","0/0","0/0","0/0","0/0","0/0","0/0","0/0","0/0","0/0","0/0","0/0","0/1","0/1","0/0","0/0","0/0","0/0","0/0","0/0","0/0","0/0","0/0","0/0","0/0","0/0","0/0","0/0","0/0","0/0","0/0","0/0","0/0","0/0","0/0","0/0","0/0","0/0","0/0","0/0","0/0","0/0","0/0","0/0","0/0","0/0","0/0","0/0","0/0","0/0","0/0","0/0","0/0","0/0","0/0","0/0","0/0","0/0","0/0","0/0","0/0","0/0","0/0","0/0","0/0","0/0","0/0"
"chr12:40875385_TGGACCATCAGCTGGAGTGACAGTGACATCC/T_MUC19",".",".",".",".",".",".",".","0/0",".",".",".",".",".",".",".",".",".",".",".",".",".",".",".",".",".",".",".",".",".",".",".",".",".",".",".",".",".",".",".",".",".",".","0/0",".",".",".",".",".",".",".",".",".",".",".",".",".",".",".",".",".",".",".",".",".",".",".",".","0/0",".",".",".",".",".",".",".",".",".",".",".",".",".",".",".",".",".","0/0","0/0",".",".",".","0/0",".",".",".",".","0/0","0/0",".",".","0/0","0/0",".","0/0",".",".",".",".",".",".",".",".",".",".",".",".",".",".",".",".",".",".",".",".",".",".","0/0",".",".",".",".",".",".",".",".",".",".","0/0",".","1/1",".",".",".",".",".","0/0",".",".",".","0/0",".",".","0/0","."
"chr12:40875574_T/TA_MUC19",".",".",".",".",".",".","0/0",".",".",".",".",".",".",".",".",".",".",".",".","0/0",".",".",".",".",".",".",".",".",".",".",".","0/0",".",".",".",".",".",".",".",".",".",".","0/0",".",".",".",".",".",".",".",".",".",".",".",".","0/0",".",".","1/1",".",".",".",".",".",".",".",".","0/1",".",".",".",".",".",".",".",".",".","0/0","0/0",".","0/0",".",".",".",".",".",".",".","0/0",".","0/0","0/0",".",".",".",".",".",".",".",".","0/0",".",".",".",".",".",".",".",".",".",".",".",".",".","0/0",".",".",".",".",".",".",".","0/0",".","0/0",".","0/0",".",".",".",".",".",".",".",".",".",".","0/0",".",".",".",".",".",".",".",".",".",".",".","0/0",".","0/0","."
"chr12:40876689_AAGTGACAGGGACAACTGGACCATTAGCTGG/A_MUC19",".",".","0/0","0/0",".",".",".",".",".",".",".",".",".",".",".","0/0",".",".",".","0/0",".",".",".",".",".",".",".","1/1",".",".",".","0/1",".",".","0/0",".",".",".",".",".",".",".","0/0",".",".",".",".",".",".",".",".",".","0/0",".",".","0/0",".",".",".",".",".",".",".",".",".",".",".",".",".",".","0/0",".",".",".","0/0",".","0/0",".","0/0",".",".","0/0",".",".",".","0/0",".",".",".",".","0/0",".",".",".",".",".",".",".",".",".",".",".","0/0",".",".",".","0/0",".",".",".",".",".",".",".","0/0",".",".",".","0/0","0/0",".",".",".",".",".","0/0",".","0/0",".",".","0/0",".",".",".",".",".","0/0",".","0/0","0/0",".",".",".",".",".",".",".",".",".","0/0","0/0","0/0","."
"chr12:40877713_AG/A_MUC19",".",".","0/0","0/0","0/0",".",".",".",".",".",".",".",".",".",".",".",".",".",".",".",".",".",".",".",".",".",".",".",".","0/0",".","0/0",".",".",".","0/0",".",".",".",".",".",".",".","0/0",".",".",".",".",".",".",".","0/0",".","0/0",".","0/0",".",".",".",".",".",".",".",".","0/0",".",".","0/0",".",".",".",".","0/0",".",".",".",".",".",".",".",".",".",".",".",".",".","1/1","0/0",".","0/0","0/0",".",".",".",".",".",".",".",".",".",".","0/0",".",".",".",".",".",".",".",".",".",".",".","0/0",".",".",".",".",".",".",".",".",".",".","0/0","0/0",".",".",".",".","0/0",".",".",".",".",".",".",".","0/0",".",".",".",".","0/0",".","0/0",".",".",".",".",".",".","."
"chr12:40879206_C/CAG_MUC19",".",".",".",".",".",".",".",".",".",".",".",".",".",".",".",".",".","0/0",".","1/1",".",".",".",".",".",".",".","1/1",".",".",".","1/1",".",".",".",".",".",".",".",".",".",".",".",".",".",".",".",".",".",".",".",".",".",".",".","0/0",".",".","0/0",".",".",".",".",".",".",".",".","0/0",".",".","0/0",".",".",".",".",".",".","0/0",".",".",".",".",".",".",".",".",".","0/0",".",".",".",".",".",".",".",".","0/0",".",".",".",".",".",".",".",".",".",".",".",".",".",".",".",".",".",".",".","0/0","0/0",".",".",".",".",".","1/1","0/0",".",".","1/1",".",".",".","0/0",".",".",".",".",".",".",".","1/1",".",".",".",".",".",".",".",".",".",".","0/0",".","."
"chr12:40882387_TA/T_MUC19","0/0",".","0/0","0/0","0/0","0/0","0/0","0/0","0/0",".",".",".",".","0/0",".",".","0/0",".",".",".",".",".",".",".",".",".",".",".",".",".",".","1/1",".",".","0/0",".",".",".",".",".",".","0/0","0/0",".",".",".",".",".",".",".",".",".",".",".",".","0/0",".",".",".",".",".",".",".",".",".",".",".","0/0",".",".",".",".",".",".",".",".",".","0/0","0/0",".",".",".",".",".","0/0",".",".",".",".",".",".",".",".",".",".",".",".",".",".",".",".",".",".",".",".","0/0",".",".",".",".",".","0/0",".",".","0/0",".",".",".",".",".","0/0",".",".",".","0/0",".","0/0","0/0",".",".",".",".",".",".",".",".","0/0",".",".",".",".",".",".",".",".",".",".","1/1",".",".",".","0/0","."
"chr12:40884241_A/AAGGGACAACTGGACCATCAGCTGCTGTGACTGGGTCAGCTGGACTATCAGCTGGGGTGAC_MUC19",".",".",".",".","0/0",".","0/0",".","0/0",".",".","0/0",".",".",".",".",".",".","0/0",".",".",".",".",".",".",".",".",".",".",".",".","0/0",".",".",".",".",".",".",".",".",".",".",".","0/0",".",".",".",".",".",".",".",".",".",".",".","0/0",".",".",".",".",".",".",".",".",".","0/0",".",".",".",".",".",".",".",".",".",".","0/0",".",".",".",".","0/0",".",".",".",".",".","0/0","0/0",".","0/0",".",".",".",".",".",".",".",".",".","0/0",".","1/1",".",".","0/0",".","0/0",".",".",".",".",".",".","0/0","0/0",".",".",".",".",".",".","0/0",".","0/0",".",".",".",".","0/0",".","0/0",".",".",".",".",".",".","0/0",".","0/0",".","0/0",".",".",".","0/0",".","0/0","0/0","0/0",".","."
"chr12:40884728_TGGACTATCAGCTGGAGTGACAGGGAAAACA/T_MUC19",".",".",".",".",".",".","0/0",".","0/0",".",".",".",".",".",".",".",".",".",".",".",".",".",".",".",".",".","0/0",".",".",".",".","0/0",".",".",".",".",".",".",".",".",".",".",".",".","0/0",".",".",".",".",".",".",".",".",".",".","0/0",".",".",".",".",".",".",".","0/0",".","0/0","0/0","0/0",".",".","0/0",".",".",".",".",".",".","0/0",".",".",".",".",".",".",".","0/0",".",".",".",".",".",".",".",".",".",".","1/1","0/0",".","0/0",".",".",".",".",".",".",".",".","0/0",".",".","0/0","0/0",".",".",".",".",".",".",".",".",".",".",".","0/0",".","0/0","0/0",".",".","0/0",".",".",".",".",".",".","0/0",".",".",".",".",".",".",".",".",".",".",".","0/0",".",".","0/0"
"chr12:40910268_AG/A_MUC19","0/0","0/0","0/0","0/0","0/0","0/0","0/0","0/0","0/0","0/0","0/0","0/0","0/0","0/0","0/0","0/0","0/0","0/0","0/0","0/0","0/0","0/0","0/0","0/0","0/0","0/0","0/0","0/0","0/0","0/0","0/0","0/0","0/0","0/0","0/0","0/0","0/0","0/0","0/0","0/0","0/1","0/0","0/0","0/0","0/0","0/0","0/0","0/0","0/0","0/0","0/0","0/0","0/0","0/0","0/0","0/0","0/0","0/0","0/0","0/0","0/0","0/0","0/0","0/0","0/0","0/0","0/0","0/0","0/0","0/0","0/0","0/0","0/0","0/0","0/0","0/0","0/0","0/0","0/0","0/0","0/0","0/0","0/0","0/0","0/0","0/0","0/0","0/0","0/0","0/0","0/0","0/0","0/0","0/0","0/0","0/0","0/0","0/0","0/0","0/0","0/0","0/0","0/0","0/0","0/0","0/0","0/0","0/0","0/0","0/0","0/0","0/0","0/0","0/0","0/0","0/0","0/0","0/0","0/0","0/0","0/0","0/0","0/0","0/0","0/0","0/0","0/0","0/0","0/0","0/0","0/0","0/0","0/0","0/0","0/0","0/0","0/0","0/0","0/0","0/0","0/0","0/0","0/0","0/0","0/0","0/0","0/0","0/0","0/0","0/0","0/0","0/0","0/0"
"chr12:48596875_C/CA_OR10AD1","0/0","0/0","0/0","0/0","0/0","0/0","0/0","0/0","0/0","0/0","0/0","0/1","0/0","0/0","0/1","0/0","0/1","0/1","0/0","0/0","0/0","0/0","0/1","0/0","0/0","0/0","0/0","0/0","0/0","0/0","0/0","0/0","0/0","0/0","0/0","0/1","0/1","0/0","0/0","0/1","0/0","0/0","0/0","0/0","0/0","0/0","0/0","0/0","0/0","0/0","0/0","0/0","0/0","0/0","0/0","0/1","0/0","0/1","0/0","0/0","0/0","0/0","0/0","0/1","0/1","0/0","0/0","0/0","0/0","0/0","0/0","0/0","0/0","0/0","0/0","0/0","0/0","0/0","0/0","0/0","0/0","0/0","0/0","0/0","0/0","0/1","0/1","0/1","0/1","0/1","0/0","0/0","0/0","0/0","0/0","0/0","0/1","0/0","0/0","0/0","0/1","0/0","0/1","0/0","0/0","0/0","0/0","0/0","0/0","0/0","0/0","0/0","0/0","0/0","0/0","0/0","0/0","0/0","0/0","0/0","0/0","0/0","0/0","0/0","0/0","0/0","0/0","0/0","0/1","0/1","0/1","0/0","0/0","0/1","0/0","0/0","0/1","0/1","0/1","0/1","0/1","0/0","0/0","0/1","0/1","0/1","0/0","0/0","0/0","0/0","0/0","0/0","0/0"
"chr12:48920005_C/CACCTT_OR8S1","0/0","0/0","0/0","0/0","0/0","0/0","0/0","0/0","0/0","0/0","0/0","0/0","0/0","0/0","0/0","0/0","0/0","0/0","0/0","0/0","0/0","0/0","0/0","0/0","0/0","0/0","0/0","0/0","0/0","0/0","0/0","0/0","0/0","0/0","0/0","0/0","0/0","0/0","0/0","0/0","0/0","0/0","0/0","0/1","0/0","0/0","0/1","0/0","0/0","0/0","0/0","0/0","0/0","0/0","0/0","0/0","0/0","0/0","0/0","0/0","0/0","0/0","0/0","0/0","0/0","0/0","0/0","0/0","0/0","0/0","0/0","0/0","0/0","0/0","0/0","0/0","0/0","0/0","0/0","0/0","0/0","0/0","0/0","0/0","0/0","0/0","0/0","0/0","0/0","0/0","0/0","0/0","0/0","0/0","0/0","0/0","0/0","0/0","0/0","0/0","0/0","0/0","0/0","0/0","0/0","0/0","0/0","0/0","0/0","0/0","0/0","0/0","0/0","0/0","0/0","0/0","0/0","0/0","0/0","0/0","0/0","0/0","0/0","0/0","0/0","0/0","0/0","0/0","0/0","0/0","0/0","0/0","0/0","0/0","0/0","0/0","0/0","0/0","0/0","0/0","0/0","0/0","0/0","0/0","0/0","0/0","0/0","0/0","0/0","0/0","0/0","0/0","0/0"
"chr12:48920006_G/A_OR8S1","0/1","0/1","0/1","0/0","0/1","0/1","1/1","1/1","1/1","0/0","0/1","1/1","1/1","1/1","0/1","1/1","0/1","0/1","0/1","0/1","0/1","1/1","0/1","0/1","1/1","1/1","1/1","0/1","1/1","0/0","1/1","1/1","1/1","0/1","1/1","0/1","1/1","0/1","0/1","0/1","0/1","1/1","0/0","0/2","1/1","0/1","1/2","0/1","0/0","1/1","0/1","1/1","0/1","1/1","0/1","0/1","0/1","0/1","0/1","1/1","1/1","1/1","1/1","0/0","0/0","0/1","1/1","0/1","0/1","1/1","0/1","0/1","0/1","0/1","0/1","0/1","0/1","0/1","0/1","0/1","0/1","1/1","0/1","1/1","1/1","0/1","0/1","0/1","0/1","0/1","0/1","1/1","1/1","0/1","0/1","0/1","0/1","0/1","0/0","0/0","0/1","0/1","0/1","0/1","0/1","1/1","1/1","1/1","1/1","0/1","0/0","1/1","1/1","0/1","0/1","1/1","1/1","0/1","1/1","0/1","1/1","1/1","1/1","0/1","0/1","0/1","0/1","0/1","0/1","0/1","0/1","1/1","0/1","0/1","0/1","0/1","0/1","0/1","0/1","0/1","0/1","1/1","1/1","0/1","0/1","0/1","1/1","1/1","1/1","1/1","1/1","1/1","1/1"
"chr12:49315029_C/CA_CCDC65","0/0","0/0","0/0","0/0","0/0","0/0","0/0","0/0","0/0","0/0","0/0","0/0","0/0","0/0","0/0","0/0","0/0","0/0","0/0","0/0","0/0","0/0","0/0","0/0","0/0","0/0","0/0","0/0","0/0","0/0","0/0","0/0","0/0","0/0","0/0","0/0","0/0","0/0","0/0","0/0","0/0","0/0","0/0","0/0","0/0","0/0","0/0","0/0","0/1","0/0","0/0","0/0","0/0","0/0","0/0","0/0","0/0","0/0","0/0","0/0","0/0","0/0","0/0","0/0","0/0","0/0","0/0","0/0","0/0","0/0","0/0","0/0","0/0","0/0","0/0","0/0","0/0","0/0","0/0","0/0","0/0","0/0","0/0","0/0","0/0","0/0","0/0","0/0","0/0","0/0","0/0","0/0","0/0","0/0","0/0","0/0","0/0","0/0","0/0","0/0","0/0","0/0","0/0","0/0","0/0","0/0","0/0","0/0","0/0","0/0","0/0","0/0","0/0","0/0","0/0","0/0","0/0","0/0","0/0","0/0","0/0","0/0","0/0","0/0","0/0","0/0","0/0","0/0","0/0","0/0","0/0","0/0","0/0","0/0","0/0","0/0","0/0","0/0","0/0","0/0","0/0","0/0","0/0","0/0","0/0","0/0","0/0","0/0","0/0","0/0","0/0","0/0","0/0"
"chr12:49424177_T/TG_KMT2D","0/0","0/0","0/0","0/0","0/0","0/0","0/0","0/0","0/0","0/0","0/0","0/0","0/0","0/0","0/0","0/0","0/0","0/0","0/0","0/0","0/0","0/0","0/0","0/0","0/0","0/0","0/0","0/0","0/0","0/0","0/0","0/1","0/0","0/0","0/0","0/0","0/0","0/0","0/0","0/0","0/0","0/0","0/0","0/0","0/0","0/0","0/0","0/0","0/0","0/0","0/0","0/0","0/0","0/0","0/0","0/0","0/0","0/0","0/0","0/0","0/0","0/0","0/0","0/0","0/0","0/0","0/0","0/0","0/0","0/0","0/0","0/0","0/0","0/0","0/0","0/0","0/0","0/0","0/0","0/0","0/0","0/0","0/0","0/0","0/0","0/0","0/0","0/0","0/0","0/0","0/0","0/0","0/0","0/0","0/0","0/0","0/0","0/0","0/0","0/0","0/0","0/0","0/0","0/0","0/0","0/0","0/0","0/0","0/0","0/0","0/0","0/0","0/0","0/0","0/0","0/0","0/0","0/0","0/0","0/0","0/0","0/0","0/0","0/0","0/0","0/0","0/0","0/0","0/0","0/0","0/0","0/0","0/0","0/0","0/0","0/0","0/0","0/0","0/0","0/0","0/0","0/0","0/0","0/0","0/0","0/0","0/0","0/0","0/0","0/0","0/0","0/0","0/0"
"chr12:49426972_TG/T_KMT2D","0/0","0/0","0/0","0/0","0/0","0/0","0/0","0/0","0/0","0/0","0/0","0/0","0/0","0/0","0/0","0/0","0/0","0/0","0/0","0/0","0/0","0/0","0/0","0/0","0/0","0/0","0/0","0/0","0/0","0/0","0/0","0/1","0/0","0/0","0/0","0/0","0/0","0/0","0/0","0/0","0/0","0/0","0/0","0/0","0/0","0/0","0/0","0/0","0/0","0/0","0/0","0/0","0/0","0/0","0/0","0/0","0/0","0/0","0/0","0/0","0/0","0/0","0/0","0/0","0/0","0/0","0/0","0/0","0/0","0/0","0/0","0/0","0/0","0/0","0/0","0/0","0/0","0/0","0/0","0/0","0/0","0/0","0/0","0/0","0/0","0/0","0/0","0/0","0/0","0/0","0/0","0/0","0/0","0/0","0/0","0/0","0/0","0/0","0/0","0/0","0/0","0/0","0/0","0/0","0/0","0/0","0/0","0/0","0/0","0/0","0/0","0/0","0/0","0/0","0/0","0/0","0/0","0/0","0/0","0/0","0/0","0/0","0/0","0/0","0/0","0/0","0/0","0/0","0/0","0/0","0/0","0/0","0/0","0/0","0/0","0/0","0/0","0/0","0/0","0/0","0/0","0/0","0/0","0/0","0/0","0/0","0/0","0/0","0/0","0/0","0/0","0/0","0/0"
"chr12:49433232_AG/A_KMT2D","0/0","0/0","0/0","0/0","0/0","0/0","0/0","0/0","0/0","0/0","0/0","0/0","0/0","0/0","0/0","0/0","0/0","0/0","0/0","0/0","0/0","0/0","0/0","0/0","0/0","0/0","0/0","0/0","0/0","0/0","0/0","0/0","0/0","0/0","0/0","0/0","0/0","0/0","0/0","0/0","0/0","0/0","0/0","0/0","0/0","0/0","0/0","0/0","0/0","0/0","0/0","0/0","0/0","0/0","0/0","0/0","0/0","0/0","0/0","0/0","0/0","0/0","0/0","0/0","0/0","0/0","0/1","0/0","0/0","0/0","0/0","0/0","0/0","0/0","0/0","0/0","0/0","0/0","0/0","0/0","0/0","0/0","0/0","0/0","0/0","0/0","0/0","0/0","0/0","0/0","0/0","0/0","0/0","0/0","0/0","0/0","0/0","0/0","0/0","0/0","0/0","0/0","0/0","0/0","0/0","0/0","0/0","0/0","0/0","0/0","0/0","0/0","0/0","0/0","0/0","0/0","0/0","0/0","0/0","0/0","0/0","0/0","0/0","0/0","0/0","0/0","0/0","0/0","0/0","0/0","0/0","0/0","0/0","0/0","0/0","0/0","0/0","0/0","0/0","0/0","0/0","0/0","0/0","0/0","0/0","0/0","0/0","0/0","0/0","0/0","0/0","0/0","0/0"
"chr12:49488022_TCTC/T_DHH","0/0","0/0","0/0","0/0","0/0","0/0","0/0","0/0","0/0","0/0","0/0","0/0","0/0","0/0","0/0","0/0","0/0","0/0","0/0","0/0","0/0","0/0","0/0","0/0","0/0","0/0","0/0","0/0","0/0","0/0","0/0","0/0","0/0","0/0","0/0","0/0","0/0","0/0","0/0","0/0","0/0","0/0","0/0","0/1","0/0","0/0","0/0","0/0","0/0","0/0","0/0","0/0","0/0","0/0","0/0","0/0","0/0","0/0","0/0","0/0","0/0","0/0","0/0","0/0","0/0","0/0","0/0","0/0","0/0","0/0","0/0","0/0","0/0","0/0","0/0","0/0","0/0","0/0","0/0","0/0","0/0","0/0","0/0","0/0","0/0","0/0","0/0","0/0","0/0","0/0","0/0","0/0","0/0","0/0","0/0","0/0","0/0","0/0","0/0","0/0","0/0","0/0","0/0","0/0","0/0","0/0","0/0","0/0","0/0","0/0","0/0","0/0","0/0","0/0","0/0","0/0","0/0","0/0","0/0","0/0","0/0","0/0","0/0","0/0","0/0","0/0","0/0","0/0","0/0","0/0","0/0","0/0","0/0","0/0","0/0","0/0","0/0","0/0","0/0","0/0","0/0","0/0","0/0","0/0","0/0","0/0","0/0","0/0","0/0","0/0","0/0","0/0","0/0"
"chr12:49948319_TG/T_KCNH3","0/0","0/0","0/0","0/0","0/0","0/0","0/0","0/0","0/0","0/0","0/0","0/0","0/0","0/0","0/0","0/0","0/0","0/0","0/0","0/0","0/0","0/0","0/0","0/0","0/0","0/0","0/0","0/0","0/0","0/0","0/0","0/0","0/0","0/0","0/0","0/0","0/1","0/0","0/0","0/0","0/0","0/0","0/0","0/0","0/0","0/0","0/0","0/0","0/0","0/0","0/0","0/0","0/0","0/0","0/0","0/0","0/0","0/0","0/0","0/0","0/0","0/0","0/0","0/0","0/0","0/0","0/0","0/0","0/0","0/0","0/0","0/0","0/0","0/0","0/0","0/0","0/0","0/0","0/0","0/0","0/0","0/0","0/0","0/0","0/0","0/0","0/0","0/0","0/0","0/0","0/0","0/0","0/0","0/0","0/0","0/0","0/0","0/0","0/0","0/0","0/0","0/0","0/0","0/0","0/0","0/0","0/0","0/0","0/0","0/0","0/0","0/0","0/0","0/0","0/0","0/0","0/0","0/0","0/0","0/0","0/0","0/0","0/0","0/0","0/0","0/0","0/0","0/0","0/0","0/0","0/0","0/0","0/0","0/0","0/0","0/0","0/0","0/0","0/0","0/0","0/0","0/0","0/0","0/0","0/0","0/0","0/0","0/0","0/0","0/0","0/0","0/0","0/0"
"chr12:50369374_A/ACAGGGG_AQP6","0/0","0/0","0/0","0/0","0/0","0/0","0/0","0/0","0/0","0/0","0/0","0/0","0/0","0/0","0/1","0/0","0/0","0/0","0/0","0/0","0/0","0/0","0/0","0/0","0/0","0/0","0/0","0/0","0/1","0/0","0/0","0/0","0/0","0/0","0/0","0/0","0/0","0/0","0/0","0/0","0/0","0/0","0/0","0/0","0/0","0/0","0/0","0/0","0/0","0/0","0/0","0/0","0/0","0/0","0/0","0/0","0/0","0/0","0/0","0/0","0/0","0/0","0/0","0/0","0/0","0/0","0/0","0/0","0/0","0/0","0/0","0/0","0/0","0/0","0/0","0/0","0/0","0/0","0/0","0/0","0/0","0/0","0/0","0/0","0/0","0/0","0/0","0/0","0/0","0/0","0/0","0/0","0/0","0/0","0/0","0/0","0/0","0/0","0/0","0/0","0/0","0/0","0/0","0/0","0/0","0/0","0/0","0/0","0/0","0/0","0/0","0/0","0/0","0/0","0/0","0/0","0/0","0/0","0/0","0/0","0/0","0/0","0/0","0/0","0/0","0/0","0/0","0/0","0/0","0/0","0/0","0/0","0/0","0/0","0/0","0/0","0/0","0/0","0/0","0/0","0/0","0/0","0/0","0/0","0/0","0/0","0/0","0/0","0/0","0/0","0/0","0/0","0/0"
"chr12:50829368_T/TTGA_LARP4","0/1","0/0","0/0","0/0","0/0","0/0","0/0","0/0","0/0","0/0","0/0","0/0","0/0","0/0","0/0","0/0","0/0","0/0","0/0","0/0","0/0","0/0","0/0","0/0","0/0","0/0","0/0","0/0","0/0","0/0","0/0","0/0","0/0","0/0","0/0","0/0","0/0","0/0","0/0","0/0","0/0","0/0","0/0","0/0","0/0","0/0","0/0","0/0","0/0","0/0","0/0","0/0","0/0","0/0","0/0","0/0","0/0","0/0","0/0","0/0","0/0","0/0","0/0","0/0","0/0","0/0","0/0","0/0","0/0","0/0","0/0","0/0","0/0","0/0","0/0","0/0","0/0","0/0","0/0","0/0","0/0","0/0","0/0","0/0","0/0","0/0","0/0","0/0","0/0","0/0","0/0","0/0","0/0","0/0","0/0","0/0","0/0","0/0","0/0","0/0","0/0","0/0","0/0","0/0","0/0","0/0","0/0","0/0","0/0","0/0","0/0","0/0","0/0","0/0","0/0","0/0","0/0","0/0","0/0","0/0","0/0","0/0","0/0","0/0","0/0","0/0","0/0","0/0","0/0","0/0","0/0","0/0","0/0","0/0","0/0","0/0","0/0","0/0","0/0","0/0","0/0","0/0","0/0","0/0","0/0","0/0","0/0","0/0","0/0","0/0","0/0","0/0","0/0"
"chr12:51723598_A/AG_CELA1","0/0","0/0","0/0","0/0","0/0","0/0","0/0","0/0","0/0","0/0","0/0","0/0","0/0","0/0","0/0","0/0","0/0","0/0","0/0","0/0","0/0","0/0","0/0","0/0","0/0","0/0","0/0","0/0","0/0","0/0","0/0","0/0","0/0","0/0","0/0","0/0","0/0","0/0","0/0","0/0","0/0","0/0","0/0","0/0","0/0","0/0","0/0","0/0","0/0","0/0","0/0","0/0","0/0","0/0","0/0","0/0","0/0","0/0","0/0","0/0","0/0","0/0","0/0","0/0","0/0","0/0","0/0","0/0","0/0","0/0","0/0","0/0","0/0","0/1","0/1","0/0","0/0","0/0","0/0","0/0","0/0","0/0","0/0","0/0","0/0","0/0","0/0","0/1","0/0","0/0","0/0","0/0","0/0","0/0","0/0","0/0","0/1","0/0","0/1","0/1","0/0","0/0","0/0","0/0","0/0","0/0","0/0","0/0","0/0","0/0","0/0","0/0","0/0","0/0","0/0","0/0","0/0","0/0","0/0","0/0","0/0","0/0","0/0","0/0","0/0","0/0","0/0","0/0","0/0","0/0","0/0","0/0","0/1","0/0","0/1","0/1","0/0","0/0","0/0","0/0","0/0","0/0","0/0","0/1","0/1","0/1","0/0","0/0","0/0","0/0","0/0","0/0","0/0"
"chr12:51735071_AG/A_CELA1","0/0","0/0","0/0","0/0","0/0","0/0","0/0","0/0","0/0","0/0","0/0","0/0","0/1","0/0","0/0","0/0","0/0","0/0","0/0","0/0","0/0","0/0","0/0","0/0","0/0","0/0","0/0","0/0","0/0","0/0","0/0","0/0","0/0","0/0","0/0","0/0","0/0","0/0","0/0","0/0","0/0","0/0","0/0","0/0","0/0","0/0","0/0","0/0","0/0","0/0","0/0","0/0","0/0","0/0","0/0","0/0","0/0","0/0","0/0","0/0","0/0","0/0","0/0","0/0","0/0","0/0","0/0","0/0","0/0","0/0","0/0","0/0","0/0","0/0","0/0","0/0","0/0","0/0","0/0","0/0","0/0","0/0","0/0","0/0","0/0","0/0","0/0","0/0","0/0","0/0","0/0","0/0","0/0","0/0","0/0","0/0","0/0","0/0","0/0","0/0","0/0","0/0","0/0","0/0","0/0","0/0","0/0","0/0","0/0","0/0","0/0","0/0","0/0","0/0","0/0","0/0","0/0","0/0","0/0","0/0","0/0","0/0","0/0","0/0","0/0","0/0","0/0","0/0","0/0","0/0","0/0","0/0","0/0","0/0","0/0","0/0","0/0","0/0","0/0","0/0","0/0","0/0","0/0","0/0","0/0","0/0","0/0","0/0","0/0","0/0","0/0","0/0","0/0"
"chr12:51740407_CATAA/C_CELA1","1/1","1/1","1/1","1/1","1/1","1/1","1/1","1/1","1/1","1/1","1/1","1/1","0/1","0/1","0/0","0/0","0/0","0/1","0/0","0/1","0/1","0/0","0/1","0/1","0/0","0/1","0/0","0/1","1/1","0/1","1/1","0/1","1/1","1/1","0/0","0/1","0/0","0/1","0/0","0/1","1/1","1/1","0/1","1/1","0/1","0/1","0/1","0/1","1/1","1/1","1/1","0/1","0/0","1/1","1/1","0/1","0/0","0/1","0/0","0/1","0/0","0/1","0/0","0/1","0/1","1/1","0/1","0/0","0/0","0/1","1/1","0/1","0/1","1/1","1/1","0/1","0/1","0/1","0/1","1/1","1/1","0/0","1/1","0/0","0/0","0/1","0/1","1/1","0/0","0/0","0/1","1/1","1/1","0/1","0/1","0/1","1/1","1/1","0/1","0/1","0/0","0/1","0/0","0/1","0/1","0/0","0/0","0/1","0/1","0/1","1/1","0/1","0/1","0/1","0/0","0/1","0/1","1/1","1/1","1/1","1/1","1/1","0/1","1/1","0/0","0/0","0/1","0/1","0/1","0/1","0/1","0/1","1/1","1/1","1/1","1/1","1/1","1/1","1/1","1/1","1/1","0/1","0/1","0/1","0/1","0/1","1/1","1/1","1/1","1/1","1/1","1/1","1/1"
"chr12:51740415_A/AAG_CELA1","1/1","1/1","1/1","1/1","1/1","1/1","1/1","1/1","1/1","1/1","1/1","1/1","0/1","0/1","0/0","0/0","0/0","0/1","0/0","0/1","0/1","0/0","0/1","0/1","0/0","0/1","0/0","0/1","1/1","0/1","1/1","0/1","1/1","1/1","0/0","0/1","0/0","0/1","0/0","0/1","1/1","1/1","0/1","1/1","0/1","0/1","0/1","0/1","1/1","1/1","1/1","0/1","0/0","1/1","1/1","0/1","0/0","0/1","0/0","0/1","0/0","0/1","0/0","0/1","0/1","1/1","0/1","0/0","0/0","0/1","1/1","0/1","0/1","1/1","1/1","0/1","0/1","0/1","0/1","1/1","1/1","0/0","1/1","0/0","0/0","0/1","0/1","1/1","0/0","0/0","0/1","1/1","1/1","0/1","0/1","0/1","1/1","1/1","0/1","0/1","0/0","0/1","0/0","0/1","0/1","0/0","0/0","0/1","0/1","0/1","1/1","0/1","0/1","0/1","0/0","0/1","0/1","1/1","1/1","1/1","1/1","1/1","0/1","1/1","0/0","0/0","0/1","0/1","0/1","0/1","0/1","0/1","1/1","1/1","1/1","1/1","1/1","1/1","1/1","1/1","1/1","0/1","0/1","0/1","0/1","0/1","1/1","1/1","1/1","1/1","1/1","1/1","1/1"
"chr12:51740416_C/CG_CELA1","1/1","1/1","1/1","1/1","1/1","1/1","1/1","1/1","1/1","1/1","1/1","1/1","0/1","0/1","0/0","0/0","0/0","0/1","0/0","0/1","0/1","0/0","0/1","0/1","0/0","0/1","0/0","0/1","1/1","0/1","1/1","0/1","1/1","1/1","0/0","0/1","0/0","0/1","0/0","0/1","1/1","1/1","0/1","1/1","0/1","0/1","0/1","0/1","1/1","1/1","1/1","0/1","0/0","1/1","1/1","0/1","0/0","0/1","0/0","0/1","0/0","0/1","0/0","0/1","0/1","1/1","0/1","0/0","0/0","0/1","1/1","0/1","0/1","1/1","1/1","0/1","0/1","0/1","0/1","1/1","1/1","0/0","1/1","0/0","0/0","0/1","0/1","1/1","0/0","0/0","0/1","1/1","1/1","0/1","0/1","0/1","1/1","1/1","0/1","0/1","0/0","0/1","0/0","0/1","0/1","0/0","0/0","0/1","0/1","0/1","1/1","0/1","0/1","0/1","0/0","0/1","0/1","1/1","1/1","1/1","1/1","1/1","0/1","1/1","0/0","0/0","0/1","0/1","0/1","0/1","0/1","0/1","1/1","1/1","1/1","1/1","1/1","1/1","1/1","1/1","1/1","0/1","0/1","0/1","0/1","0/1","1/1","1/1","1/1","1/1","1/1","1/1","1/1"
"chr12:52408688_T/TGCCGCCCCC_GRASP","0/0","0/0","0/0","0/0","0/0","0/0","0/0","0/0","0/0","0/0","0/0","0/0","0/0","0/0","0/0","0/0","0/0","0/0","0/0","0/0","0/0","0/1","0/0","0/0","0/0","0/0","0/0","0/0","0/0","0/0","0/0","0/0","0/0","0/0","0/0","0/0","0/0","0/0","0/0","0/0","0/0","0/0","0/0","0/0","0/0","0/0","0/0","0/0","0/0","0/0","0/0","0/0","0/0","0/0","0/0","0/0","0/0","0/0","0/0","0/0","0/0","0/0","0/0","0/0","0/0","0/0","0/0","0/0","0/0","0/0","0/0","0/0","0/0","0/0","0/0","0/0","0/0","0/0","0/0","0/0","0/0","0/0","0/0","0/0","0/0","0/0","0/0","0/0","0/0","0/0","0/0","0/0","0/0","0/0","0/0","0/0","0/0","0/0","0/0","0/0","0/0","0/0","0/0","0/0","0/0","0/0","0/0","0/0","0/0","0/0","0/0","0/0","0/0","0/0","0/0","0/0","0/0","0/0","0/0","0/0","0/0","0/0","0/0","0/0","0/0","0/0","0/0","0/0","0/0","0/0","0/0","0/0","0/0","0/0","0/0","0/0","0/0","0/0","0/0","0/0","0/0","0/0","0/0","0/0","0/0","0/0","0/0","0/0","0/0","0/0","0/0","0/0","0/0"
"chr12:52800022_TGC/T_KRT82","0/1","0/1","0/1","0/0","0/0","0/0","0/1","0/1","0/1","0/0","0/0","0/0","0/0","0/0","0/0","0/0","0/0","0/0","0/0","0/0","0/1","0/0","0/0","0/0","0/0","0/0","0/0","0/0","0/0","0/0","0/0","0/0","0/0","0/0","0/0","0/0","0/0","0/0","0/0","0/0","0/0","0/0","0/0","0/0","0/0","0/0","0/0","0/0","0/0","0/0","0/0","0/0","0/0","0/0","0/0","0/0","0/0","0/0","0/0","0/0","0/0","0/0","0/0","0/0","0/0","0/0","0/0","0/0","0/0","0/0","0/0","0/0","0/0","0/0","0/0","0/0","0/0","0/0","0/0","0/0","0/0","0/0","0/0","0/0","0/0","0/0","0/0","0/0","0/0","0/0","0/0","0/0","0/0","0/0","0/0","0/0","0/0","0/0","0/0","0/0","0/0","0/0","0/0","0/0","0/0","0/0","0/0","0/0","0/0","0/0","0/0","0/0","0/0","0/0","0/0","0/0","0/0","0/0","0/0","0/0","0/0","0/0","0/0","0/0","0/0","0/0","0/0","0/0","0/0","0/0","0/0","0/0","0/0","0/0","0/0","0/0","0/0","0/0","0/0","0/0","0/0","0/0","0/0","0/0","0/0","0/0","0/0","0/0","0/0","0/0","0/0","0/0","0/0"
"chr12:52914002_C/CA_KRT5","0/0","0/0","0/0","0/0","0/0","0/0","0/0","0/0","0/0","0/0","0/0","0/0","0/0","0/0","0/0","0/0","0/0","0/0","0/0","0/0","0/0","0/0","0/0","0/0","0/0","0/0","0/0","0/0","0/0","0/0","0/1","0/0","0/0","0/0","0/0","0/0","0/0","0/0","0/0","0/0","0/0","0/0","0/0","0/0","0/0","0/0","0/0","0/0","0/0","0/0","0/0","0/0","0/0","0/0","0/0","0/0","0/0","0/0","0/0","0/0","0/0","0/0","0/0","0/0","0/0","0/0","0/0","0/0","0/0","0/0","0/0","0/0","0/0","0/0","0/0","0/0","0/0","0/0","0/0","0/0","0/0","0/0","0/0","0/0","0/0","0/0","0/0","0/0","0/0","0/0","0/0","0/0","0/0","0/0","0/0","0/0","0/0","0/0","0/0","0/0","0/0","0/0","0/0","0/0","0/0","0/0","0/0","0/0","0/0","0/0","0/0","0/0","0/0","0/0","0/0","0/0","0/0","0/0","0/0","0/0","0/0","0/0","0/0","0/0","0/0","0/0","0/0","0/0","0/0","0/0","0/0","0/0","0/0","0/0","0/0","0/0","0/0","0/0","0/0","0/0","0/0","0/0","0/0","0/0","0/0","0/0","0/0","0/0","0/0","0/0","0/0","0/0","0/0"
"chr12:53002022_C/CT_KRT73","0/0","0/0","0/0","0/0","0/0","0/0","0/0","0/0","0/0","0/0","0/0","0/0","0/0","0/0","0/0","0/0","0/0","0/0","0/0","0/0","0/0","0/0","0/0","0/0","0/0","0/0","0/0","0/0","0/0","0/0","0/0","0/0","0/0","0/0","0/0","0/0","0/0","0/0","0/0","0/0","0/0","0/0","0/0","0/0","0/0","0/0","0/0","0/0","0/0","0/0","0/0","0/0","0/0","0/0","0/0","0/0","0/0","0/0","0/0","0/0","0/0","0/0","0/0","0/0","0/0","0/0","0/0","0/0","0/0","0/0","0/0","0/0","0/0","0/0","0/0","0/1","0/1","0/0","0/0","0/0","0/0","0/0","0/0","0/0","0/0","0/0","0/0","0/0","0/0","0/0","0/0","0/0","0/0","0/0","0/0","0/0","0/0","0/0","0/0","0/0","0/0","0/0","0/0","0/0","0/0","0/0","0/0","0/0","0/0","0/0","0/0","0/0","0/0","0/0","0/0","0/0","0/0","0/0","0/0","0/0","0/0","0/0","0/0","0/0","0/0","0/0","0/0","0/0","0/0","0/0","0/0","0/0","0/0","0/0","0/0","0/0","0/0","0/0","0/0","0/0","0/0","0/0","0/0","0/0","0/0","0/0","0/0","0/0","0/0","0/0","0/0","0/0","0/0"
"chr12:53162772_CACT/C_KRT76","0/0","0/0","0/0","0/0","0/0","0/0","0/0","0/0","0/0","0/0","0/0","0/0","0/0","0/0","0/0","0/0","0/0","0/0","0/0","0/0","0/0","0/0","0/0","0/0","0/0","0/0","0/0","0/0","0/0","0/0","0/0","0/0","0/0","0/0","0/0","0/0","0/0","0/0","0/0","0/0","0/0","0/0","0/0","0/0","0/0","0/0","0/0","0/0","0/0","0/0","0/0","0/0","0/0","0/0","0/0","0/0","0/0","0/0","0/0","0/0","0/0","0/0","0/0","0/0","0/0","0/0","0/0","0/0","0/0","0/0","0/0","0/0","0/0","0/0","0/0","0/0","0/0","0/0","0/0","0/0","0/0","0/0","0/0","0/0","0/0","0/0","0/0","0/1","0/0","0/0","0/0","0/0","0/0","0/0","0/0","0/0","0/0","0/0","0/0","0/0","0/0","0/0","0/0","0/0","0/0","0/0","0/1","0/0","0/0","0/0","0/0","0/0","0/0","0/0","0/0","0/0","0/0","0/0","0/0","0/0","0/0","0/0","0/0","0/0","0/0","0/0","0/0","0/0","0/0","0/0","0/0","0/0","0/0","0/0","0/0","0/0","0/0","0/0","0/0","0/0","0/1","0/0","0/0","0/0","0/0","0/0","0/0","0/0","0/0","0/0","0/0","0/0","0/0"
"chr12:53207583_C/CCACCAAAGCCACCAGTGCCGAAACCAGCTCCGAAGCCGCCGG_KRT4","1/1","1/1","1/1","1/1","1/1","1/1","1/1","1/1","1/1","1/1","0/1","1/1","1/1","1/1","1/1","1/1","1/1","1/1","1/1","1/1","1/1","1/1","0/1","1/1","1/1","1/1","1/1","1/1","1/1","1/1","1/1","1/1","1/1","1/1","1/1","1/1","1/1","1/1","1/1","1/1","1/1","1/1","1/1","1/1","1/1","1/1","1/1","1/1","1/1","1/1","1/1","1/1","1/1","1/1","1/1","1/1","1/1","1/1","1/1","1/1","1/1","1/1","1/1","1/1","1/1","1/1","1/1","1/1","1/1","1/1","1/1","1/1","1/1","1/1","1/1","1/1","1/1","1/1","1/1","1/1","1/1","1/1","1/1","1/1","1/1","1/1","1/1","1/1","1/1","1/1","1/1","1/1","1/1","1/1","1/1","1/1","1/1","1/1","1/1","1/1","1/1","1/1","1/1","1/1","1/1","1/1","1/1","1/1","1/1","1/1","1/1","1/1","1/1","1/1","1/1","1/1","1/1","1/1","1/1","1/1","1/1","1/1","1/1","1/1","1/1","1/1","1/1","1/1","1/1","1/1","1/1","1/1","1/1","1/1","1/1","1/1","1/1","1/1","1/1","1/1","1/1","1/1","1/1","1/1","1/1","1/1","1/1","1/1","1/1","1/1","1/1","1/1","1/1"
"chr12:53509298_AG/A_SOAT2","0/0","0/0","0/0","0/0","0/0","0/0","0/0","0/0","0/0","0/0","0/0","0/0","0/0","0/0","0/0","0/0","0/0","0/0","0/0","0/0","0/0","0/0","0/0","0/0","0/0","0/0","0/0","0/0","0/0","0/0","0/0","0/0","0/1","0/0","0/0","0/0","0/0","0/0","0/0","0/0","0/0","0/0","0/0","0/0","0/0","0/0","0/0","0/0","0/0","0/0","0/0","0/0","0/0","0/0","0/0","0/0","0/0","0/0","0/0","0/0","0/0","0/0","0/0","0/0","0/0","0/0","0/0","0/0","0/0","0/0","0/0","0/0","0/0","0/0","0/0","0/0","0/0","0/0","0/0","0/0","0/0","0/0","0/0","0/0","0/0","0/0","0/0","0/0","0/0","0/0","0/0","0/0","0/0","0/0","0/0","0/0","0/0","0/0","0/0","0/0","0/0","0/0","0/0","0/0","0/0","0/0","0/0","0/0","0/0","0/0","0/0","0/0","0/0","0/0","0/0","0/0","0/0","0/0","0/0","0/0","0/0","0/0","0/0","0/0","0/0","0/0","0/0","0/0","0/0","0/0","0/0","0/0","0/0","0/0","0/0","0/0","0/0","0/0","0/0","0/0","0/0","0/0","0/0","0/0","0/0","0/0","0/0","0/0","0/0","0/0","0/0","0/0","0/0"
"chr12:53693530_C/CTG_C12orf10","0/0","0/0","0/0","0/0","0/0","0/0","0/0","0/0","0/0","0/0","0/0","0/0","0/0","0/0","0/0","0/0","0/0","0/0","0/0","0/0","0/0","0/0","0/0","0/0","0/0","0/0","0/0","0/0","0/0","0/0","0/0","0/0","0/0","0/0","0/1","0/0","0/0","0/0","0/0","0/0","0/0","0/0","0/0","0/0","0/0","0/0","0/0","0/0","0/0","0/0","0/0","0/0","0/0","0/0","0/0","0/0","0/0","0/0","0/0","0/0","0/0","0/0","0/0","0/0","0/0","0/0","0/0","0/0","0/0","0/0","0/0","0/0","0/0","0/0","0/0","0/0","0/0","0/0","0/0","0/0","0/0","0/0","0/0","0/0","0/0","0/0","0/0","0/0","0/0","0/0","0/0","0/0","0/0","0/0","0/0","0/0","0/0","0/0","0/0","0/0","0/0","0/0","0/0","0/0","0/0","0/0","0/0","0/0","0/0","0/0","0/0","0/0","0/0","0/0","0/0","0/0","0/0","0/0","0/0","0/0","0/0","0/0","0/0","0/0","0/0","0/0","0/0","0/0","0/0","0/0","0/0","0/0","0/0","0/0","0/0","0/0","0/0","0/0","0/0","0/0","0/0","0/0","0/0","0/0","0/0","0/0","0/0","0/0","0/0","0/0","0/0","0/0","0/0"
"chr12:53693531_CAA/C_C12orf10","0/0","0/0","0/0","0/0","0/0","0/0","0/0","0/0","0/0","0/0","0/0","0/0","0/0","0/0","0/0","0/0","0/0","0/0","0/0","0/0","0/0","0/0","0/0","0/0","0/0","0/0","0/0","0/0","0/0","0/0","0/0","0/0","0/0","0/0","0/1","0/0","0/0","0/0","0/0","0/0","0/0","0/0","0/0","0/0","0/0","0/0","0/0","0/0","0/0","0/0","0/0","0/0","0/0","0/0","0/0","0/0","0/0","0/0","0/0","0/0","0/0","0/0","0/0","0/0","0/0","0/0","0/0","0/0","0/0","0/0","0/0","0/0","0/0","0/0","0/0","0/0","0/0","0/0","0/0","0/0","0/0","0/0","0/0","0/0","0/0","0/0","0/0","0/0","0/0","0/0","0/0","0/0","0/0","0/0","0/0","0/0","0/0","0/0","0/0","0/0","0/0","0/0","0/0","0/0","0/0","0/0","0/0","0/0","0/0","0/0","0/0","0/0","0/0","0/0","0/0","0/0","0/0","0/0","0/0","0/0","0/0","0/0","0/0","0/0","0/0","0/0","0/0","0/0","0/0","0/0","0/0","0/0","0/0","0/0","0/0","0/0","0/0","0/0","0/0","0/0","0/0","0/0","0/0","0/0","0/0","0/0","0/0","0/0","0/0","0/0","0/0","0/0","0/0"
"chr12:53879193_GTCAC/G_MAP3K12","0/0","0/0","0/0","0/0","0/0","0/0","0/0","0/0","0/0","0/0","0/0","0/0","0/0","0/0","0/0","0/0","0/0","0/0","0/0","0/0","0/0","0/0","0/0","0/0","0/0","0/0","0/0","0/0","0/0","0/0","0/1","0/0","0/0","0/0","0/0","0/0","0/0","0/0","0/0","0/0","0/0","0/0","0/0","0/0","0/0","0/0","0/0","0/0","0/0","0/0","0/0","0/0","0/0","0/0","0/0","0/0","0/0","0/0","0/0","0/0","0/0","0/0","0/0","0/0","0/0","0/0","0/0","0/0","0/0","0/0","0/0","0/0","0/0","0/0","0/0","0/0","0/0","0/0","0/0","0/0","0/0","0/0","0/0","0/0","0/0","0/0","0/0","0/0","0/0","0/0","0/0","0/0","0/0","0/0","0/0","0/0","0/0","0/0","0/0","0/0","0/0","0/0","0/0","0/0","0/0","0/0","0/0","0/0","0/0","0/0","0/0","0/0","0/0","0/0","0/0","0/0","0/0","0/0","0/0","0/0","0/0","0/0","0/0","0/0","0/0","0/0","0/0","0/0","0/0","0/0","0/0","0/0","0/0","0/0","0/0","0/0","0/0","0/0","0/0","0/0","0/0","0/0","0/0","0/0","0/0","0/0","0/0","0/0","0/0","0/0","0/0","0/0","0/0"
"chr12:54757431_AGAG/A_GPR84","0/0","0/0","0/0","0/0","0/0","0/0","0/0","0/0","0/0","0/0","0/0","0/0","0/0","0/0","0/0","0/0","0/0","0/0","0/0","0/0","0/0","0/0","0/0","0/0","0/0","0/0","0/0","0/0","0/0","0/0","0/0","0/0","0/0","0/0","0/0","0/0","0/0","0/0","0/0","0/0","0/0","0/0","0/0","0/0","0/0","0/0","0/0","0/0","0/0","0/0","0/0","0/0","0/0","0/0","0/0","0/0","0/0","0/0","0/0","0/0","0/0","0/0","0/0","0/0","0/0","0/0","0/0","0/0","0/0","0/0","0/0","0/0","0/0","0/0","0/0","0/0","0/0","0/0","0/0","0/0","0/0","0/0","0/0","0/0","0/0","0/0","0/0","0/0","0/0","0/0","0/0","0/0","0/0","0/0","0/0","0/0","0/0","0/0","0/0","0/0","0/0","0/0","0/0","0/0","0/0","0/0","0/0","0/0","0/0","0/0","0/0","0/0","0/0","0/0","0/0","0/0","0/0","0/0","0/0","0/0","0/0","0/0","0/0","0/0","0/0","0/0","0/0","0/0","0/0","0/0","0/0","0/0","0/1","0/0","0/1","0/1","0/0","0/0","0/0","0/0","0/0","0/0","0/0","0/0","0/0","0/0","0/0","0/0","0/0","0/0","0/0","0/0","0/0"
"chr12:55024680_GC/G_LACRT","0/0","0/0","0/0","0/0","0/0","0/0","0/0","0/0","0/0","0/0","0/0","0/0","0/0","0/0","0/0","0/0","0/0","0/0","0/0","0/0","0/0","0/0","0/0","0/1","0/0","0/0","0/0","0/0","0/0","0/0","0/0","0/0","0/0","0/0","0/0","0/0","0/0","0/0","0/0","0/0","0/0","0/0","0/0","0/0","0/0","0/0","0/0","0/0","0/0","0/0","0/0","0/0","0/0","0/0","0/0","0/0","0/0","0/0","0/0","0/0","0/0","0/0","0/0","0/0","0/0","0/0","0/0","0/0","0/0","0/0","0/0","0/0","0/0","0/0","0/0","0/0","0/0","0/0","0/0","0/0","0/0","0/0","0/0","0/0","0/0","0/0","0/0","0/0","0/0","0/0","0/0","0/0","0/0","0/0","0/0","0/0","0/0","0/0","0/0","0/0","0/0","0/0","0/0","0/0","0/0","0/0","0/0","0/0","0/0","0/0","0/0","0/0","0/0","0/0","0/0","0/0","0/0","0/0","0/0","0/0","0/0","0/0","0/0","0/0","0/0","0/0","0/0","0/0","0/0","0/0","0/0","0/0","0/0","0/0","0/0","0/0","0/0","0/0","0/0","0/0","0/0","0/0","0/0","0/0","0/0","0/0","0/0","0/0","0/0","0/0","0/0","0/0","0/0"
"chr12:55523586_AT/A_OR9K2","0/0","0/0","0/0","0/1","0/0","0/0","0/0","0/0","0/0","0/0","0/0","0/1","0/0","0/0","0/0","0/0","0/1","0/0","0/0","0/0","0/1","0/0","0/0","0/0","0/0","0/0","0/0","0/0","0/0","0/0","0/1","0/1","0/0","0/0","0/0","0/0","0/0","0/0","0/0","0/0","0/0","0/0","0/0","0/0","0/0","0/0","0/0","0/1","0/0","0/0","0/0","0/0","0/0","0/0","0/0","0/0","0/0","0/0","0/0","0/1","0/1","0/1","0/1","0/0","0/0","0/0","0/0","0/0","0/0","0/0","0/0","0/0","0/0","0/0","0/0","0/0","0/0","0/1","0/1","0/0","0/0","0/0","0/0","0/0","0/0","0/0","0/0","0/0","0/0","0/0","0/0","0/0","0/0","0/0","0/0","0/0","0/0","0/1","0/0","0/0","0/0","0/0","0/0","0/0","0/0","0/0","0/0","0/0","0/0","0/0","0/1","0/1","0/1","0/0","0/1","0/0","0/0","0/0","0/1","0/0","0/1","0/1","0/0","0/0","0/1","0/1","0/0","0/0","0/1","0/1","0/1","0/0","0/0","0/0","0/0","0/0","0/0","0/0","0/0","0/0","0/0","0/0","0/0","0/0","0/0","0/0","0/0","0/0","0/0","0/0","0/0","0/0","0/0"
"chr12:55714406_C/CA_OR6C1","0/1","0/1","0/1","0/0","0/0","0/0","0/0","0/0","0/0","0/1","0/1","0/0","0/1","1/1","0/0","0/1","0/0","0/1","0/1","0/1","0/0","0/0","0/0","0/0","0/1","0/0","0/0","1/1","0/0","0/1","0/0","0/0","0/0","0/1","0/1","0/0","0/1","1/1","0/0","0/1","0/0","0/1","0/0","0/1","0/0","0/0","0/0","0/1","0/1","0/1","0/0","0/0","1/1","0/0","0/1","0/0","0/1","0/1","0/0","0/0","0/0","0/0","0/0","0/1","0/1","0/0","0/0","0/1","0/1","0/0","0/0","0/0","0/0","0/1","0/1","0/1","0/1","0/1","0/1","0/0","0/0","0/0","0/0","0/0","0/0","0/0","0/0","0/1","0/1","0/1","1/1","0/1","0/1","0/0","0/0","1/1","0/1","0/0","0/0","0/0","0/0","0/1","0/0","0/1","0/1","0/0","0/0","0/1","0/1","0/1","0/0","0/0","0/0","0/0","0/0","1/1","1/1","0/1","0/0","0/1","0/0","0/0","1/1","0/1","0/0","0/0","0/0","0/0","0/0","0/0","0/0","0/1","0/0","0/0","0/0","0/0","0/0","0/0","0/1","0/1","0/1","0/1","0/1","0/0","0/0","0/0","0/1","0/1","0/1","0/0","0/0","0/0","0/0"
"chr12:55714407_A/AG_OR6C1","0/0","0/0","0/0","0/0","0/0","0/0","0/0","0/0","0/0",".",".","0/0","0/0",".","0/0","0/0","0/0",".",".",".","0/0","0/0","0/0","0/0",".","0/0","0/1",".","0/0","0/0","0/0","0/0","0/0","0/0",".","0/0","0/0",".","0/0","0/0","0/0",".","0/0","0/0","0/0","0/0","0/0",".","0/0",".","0/0","0/0",".","0/0","0/0","0/0","0/0","0/0","0/0","0/0","0/0","0/0","0/0","0/0","0/0","0/0","0/0","0/0",".","0/0","0/0","0/0","0/0",".",".","0/0","0/0",".","0/0","0/0","0/0","0/0","0/0","0/0","0/0","0/0","0/0",".","0/0","0/0",".",".",".","0/0","0/0",".","0/0","0/0","0/0","0/0","0/0","0/0","0/0","0/0","0/0","0/0","0/0","0/0",".","0/0","0/0","0/0","0/0","0/0","0/0",".",".","0/0","0/0",".","0/0","0/0",".",".","0/0","0/0","0/0","0/0","0/0","0/0","0/0",".","0/0","0/0","0/0","0/0","0/0","0/0",".","0/0","0/0","0/0","0/0","0/0","0/0","0/0","0/0","0/0","0/0","0/0","0/0","0/0","0/0"
"chr12:55759191_AT/A_OR6C75","0/0","0/0","0/0","1/1","0/0","0/0","0/0","0/0","0/0","0/0","0/0","0/0","0/0","0/0","0/0","0/0","0/1","0/0","0/0","0/0","0/1","0/0","0/0","0/0","0/0","0/0","0/0","0/0","0/0","0/0","0/0","0/1","0/0","0/0","0/0","0/0","0/0","0/0","0/0","0/0","0/0","0/0","0/0","0/0","0/0","0/1","0/0","0/1","0/0","0/0","0/1","0/0","0/0","0/0","0/0","0/1","0/0","0/0","0/0","0/1","0/0","0/1","0/0","0/0","0/0","0/0","0/0","0/1","0/1","0/0","0/0","0/0","0/0","0/0","0/0","0/0","0/0","0/1","0/1","0/0","0/0","0/0","0/1","0/0","0/0","0/0","0/0","0/0","0/0","0/0","0/0","0/0","0/0","0/0","0/0","0/0","0/0","0/1","0/0","0/0","0/0","0/0","0/0","0/0","0/0","0/0","0/0","0/0","0/0","0/0","1/1","0/1","0/1","0/0","0/0","0/0","0/0","0/1","0/0","0/1","0/0","0/0","0/0","0/1","0/0","0/0","0/0","0/0","0/0","0/0","0/0","0/0","0/0","0/0","0/0","0/0","0/0","0/0","0/0","0/0","0/0","0/0","0/0","0/0","0/0","0/0","0/0","0/0","0/0","0/0","0/0","0/0","0/0"
"chr12:55820956_C/CA_OR6C76","0/0","0/0","0/0","0/0","0/0","0/0","0/0","0/0","0/0","0/0","0/0","0/0","0/0","0/0","0/0","0/0","0/0","0/0","0/0","0/0","0/0","0/0","0/0","0/0","0/0","0/0","0/0","0/0","0/0","0/0","0/0","0/0","0/0","0/0","0/0","0/0","0/0","0/0","0/0","0/0","0/0","0/0","0/0","0/0","0/0","0/0","0/0","0/0","0/0","0/0","0/0","0/0","0/0","0/0","0/0","0/0","0/0","0/0","0/0","0/0","0/0","0/0","0/0","0/0","0/0","0/0","0/0","0/0","0/0","0/0","0/0","0/0","0/0","0/0","0/0","0/0","0/0","0/0","0/0","0/0","0/0","0/0","0/0","0/0","0/0","0/0","0/0","0/1","0/0","0/0","0/0","0/0","0/0","0/0","0/0","0/0","0/0","0/0","0/0","0/0","0/0","0/0","0/0","0/0","0/0","0/0","0/0","0/0","0/0","0/0","0/0","0/0","0/0","0/0","0/0","0/0","0/0","0/0","0/0","0/0","0/0","0/0","0/0","0/0","0/0","0/0","0/0","0/0","0/0","0/0","0/0","0/0","0/0","0/0","0/0","0/0","0/0","0/0","0/0","0/0","0/0","0/0","0/0","0/0","0/0","0/0","0/0","0/0","0/0","0/0","0/0","0/0","0/0"
"chr12:55820957_AC/A_OR6C76","0/0","0/0","0/0","0/0","0/0","0/0","0/0","0/0","0/0","0/0","0/0","0/0","0/0","0/0","0/0","0/0","0/0","0/0","0/0","0/0","0/0","0/0","0/0","0/0","0/0","0/0","0/0","0/0","0/0","0/0","0/0","0/0","0/0","0/0","0/0","0/0","0/0","0/0","0/0","0/0","0/0","0/0","0/0","0/0","0/0","0/0","0/0","0/0","0/0","0/0","0/0","0/0","0/0","0/0","0/0","0/0","0/1","0/0","0/0","0/0","0/0","0/0","0/0","0/0","0/0","0/0","0/0","0/0","0/0","0/0","0/0","0/0","0/0","0/0","0/0","0/0","0/0","0/0","0/0","0/0","0/0","0/0","0/0","0/0","0/0","0/0","0/0","0/0","0/0","0/0","0/0","0/0","0/0","0/0","0/0","0/0","0/0","0/0","0/0","0/0","0/0","0/0","0/0","0/1","0/0","0/0","0/0","0/0","0/0","0/0","0/0","0/0","0/0","0/0","0/0","0/0","0/0","0/0","0/0","0/0","0/0","0/0","0/0","0/0","0/0","0/0","0/0","0/0","0/0","0/0","0/0","0/0","0/0","0/0","0/0","0/0","0/0","0/0","0/0","0/0","0/0","0/1","0/0","0/0","0/0","0/0","0/0","0/0","0/0","0/0","0/0","0/0","0/0"
"chr12:55820958_CA/CAA_OR6C76","0/0","0/1","0/0","0/1","0/0","0/0","0/0","0/1","0/0","0/2","0/2","0/3","0/0","0/0","0/1","0/2","0/0","0/0","0/1","0/0","0/0","0/0","0/0","0/2","0/0","0/0","0/0","0/0","0/0","0/0","0/3","0/2","0/0","0/0",".","0/0","0/2","0/0","0/0","0/1","0/0","0/0","0/0",".","0/0","0/2","0/1","0/0","0/0","0/1","0/0","0/3","0/0","0/0","0/0","0/0","0/0","0/0","0/0","0/0","0/0","0/0","0/1","0/0","0/2","0/0","0/0","0/2","0/0","0/0","0/1","0/0","0/0","0/0","0/0","0/1","0/0","0/0","0/0","0/2","0/0","0/1","0/0","0/0","0/0","0/0","0/0","0/3","0/0","0/3","0/0","0/1","0/0","0/2","0/2","0/0","0/1","0/0","0/0","0/0","0/0","0/2","0/0","0/0","0/0","0/2","0/2","0/0","0/0","0/1","0/3","0/0","0/0","0/0","0/0","0/0","0/0","0/1","0/0","0/0","0/0","0/0","0/0",".","0/1","0/0","0/0","0/0","0/0","0/0","0/2","0/0","0/0","0/2","0/1","0/3","0/2","0/2",".","0/2","0/0","0/0","0/0","0/0","0/0","0/0","0/2","0/2","0/0","0/0","0/0","0/0","0/0"
"chr12:56137184_CGCGGCGGCG/CGCGGCGGCGGCG_GDF11","0/0","0/0","0/0","0/0","0/1","0/1","0/1","0/1","0/1","0/0","0/0","0/1","0/0","0/0","0/0","0/0","0/0","0/0","0/0","0/0","0/0","0/1","0/0","0/1","0/0","0/0","0/0","0/0","0/0","0/1","0/0","0/0","0/0","0/0","0/2","0/0","0/0","0/0","0/0","0/1","0/0","0/0","0/0","0/0","0/0","0/0","0/0","0/0","0/0","0/0","0/0","0/0","0/0","0/0","0/0","0/0","0/0","0/0","0/0","0/0","0/0","0/0","0/0","0/0","0/0","0/0","0/0","0/0","0/0","0/0","0/0","0/0","0/0","0/0","0/0","0/0","0/3","0/1","0/1","0/0","0/0","0/0","0/0","0/0","0/0","0/0","0/0","0/0","0/0","0/0","0/1","0/0","0/0","0/0","0/0","0/1","0/0","0/0","0/0","0/0","0/0","0/0","0/0","0/0","0/0","0/0","0/0","0/0","0/3","0/0","0/0","0/0","0/0","0/1","0/1","0/0","0/0","0/0","0/1","0/0","0/1","0/1","0/0","0/0","0/1","0/1","0/1","0/1","0/4","0/4","0/4","0/0","0/0","0/0","0/0","0/0","0/0","0/3","0/1","0/1","0/1","0/0","0/0","0/0","0/0","0/0","0/0","0/0","0/0","0/1","0/1","0/1","0/1"
"chr12:56348052_GA/G_PMEL","0/0","0/0","0/0","0/0","0/0","0/0","0/0","0/0","0/0","0/0","0/0","0/0","0/0","0/0","0/0","0/0","0/0","0/0","0/0","0/0","0/0","0/0","0/0","0/0","0/0","0/0","0/0","0/0","0/0","0/0","0/0","0/0","0/0","0/0","0/0","0/0","0/0","0/0","0/0","0/0","0/0","0/0","0/0","0/0","0/0","0/0","0/0","0/0","0/0","0/0","0/0","0/0","0/0","0/0","0/0","0/0","0/0","0/0","0/0","0/0","0/0","0/0","0/0","0/0","0/0","0/0","0/0","0/0","0/0","0/0","0/0","0/0","0/0","0/0","0/0","0/0","0/0","0/0","0/0","0/0","0/0","0/1","0/0","0/0","0/0","0/0","0/0","0/0","0/0","0/0","0/0","0/0","0/0","0/0","0/0","0/0","0/0","0/0","0/0","0/0","0/0","0/0","0/0","0/0","0/0","0/0","0/0","0/0","0/0","0/0","0/0","0/0","0/0","0/0","0/0","0/0","0/0","0/0","0/0","0/0","0/0","0/0","0/0","0/0","0/0","0/0","0/0","0/0","0/0","0/0","0/0","0/0","0/0","0/0","0/0","0/0","0/0","0/0","0/0","0/0","0/0","0/0","0/0","0/0","0/0","0/0","0/0","0/0","0/0","0/0","0/0","0/0","0/0"
"chr12:57080664_CAT/C_PTGES3",".",".","1/1",".",".",".",".",".",".",".",".",".",".",".",".",".",".",".",".","0/0",".",".",".","0/0",".",".",".",".",".",".",".",".",".",".",".",".",".","1/1",".","1/1",".","0/0",".",".",".",".","1/1",".",".",".","0/0",".",".",".",".",".",".",".",".",".",".",".",".",".",".",".",".",".",".",".",".",".",".","1/1",".",".",".","1/1","1/1",".",".",".",".",".",".","0/0",".",".",".",".","1/1",".",".",".",".",".",".",".",".",".",".",".",".","0/0","0/0",".",".",".",".",".","1/1",".",".",".",".","1/1",".",".","1/1",".",".",".",".",".",".",".","1/1","1/1",".",".",".",".","0/0",".",".",".",".",".",".",".",".",".",".",".",".",".",".",".",".",".",".",".","."
"chr12:57346751_AC/A_RDH16","0/0","0/0","0/0","0/0","0/0","0/0","0/0","0/0","0/0","0/0","0/0","0/0","0/0","0/0","0/0","0/0","0/0","0/0","0/1","0/0","0/0","0/0","0/0","0/0","0/0","0/0","0/0","0/0","0/0","0/0","0/0","0/0","0/0","0/0","0/0","0/0","0/0","0/0","0/0","0/0","0/0","0/0","0/0","0/0","0/0","0/0","0/0","0/0","0/0","0/0","0/0","0/0","0/0","0/0","0/0","0/0","0/0","0/0","0/0","0/0","0/0","0/0","0/0","0/0","0/0","0/0","0/0","0/0","0/0","0/0","0/0","0/0","0/0","0/0","0/0","0/0","0/0","0/0","0/0","0/0","0/0","0/0","0/0","0/0","0/0","0/0","0/0","0/0","0/0","0/0","0/0","0/0","0/0","0/0","0/0","0/0","0/0","0/0","0/0","0/0","0/0","0/0","0/0","0/0","0/0","0/0","0/0","0/0","0/0","0/0","0/0","0/0","0/0","0/0","0/0","0/0","0/0","0/0","0/0","0/0","0/0","0/0","0/0","0/0","0/0","0/0","0/0","0/0","0/0","0/0","0/0","0/0","0/0","0/0","0/0","0/0","0/0","0/0","0/0","0/0","0/0","0/0","0/0","0/0","0/0","0/0","0/0","0/0","0/0","0/0","0/0","0/0","0/0"
"chr12:57389468_TC/T_GPR182","0/0","0/0","0/0","0/0","0/0","0/0","0/0","0/0","0/0","0/0","0/0","0/0","0/0","0/0","0/0","0/0","0/0","0/0","0/0","0/0","0/0","0/0","0/0","0/0","0/0","0/0","0/0","0/0","0/0","0/0","0/0","0/0","0/0","0/0","0/0","0/0","0/1","0/0","0/0","0/0","0/0","0/0","0/0","0/0","0/0","0/0","0/0","0/0","0/0","0/0","0/0","0/0","0/0","0/0","0/0","0/0","0/0","0/0","0/0","0/0","0/0","0/0","0/0","0/0","0/0","0/0","0/0","0/0","0/0","0/0","0/0","0/0","0/0","0/0","0/0","0/0","0/0","0/0","0/0","0/0","0/0","0/0","0/0","0/0","0/0","0/0","0/0","0/0","0/0","0/0","0/0","0/0","0/0","0/0","0/0","0/0","0/0","0/0","0/0","0/0","0/0","0/0","0/0","0/0","0/0","0/0","0/0","0/0","0/0","0/0","0/0","0/0","0/0","0/0","0/0","0/0","0/0","0/0","0/0","0/0","0/0","0/0","0/0","0/0","0/0","0/0","0/0","0/0","0/0","0/0","0/0","0/0","0/0","0/0","0/0","0/0","0/0","0/0","0/0","0/0","0/0","0/0","0/0","0/0","0/0","0/0","0/0","0/0","0/0","0/0","0/0","0/0","0/0"
"chr12:57485449_TC/T_NAB2","0/0","0/0","0/0","0/0","0/0","0/0","0/0","0/0","0/0","0/0","0/0","0/0","0/0","0/0","0/0","0/0","0/0","0/0","0/0","0/0","0/0","0/0","0/0","0/0","0/0","0/0","0/0","0/0","0/0","0/0","0/0","0/0","0/0","0/0","0/0","0/0","0/1","0/0","0/0","0/0","0/0","0/0","0/0","0/0","0/0","0/0","0/0","0/0","0/0","0/0","0/0","0/0","0/0","0/0","0/0","0/0","0/0","0/0","0/0","0/0","0/0","0/0","0/0","0/0","0/0","0/0","0/0","0/0","0/0","0/0","0/0","0/0","0/0","0/0","0/0","0/0","0/0","0/0","0/0","0/0","0/0","0/0","0/0","0/0","0/0","0/0","0/0","0/0","0/0","0/0","0/0","0/0","0/0","0/0","0/0","0/0","0/0","0/0","0/0","0/0","0/0","0/0","0/0","0/0","0/0","0/0","0/0","0/0","0/0","0/0","0/0","0/0","0/0","0/0","0/0","0/0","0/0","0/0","0/0","0/0","0/0","0/0","0/0","0/0","0/0","0/0","0/0","0/0","0/0","0/0","0/0","0/0","0/0","0/0","0/0","0/0","0/0","0/0","0/0","0/0","0/0","0/0","0/0","0/0","0/0","0/0","0/0","0/0","0/0","0/0","0/0","0/0","0/0"
"chr12:57918853_ACT/A_MBD6","0/0","0/0","0/0","0/0","0/0","0/0","0/0","0/0","0/0","0/0","0/0","0/0","0/0","0/0","0/0","0/0","0/0","0/0","0/0","0/0","0/0","0/0","0/0","0/0","0/0","0/0","0/0","0/0","0/0","0/0","0/0","0/0","0/0","0/0","0/0","0/0","0/0","0/0","0/0","0/0","0/0","0/0","0/0","0/0","0/0","0/0","0/0","0/0","0/0","0/0","0/0","0/0","0/0","0/0","0/0","0/0","0/0","0/0","0/0","0/0","0/0","0/0","0/0","0/0","0/0","0/0","0/0","0/0","0/0","0/0","0/0","0/0","0/0","0/0","0/0","0/0","0/0","0/0","0/0","0/0","0/0","0/0","0/0","0/0","0/0","0/0","0/0","0/0","0/0","0/0","0/0","0/0","0/0","0/0","0/0","0/0","0/0","0/0","0/0","0/0","0/0","0/0","0/0","0/0","0/0","0/0","0/0","0/0","0/0","0/0","0/0","0/0","0/0","0/0","0/0","0/0","0/0","0/0","0/0","0/0","0/0","0/0","0/0","0/0","0/0","0/0","0/0","0/0","0/0","0/0","0/0","0/0","0/0","0/0","0/0","0/0","0/0","0/0","0/0","0/0","0/0","0/0","0/0","0/0","0/0","0/0","0/0","0/0","0/0","0/1","0/1","0/0","0/1"
"chr12:57921731_TG/T_MBD6","0/0","0/0","0/0","0/0","0/0","0/0","0/0","0/0","0/0","0/0","0/0","0/0","0/0","0/0","0/0","0/0","0/0","0/0","0/0","0/0","0/0","0/0","0/0","0/0","0/0","0/0","0/0","0/0","0/0","0/0","0/0","0/0","0/0","0/0","0/0","0/0","0/1","0/0","0/0","0/0","0/0","0/0","0/0","0/0","0/0","0/0","0/0","0/0","0/0","0/0","0/0","0/0","0/0","0/0","0/0","0/0","0/0","0/0","0/0","0/0","0/0","0/0","0/0","0/0","0/0","0/0","0/0","0/0","0/0","0/0","0/0","0/0","0/0","0/0","0/0","0/0","0/0","0/0","0/0","0/0","0/0","0/0","0/0","0/0","0/0","0/0","0/0","0/0","0/0","0/0","0/0","0/0","0/0","0/0","0/0","0/0","0/0","0/0","0/0","0/0","0/0","0/0","0/0","0/0","0/0","0/0","0/0","0/0","0/0","0/0","0/0","0/0","0/0","0/0","0/0","0/0","0/0","0/0","0/0","0/0","0/0","0/0","0/0","0/0","0/0","0/0","0/0","0/0","0/0","0/0","0/0","0/0","0/0","0/0","0/0","0/0","0/0","0/0","0/0","0/0","0/0","0/0","0/0","0/0","0/0","0/0","0/0","0/0","0/0","0/0","0/0","0/0","0/0"
"chr12:58109958_G/GC_OS9","0/0","0/0","0/0","0/0","0/0","0/0","0/0","0/0","0/0","0/0","0/0","0/0","0/0","0/0","0/0","0/0","0/0","0/0","0/0","0/0","0/0","0/0","0/0","0/0","0/0","0/0","0/0","0/0","0/0","0/0","0/0","0/0","0/0","0/0","0/1","0/0","0/0","0/0","0/0","0/0","0/0","0/0","0/0","0/0","0/0","0/0","0/0","0/0","0/0","0/0","0/0","0/0","0/0","0/0","0/0","0/0","0/0","0/0","0/0","0/0","0/0","0/0","0/0","0/0","0/0","0/0","0/0","0/0","0/0","0/0","0/0","0/0","0/0","0/0","0/0","0/0","0/0","0/0","0/0","0/0","0/0","0/0","0/0","0/0","0/0","0/0","0/0","0/0","0/0","0/0","0/0","0/0","0/0","0/0","0/0","0/0","0/0","0/0","0/0","0/0","0/0","0/0","0/0","0/0","0/0","0/0","0/0","0/0","0/0","0/0","0/0","0/0","0/0","0/0","0/0","0/0","0/0","0/0","0/0","0/0","0/0","0/0","0/0","0/0","0/0","0/0","0/0","0/0","0/0","0/0","0/0","0/0","0/0","0/0","0/0","0/0","0/0","0/0","0/0","0/0","0/0","0/0","0/0","0/0","0/0","0/0","0/0","0/0","0/0","0/0","0/0","0/0","0/0"
"chr12:58112042_GGAGGAT/G_OS9","0/0","0/0","0/0","0/0","0/0","0/0","0/0","0/0","0/0","0/0","0/0","0/0","0/0","0/0","0/0","0/0","0/0","0/0","0/0","0/0","0/0","0/0","0/0","0/0","0/0","0/0","0/0","0/0","0/0","0/0","0/0","0/0","0/0","0/0","0/0","0/0","0/0","0/0","0/0","0/0","0/0","0/0","0/0","0/0","0/0","0/0","0/0","0/0","0/0","0/0","0/0","0/0","0/0","0/0","0/0","0/0","0/0","0/0","0/0","0/0","0/0","0/0","0/0","0/0","0/0","0/0","0/0","0/0","0/0","0/0","0/0","0/0","0/0","0/0","0/0","0/0","0/0","0/0","0/0","0/0","0/0","0/0","0/0","0/0","0/0","0/0","0/0","0/0","0/0","0/0","0/0","0/0","0/0","0/0","0/0","0/0","0/0","0/0","0/0","0/0","0/0","0/0","0/0","0/0","0/0","0/0","0/0","0/0","0/0","0/0","0/0","0/0","0/0","0/0","0/0","0/0","0/0","0/0","0/0","0/0","0/0","0/0","0/0","0/0","0/0","0/0","0/0","0/0","0/0","0/0","0/0","0/0","0/0","0/0","0/0","0/0","0/0","0/0","0/0","0/0","0/0","0/0","0/0","0/1","0/1","0/1","0/0","0/0","0/0","0/0","0/0","0/0","0/0"
"chr12:58120415_TGCTGGGCGTGGTGGCCGC/T_AGAP2","0/0","0/0","0/0","0/0","0/0","0/0","0/0","0/0","0/0","0/0","0/0","0/0","0/0","0/0","0/0","0/0","0/0","0/0","0/0","0/0","0/0","0/0","0/0","0/0","0/0","0/0","0/0","0/0","0/0","0/0","0/0","0/0","0/0","0/0","0/0","0/0","0/0","0/0","0/0","0/0","0/0","0/0","0/0","0/0","0/0","0/0","0/0","0/0","0/0","0/0","0/0","0/0","0/0","0/0","0/0","0/0","0/0","0/0","0/0","0/0","0/0","0/0","0/0","0/0","0/0","0/0","0/0","0/0","0/0","0/0","0/0","0/0","0/0","0/0","0/0","0/0","0/0","0/0","0/0","0/0","0/0","0/0","0/0","0/0","0/0","0/0","0/0","0/0","0/0","0/0","0/0","0/0","0/0","0/0","0/0","0/0","0/0","0/0","0/0","0/0","0/0","0/0","0/0","0/0","0/0","0/0","0/0","0/0","0/0","0/0","0/0","0/0","0/0","0/0","0/0","0/0","0/0","0/0","0/1","0/0","0/1","0/0","0/0","0/0","0/0","0/0","0/0","0/0","0/0","0/0","0/0","0/0","0/0","0/0","0/0","0/0","0/0","0/0","0/0","0/0","0/0","0/0","0/0","0/0","0/0","0/0","0/0","0/0","0/0","0/0","0/0","0/0","0/0"
"chr12:58131618_TG/T_AGAP2","0/0","0/0","0/0","0/0","0/0","0/0","0/0","0/0","0/0","0/0","0/0","0/0","0/0","0/0","0/0","0/0","0/0","0/0","0/0","0/0","0/0","0/0","0/0","0/0","0/0","0/0","0/0","0/0","0/0","0/0","0/0","0/0","0/0","0/0","0/0","0/0","0/1","0/0","0/0","0/0","0/0","0/0","0/0","0/0","0/0","0/0","0/0","0/0","0/0","0/0","0/0","0/0","0/0","0/0","0/0","0/0","0/0","0/0","0/0","0/0","0/0","0/0","0/0","0/0","0/0","0/0","0/0","0/0","0/0","0/0","0/0","0/0","0/0","0/0","0/0","0/0","0/0","0/0","0/0","0/0","0/0","0/0","0/0","0/0","0/0","0/0","0/0","0/0","0/0","0/0","0/0","0/0","0/0","0/0","0/0","0/0","0/0","0/0","0/0","0/0","0/0","0/0","0/0","0/0","0/0","0/0","0/0","0/0","0/0","0/0","0/0","0/0","0/0","0/0","0/0","0/0","0/0","0/0","0/0","0/0","0/0","0/0","0/0","0/0","0/0","0/0","0/0","0/0","0/0","0/0","0/0","0/0","0/0","0/0","0/0","0/0","0/0","0/0","0/0","0/0","0/0","0/0","0/0","0/0","0/0","0/0","0/0","0/0","0/0","0/0","0/0","0/0","0/0"
"chr12:58140870_C/CTGAAAAT_TSPAN31","0/0","0/0","0/0","0/0","0/0","0/1","0/0","0/0","0/0","0/0","0/0","0/0","0/0","0/0","0/0","0/0","0/0","0/0","0/0","0/0","0/0","0/0","0/0","0/0","0/0","0/0","0/0","0/0","0/0","0/0","0/0","0/0","0/0","0/0","0/0","0/0","0/0","0/0","0/0","0/0","0/0","0/0","0/0","0/0","0/0","0/0","0/0","0/0","0/0","0/0","0/0","0/0","0/0","0/0","0/0","0/0","0/0","0/0","0/0","0/0","0/0","0/0","0/0","0/0","0/0","0/0","0/0","0/0","0/0","0/0","0/0","0/0","0/0","0/0","0/0","0/0","0/0","0/0","0/0","0/0","0/0","0/0","0/0","0/0","0/0","0/0","0/0","0/0","0/0","0/0","0/0","0/0","0/0","0/0","0/0","0/0","0/0","0/0","0/0","0/0","0/0","0/0","0/0","0/0","0/0","0/0","0/0","0/0","0/0","0/0","0/0","0/0","0/0","0/0","0/0","0/0","0/0","0/0","0/0","0/0","0/0","0/0","0/0","0/0","0/0","0/0","0/0","0/0","0/0","0/0","0/0","0/0","0/0","0/0","0/0","0/0","0/0","0/0","0/0","0/0","0/0","0/0","0/0","0/0","0/0","0/0","0/0","0/0","0/0","0/0","0/0","0/0","0/0"
"chr12:64712546_A/AGTT_C12orf56","0/1","0/1","0/1","1/1","0/0","0/0","1/1","1/1","1/1","0/0","0/1","0/1","0/0","0/0","0/1","0/1","1/1","0/1","0/1","0/1","0/1","0/0","0/1","0/1","0/1","0/0","0/0","0/1","0/0","0/0","0/1","0/1","1/1","0/0","0/0","0/1","0/1","0/1","1/1","0/1","0/0","1/1","0/0","0/0","0/0","0/0","0/1","0/0","0/1","1/1","1/1","0/0","0/0","1/1","0/0","0/1","0/1","0/1","0/0","0/1","0/1","0/0","0/1","1/1","1/1","0/0","0/1","0/1","0/1","0/1","0/0","1/1","1/1","0/0","0/0","0/1","0/1","0/1","0/1","0/0","0/0","0/1","1/1","0/1","0/1","0/1","0/1","0/1","0/1","0/1","0/0","0/1","0/1","0/0","0/0","0/0","0/1","0/0","0/1","0/1","0/0","0/1","0/0","0/1","0/1","0/1","0/1","0/1","0/1","0/1","1/1","0/0","0/0","0/0","0/0","0/1","0/1","0/0","0/0","0/0","0/0","0/0","0/1","0/0","0/0","0/0","0/0","0/0","0/1","0/1","0/1","0/0","0/1","0/1","0/1","0/1","0/1","0/1","0/1","0/1","0/1","0/0","0/0","0/0","0/0","0/0","0/0","0/0","0/0","0/1","0/1","0/1","0/1"
"chr12:66531936_TAA/TAAA_TMBIM4","0/0","0/0","0/0","0/0","0/0","0/1","0/0","0/1","0/0","0/1","0/0","0/0","0/1","0/1","0/0","0/0","0/0","0/0","0/0","0/0","0/1","0/0","0/0","0/1","0/0","0/0","0/0","0/1","0/0","0/0","0/0","0/0","0/0","0/1","0/0","0/0","0/2","0/0","0/0","0/1","0/0","0/0","0/0","0/1","0/0","0/0","0/0","0/0","0/0","0/0","0/0","0/0","0/0","0/0","0/0","0/0","0/0","0/0","0/0","0/0","0/0","0/1","0/0","0/0","0/0","0/0","0/0","0/0","0/0","0/0","0/0","0/0","0/1","0/0","0/0","0/0","0/0","0/0","0/0","0/0","0/0","0/0","0/0","0/0","0/0","0/0","0/0","0/0","0/0","0/0","0/0","0/0","0/0","0/0","0/1","0/0","0/0","0/0","0/0","0/1","0/1","0/0","0/0","0/0","0/0","0/0","0/0","0/0","0/0","0/1","0/0","0/2","0/0","0/1","0/0","0/0","0/0","0/0","0/0","0/0","0/1","0/0","0/0","0/0","0/0","0/0","0/0","0/0","0/0","0/0","0/1","0/0","0/0","0/0","0/0","0/0","0/0","0/0","0/0","0/0","0/0","0/0","0/0","0/0","0/0","0/0","0/0","0/0","0/0","0/0","0/0","0/0","0/0"
"chr12:70289148_TAGA/T_MYRFL","0/0","0/0","0/0","0/0","0/0","0/0","0/0","0/0","0/0","0/0","0/0","0/0","0/0","0/0","0/0","0/0","0/0","0/0","0/0","0/0","0/0","0/0","0/0","0/0","0/0","0/0","0/0","0/0","0/0","0/0","0/0","0/0","0/0","0/0","0/0","0/0","0/0","0/0","0/0","0/0","0/0","0/0","0/0","0/0","0/0","0/0","0/0","0/0","0/0","0/0","0/0","0/0","0/0","0/0","0/0","0/0","0/0","0/0","0/0","0/0","0/0","0/0","0/0","0/0","0/0","0/0","0/0","0/0","0/0","0/0","0/0","0/0","0/0","0/0","0/0","0/0","0/0","0/0","0/0","0/0","0/0","0/0","0/0","0/0","0/0","0/0","0/0","0/0","0/0","0/1","0/0","0/0","0/0","0/0","0/0","0/0","0/0","0/0","0/0","0/0","0/0","0/0","0/0","0/0","0/0","0/0","0/0","0/0","0/0","0/0","0/0","0/0","0/0","0/0","0/0","0/0","0/0","0/0","0/0","0/0","0/0","0/0","0/0","0/0","0/0","0/0","0/0","0/0","0/0","0/0","0/0","0/0","0/0","0/0","0/0","0/0","0/0","0/0","0/0","0/0","0/0","0/0","0/0","0/0","0/0","0/0","0/0","0/0","0/0","0/0","0/0","0/0","0/0"
"chr12:70346591_C/CCAT_MYRFL","0/0","0/0","0/0","0/0","0/0","0/0","0/0","0/0","0/0","0/0","0/0","0/0","0/0","0/0","0/0","0/0","0/0","0/0","0/0","0/0","0/0","0/0","0/0","0/0","0/0","0/0","0/0","0/0","0/0","0/0","0/0","0/0","0/0","0/0","0/0","0/0","0/0","0/0","0/0","0/0","0/0","0/0","0/0","0/1","0/0","0/0","0/0","0/0","0/0","0/0","0/0","0/0","0/0","0/0","0/0","0/0","0/0","0/0","0/0","0/0","0/0","0/0","0/0","0/0","0/0","0/0","0/0","0/0","0/0","0/0","0/0","0/0","0/0","0/0","0/0","0/0","0/0","0/0","0/0","0/0","0/0","0/0","0/0","0/0","0/0","0/0","0/0","0/0","0/0","0/0","0/0","0/0","0/0","0/0","0/0","0/0","0/0","0/0","0/0","0/0","0/0","0/0","0/0","0/0","0/0","0/0","0/0","0/0","0/0","0/0","0/0","0/0","0/0","0/0","0/0","0/0","0/0","0/0","0/0","0/0","0/0","0/0","0/0","0/0","0/0","0/0","0/0","0/0","0/0","0/0","0/0","0/0","0/0","0/0","0/0","0/0","0/0","0/0","0/0","0/0","0/0","0/0","0/0","0/0","0/0","0/0","0/0","0/0","0/0","0/0","0/0","0/0","0/0"
"chr12:70747693_TA/TAA_CNOT2","0/0","0/0","0/0","0/0","0/0","0/0","0/0","0/0","1/1","0/0",".","0/0","1/2","1/1","0/0",".","0/0",".","0/0","2/2","0/0","1/1","0/0","0/3","0/0","0/1","0/0","0/0","0/3",".","0/1","0/0",".","0/0","0/0","0/3","1/3","0/1","0/2","0/1","0/0","0/0","0/4","0/0","1/1","0/3","0/1","0/3","0/3","0/2","2/2","0/0","0/0","0/0","0/3","0/0","0/2","0/3","0/1","0/2","0/0","0/5","1/1","0/0","2/2","0/0","0/3","0/3","0/0","0/3","0/3","0/0","0/0","1/2","0/0","0/0","0/3","1/3","0/0","2/2",".","1/1","0/1","0/0","2/3","0/3","0/3","0/0","0/0","0/3","1/1",".","0/0","0/0","0/0","2/2","0/3","2/3","0/3","2/3","2/2","0/2","0/0","2/5","1/1",".",".","0/0",".","0/0","0/5",".","0/3","0/0","0/4","2/3","0/0","0/3","1/2","0/0","0/0","2/2","0/0","0/0","0/0","0/0","0/0","0/1","0/5","0/1","0/0",".","0/3",".","0/0","2/2","0/3","0/3","0/3","0/0","1/1","0/0",".","0/0","1/1","0/1","0/0","1/1","0/0",".",".","1/1","1/1"
"chr12:72148938_GGGC/G_RAB21","0/0","0/0","0/0","0/0","0/0","0/0","0/0","0/0","0/0","0/0","0/0","0/0","0/0","0/0","0/0","0/0","0/0","0/0","0/0","0/0","0/0","0/0","0/0","0/0","0/0","0/0","0/0","0/0","0/0","0/0","0/0","0/0","0/0","0/0","0/0","0/0","0/0","0/0","0/0","0/0","0/0","0/0","0/0","0/0","0/0","0/0","0/0","0/0","0/0","0/0","0/0","0/1","0/0","0/0","0/0","0/0","0/0","0/0","0/0","0/0","0/0","0/0","0/0","0/0","0/0","0/0","0/0","0/0","0/0","0/0","0/0","0/0","0/0","0/0","0/0","0/0","0/0","0/0","0/0","0/0","0/0","0/0","0/0","0/0","0/0","0/0","0/0","0/0","0/0","0/0","0/0","0/0","0/0","0/0","0/0","0/0","0/0","0/0","0/0","0/0","0/0","0/0","0/0","0/0","0/0","0/0","0/0","0/0","0/0","0/0","0/0","0/0","0/0","0/0","0/0","0/0","0/0","0/0","0/0","0/0","0/0","0/0","0/0","0/0","0/0","0/0","0/0","0/0","0/0","0/0","0/0","0/0","0/0","0/0","0/0","0/0","0/0","0/0","0/0","0/0","0/0","0/0","0/0","0/0","0/0","0/0","0/0","0/0","0/0","0/0","0/0","0/0","0/0"
"chr12:72666894_T/TGGGGTGGCCAGTCCGGGGACC_TRHDE","0/0","0/0","0/0","0/0","0/0","0/0","0/0","0/0","0/0","0/1","0/0","0/0","0/0","0/0","0/0","0/0","0/0","0/0","0/0","0/0","0/0","0/0","0/0","0/0","0/0","0/0","0/0","0/0","0/0","0/0","0/0","0/0","0/0","0/0","0/0","0/0","0/0","0/0","0/0","0/0","0/0","0/0","0/0","0/0","0/0","0/0","0/0","0/0","0/0","0/0","0/0","0/0","0/0","0/0","0/0","0/0","0/0","0/0","0/0","0/0","0/0","0/0","0/0","0/0","0/0","0/0","0/0","0/0","0/0","0/0","0/0","0/0","0/0","0/0","0/0","0/0","0/0","0/0","0/0","0/0","0/0","0/0","0/0","0/0","0/0","0/0","0/0","0/0","0/0","0/0","0/0","0/0","0/0","0/0","0/0","0/0","0/0","0/0","0/0","0/0","0/0","0/0","0/0","0/0","0/0","0/0","0/0","0/0","0/0","0/0","0/0","0/0","0/0","0/0","0/0","0/0","0/0","0/0","0/0","0/0","0/0","0/0","0/0","0/0","0/0","0/0","0/0","0/0","0/0","0/0","0/0","0/0","0/0","0/0","0/0","0/0","0/0","0/0","0/0","0/0","0/0","0/0","0/0","0/0","0/0","0/0","0/0","0/0","0/0","0/1","0/1","0/1","0/1"
"chr12:75816814_G/GACA_GLIPR1L2","0/1","0/1","0/1","0/1","0/0","0/0","0/1","0/1","0/1","0/0","0/0","0/0","1/1","0/1","0/0","0/1","0/0","0/1","0/1","0/0","0/1","0/1","0/1","1/1","0/0","0/1","0/1","0/1","1/1","0/1","0/0","0/0","0/0","1/1","0/0","0/1","0/1","0/0","0/1","1/1","0/1","1/1","0/1","0/0","0/1","0/1","0/0","1/1","0/0","0/1","0/1","0/0","0/1","1/1","0/0","0/0","0/0","0/0","1/1","0/1","0/1","0/1","0/0","0/1","0/1","0/0","1/1","0/0","0/0","0/1","0/0","0/0","0/0","0/0","0/0","0/1","0/1","0/0","0/0","0/1","0/1","0/1","0/1","0/1","0/1","0/1","0/1","0/0","1/1","1/1","1/1","0/0","0/0","0/0","0/0","1/1","0/0","1/1","0/1","0/1","0/1","0/1","0/1","0/0","0/0","0/0","0/0","1/1","1/1","0/1","0/1","0/1","0/1","0/0","1/1","0/1","0/1","0/1","0/1","0/1","0/1","0/1","0/1","0/1","1/1","1/1","0/0","0/0","0/1","0/1","0/1","0/0","0/1","0/1","0/1","0/1","0/1","0/1","1/1","0/1","1/1","0/0","0/0","0/0","0/0","0/0","0/1","0/1","0/1","0/0","0/0","0/0","0/0"
"chr12:75900178_GCCTGTATCAAGAGATCAAGTTAAAATTCATTACTCTGAAAAAGTATTAAGGAAGAGACTCAAGTTTTCCACTAATTAAAAAATA/G_KRR1","0/0","0/0","0/0","0/0","0/0","0/0","0/0","0/0","0/0","0/0","0/0","0/0","0/0","0/0","0/0","0/0","0/0","0/0","0/0","0/0","0/0","0/0","0/0","0/0","0/0","0/0","0/0","0/0","0/0","0/0","0/1","0/0","0/0","0/0","0/0","0/0","0/0","0/0","0/0","0/0","0/0","0/0","0/0","0/0","0/0","0/0","0/0","0/0","0/0","0/0","0/0","0/0","0/0","0/0","0/0","0/0","0/0","0/0","0/0","0/0","0/0","0/0","0/0","0/0","0/0","0/0","0/0","0/0","0/0","0/0","0/0","0/0","0/0","0/0","0/0","0/0","0/0","0/0","0/0","0/0","0/0","0/0","0/0","0/0","0/0","0/0","0/0","0/0","0/0","0/0","0/0","0/0","0/0","0/0","0/0","0/0","0/0","0/0","0/0","0/0","0/0","0/0","0/0","0/0","0/0","0/0","0/0","0/0","0/0","0/0","0/0","0/0","0/0","0/0","0/0","0/0","0/0","0/0","0/0","0/0","0/0","0/0","0/0","0/0","0/0","0/0","0/0","0/0","0/0","0/0","0/0","0/0","0/0","0/0","0/0","0/0","0/0","0/0","0/0","0/0","0/0","0/0","0/0","0/0","0/0","0/0","0/0","0/0","0/0","0/0","0/0","0/0","0/0"
"chr12:75900343_A/AT_KRR1","0/0","0/0","0/0","0/0","0/0","0/0","0/0","0/0","0/0","0/0","0/0","0/0","0/0","0/0","0/0","0/0","0/0","0/0","0/0","0/0","0/0","0/0","0/0","0/0","0/0","0/0","0/0","0/0","0/0","0/0","0/1","0/0","0/0","0/0","0/0","0/0","0/0","0/0","0/0","0/0","0/0","0/0","0/0","0/0","0/0","0/0","0/0","0/0","0/0","0/0","0/0","0/0","0/0","0/0","0/0","0/0","0/0","0/0","0/0","0/0","0/0","0/0","0/0","0/0","0/0","0/0","0/0","0/0","0/0","0/0","0/0","0/0","0/0","0/0","0/0","0/0","0/0","0/0","0/0","0/0","0/0","0/0","0/0","0/0","0/0","0/0","0/0","0/0","0/0","0/0","0/0","0/0","0/0","0/0","0/0","0/0","0/0","0/0","0/0","0/0","0/0","0/0","0/0","0/0","0/0","0/0","0/0","0/0","0/0","0/0","0/0","0/0","0/0","0/0","0/0","0/0","0/0","0/0","0/0","0/0","0/0","0/0","0/0","0/0","0/0","0/0","0/0","0/0","0/0","0/0","0/0","0/0","0/0","0/0","0/0","0/0","0/0","0/0","0/0","0/0","0/0","0/0","0/0","0/0","0/0","0/0","0/0","0/0","0/0","0/0","0/0","0/0","0/0"
"chr12:76424937_TTGC/T_PHLDA1","1/1","1/1","1/1","1/1","1/1","1/1","1/1","1/1","1/1","1/1","1/1","1/1","1/1","1/1","1/1","1/1","1/1","1/1","0/1","1/1","1/1","1/1","1/1","1/1","1/1","1/1","1/1","1/1","1/1","1/1","1/1","1/1","1/1","1/1","1/1","1/1","1/1","1/1","1/1","1/1","1/1","1/1","1/1","1/1","1/1","1/1","1/1","1/1","1/1","1/1","1/1","1/1","1/1","1/1","1/1","1/1","1/1","1/1","1/1","1/1","1/1","1/1","1/1","1/1","1/1","1/1","1/1","1/1","1/1","1/1","1/1","1/1","1/1","1/1","1/1","1/1","1/1","1/1","1/1","1/1","1/1","1/1","1/1","1/1","1/1","1/1","1/1","1/1","1/1","1/1","1/1","1/1","1/1","1/1","1/1","1/1","1/1","1/1","1/1","1/1","1/1","1/1","1/1","1/1","1/1","1/1","1/1","1/1","1/1","1/1","1/1","1/1","1/1","1/1","1/1","1/1","1/1","1/1","1/1","1/1","1/1","1/1","1/1","1/1","1/1","1/1","1/1","1/1","1/1","1/1","1/1","0/1","1/1","1/1","1/1","1/1","1/1","1/1","1/1","1/1","1/1","1/1","1/1","1/1","1/1","1/1","1/1","1/1","1/1","1/1","1/1","1/1","1/1"
"chr12:80761503_C/CA_OTOGL","0/0","0/0","0/0","0/0","0/0","0/0","0/0","0/0","0/0","0/0","0/0","0/0","0/0","0/0","0/0","0/0","0/0","0/0","0/0","0/0","0/0","0/0","0/0","0/0","0/0","0/0","0/0","0/0","0/0","0/0","0/0","0/0","0/0","0/0","0/0","0/0","0/1","0/0","0/0","0/0","0/0","0/0","0/0","0/0","0/0","0/0","0/0","0/0","0/0","0/0","0/0","0/0","0/0","0/0","0/0","0/0","0/0","0/0","0/0","0/0","0/0","0/0","0/0","0/0","0/0","0/0","0/0","0/0","0/0","0/0","0/0","0/0","0/0","0/0","0/0","0/0","0/0","0/0","0/0","0/0","0/0","0/0","0/0","0/0","0/0","0/0","0/0","0/0","0/0","0/0","0/0","0/0","0/0","0/0","0/0","0/0","0/0","0/0","0/0","0/0","0/0","0/0","0/0","0/0","0/0","0/0","0/0","0/0","0/0","0/0","0/0","0/0","0/0","0/0","0/0","0/0","0/0","0/0","0/0","0/0","0/0","0/0","0/0","0/0","0/0","0/0","0/0","0/0","0/0","0/0","0/0","0/0","0/0","0/0","0/0","0/0","0/0","0/0","0/0","0/0","0/0","0/0","0/0","0/0","0/0","0/0","0/0","0/0","0/0","0/0","0/0","0/0","0/0"
"chr12:81205250_CAT/C_LIN7A","0/0","0/0","0/0","0/0","0/0","0/0","0/0","0/0","0/0","0/0","0/0","0/0","0/0","0/0","0/0","0/0","0/0","0/0","0/0","0/0","0/0","0/0","0/0","0/0","0/0","0/0","0/0","0/0","0/0","0/0","0/0","0/0","0/0","0/0","0/0","0/0","0/0","0/0","0/0","0/0","0/0","0/0","0/0","0/0","0/0","0/0","0/0","0/0","0/0","0/0","0/0","0/0","0/0","0/0","0/0","0/0","0/0","0/0","0/0","0/0","0/0","0/0","0/0","0/0","0/0","0/0","0/0","0/0","0/0","0/0","0/0","0/0","0/0","0/0","0/0","0/0","0/0","0/0","0/0","0/0","0/0","0/0","0/0","0/0","0/0","0/0","0/0","0/0","0/0","0/0","0/0","0/0","0/0","0/0","0/0","0/0","0/0","0/0","0/0","0/0","0/0","0/0","0/0","0/0","0/0","0/0","0/0","0/0","0/0","0/0","0/0","0/0","0/0","0/0","0/0","0/0","0/0","0/0","0/0","0/0","0/0","0/0","0/0","0/0","0/0","0/0","0/0","0/0","0/0","0/0","0/0","0/0","0/0","0/0","0/0","0/0","0/0","0/0","0/1","0/1","0/1","0/0","0/0","0/0","0/0","0/0","0/0","0/0","0/0","0/0","0/0","0/0","0/0"
"chr12:85638645_GA/G_LRRIQ1","0/1","0/1","0/1","0/0","0/1","0/1","0/0","0/0","0/0","0/0","0/0","0/1","0/0","0/1","0/0","0/0","0/0","0/0","0/0","0/1","0/0","0/0","0/1","0/0","0/0","0/1","0/1","0/0","0/0","0/0","0/0","0/0","0/1","0/0","0/0","0/0","0/0","1/1","0/0","0/0","0/0","0/0","0/0","0/0","0/0","0/0","0/0","0/0","0/0","0/0","0/0","0/0","0/0","0/0","0/0","0/0","0/0","0/1","0/0","0/0","0/0","0/0","0/0","0/0","0/0","0/0","0/0","0/0","0/0","0/0","0/0","0/0","0/0","0/0","0/0","0/0","0/0","0/0","0/0","0/0","0/0","0/0","0/0","0/1","0/1","0/1","0/1","0/1","0/0","0/0","0/0","0/0","0/0","0/0","0/0","0/0","0/1","0/0","0/0","0/0","0/0","0/1","0/0","0/0","0/0","0/0","0/0","0/0","0/0","0/1","0/0","0/1","0/1","0/0","0/0","0/1","0/1","0/1","0/0","0/1","0/0","0/0","0/1","0/1","0/0","0/1","0/0","0/0","0/0","0/0","0/0","0/0","0/0","0/0","0/0","0/0","0/0","0/0","0/1","0/1","0/0","0/0","0/0","0/0","0/0","0/0","0/0","0/0","0/0","0/0","0/0","0/0","0/0"
"chr12:88588948_C/CA_TMTC3","0/0","0/0","0/0","0/0","0/0","0/0","0/0","0/0","0/0","0/0","0/0","0/0","0/0","0/0","0/0","0/0","0/0","0/0","0/0","0/0","0/0","0/0","0/0","0/0","0/0","0/0","0/0","0/0","0/0","0/0","0/0","0/0","0/0","0/0","0/0","0/0","0/1","0/0","0/0","0/0","0/0","0/0","0/0","0/0","0/0","0/0","0/0","0/0","0/0","0/0","0/0","0/0","0/0","0/0","0/0","0/0","0/0","0/0","0/0","0/0","0/0","0/0","0/0","0/0","0/0","0/0","0/0","0/0","0/0","0/0","0/0","0/0","0/0","0/0","0/0","0/0","0/0","0/0","0/0","0/0","0/0","0/0","0/0","0/0","0/0","0/0","0/0","0/0","0/0","0/0","0/0","0/0","0/0","0/0","0/0","0/0","0/0","0/0","0/0","0/0","0/0","0/0","0/0","0/0","0/0","0/0","0/0","0/0","0/0","0/0","0/0","0/0","0/0","0/0","0/0","0/0","0/0","0/0","0/0","0/0","0/0","0/0","0/0","0/0","0/0","0/0","0/0","0/0","0/0","0/0","0/0","0/0","0/0","0/0","0/0","0/0","0/0","0/0","0/0","0/0","0/0","0/0","0/0","0/0","0/0","0/0","0/0","0/0","0/0","0/0","0/0","0/0","0/0"
"chr12:96394797_C/CA_LTA4H","0/0","0/0","0/0","0/0","0/0","0/0","0/0","0/0","0/0","0/0","0/0","0/0","0/0","0/0","0/0","0/0","0/0","0/0","0/0","0/0","0/0","0/0","0/0","0/0","0/0","0/0","0/0","0/1","0/0","0/0","0/0","0/0","0/0","0/0","0/0","0/0","0/0","0/0","0/0","0/0","0/0","0/0","0/0","0/0","0/0","0/0","0/0","0/0","0/0","0/0","0/0","0/0","0/0","0/0","0/0","0/0","0/0","0/0","0/0","0/0","0/0","0/0","0/0","0/0","0/0","0/0","0/0","0/0","0/0","0/0","0/0","0/0","0/0","0/0","0/0","0/0","0/0","0/0","0/0","0/0","0/0","0/0","0/0","0/0","0/0","0/0","0/0","0/0","0/0","0/0","0/0","0/0","0/0","0/0","0/0","0/0","0/0","0/0","0/0","0/0","0/0","0/0","0/0","0/0","0/0","0/0","0/0","0/0","0/0","0/0","0/0","0/0","0/0","0/0","0/0","0/0","0/0","0/0","0/0","0/0","0/0","0/0","0/0","0/0","0/0","0/0","0/0","0/0","0/0","0/0","0/0","0/0","0/0","0/0","0/0","0/0","0/0","0/0","0/0","0/0","0/0","0/0","0/0","0/0","0/0","0/0","0/0","0/0","0/0","0/0","0/0","0/0","0/0"
"chr12:98921671_CA/C_TMPO","0/0","0/0","0/0","0/0","0/0","0/0","0/0","0/0","0/0","0/0","0/0","0/0","0/0","0/0","0/0","0/0","0/0","0/0","0/0","0/0","0/0","0/0","0/0","0/0","0/0","0/0","0/0","0/0","0/0","0/0","0/0","0/0","0/0","0/0","0/0","0/0","0/1","0/0","0/0","0/0","0/0","0/0","0/0","0/0","0/0","0/0","0/0","0/0","0/0","0/0","0/0","0/0","0/0","0/0","0/0","0/0","0/0","0/0","0/0","0/0","0/0","0/0","0/0","0/0","0/0","0/0","0/0","0/0","0/0","0/0","0/0","0/0","0/0","0/0","0/0","0/0","0/0","0/0","0/0","0/0","0/0","0/0","0/0","0/0","0/0","0/0","0/0","0/0","0/0","0/0","0/0","0/0","0/0","0/0","0/0","0/0","0/0","0/0","0/0","0/0","0/0","0/0","0/0","0/0","0/0","0/0","0/0","0/0","0/0","0/0","0/0","0/0","0/0","0/0","0/0","0/0","0/0","0/0","0/0","0/0","0/0","0/0","0/0","0/0","0/0","0/0","0/0","0/0","0/0","0/0","0/0","0/0","0/0","0/0","0/0","0/0","0/0","0/0","0/0","0/0","0/0","0/0","0/0","0/0","0/0","0/0","0/0","0/0","0/0","0/0","0/0","0/0","0/0"
"chr12:99071206_CA/C_APAF1","0/0","0/0","0/0","0/0","0/0","0/0","0/0","0/0","0/0","0/0","0/0","0/0","0/0","0/0","0/0","0/0","0/0","0/0","0/0","0/0","0/0","0/0","0/0","0/0","0/0","0/0","0/0","0/0","0/0","0/0","0/0","0/1","0/0","0/0","0/0","0/0","0/0","0/0","0/0","0/0","0/0","0/0","0/0","0/0","0/0","0/0","0/0","0/0","0/0","0/0","0/0","0/0","0/0","0/0","0/0","0/0","0/0","0/0","0/0","0/0","0/0","0/0","0/0","0/0","0/0","0/0","0/0","0/0","0/0","0/0","0/0","0/0","0/0","0/0","0/0","0/0","0/0","0/0","0/0","0/0","0/0","0/0","0/0","0/0","0/0","0/0","0/0","0/0","0/0","0/0","0/0","0/0","0/0","0/0","0/0","0/0","0/0","0/0","0/0","0/0","0/0","0/0","0/0","0/0","0/0","0/0","0/0","0/0","0/0","0/0","0/0","0/0","0/0","0/0","0/0","0/0","0/0","0/0","0/0","0/0","0/0","0/0","0/0","0/0","0/0","0/0","0/0","0/0","0/0","0/0","0/0","0/0","0/0","0/0","0/0","0/0","0/0","0/0","0/0","0/0","0/0","0/0","0/0","0/0","0/0","0/0","0/0","0/0","0/0","0/0","0/0","0/0","0/0"
"chr12:100904581_TC/T_NR1H4","0/0","0/0","0/0","0/0","0/0","0/0","0/0","0/0","0/0","0/0","0/0","0/0","0/0","0/0","0/0","0/0","0/0","0/0","0/0","0/0","0/0","0/0","0/0","0/1","0/0","0/0","0/0","0/0","0/0","0/0","0/0","0/0","0/0","0/0","0/0","0/0","0/0","0/0","0/0","0/0","0/0","0/0","0/0","0/0","0/0","0/0","0/0","0/0","0/0","0/0","0/0","0/0","0/0","0/0","0/0","0/0","0/0","0/0","0/0","0/0","0/0","0/0","0/0","0/0","0/0","0/0","0/0","0/0","0/0","0/0","0/0","0/0","0/0","0/0","0/0","0/0","0/0","0/0","0/0","0/0","0/0","0/0","0/0","0/0","0/0","0/0","0/0","0/0","0/0","0/0","0/0","0/0","0/0","0/0","0/0","0/0","0/0","0/0","0/0","0/0","0/0","0/0","0/0","0/0","0/0","0/0","0/0","0/0","0/0","0/0","0/0","0/0","0/0","0/0","0/0","0/0","0/0","0/0","0/0","0/0","0/0","0/0","0/0","0/0","0/0","0/0","0/0","0/0","0/0","0/0","0/0","0/0","0/0","0/0","0/0","0/0","0/0","0/0","0/0","0/0","0/0","0/0","0/0","0/0","0/0","0/0","0/0","0/0","0/0","0/0","0/0","0/0","0/0"
"chr12:102542227_AAC/A_PARPBP","0/0","0/0","0/0","0/0","0/0","0/0","0/0","0/0","0/0","0/0","0/0","0/0","0/0","0/0","0/0","0/0","0/1","0/0","0/0","0/0","0/0","0/0","0/0","0/0","0/0","0/0","0/0","0/0","0/0","0/0","0/0","0/0","0/0","0/0","0/0","0/0","0/0","0/0","0/0","0/0","0/0","0/0","0/0","0/0","0/0","0/0","0/0","0/0","0/0","0/0","0/0","0/0","0/0","0/0","0/0","0/0","0/0","0/0","0/0","0/0","0/0","0/0","0/0","0/0","0/0","0/0","0/0","0/0","0/0","0/0","0/0","0/0","0/0","0/0","0/0","0/0","0/0","0/0","0/0","0/0","0/0","0/0","0/0","0/0","0/0","0/0","0/0","0/0","0/0","0/0","0/0","0/0","0/0","0/0","0/0","0/0","0/0","0/0","0/0","0/0","0/0","0/0","0/0","0/0","0/0","0/0","0/0","0/0","0/0","0/0","0/0","0/0","0/0","0/0","0/0","0/0","0/0","0/0","0/0","0/0","0/0","0/0","0/0","0/0","0/0","0/0","0/0","0/0","0/0","0/0","0/0","0/0","0/0","0/0","0/0","0/0","0/0","0/0","0/0","0/0","0/0","0/0","0/0","0/0","0/0","0/0","0/0","0/0","0/0","0/0","0/0","0/0","0/0"
"chr12:102576393_GA/G_PARPBP","0/0","0/0","0/0","0/0","0/0","0/0","0/0","0/0","0/0","0/0","0/0","0/0","0/0","0/0","0/0","0/0","0/0","0/0","0/0","0/0","0/0","0/0","0/0","0/0","0/0","0/0","0/0","0/0","0/0","0/0","0/0","0/0","0/0","0/0","0/0","0/0","0/1","0/0","0/0","0/0","0/0","0/0","0/0","0/0","0/0","0/0","0/0","0/0","0/0","0/0","0/0","0/0","0/0","0/0","0/0","0/0","0/0","0/0","0/0","0/0","0/0","0/0","0/0","0/0","0/0","0/0","0/0","0/0","0/0","0/0","0/0","0/0","0/0","0/0","0/0","0/0","0/0","0/0","0/0","0/0","0/0","0/0","0/0","0/0","0/0","0/0","0/0","0/0","0/0","0/0","0/0","0/0","0/0","0/0","0/0","0/0","0/0","0/0","0/0","0/0","0/0","0/0","0/0","0/0","0/0","0/0","0/0","0/0","0/0","0/0","0/0","0/0","0/0","0/0","0/0","0/0","0/0","0/0","0/0","0/0","0/0","0/0","0/0","0/0","0/0","0/0","0/0","0/0","0/0","0/0","0/0","0/0","0/0","0/0","0/0","0/0","0/0","0/0","0/0","0/0","0/0","0/0","0/0","0/0","0/0","0/0","0/0","0/0","0/0","0/0","0/0","0/0","0/0"
"chr12:103352171_CGCA/CGCAGCAGCAGCA_ASCL1","0/0","0/0","0/0","0/0","0/1","0/1","0/0","0/0","0/0","0/0","1/1","0/0","0/1","1/3","0/1","0/0","0/1","0/2","0/0","0/0","0/0","0/1","0/0","0/1","0/1","0/0","0/0","0/2","0/0","0/1","0/1","0/0","0/2","0/0","0/2","0/0","0/2","0/0","0/0","0/1","0/0","0/0","0/4","0/1","0/1","0/1","0/1","0/0","0/1","0/0","0/0","0/1","0/0","0/0","0/0","0/0","0/0","0/0","0/1","0/1","0/1","0/0","0/0","0/1","0/1","0/0","0/1","0/0","0/0","0/1","0/0","0/0","0/0","0/0","0/0","0/1","0/1","1/1","1/1","0/5","0/5","0/0","0/0","0/2","0/0","0/0","0/0","0/0","0/1","0/1","0/1","0/2","0/0","0/1","0/1","0/1","0/0","0/5","0/0","0/0","0/1","0/0","0/1","0/1","0/1","0/0","0/0","0/1","0/1","0/0","0/0","1/1","1/1","1/1","0/0","0/1","0/1","0/0","0/3","0/0","0/3","0/3","0/1","0/0","0/0","0/2","1/1","1/1","0/1","0/1","0/1","0/1","1/1","0/1","0/1","1/1","0/1","0/1","1/1","0/1","1/1","0/1","0/1","0/0","0/0","0/0","0/0","0/0","0/0","0/0","0/0","0/0","0/0"
"chr12:104136303_GGCC/G_STAB2","0/0","0/0","0/0","0/0","0/0","0/0","0/0","0/0","0/0","0/0","0/0","0/0","0/0","0/0","0/0","0/0","0/0","0/0","0/0","0/0","0/0","0/0","0/0","0/1","0/0","0/0","0/0","0/0","0/0","0/0","0/0","0/0","0/0","0/0","0/0","0/0","0/0","0/0","0/0","0/0","0/0","0/0","0/0","0/0","0/0","0/0","0/0","0/0","0/0","0/0","0/0","0/0","0/0","0/0","0/0","0/0","0/0","0/0","0/0","0/0","0/0","0/0","0/0","0/0","0/0","0/0","0/0","0/0","0/0","0/0","0/0","0/0","0/0","0/0","0/0","0/0","0/0","0/0","0/0","0/0","0/0","0/0","0/0","0/0","0/0","0/0","0/0","0/0","0/0","0/0","0/0","0/0","0/0","0/0","0/0","0/0","0/0","0/0","0/0","0/0","0/0","0/0","0/0","0/0","0/0","0/0","0/0","0/0","0/0","0/0","0/0","0/0","0/0","0/0","0/0","0/0","0/0","0/0","0/0","0/0","0/0","0/0","0/0","0/0","0/0","0/0","0/0","0/0","0/0","0/0","0/0","0/0","0/0","0/0","0/0","0/0","0/0","0/0","0/0","0/0","0/0","0/0","0/0","0/0","0/0","0/0","0/0","0/0","0/0","0/0","0/0","0/0","0/0"
"chr12:104341187_TGAA/T_HSP90B1","0/1","0/1","0/1","0/0","0/0","0/0","0/0","0/0","0/0","0/1","0/1","0/1","0/0","0/0","0/1","0/0","0/1","0/0","0/0","0/0","0/0","1/1","0/0","0/1","0/0","0/0","1/1","0/0","0/1","0/0","0/1","0/1","0/0","0/0","0/0","0/0","1/1","0/0","0/1","0/1","0/0","0/0","1/1","0/1","0/0","0/1","0/1","0/1","1/1","0/0","0/0","0/0","0/0","0/0","0/0","0/1","0/1","0/0","0/1","0/1","0/1","0/1","0/0","0/0","0/0","0/0","0/1","0/0","0/0","0/1","0/0","0/0","0/0","0/0","0/0","0/0","0/0","0/1","0/1","0/1","0/1","0/0","0/0","0/0","0/0","0/0","0/0","0/0","1/1","1/1","0/0","0/0","0/0","0/1","0/1","0/0","0/0","0/0","0/1","0/1","1/1","0/1","1/1","0/0","0/0","1/1","1/1","0/0","0/0","0/1","0/0","1/1","1/1","0/0","0/0","0/1","0/1","0/0","0/1","0/0","0/1","0/1","0/1","0/0","0/0","0/0","0/0","0/0","0/0","0/0","0/0","0/0","0/1","0/0","0/1","0/1","0/0","0/0","1/1","0/1","1/1","0/0","0/0","0/1","0/1","0/1","0/0","0/0","0/0","0/0","0/0","0/0","0/0"
"chr12:104460042_TG/T_HCFC2","0/0","0/0","0/0","0/0","0/0","0/0","0/0","0/0","0/0","0/0","0/0","0/0","0/0","0/0","0/0","0/0","0/0","0/0","0/0","0/0","0/0","0/0","0/0","0/0","0/0","0/0","0/0","0/0","0/0","0/1","0/0","0/0","0/0","0/0","0/0","0/0","0/0","0/0","0/0","0/0","0/0","0/0","0/0","0/0","0/0","0/0","0/0","0/0","0/0","0/0","0/0","0/0","0/0","0/0","0/0","0/0","0/0","0/0","0/0","0/0","0/0","0/0","0/0","0/0","0/0","0/0","0/0","0/0","0/0","0/0","0/0","0/0","0/0","0/0","0/0","0/0","0/0","0/0","0/0","0/0","0/0","0/0","0/0","0/0","0/0","0/0","0/0","0/0","0/0","0/0","0/0","0/0","0/0","0/0","0/0","0/0","0/0","0/0","0/0","0/0","0/0","0/0","0/0","0/0","0/0","0/0","0/0","0/0","0/0","0/0","0/0","0/0","0/0","0/0","0/0","0/0","0/0","0/0","0/0","0/0","0/0","0/0","0/0","0/0","0/0","0/0","0/0","0/0","0/0","0/0","0/0","0/0","0/0","0/0","0/0","0/0","0/0","0/0","0/0","0/0","0/0","0/0","0/0","0/0","0/0","0/0","0/0","0/0","0/0","0/0","0/0","0/0","0/0"
"chr12:105433566_CGTT/C_ALDH1L2","0/0","0/0","0/0","0/0","0/0","0/0","0/0","0/0","0/0","0/0","0/0","0/0","0/0","0/0","0/0","0/0","0/0","0/0","0/0","0/0","0/0","0/0","0/0","0/0","0/0","0/0","0/0","0/0","0/0","0/0","0/0","0/0","0/0","0/0","0/0","0/0","0/0","0/0","0/0","0/0","0/0","0/0","0/0","0/0","0/0","0/0","0/0","0/0","0/0","0/0","0/0","0/0","0/1","0/0","0/0","0/0","0/0","0/0","0/0","0/0","0/0","0/0","0/0","0/0","0/0","0/0","0/0","0/0","0/0","0/0","0/0","0/0","0/0","0/0","0/0","0/0","0/0","0/0","0/0","0/0","0/0","0/0","0/0","0/0","0/0","0/0","0/0","0/0","0/0","0/0","0/0","0/0","0/0","0/0","0/0","0/0","0/0","0/0","0/0","0/0","0/0","0/0","0/0","0/0","0/0","0/0","0/0","0/0","0/0","0/0","0/0","0/0","0/0","0/0","0/0","0/0","0/0","0/0","0/0","0/0","0/0","0/0","0/0","0/0","0/0","0/0","0/0","0/0","0/0","0/0","0/0","0/0","0/0","0/0","0/0","0/0","0/0","0/0","0/0","0/0","0/0","0/0","0/0","0/0","0/0","0/0","0/0","0/0","0/0","0/0","0/0","0/0","0/0"
"chr12:105455514_AG/A_ALDH1L2","0/0","0/0","0/0","0/0","0/0","0/0","0/0","0/0","0/0","0/0","0/0","0/0","0/0","0/0","0/0","0/0","0/0","0/0","0/0","0/0","0/0","0/0","0/0","0/0","0/0","0/0","0/0","0/0","0/0","0/0","0/0","0/0","0/0","0/0","0/0","0/0","0/0","0/0","0/0","0/0","0/0","0/0","0/0","0/0","0/0","0/0","0/0","0/0","0/0","0/0","0/0","0/0","0/0","0/0","0/0","0/0","0/0","0/0","0/0","0/0","0/0","0/0","0/1","0/0","0/0","0/0","0/0","0/0","0/0","0/0","0/0","0/0","0/0","0/0","0/0","0/0","0/0","0/0","0/0","0/0","0/0","0/0","0/0","0/0","0/0","0/0","0/0","0/0","0/0","0/0","0/0","0/0","0/0","0/0","0/0","0/0","0/0","0/0","0/0","0/0","0/0","0/0","0/0","0/0","0/0","0/0","0/0","0/0","0/0","0/0","0/0","0/0","0/0","0/0","0/0","0/0","0/0","0/0","0/0","0/0","0/0","0/0","0/0","0/0","0/0","0/0","0/0","0/0","0/0","0/0","0/0","0/0","0/0","0/0","0/0","0/0","0/0","0/0","0/0","0/0","0/0","0/0","0/0","0/0","0/0","0/0","0/0","0/0","0/0","0/0","0/0","0/0","0/0"
"chr12:106641377_C/CGGA_CKAP4","0/0","0/0","0/0","0/0","0/0","0/0","0/0","0/0","0/0","0/0","0/0","0/0","0/0","0/0","0/0","0/0","0/0","0/0","0/0","0/0","0/0","0/0","0/0","0/0","0/0","0/0","0/0","0/0","0/0","0/0","0/0","0/0","0/0","0/0","0/0","0/0","0/0","0/0","0/0","0/0","0/0","0/0","0/0","0/0","0/0","0/0","0/0","0/0","0/0","0/0","0/0","0/0","0/0","0/0","0/0","0/0","0/0","0/0","0/0","0/0","0/0","0/0","0/0","0/0","0/0","0/0","0/0","0/0","0/0","0/0","0/0","0/0","0/0","0/0","0/0","0/0","0/0","0/1","0/0","0/0","0/0","0/0","0/0","0/0","0/0","0/0","0/0","0/0","0/0","0/0","0/0","0/0","0/0","0/0","0/0","0/0","0/0","0/0","0/0","0/0","0/0","0/1","0/0","0/0","0/0","0/0","0/0","0/0","0/0","1/1","0/0","0/0","0/0","0/0","0/0","0/0","0/0","0/0","0/0","0/0","0/0","0/0","0/0","0/0","0/0","0/0","0/0","0/0","0/0","0/0","0/0","0/0","0/0","0/0","0/0","0/0","0/0","0/0","0/0","0/0","0/0","0/0","0/0","0/0","0/0","0/0","0/0","0/0","0/0","0/0","0/0","0/0","0/0"
"chr12:106641449_T/TCTGCGGGTGCTG_CKAP4","0/0","0/0","0/0","0/0","0/0","0/0","0/0","0/0","0/0","0/0","0/0","0/0","0/0","0/0","0/0","0/0","0/0","0/0","0/0","0/1","0/0","0/1","0/0","0/0","0/0","0/0","0/0","0/0","0/0","0/0","0/0","0/0",".","0/0","0/0","0/0","0/0","0/0","0/0","0/0","0/0","0/0","0/0","0/0","0/0","0/0","0/0","0/0","0/0","0/0","0/0","0/0","0/1","0/0","0/0","0/0","0/0","0/0","0/0","0/0","0/0","0/0","0/0","0/0","0/0","0/0","0/0","0/0","0/0","0/0","0/0","0/0","0/0","0/1","0/0","0/0","0/0","0/0","0/0","0/0","0/0","0/0","0/0","0/0","0/0","0/0","0/0","0/0","0/0","0/0","0/0","0/0","0/0","0/0","0/0","0/0","0/0","0/0","0/0","0/0","0/0","0/0","0/0","0/0","0/0","0/0","0/0","0/0","0/0","0/0","0/0","0/1","0/1","0/0",".","0/0","0/0",".","0/0","0/0","0/0","0/0","0/0","0/0","0/0","0/0","0/0","0/0","0/0","0/0","0/0","0/0","0/0","0/0","0/0","0/0",".","0/0","0/0","0/0","0/0","0/0","0/0","0/0","0/0","0/0","0/0","0/0","0/0",".","0/0","0/0","0/0"
"chr12:106641489_GGGC/G_CKAP4","1/1","1/1","1/1","0/0","0/0","0/0","0/0","0/0","0/0","0/0","0/1","0/1",".","1/1","0/0","0/1","0/0","1/1","0/0","0/0","1/1","0/1","0/1","1/1","0/0","0/0","1/1","0/1","0/1","1/1","1/1","0/0","1/1","1/1","0/1","0/1","0/1","1/1","0/0","0/1","1/1","0/0",".","0/1","0/0","0/1","1/1","1/1","0/1","1/1","0/0","1/1","0/0","0/1","0/1","0/0","1/1","0/1","0/1","0/0","1/1","0/0","1/1","0/0","0/0","0/1","1/1","0/1","0/1","1/1","0/0","0/0","0/0","0/0","0/0","0/1","0/0","0/1","0/1","0/0","0/0","1/1","0/1","0/1",".","1/1","1/1","0/0","0/0","0/0","0/0","0/0","0/1","0/1","0/1","1/1","0/1","1/1","1/1","1/1",".",".","1/1","0/1","0/1","1/1","1/1","0/1","0/0",".","1/1","0/1",".",".","1/1","0/0","0/1",".","0/1","0/0","1/1","0/0","0/0","0/0","1/1","1/1","1/1","1/1","0/0","0/0","0/0","0/0","0/0","1/1","0/0","0/0",".","1/1","0/0","0/1","0/1","0/0","0/1","0/0","0/0","0/0","1/1","1/1","1/1",".","0/1","0/0","0/0"
"chr12:109882255_TGTGGACACGTG/T_MYO1H","0/0","0/0","0/0","0/0","0/0","0/0","0/0","0/0","0/0","0/0","0/0","0/0","0/0","0/0","0/0","0/0","0/0","0/0","0/0","0/0","0/0","0/0","0/0","0/0","0/0","0/0","0/0","0/0","0/0","0/0","0/0","0/0","0/0","0/0","0/0","0/0","0/0","0/0","0/0","0/0","0/0","0/0","0/0","0/0","0/0","0/0","0/0","0/0","0/0","0/0","0/0","0/0","0/0","0/0","0/0","0/0","0/0","0/0","0/0","0/0","0/0","0/0","0/0","0/0","0/0","0/0","0/0","0/0","0/0","0/0","0/0","0/0","0/0","0/0","0/0","0/0","0/0","0/0","0/0","0/0","0/0","0/0","0/0","0/0","0/0","0/0","0/0","0/0","0/0","0/0","0/0","0/0","0/0","0/1","0/1","0/0","0/0","0/0","0/0","0/0","0/0","0/0","0/0","0/0","0/0","0/0","0/0","0/0","0/0","0/0","0/0","0/0","0/0","0/0","0/0","0/0","0/0","0/0","0/0","0/0","0/0","0/0","0/0","0/0","0/0","0/0","0/0","0/0","0/0","0/0","0/0","0/0","0/0","0/0","0/0","0/0","0/0","0/0","0/0","0/0","0/0","0/0","0/0","0/0","0/0","0/0","0/0","0/0","0/0","0/0","0/0","0/0","0/0"
"chr12:110566865_GT/G_IFT81","0/0","0/0","0/0","0/0","0/0","0/0","0/0","0/0","0/0","0/0","0/0","0/1","0/1","0/0","0/0","0/0","0/0","0/0","0/0","0/0","0/0","0/0","0/0","0/0","0/0","0/0","0/0","0/0","0/0","0/0","0/0","0/0","0/0","0/0","0/0","0/0","0/0","0/0","0/0","0/0","0/0","0/0","0/0","0/0","0/0","0/0","0/0","0/0","0/0","0/0","0/0","0/0","0/0","0/0","0/0","0/0","0/0","0/0","0/0","0/0","0/0","0/0","0/0","0/0","0/0","0/0","0/0","0/0","0/0","0/0","0/0","0/0","0/0","0/0","0/0","0/0","0/0","0/0","0/0","0/0","0/0","0/0","0/0","0/0","0/0","0/0","0/0","0/0","0/0","0/0","0/0","0/0","0/0","0/0","0/0","0/0","0/0","0/0","0/0","0/0","0/0","0/0","0/0","0/0","0/0","0/0","0/0","0/0","0/0","0/0","0/0","0/0","0/0","0/0","0/0","0/0","0/0","0/0","0/0","0/0","0/0","0/0","0/0","0/0","0/0","0/0","0/0","0/0","0/0","0/0","0/0","0/0","0/0","0/0","0/0","0/0","0/0","0/0","0/0","0/0","0/0","0/0","0/0","0/0","0/0","0/0","0/0","0/0","0/0","0/0","0/0","0/0","0/0"
"chr12:111311658_G/GA_CCDC63","0/0","0/0","0/0","0/0","0/0","0/0","0/0","0/0","0/0","0/0","0/0","0/0","0/1","0/0","0/0","0/0","0/0","0/0","0/0","0/0","0/0","0/0","0/0","0/0","0/0","0/0","0/0","0/0","0/0","0/0","0/0","0/0","0/0","0/0","0/0","0/0","0/0","0/0","0/0","0/0","0/0","0/0","0/0","0/0","0/0","0/0","0/0","0/0","0/0","0/0","0/0","0/0","0/0","0/0","0/0","0/0","0/0","0/0","0/0","0/0","0/0","0/0","0/0","0/0","0/0","0/0","0/0","0/0","0/0","0/0","0/0","0/0","0/0","0/0","0/0","0/0","0/0","0/0","0/0","0/0","0/0","0/0","0/0","0/0","0/0","0/0","0/0","0/0","0/0","0/0","0/0","0/0","0/0","0/0","0/0","0/0","0/0","0/0","0/0","0/0","0/0","0/0","0/0","0/0","0/0","0/0","0/0","0/0","0/0","0/0","0/0","0/0","0/0","0/0","0/0","0/0","0/0","0/0","0/0","0/0","0/0","0/0","0/0","0/0","0/0","0/0","0/0","0/0","0/0","0/0","0/0","0/0","0/0","0/0","0/0","0/0","0/0","0/0","0/0","0/0","0/0","0/0","0/0","0/0","0/0","0/0","0/0","0/0","0/0","0/0","0/0","0/0","0/0"
"chr12:111800826_TGCCACCCCC/T_FAM109A","1/1","1/1","1/1","0/1","1/1","1/1","0/1","0/1","0/1","1/1","0/1","1/1","1/1","1/1","1/1","1/1","0/0","1/1","1/1","0/1","1/1","0/1","1/1","0/1","1/1","1/1","0/1","1/1","1/1","1/1","1/1","1/1","0/0","1/1","0/0","1/1","0/1","0/1","0/1","1/1","0/1","1/1","1/1","0/1","0/0","0/0","1/1","1/1","1/1","0/1","1/1","0/1","0/1","0/1","0/1","1/1","1/1","1/1","0/1","1/1","1/1","1/1","1/1","1/1","1/1","0/1","0/1","0/1","0/1","0/1","0/1","1/1","1/1","1/1","1/1","1/1","1/1","0/0","0/0","0/0","0/1","0/1","1/1","1/1","1/1","1/1","1/1","0/0","1/1","1/1","1/1","0/1","0/1","1/1","1/1","1/1","0/0","1/1","0/1","0/1","0/1","1/1","0/1","0/1","0/1","1/1","1/1","1/1","1/1","1/1","0/1","0/1","0/1","0/1","1/1","1/1","1/1","1/1","1/1","1/1","1/1","1/1","1/1","1/1","0/1","1/1","0/1","0/1","0/1","0/1","0/1","0/1","1/1","0/1","1/1","1/1","0/1","0/1","1/1","1/1","1/1","0/1","0/1","0/1","0/1","0/1","1/1","1/1","1/1","1/1","1/1","1/1","1/1"
"chr12:112036753_GGCTGCTGCTGCT/G_ATXN2","1/2","1/2","1/2","2/2","2/2","0/2","2/2","2/2","2/2","2/2","1/2","2/2","2/2","2/2","2/2","0/2","2/2","0/2","2/2","2/2","2/2","2/2","2/2","2/2","2/2","2/2","0/2","0/2","2/2","2/2","2/2","2/2","2/2","2/2","2/2","2/2","2/2","2/2","2/3","0/2","0/2","2/2","1/2","2/3","2/2","2/3","2/3","2/2","2/2","2/2","0/2","2/2","2/2","2/2","0/2","2/2","2/2","2/2","0/2","2/2","2/2","2/2","2/2","2/2","2/2","2/2","2/2","2/2","2/2","2/2","2/2","0/2","0/2","2/2","2/2","2/3","2/3","2/2","2/2","2/3","2/2","2/2","0/2","2/2","2/2","0/2","0/2","2/2","2/2","2/2","0/2","2/2","2/2","0/2","2/2","0/2","2/2","2/2","2/2","2/3","2/2","0/2","2/2","2/2","2/2","2/2","2/2","2/2","2/2","0/2","2/2","2/3","2/3","2/2","2/2","2/2","2/2","2/2","2/2","2/2","2/3","2/2","2/2","2/2","2/2","2/2","0/2","2/2","2/2","2/2","0/2","0/2","1/2","2/2","1/2","1/2","2/2","2/2","2/2","1/2","2/2","2/2","0/2","2/2","2/2","2/2","2/2","2/2","2/3","2/2","2/2","2/2","2/2"
"chr12:112036776_C/CTGT_ATXN2","0/0","0/0","0/0","0/0","0/0","0/0","0/0","0/0","0/0","0/0","0/0","0/0","0/0","0/0","0/0","0/1","0/0","0/0","0/0","0/0","0/0","0/0","0/0","0/0","0/0","0/0","0/0","0/0","0/0","0/0","0/0","0/0","0/0","0/0","0/0","0/0","0/0","0/0","0/0","0/0","0/0","0/0","0/0","0/0","0/0","0/0","0/0","0/0","0/0","0/0","0/0","0/0","0/0","0/0","0/2","0/0","0/0","0/0","0/0","0/0","0/0","0/0","0/0","0/0","0/0","0/0","0/0","0/0","0/0","0/0","0/0","0/0","0/0","0/0","0/0","0/0","0/0","0/0","0/0","0/0","0/0","0/0","0/0","0/0","0/0","0/0","0/0","0/0","0/0","0/0","0/0","0/0","0/0","0/0","0/0","0/0","0/0","0/0","0/0","0/0","0/0","0/0","0/0","0/0","0/0","0/0","0/0","0/0","0/0","0/0","0/0","0/0","0/0","0/0","0/0","0/0","0/0","0/0","0/0","0/0","0/0","0/0","0/0","0/0","0/0","0/0","0/0","0/0","0/0","0/0","0/0","0/0","0/0","0/0","0/0","0/0","0/0","0/0","0/0","0/0","0/0","0/0","0/0","0/0","0/0","0/0","0/0","0/0","0/0","0/0","0/0","0/0","0/0"
"chr12:113385843_GC/G_OAS3","0/0","0/0","0/0","0/0","0/0","0/0","0/0","0/0","0/0","0/0","0/0","0/0","0/0","0/0","0/0","0/0","0/0","0/0","0/0","0/0","0/0","0/1","0/0","0/0","0/0","0/0","0/0","0/0","0/0","0/0","0/0","0/0","0/0","0/0","0/0","0/0","0/0","0/0","0/0","0/0","0/0","0/0","0/0","0/0","0/0","0/0","0/0","0/0","0/0","0/0","0/0","0/0","0/0","0/0","0/0","0/0","0/0","0/0","0/0","0/0","0/0","0/0","0/0","0/0","0/0","0/0","0/0","0/0","0/0","0/0","0/0","0/0","0/0","0/0","0/0","0/0","0/0","0/0","0/0","0/0","0/0","0/0","0/0","0/0","0/0","0/0","0/0","0/0","0/0","0/0","0/0","0/0","0/0","0/0","0/0","0/0","0/0","0/0","0/0","0/0","0/0","0/0","0/0","0/0","0/0","0/0","0/0","0/0","0/0","0/0","0/0","0/0","0/0","0/0","0/0","0/0","0/0","0/0","0/0","0/0","0/0","0/0","0/0","0/0","0/0","0/0","0/0","0/0","0/0","0/0","0/0","0/0","0/0","0/0","0/0","0/0","0/0","0/0","0/0","0/0","0/0","0/0","0/0","0/0","0/0","0/0","0/0","0/0","0/0","0/0","0/0","0/0","0/0"
"chr12:113592306_G/GC_CFAP73","0/0","0/0","0/0","0/0","0/0","0/0","0/1","0/1","0/1","0/0","0/0","0/0","0/0","0/0","0/0","0/0","0/0","0/0","0/0","0/0","0/0","0/0","0/0","0/0","0/0","0/0","0/0","0/0","0/0","0/0","0/0","0/1","0/0","0/0","0/0","0/0","0/0","0/0","0/0","0/0","0/0","0/0","0/0","0/0","0/0","0/0","0/0","0/0","0/0","0/0","0/0","0/0","0/0","0/0","0/0","0/0","0/0","0/0","0/0","0/0","0/0","0/0","0/0","0/0","0/0","0/0","0/0","0/0","0/0","0/0","0/0","0/0","0/0","0/0","0/0","0/0","0/0","0/0","0/0","0/0","0/0","0/0","0/0","0/0","0/0","0/0","0/0","0/0","0/0","0/0","0/1","0/0","0/0","0/0","0/0","0/1","0/0","0/0","0/0","0/0","0/0","0/1","0/0","0/0","0/0","0/0","0/0","0/0","0/0","0/1","0/0","0/0","0/0","0/0","0/0","0/0","0/0","0/0","0/1","0/0","0/1","0/1","0/0","0/0","0/0","0/0","0/0","0/0","0/0","0/0","0/0","0/0","0/0","0/0","0/0","0/0","0/0","0/0","0/0","0/0","0/0","0/0","0/0","0/0","0/0","0/0","0/0","0/0","0/0","0/0","0/0","0/0","0/0"
"chr12:113595472_CCCTG/C_CFAP73","0/0","0/0","0/0","0/0","0/0","0/0","0/0","0/0","0/0","0/0","0/0","0/0","0/0","0/0","0/0","0/0","0/0","0/0","0/0","0/0","0/0","0/0","0/0","0/0","0/0","0/0","0/0","0/0","0/0","0/0","0/0","0/0","0/0","0/0","0/0","0/0","0/0","0/0","0/0","0/0","0/0","0/0","0/0","0/0","0/0","0/0","0/0","0/0","0/0","0/0","0/0","0/0","0/0","0/0","0/0","0/0","0/0","0/0","0/0","0/0","0/0","0/0","0/0","0/0","0/0","0/0","0/0","0/0","0/0","0/0","0/0","0/0","0/0","0/0","0/0","0/0","0/0","0/0","0/0","0/0","0/0","0/0","0/0","0/0","0/0","0/0","0/0","0/0","0/0","0/0","0/0","0/0","0/0","0/0","0/0","0/0","0/0","0/0","0/0","0/0","0/0","0/0","0/0","0/0","0/0","0/0","0/0","0/0","0/0","0/0","0/0","0/0","0/0","0/0","0/0","0/0","0/0","0/0","0/0","0/0","0/0","0/0","0/0","0/0","0/0","0/0","0/0","0/0","0/0","0/0","0/0","0/0","0/0","0/0","0/0","0/0","0/0","0/0","0/0","0/0","0/0","0/0","0/0","0/1","0/1","0/1","0/0","0/0","0/0","0/0","0/0","0/0","0/0"
"chr12:113618755_A/ACTT_DDX54","0/0","0/0","0/0","0/0","0/0","0/0","0/0","0/0","0/0","0/0","0/0","0/0","0/0","0/0","0/0","0/0","0/0","0/0","0/0","0/0","0/0","0/0","0/0","0/0","0/0","0/0","0/1","0/0","0/1","0/0","0/0","0/0","0/0","0/0","0/0","0/0","0/0","0/0","0/1","0/0","0/0","0/0","0/0","0/0","0/0","0/0","0/0","0/0","0/0","0/0","0/0","0/0","0/0","0/0","0/0","0/0","0/0","0/0","0/0","0/0","0/0","0/0","0/1","0/0","0/0","0/0","0/1","0/0","0/0","0/1","0/0","0/0","0/0","0/0","0/0","0/0","0/0","0/0","0/0","0/0","0/0","0/0","0/0","0/0","0/0","0/0","0/0","0/0","0/0","0/0","0/0","0/1","0/1","0/1","0/1","0/0","0/0","0/0","0/0","0/0","0/0","0/0","0/0","0/0","0/0","0/0","0/0","0/0","0/0","0/0","0/0","0/0","0/0","0/1","0/0","0/0","0/0","0/1","0/0","0/1","0/0","0/0","0/0","0/1","0/0","0/0","0/1","0/1","0/1","0/1","0/1","0/0","0/0","0/0","0/0","0/0","0/0","0/0","0/0","0/0","0/0","0/0","0/0","0/0","0/0","0/0","0/0","0/0","0/0","0/0","0/0","0/0","0/0"
"chr12:114390359_CT/C_RBM19","0/0","0/0","0/0","0/0","0/0","0/0","0/0","0/0","0/0","0/0","0/0","0/0","0/0","0/0","0/0","0/0","0/0","0/0","0/0","0/0","0/0","0/0","0/0","0/0","0/0","0/0","0/0","0/0","0/0","0/0","0/0","0/0","0/0","0/0","0/0","0/0","0/0","0/0","0/0","0/0","0/0","0/0","0/0","0/0","0/0","0/0","0/0","0/0","0/0","0/0","0/0","0/0","0/0","0/0","0/0","0/0","0/0","0/0","0/0","0/0","0/0","0/0","0/0","0/0","0/0","0/0","0/0","0/0","0/0","0/0","0/0","0/0","0/0","0/0","0/0","0/0","0/0","0/0","0/0","0/0","0/0","0/0","0/0","0/0","0/0","0/0","0/0","0/0","0/0","0/0","0/0","0/0","0/0","0/0","0/0","0/0","0/0","0/0","0/0","0/0","0/0","0/0","0/0","0/0","0/0","0/0","0/0","0/1","0/1","0/0","0/0","0/0","0/0","0/0","0/0","0/0","0/0","0/0","0/0","0/0","0/0","0/0","0/0","0/0","0/0","0/0","0/0","0/0","0/0","0/0","0/0","0/0","0/0","0/0","0/0","0/0","0/0","0/0","0/0","0/0","0/0","0/0","0/0","0/0","0/0","0/0","0/0","0/0","0/0","0/0","0/0","0/0","0/0"
"chr12:117187716_GAGGCAGCCTCCCCACCAGCGCTCTTCTCGGGCTTATC/G_RNFT2","0/0","0/0","0/0","0/0","0/0","0/0","0/0","0/0","0/0","0/0","0/0","0/0","0/0","0/0","0/0","0/0","0/0","0/0","0/0","0/0","0/0","0/0","0/0","0/0","0/0","0/0","0/0","0/0","0/0","0/0","0/0","0/0","0/0","0/0","0/0","0/0","0/0","0/0","0/0","0/0","0/0","0/0","0/0","0/0","0/0","0/0","0/0","0/0","0/0","0/0","0/0","0/0","0/0","0/0","0/0","0/0","0/0","0/0","0/0","0/0","0/0","0/0","0/0","0/0","0/0","0/0","0/0","0/0","0/0","0/0","0/0","0/0","0/0","0/0","0/0","0/0","0/0","0/0","0/0","0/0","0/0","0/0","0/0","0/0","0/0","0/0","0/0","0/0","0/0","0/0","0/0","0/0","0/0","0/0","0/0","0/0","0/0","0/0","0/0","0/0","0/0","0/0","0/0","0/0","0/0","0/0","0/0","0/0","0/0","0/0","0/0","0/0","0/0","0/0","0/0","0/0","0/0","0/0","0/1","0/0","0/1","0/1","0/0","0/0","0/0","0/0","0/0","0/0","0/0","0/0","0/0","0/0","0/0","0/0","0/0","0/0","0/0","0/0","0/0","0/0","0/0","0/0","0/0","0/0","0/0","0/0","0/0","0/0","0/0","0/0","0/0","0/0","0/0"
"chr12:118506327_TTCCTCC/T_VSIG10","0/1","0/1","0/1","0/1","0/0","0/0","0/1","0/1","0/1","1/1","0/1","0/0","0/2","0/1","0/1","0/0","0/1","0/1","1/1","0/1","0/0","0/1","0/1","0/0","0/1","1/1","0/0","0/1","1/1","0/1","1/1","0/1","0/1","1/1","0/1","0/0","0/1","0/1","0/0","0/0","0/0","0/0","0/1","0/1","0/1","0/1","0/1","0/1","0/1","1/1","1/1","1/1","0/0","0/1","0/1","0/0","1/1","0/0","0/0","0/0","0/1","0/1","0/0","0/1","0/1","0/1","0/1","1/1","1/1","0/1","0/1","1/1","1/1","1/1","1/1","0/1","0/1","0/1","0/1","1/1","1/1","0/0","1/1","1/1","1/1","1/1","1/1","0/1","0/1","0/1","0/0","0/0","0/0","0/2","0/2","0/0","0/1","0/0","0/1","0/1","0/0","0/1","0/0","0/1","0/1","0/0","0/0","0/1","0/1","0/1","0/1","1/1","1/1","0/1","0/0","1/3","1/3","1/1","0/0","1/1","0/0","0/0","1/3","1/1","0/0","0/0","0/1","0/1","1/1","1/1","1/1","0/1","1/1","0/1","1/1","1/1","0/1","0/1","1/1","0/1","1/1","0/1","0/1","1/1","1/1","1/1","0/1","0/1","0/1","0/0","0/0","0/0","0/0"
"chr12:120572195_T/TGCA_GCN1","0/0","0/0","0/0","0/0","0/0","0/0","0/0","0/0","0/0","0/0","0/0","0/0","0/0","0/0","0/0","0/0","0/0","0/0","0/0","0/0","0/0","0/0","0/0","0/0","0/0","0/0","0/0","0/0","0/0","0/0","0/0","0/0","0/0","0/0","0/0","0/0","0/0","0/0","0/0","0/0","0/0","0/0","0/0","0/0","0/0","0/0","0/0","0/0","0/0","0/0","0/0","0/0","0/1","0/0","0/0","0/0","0/0","0/0","0/0","0/0","0/0","0/0","0/0","0/0","0/0","0/0","0/0","0/0","0/0","0/0","0/0","0/0","0/0","0/0","0/0","0/0","0/0","0/0","0/0","0/0","0/0","0/0","0/0","0/0","0/0","0/0","0/0","0/0","0/0","0/0","0/0","0/0","0/0","0/0","0/0","0/0","0/0","0/0","0/0","0/0","0/0","0/0","0/0","0/0","0/0","0/0","0/0","0/0","0/0","0/0","0/0","0/0","0/0","0/0","0/0","0/0","0/0","0/0","0/0","0/0","0/0","0/0","0/0","0/0","0/0","0/0","0/0","0/0","0/0","0/0","0/0","0/0","0/0","0/0","0/0","0/0","0/0","0/0","0/0","0/0","0/0","0/0","0/0","0/0","0/0","0/0","0/0","0/0","0/0","0/0","0/0","0/0","0/0"
"chr12:121125147_ACTG/A_MLEC","0/0","0/0","0/0","0/0","0/0","0/0","0/0","0/0","0/0","0/0","0/0","0/0","0/0","0/0","0/0","0/0","0/0","0/0","0/0","0/0","0/0","0/0","0/0","0/0","0/0","0/0","0/0","0/0","0/0","0/0","0/0","0/0","0/1","0/0","0/0","0/0","0/0","0/0","0/0","0/0","0/0","0/0","0/0","0/0","0/0","0/0","0/0","0/0","0/0","0/0","0/0","0/0","0/0","0/0","0/0","0/0","0/0","0/0","0/0","0/0","0/0","0/0","0/0","0/0","0/0","0/0","0/0","0/0","0/0","0/0","0/0","0/0","0/0","0/0","0/0","0/0","0/0","0/0","0/0","0/0","0/0","0/0","0/0","0/0","0/0","0/0","0/0","0/0","0/0","0/0","0/0","0/0","0/0","0/0","0/0","0/0","0/0","0/0","0/0","0/0","0/0","0/0","0/0","0/0","0/0","0/0","0/0","0/0","0/0","0/0","0/0","0/0","0/0","0/0","0/0","0/0","0/0","0/0","0/0","0/0","0/0","0/0","0/0","0/0","0/0","0/0","0/0","0/0","0/0","0/0","0/0","0/0","0/0","0/0","0/0","0/0","0/0","0/0","0/0","0/0","0/0","0/0","0/0","0/0","0/0","0/0","0/0","0/0","0/0","0/0","0/0","0/0","0/0"
"chr12:121648077_TGCTCATCCTGGCCTACGTCATCGGGTGAGCGTGGGGCCGCGCGGGGGGCGCGGCGGGTGCTGCCCTCGCGTCCGCGCCGTGCGGCG/T_P2RX4","0/0","0/0","0/0","0/0","0/0",".","0/0","0/0","0/0","0/0",".","0/0","0/0",".","0/0","0/0","0/0","0/0","0/0","0/0","0/0","0/0","0/0",".","0/0","0/0","0/0","0/0","0/0","0/0","0/0","0/0","0/0","0/0","0/0","0/0","0/0","0/0","0/0","0/0","0/0","0/0","0/0","0/0","0/0","0/0","0/0","0/0","0/0",".","0/0","0/0","0/0","0/0","0/0","0/0","0/0","0/0","0/0","0/0","0/0","0/0","0/0",".","0/0","0/0","0/0","0/0","0/0","0/0","0/0","0/0","0/1","0/0","0/0","0/0","0/0","0/0","0/0","0/0","0/0","0/0","0/0","0/0","0/0","0/0","0/0","0/0","0/0","0/0","0/0","0/0","0/0","0/0","0/0","0/0","0/0","0/0","0/0","0/0","0/0","0/0","0/0","0/0","0/0","0/0","0/0",".","0/0","0/0","0/0","0/0","0/0","0/0","0/0","0/0","0/0","0/0","0/0","0/0",".","0/0","0/0","0/0","0/0","0/0","0/0","0/0","0/0","0/0","0/0","0/0","0/0","0/0","0/0","0/0","0/0","0/0","0/0","0/0","0/0","0/0","0/0","0/0","0/0","0/0",".","0/0","0/0","0/0","0/0","0/0","0/0"
"chr12:121660780_AC/A_P2RX4","0/0","0/0","0/0","0/0","0/0","0/0","0/0","0/0","0/0","0/0","0/0","0/0","0/1","0/0","0/0","0/0","0/0","0/0","0/0","0/0","0/0","0/0","0/0","0/0","0/0","0/0","0/0","0/0","0/0","0/0","0/0","0/0","0/0","0/0","0/0","0/0","0/0","0/0","0/0","0/0","0/0","0/0","0/0","0/0","0/0","0/0","0/0","0/0","0/0","0/0","0/0","0/0","0/0","0/0","0/0","0/0","0/0","0/0","0/0","0/0","0/0","0/0","0/0","0/0","0/0","0/0","0/0","0/0","0/0","0/0","0/0","0/0","0/0","0/0","0/0","0/0","0/0","0/0","0/0","0/0","0/0","0/0","0/0","0/0","0/0","0/0","0/0","0/0","0/0","0/0","0/0","0/0","0/0","0/0","0/0","0/0","0/0","0/0","0/0","0/0","0/0","0/0","0/0","0/0","0/0","0/0","0/0","0/0","0/0","0/0","0/0","0/0","0/0","0/0","0/0","0/0","0/0","0/0","0/0","0/0","0/0","0/0","0/0","0/0","0/0","0/0","0/0","0/0","0/0","0/0","0/0","0/0","0/0","0/0","0/0","0/0","0/0","0/0","0/0","0/0","0/0","0/0","0/0","0/0","0/0","0/0","0/0","0/0","0/0","0/0","0/0","0/0","0/0"
"chr12:121678327_C/CTTT_CAMKK2","1/1","0/0","1/1","0/0","0/2","0/0","0/0","0/0","0/0","0/0","0/0","1/1","0/1","0/0","0/3","0/1","0/1","4/4",".","0/0","0/0","0/1","0/5","0/0","0/0","0/0","0/1","1/1","0/0","0/0","0/0","0/4","0/0",".","0/0","0/0","0/0","0/0","0/0","0/0","0/3","0/1","0/3","0/1","1/1","0/1","1/1","1/1","0/0","0/0","1/1","0/1","0/1",".","0/0","1/2","0/1","0/1",".","0/1",".","0/1","0/0","1/4","1/4","0/0","0/0","0/1","0/0","0/0","0/0","0/3","0/0","0/0","0/0","1/1","0/1","0/0","0/0","0/1","0/0","1/4","0/1","0/0","0/0","0/1","0/1","1/1","0/1","0/0","0/1","0/1","0/0","0/0","0/0","0/0","0/0","0/0","1/1","1/1","0/0","1/1","0/0","0/0","0/0","0/0","0/0","0/0","0/1","1/1","0/0","0/1","0/1","1/1","0/0","1/1",".","0/0","1/4","0/0","4/4",".","1/1","0/0","0/0","0/0","1/1","1/1","0/3","0/0","0/0","1/1","0/0","0/0","0/0","0/1","0/0","0/0","1/1","0/0",".","4/4","1/1","0/1","0/1","0/0","0/0","0/0","0/1","0/0","0/1","0/1","0/0"
"chr12:122064773_CCCGCCA/C_ORAI1","1/1","1/1","1/1","1/1","1/1","1/1","1/1","1/1","1/1","1/1","1/1","1/1","1/1","1/1","1/1","1/1","1/1","1/1","1/1","1/1","1/1","1/1","1/1","1/1","1/1","1/1","1/1","1/1","1/1","1/1","1/1","1/1","1/1","1/1","1/1","1/1","1/1","1/1","1/1","1/1","1/1","1/1","1/1","1/1","1/1","1/1","1/1","1/1","1/1","1/1","1/1","1/1","1/1","1/1","1/1","1/1","1/1","1/1","1/1","1/1","1/1","1/1","1/1","1/1","1/1","1/1","1/1","1/1","1/1","1/1","1/1","1/1","1/1","1/1","1/1","1/1","1/1","1/1","1/1","1/1","1/1","1/1","1/1","1/1","1/1","1/1","1/1","1/1","1/1","1/1","1/1","1/1","1/1","1/1","1/1","1/1","1/1","1/1","1/1","1/1","1/1","1/1","1/1","1/1","1/1","1/1","1/1","1/1","1/1","1/1","1/1","1/1","1/1","1/1","1/1","1/1","1/1","1/1","1/1","1/1","1/1","1/1","1/1","1/1","1/1","1/1","1/1","1/1","1/1","1/1","1/1","0/1","1/1","1/1","1/1","1/1","1/1","1/1","1/1","1/1","1/1","0/1","0/1","1/1","1/1","1/1","1/1","1/1","1/1","1/1","1/1","1/1","1/1"
"chr12:122242657_AC/A_SETD1B","0/0","0/0","0/0","0/0","0/0","0/0","0/0","0/0","0/0","0/0","0/0","0/0","0/0","0/0","0/0","0/0","0/0","0/0","0/0","0/0","0/0","0/0","0/0","0/0","0/0","0/0","0/0","0/0","0/0","0/0","0/0","0/0","0/0","0/0","0/0","0/0","0/1","0/0","0/0","0/0","0/0","0/0","0/0","0/0","0/0","0/0","0/0","0/0","0/0","0/0","0/0","0/0","0/0","0/0","0/0","0/0","0/0","0/0","0/0","0/0","0/0","0/0","0/0","0/0","0/0","0/0","0/0","0/0","0/0","0/0","0/0","0/0","0/0","0/0","0/0","0/0","0/0","0/0","0/0","0/0","0/0","0/0","0/0","0/0","0/0","0/0","0/0","0/0","0/0","0/0","0/0","0/0","0/0","0/0","0/0","0/0","0/0","0/0","0/0","0/0","0/0","0/0","0/0","0/0","0/0","0/0","0/0","0/0","0/0","0/0","0/0","0/0","0/0","0/0","0/0","0/0","0/0","0/0","0/0","0/0","0/0","0/0","0/0","0/0","0/0","0/0","0/0","0/0","0/0","0/0","0/0","0/0","0/0","0/0","0/0","0/0","0/0","0/0","0/0","0/0","0/0","0/0","0/0","0/0","0/0","0/0","0/0","0/0","0/0","0/0","0/0","0/0","0/0"
"chr12:122359397_G/GGAGGAGGAGGAGAAA_WDR66","1/1","1/1","1/1","1/1","0/1","0/1","1/1","1/1","1/1","1/1","0/1","1/1","1/1","1/1","1/1","1/1","1/1","1/1","1/1","1/1","0/1","1/1","1/1","1/1","1/1","1/1","1/1","1/1","1/1","1/1","0/0","1/1","1/1","1/1","0/1","0/1","0/1","1/1","1/1","1/1","1/1","1/1","0/1","0/1","0/1","1/1","0/1","1/1","1/1","1/1","0/1","1/1","1/1","1/1","1/1","1/1","0/1","1/1","0/1","1/1","1/1","1/1","1/1","0/1","0/1","1/1","0/0","0/1","0/1","0/0","1/1","0/1","0/1","1/1","1/1","0/0","0/0","1/1","1/1","1/1","1/1","1/1","0/1","1/1","1/1","0/1","0/1","1/1","1/1","1/1","1/1","0/1","0/1","0/1","0/1","1/1","1/1","1/1","0/1","0/1","0/1","1/1","0/1","0/1","0/1","1/1","1/1","1/1","1/1","1/1","1/1","1/1","1/1","1/1","1/1","1/1","1/1","1/1","1/1","1/1","1/1","1/1","1/1","1/1","1/1","1/1","1/1","1/1","1/1","1/1","1/1","0/0","1/1","1/1","1/1","1/1","1/1","1/1","1/1","0/1","1/1","0/0","0/0","1/1","1/1","1/1","1/1","1/1","1/1","0/1","0/1","0/1","0/1"
"chr12:123466292_GGAA/G_ARL6IP4","0/0","0/0","0/0","0/0","0/0","0/1","0/0","0/0","0/0","0/0","0/0","0/0","0/0","0/0","0/0","0/0","0/0","0/0","0/0","0/0","0/0","0/0","0/0","0/0","0/0","0/0","0/0","0/0","0/0","0/0","0/0","0/0","0/0","0/0","0/0","0/0","0/0","0/0","0/0","0/0","0/0","0/0","0/0","0/0","0/0","0/0","0/0","0/0","0/0","0/0","0/0","0/0","0/0","0/0","0/0","0/0","0/0","0/0","0/0","0/0","0/0","0/0","0/0","0/0","0/0","0/0","0/0","0/0","0/0","0/0","0/0","0/0","0/0","0/0","0/0","0/0","0/0","0/0","0/0","0/0","0/0","0/0","0/0","0/0","0/0","0/0","0/0","0/0","0/0","0/0","0/0","0/0","0/0","0/0","0/0","0/0","0/0","0/0","0/0","0/0","0/0","0/0","0/0","0/0","0/0","0/0","0/0","0/0","0/0","0/1","0/0","0/0","0/0","0/0","0/0","0/0","0/0","0/0","0/0","0/0","0/0","0/0","0/0","0/0","0/0","0/0","0/0","0/0","0/0","0/0","0/0","0/0","0/0","0/0","0/0","0/0","0/0","0/0","0/0","0/0","0/0","0/0","0/0","0/0","0/0","0/0","0/0","0/0","0/0","0/0","0/0","0/0","0/0"
"chr12:124824721_C/CGCCGCTGCT_NCOR2","1/1","1/1","1/1","1/1","1/1","1/1","1/1","1/1","1/1","1/1","1/1","1/1","1/1","1/1","1/1","1/1","1/1","1/1","1/1","1/1","1/1","1/1","1/1","1/1","1/1","1/1","1/1","1/1","1/1","1/1","1/1","1/1","1/1","1/1","1/1","1/1","1/1","1/1","1/1","1/1","1/1","1/1","1/1","1/1","1/1","1/1","1/1","1/1","1/1","1/1","1/1","1/1","1/1","1/1","1/1","1/1","1/1","1/1","1/1","1/1","1/1","1/1","1/1","1/1","1/1","1/1","1/1","1/1","1/1","1/1","1/1","1/1","1/1","1/1","1/1","1/1","1/1","1/1","1/1","1/1","1/1","1/1","1/1","1/1","1/1","1/1","1/1","1/1","1/1","1/1","1/1","1/1","1/1","1/1","1/1","1/1","1/1","1/1","1/1","1/1","1/1","1/1","1/1","1/1","1/1","1/1","1/1","1/1","1/1","1/1","1/1","1/1","1/1","1/1","1/1","1/1","1/1","1/1","1/1","1/1","1/1","1/1","1/1","1/1","1/1","1/1","1/1","1/1","1/1","1/1","1/1","1/1","1/1","1/1","1/1","1/1","1/1","1/1","1/1","1/1","1/1","1/1","1/1","1/1","1/1","1/1","1/1","1/1","1/1","1/1","1/1","1/1","1/1"
"chr12:124887058_GGCTGCTGCT/GGCTGCTGCTGCT_NCOR2","0/1","0/1","0/1","0/2","1/3","1/3","0/1","0/1","0/1","1/2","1/2","0/1","1/2","1/3","0/2","0/1","1/4","0/2","0/1","0/0","0/1","1/4","1/4","0/1","1/1","4/4","0/1","1/1","1/1","1/6","1/2","0/1","0/3","0/1","1/2","1/2","0/1","0/1","1/1","0/0","0/2","1/1","1/2","1/1","0/1","0/3","0/1","1/1","1/2","1/4","0/0","1/3","0/2","0/2","1/2","0/1","0/1","0/2","0/4","0/1","1/2","1/1","0/1","1/5","1/5","1/1","0/1","0/2","0/2","0/1","1/5","0/2","0/2","1/2","1/2","1/1","1/1","1/1","1/1","0/2","0/2","0/0","0/0","1/1","1/1","1/2","1/2","0/0","2/3","2/3","1/2","1/3","1/3","1/3","1/3","1/2","0/0","0/0","0/1","1/1","1/2","1/6","1/2","0/1","0/1","0/1","0/1","0/1","0/1","1/6","0/2","1/2","1/2","1/2","0/1","0/2","0/2","0/1","0/1","0/1","0/1","0/1","0/2","0/1","0/1","0/1","1/2","1/2","0/1","0/1","0/1","0/1","1/2","1/2","1/2","1/2","1/2","1/2","0/3","0/3","0/3","0/1","0/1","0/2","0/2","0/2","0/1","1/1","0/1","0/2","0/2","0/2","0/2"
"chr12:125444907_CTCCGGGTG/C_DHX37","0/0","0/0","0/0","0/0","0/0","0/0","0/0","0/0","0/0","0/0","0/0","0/0","0/0","0/0","0/0","0/0","0/0","0/0","0/0","0/0","0/0","0/0","0/0","0/0","0/0","0/0","0/0","0/0","0/0","0/0","0/0","0/0","0/0","0/0","0/1","0/0","0/0","0/0","0/0","0/0","0/0","0/0","0/0","0/0","0/0","0/0","0/0","0/0","0/0","0/0","0/0","0/0","0/0","0/0","0/0","0/0","0/0","0/0","0/0","0/0","0/0","0/0","0/0","0/0","0/0","0/0","0/0","0/0","0/0","0/0","0/0","0/0","0/0","0/0","0/0","0/0","0/0","0/0","0/0","0/0","0/0","0/0","0/0","0/0","0/0","0/0","0/0","0/0","0/0","0/0","0/0","0/0","0/0","0/0","0/0","0/0","0/0","0/0","0/0","0/0","0/0","0/0","0/0","0/0","0/0","0/0","0/0","0/0","0/0","0/0","0/0","0/0","0/0","0/0","0/0","0/0","0/0","0/0","0/0","0/0","0/0","0/0","0/0","0/0","0/0","0/0","0/0","0/0","0/0","0/0","0/0","0/0","0/0","0/0","0/0","0/0","0/0","0/0","0/0","0/0","0/0","0/0","0/0","0/0","0/0","0/0","0/0","0/0","0/0","0/0","0/0","0/0","0/0"
"chr12:125465269_ACTC/A_DHX37","0/0","0/0","0/0","0/0","0/0","0/0","0/0","0/0","0/0","0/0","0/0","0/0","0/0","0/0","0/0","0/0","0/0","0/0","0/0","0/0","0/0","0/0","0/0","0/0","0/0","0/0","0/0","0/0","0/0","0/0","0/0","0/0","0/0","0/0","0/0","0/0","0/0","0/0","0/0","0/0","0/0","0/0","0/0","0/0","0/0","0/0","0/0","0/0","0/0","0/0","0/0","0/0","0/0","0/0","0/0","0/0","0/0","0/0","0/0","0/0","0/0","0/0","0/0","0/0","0/0","0/0","0/0","0/0","0/0","0/0","0/0","0/0","0/0","0/0","0/0","0/0","0/0","0/0","0/0","0/0","0/0","0/0","0/0","0/0","0/0","0/0","0/0","0/0","0/0","0/0","0/0","0/0","0/0","0/0","0/0","0/0","0/0","0/0","0/0","0/0","0/0","0/0","0/0","0/0","0/0","0/0","0/0","0/0","0/0","0/0","0/0","0/0","0/0","0/0","0/0","0/0","0/0","0/0","0/0","0/0","0/0","0/0","0/0","0/0","0/0","0/0","0/0","0/0","0/0","0/0","0/0","0/0","0/0","0/0","0/1","0/0","0/0","0/0","0/0","0/0","0/0","0/0","0/0","0/0","0/0","0/0","0/0","0/0","0/0","0/0","0/0","0/0","0/0"
"chr12:125478381_C/CCTG_BRI3BP","0/0","0/1","0/1","1/1","0/0","0/1","0/0","0/0","0/0","0/1","0/1","0/1","0/1","0/1","0/0","0/1","0/0","0/1","0/0","0/1","0/1","1/1","0/0","1/1","0/1","1/1","0/1","1/1","0/0","0/0","1/1","1/1","1/1","0/1","0/1","1/2","1/2","0/1","0/1","1/1","0/0","1/1","0/0","0/1","0/1","0/1","0/1","1/1","0/1","0/1","1/1","0/1","0/1","1/1","0/0","0/1","0/0","0/1","1/1","0/1","0/1","0/1","0/1","1/1","0/1","0/1","0/0","0/0","0/0","0/0","0/1","0/1","0/1","0/1","0/1","0/0","0/0","0/1","0/1","1/1","1/1","0/0","1/1","1/1","1/1","0/1","0/1","0/0","0/1","0/1","0/1","0/0","0/0","0/0","0/1","1/1","0/0","1/1","0/0","0/0","0/0","0/1","0/1","0/0","0/0","0/1",".","0/1","0/1","0/1","1/1","1/1","1/1","0/1","0/1","1/1","1/1","0/1","0/1","0/1","0/1","0/1","1/1","0/1","0/1","0/1","0/0","0/1","1/1","0/1","0/1","0/1","0/0","1/1","0/0","0/0","0/1","1/1","0/1","0/1","0/0","1/1","0/1","0/1","0/1","0/1","0/1","0/0","0/1","0/0","0/0","0/0","0/0"
"chr12:132313098_G/GGCTGCCGCT_MMP17","1/1","1/1","1/1","1/1",".","1/1","1/1","1/1","1/1","1/1","1/1",".",".",".","0/1",".","1/1","1/1","1/1","1/1","1/1",".","1/1","1/1","1/1","1/1","1/1","1/1","1/1","1/1","1/1","0/1","1/1","1/1","1/1","1/1",".","1/1","1/1","1/1","1/1","1/1","0/0","1/1","1/1",".","1/1","1/1","1/1","1/1",".","1/1","1/1","1/1","1/1","1/1",".",".","1/1","0/0","1/1","1/1","1/1","1/1","1/1","1/1","1/1","1/1","1/1","1/1","1/1","1/1",".","1/1","1/1","1/1","1/1","1/1","1/1",".","1/1","1/1","1/1","1/1","1/1","1/1","1/1","1/1","1/1","1/1","1/1","1/1","1/1","0/1","1/1","1/1","1/1","1/1","1/1","1/1","1/1","1/1","1/1","1/1","1/1",".","1/1","1/1","0/0","1/1","1/1","1/1","1/1","1/1","1/1","1/1","1/1","1/1","1/1","1/1","1/1","1/1","1/1",".","1/1","1/1","1/1","1/1","1/1","1/1",".","1/1",".","1/1",".","0/1",".","1/1","1/1","1/1","1/1","1/1","1/1","1/1","1/1","1/1","1/1",".","0/1","1/1","1/1",".","1/1"
"chr12:132313103_C/CCGCTGCTGT_MMP17","0/0","0/0","0/0","0/0","0/0","0/0","0/0","0/0","0/0","0/0","0/0","0/0",".","0/0","0/0","0/0","0/0","0/0","0/0","0/0","0/0","0/0","0/0","0/0","0/0","0/0","0/0","0/0","0/0","0/0","0/0","0/1","0/0","0/0","0/0","0/0","0/0","0/0","0/0","0/0","0/0","0/0","0/0","0/0","0/0",".","0/0","0/0","0/0","0/0",".","0/0","0/0","0/0","0/0","0/0","0/0","0/0","0/0","0/1","0/0","0/0","0/0","0/0","0/0","0/0","0/0","0/0","0/0","0/0","0/0","0/0","0/0","0/0","0/0","0/0","0/0","0/0","0/0","0/0","0/0","0/0","0/0","0/0","0/0","0/0","0/0","0/0","0/0","0/0","0/0","0/0","0/0","0/0","0/0","0/0","0/0","0/0","0/0","0/0","0/0","0/0","0/0","0/0","0/0","0/0","0/0","0/0","1/1","0/0","0/0","0/0","0/0","0/0","0/0","0/0","0/0","0/0","0/0","0/0","0/0","0/0","0/0","0/0","0/0","0/0","0/0","0/0","0/0","0/0","0/0","0/0","0/0","0/0",".","0/1","0/0","0/0","0/0","0/0","0/0","0/0","0/0","0/0","0/0","0/0","0/0","0/0","0/0","0/0","0/0","0/0","0/0"
"chr12:132628363_CGGCGCCTCCTCGCTGCTCCCTGCGCTGGGCTCCCCT/C_DDX51","0/0","0/0","0/0","0/0","0/0","0/0","0/0","0/0","0/0","0/0","0/0","0/0","0/0","0/0","0/0","0/0","0/0","0/0","0/0","0/0","0/0","0/1","0/0","0/0","0/0","0/0","0/0","0/0","0/0","0/0","0/0","0/0","0/0","0/0","0/0","0/1","0/0","0/0","0/0","0/1","0/0","0/0","0/0","0/0","0/0","0/0","0/0","0/0","0/0","0/1","0/0","0/0","0/0","0/0","0/0","0/0","0/0","0/0","0/0","0/0","0/0","0/0","0/0","0/0","0/0","0/1","0/0","0/0","0/0","0/0","0/0","0/0","0/0","0/0","0/0","0/0","0/0","0/0","0/0","1/1","0/1","0/0","0/0","0/0","0/0","0/0","0/0","0/0","0/0","0/0","0/0","0/0","0/0","0/0","0/0","0/0","0/0","0/0","0/0","0/0","0/0","0/0","0/0","0/0","0/0","0/0","0/0","0/0","0/0","0/0","0/1","0/0","0/0","0/0","0/0","0/1","0/0","0/0","0/0","0/0","0/0","0/0","0/0","0/0","0/0","0/0","0/0","0/0","0/0","0/0","0/0","0/0","0/0","0/0","0/0","0/0","0/0","0/0","0/0","0/0","0/0","0/0","0/0","0/0","0/0","0/0","0/0","0/0","0/0","0/0","0/0","0/0","0/0"
"chr12:133182783_CCAG/C_LRCOL1","0/0","0/0","0/0","0/1","0/0","0/0","0/0","0/0","0/0","0/0","0/0","0/0","0/0","0/1","0/0","0/0","0/0","0/0","0/0","0/1","0/0","0/1","0/0","0/0","0/0","0/0","0/0","0/0","0/0","0/0","0/0","0/0","0/0","0/0","0/0","0/0","0/0","0/0","0/0","0/0","0/0","0/0","0/0","0/1","0/0","0/0","0/0","0/0","0/0","0/0","0/1","0/0","0/0","0/0","0/0","0/0","0/1","0/0","0/0","0/0","0/0","0/0","0/1","0/0","0/0","0/1","0/0","0/0","0/0","0/0","0/0","0/0","0/0","0/0","0/0","0/0","0/0","0/0","0/0","0/0","0/0","0/0","0/0","0/0","0/1","0/0","0/0","0/0","0/0","0/0","0/0","0/0","0/0","0/0","0/0","0/0","0/0","0/0","0/0","0/0","0/0","0/0","0/0","0/0","0/0","0/0","0/0","0/0","0/0","0/0","0/0","0/0","0/0","0/0","0/0","0/1","0/0","0/0","0/0","0/0","0/0","0/0","0/0","0/0","0/0","0/0","0/0","0/0","0/0","0/0","0/0","0/0","0/0","0/0","0/0","0/0","0/0","0/0","0/0","0/0","0/0","0/1","0/0","0/0","0/0","0/0","0/0","0/1","0/0","0/0","0/0","0/0","0/0"
"chr12:133220497_TGTCCTCTGGCACTGAATACTCATA/T_POLE","0/0","0/0","0/0","0/0","0/0","0/0","0/0","0/0","0/0","0/0","0/0","0/0","0/0","0/0","0/0","0/1","0/0","0/0","0/0","0/0","0/0","0/0","0/0","0/0","0/0","0/0","0/0","0/0","0/0","0/0","0/0","0/0","0/0","0/0","0/0","0/0","0/0","0/0","0/0","0/0","0/0","0/0","0/0","0/0","0/0","0/0","0/0","0/0","0/0","0/0","0/0","0/0","0/0","0/0","0/0","0/0","0/0","0/0","0/0","0/0","0/0","0/0","0/0","0/0","0/0","0/0","0/0","0/0","0/0","0/0","0/0","0/0","0/0","0/0","0/0","0/0","0/0","0/0","0/0","0/0","0/0","0/0","0/0","0/0","0/0","0/0","0/0","0/0","0/0","0/0","0/0","0/0","0/0","0/0","0/0","0/0","0/0","0/0","0/0","0/0","0/0","0/0","0/0","0/0","0/0","0/0","0/0","0/0","0/0","0/0","0/0","0/0","0/0","0/0","0/0","0/0","0/0","0/0","0/0","0/0","0/0","0/0","0/0","0/0","0/0","0/0","0/0","0/0","0/0","0/0","0/0","0/0","0/0","0/0","0/0","0/0","0/0","0/0","0/0","0/0","0/0","0/0","0/0","0/0","0/0","0/0","0/0","0/0","0/0","0/0","0/0","0/0","0/0"
"chr12:133795548_AACACTGC/A_ANHX","0/0","0/0","0/0","0/0","0/0","0/0","0/0","0/0","0/0","0/0","0/0","0/0","0/0","0/0","0/0","0/0","0/0","0/0","0/0","0/0","0/0","0/0","0/0","0/0","0/0","0/0","0/0","0/0","0/0","0/0","0/0","0/0","0/0","0/0","0/0","0/0","0/0","0/0","0/0","0/0","0/0","0/0","0/0","0/0","0/0","0/0","0/0","0/0","0/0","0/0","0/0","0/0","0/0","0/0","0/0","0/0","0/0","0/0","0/0","0/0","0/0","0/0","0/0","0/0","0/0","0/0","0/0","0/0","0/0","0/0","0/0","0/0","0/0","0/0","0/0","0/0","0/0","0/1","0/1","0/0","0/0","0/0","0/0","0/0","0/0","0/0","0/0","0/0","0/0","0/0","0/0","0/0","0/0","0/0","0/0","0/0","0/0","0/0","0/0","0/0","0/0","0/0","0/0","0/0","0/0","0/0","0/0","0/0","0/0","0/0","0/0","0/0","0/0","0/0","0/0","0/0","0/0","0/0","0/0","0/0","0/0","0/0","0/0","0/0","0/0","0/0","0/0","0/0","0/0","0/0","0/0","0/0","0/0","0/0","0/0","0/0","0/0","0/0","0/0","0/0","0/0","0/0","0/0","0/0","0/0","0/0","0/0","0/0","0/0","0/0","0/0","0/0","0/0"
"chr13:20635263_TA/T_ZMYM2","0/0","0/0","0/0","0/0","0/0","0/0","0/0","0/0","0/0","0/0","0/0","0/0","0/0","0/0","0/0","0/0","0/0","0/0","0/0","0/0","0/0","0/0","0/0","0/0","0/0","0/0","0/0","0/0","0/0","0/0","0/0","0/0","0/0","0/0","0/0","0/0","0/1","0/0","0/0","0/0","0/0","0/0","0/0","0/0","0/0","0/0","0/0","0/0","0/0","0/0","0/0","0/0","0/0","0/0","0/0","0/0","0/0","0/0","0/0","0/0","0/0","0/0","0/0","0/0","0/0","0/0","0/0","0/0","0/0","0/0","0/0","0/0","0/0","0/0","0/0","0/0","0/0","0/0","0/0","0/0","0/0","0/0","0/0","0/0","0/0","0/0","0/0","0/0","0/0","0/0","0/0","0/0","0/0","0/0","0/0","0/0","0/0","0/0","0/0","0/0","0/0","0/0","0/0","0/0","0/0","0/0","0/0","0/0","0/0","0/0","0/0","0/0","0/0","0/0","0/0","0/0","0/0","0/0","0/0","0/0","0/0","0/0","0/0","0/0","0/0","0/0","0/0","0/0","0/0","0/0","0/0","0/0","0/0","0/0","0/0","0/0","0/0","0/0","0/0","0/0","0/0","0/0","0/0","0/0","0/0","0/0","0/0","0/0","0/0","0/0","0/0","0/0","0/0"
"chr13:20797391_AC/A_GJB6","0/0","0/0","0/0","0/0","0/0","0/0","0/0","0/0","0/0","0/0","0/0","0/0","0/0","0/0","0/0","0/1","0/0","0/0","0/0","0/0","0/0","0/0","0/0","0/0","0/0","0/0","0/0","0/0","0/0","0/0","0/0","0/0","0/0","0/0","0/0","0/0","0/0","0/0","0/0","0/0","0/0","0/0","0/0","0/0","0/0","0/0","0/0","0/0","0/0","0/0","0/0","0/0","0/0","0/0","0/0","0/0","0/0","0/0","0/0","0/0","0/0","0/0","0/0","0/0","0/0","0/0","0/0","0/0","0/0","0/0","0/0","0/0","0/0","0/0","0/0","0/0","0/0","0/0","0/0","0/0","0/0","0/0","0/0","0/0","0/0","0/0","0/0","0/0","0/0","0/0","0/0","0/0","0/0","0/0","0/0","0/0","0/0","0/0","0/0","0/0","0/0","0/0","0/0","0/0","0/0","0/0","0/0","0/0","0/0","0/0","0/0","0/0","0/0","0/0","0/0","0/0","0/0","0/0","0/0","0/0","0/0","0/0","0/0","0/0","0/0","0/0","0/0","0/0","0/0","0/0","0/0","0/0","0/0","0/0","0/0","0/0","0/0","0/0","0/0","0/0","0/0","0/0","0/0","0/0","0/0","0/0","0/0","0/0","0/0","0/0","0/0","0/0","0/0"
"chr13:21562482_C/CGGGGCG_LATS2","0/1","0/1","0/1","1/1","0/0","0/0","0/0","0/0","0/0","1/1","0/0","0/0","0/1","0/0","0/0","0/1","0/0","0/0","0/1","0/0","0/0","0/0","1/1","0/0","0/1","0/1","0/1","0/1","0/0","0/1","0/0","0/1","0/0","0/1","0/0","0/0","0/1","0/1","0/0","0/1","0/1","0/1","1/1","0/0","0/0","0/0","0/1","1/1","0/1","0/1","0/1","0/0","0/1","0/0","0/1","0/1","0/1","0/0","0/1","0/0","0/0","0/1","0/0","1/1","1/1","0/1","0/1","0/1","0/1","0/1","0/1","0/1","0/1","0/0","0/0","0/0","0/0","0/0","0/0","0/0","0/0","0/0","0/1","0/1","0/1","0/0","0/1","0/0","0/0","0/0","0/0","0/1","0/1","0/1","0/1","0/0","0/0","0/0","1/1","1/1","1/1","0/0","1/1","1/1","0/1","0/1","0/1","1/1","1/1","0/0","1/1","0/1","0/1","0/0","0/0","0/0","0/0","0/0","0/1","0/0","0/1","0/1","0/0","0/0","0/0","0/0","0/0","0/0","0/1","0/1","0/1","1/1","0/0","0/0","0/0","0/0","0/0","0/0","0/0","0/0","0/0","1/1","1/1","0/1","0/1","0/1","0/1","0/1","0/1","0/0","0/0","0/0","0/0"
"chr13:21746600_TG/T_SKA3","0/0","0/0","0/0","0/0","0/0","0/0","0/0","0/0","0/0","0/0","0/0","0/0","0/0","0/1","0/0","0/0","0/0","0/0","0/0","0/1","0/1","0/1","0/1","0/1","0/1","0/0","0/0","0/0","0/1","0/0","0/0","0/1","0/1","0/0","0/0","0/1","0/0","0/1","0/0","0/1","0/1","0/1","0/0","0/0","0/1","0/0","0/1","0/1","0/0","0/0","0/0","0/0","0/0","0/1","0/0","0/1","0/1","0/0","0/0","0/1","0/0","0/0","0/1","0/0","0/0","0/1","0/0","0/1","0/0","0/0","0/1","0/0","0/0","0/1","0/1","0/1","0/1","0/1","0/1","0/0","0/0","0/1","0/0","0/0","0/0","0/0","0/0","0/1","0/0","0/0","0/0","0/1","0/1","0/0","0/0","0/0","0/1","0/1","0/0","0/0","0/1","0/1","0/1","0/1","0/1","0/1","0/1","0/1","0/1","0/1","0/0","0/0","0/0","0/0","0/0","0/1","0/1","0/0","0/1","0/0","0/1","0/1","0/1","0/0","0/0","0/0","0/0","0/0","0/0","0/0","0/0","0/0","0/1","0/1","0/1","0/1","0/1","0/1","0/1","0/1","0/1","0/0","0/0","0/0","0/0","0/0","0/0","0/0","0/0","0/1","0/1","0/1","0/1"
"chr13:25671163_TTAAGC/T_PABPC3","0/1","0/1","0/2","0/2","0/1","0/1","0/2","0/2","0/2","0/2","0/2","0/1","0/2","0/2","0/1","0/1","0/1","0/2","0/2","0/2","0/2","0/2","0/2","0/1","0/1","0/1","0/2","0/1","0/1","0/2","0/2","0/1","0/2","0/1","0/2","0/2","0/2","0/1","0/2","0/1","0/1","0/0","0/2","0/2","0/2","0/2","0/2","0/2","0/1","0/1","0/2","0/2","0/2","0/2","0/2","0/2","0/2","0/1","0/2","0/1","0/1","0/1","0/2","0/2","0/2","0/2","0/1","0/2","0/2","0/1","0/2","0/2","0/2","0/2","0/2","0/2","0/2","0/2","0/2","0/2","0/2","0/1","0/2","0/2","0/2","0/2","0/2","0/1","0/2","0/2","0/1","0/2","0/0","0/1","0/1","0/1","0/0","0/1","0/2","0/2","0/2","0/2","0/2","0/2","0/2","0/1","0/1","0/0","0/0","0/2","0/2","0/2","0/2","0/2","0/2","0/0","0/0","0/2","0/1","0/2","0/1","0/1","0/0","0/2","0/2","0/2","0/2","0/2","0/1","0/1","0/1","0/2","0/0","0/1","0/0","0/0","0/1","0/1","0/2","0/2","0/2","0/2","0/2","0/1","0/1","0/1","0/0","0/1","0/1","0/1","0/1","0/1","0/1"
"chr13:32376428_TA/T_RXFP2","0/0","0/0","0/0","0/0","0/0","0/0","0/0","0/0","0/0","0/0","0/0","0/0","0/0","0/0","0/0","0/0","0/0","0/0","0/0","0/0","0/0","0/0","0/0","0/0","0/0","0/0","0/0","0/0","0/0","0/0","0/0","0/0","0/0","0/0","0/0","0/0","0/1","0/0","0/0","0/0","0/0","0/0","0/0","0/0","0/0","0/0","0/0","0/0","0/0","0/0","0/0","0/0","0/0","0/0","0/0","0/0","0/0","0/0","0/0","0/0","0/0","0/0","0/0","0/0","0/0","0/0","0/0","0/0","0/0","0/0","0/0","0/0","0/0","0/0","0/0","0/0","0/0","0/0","0/0","0/0","0/0","0/0","0/0","0/0","0/0","0/0","0/0","0/0","0/0","0/0","0/0","0/0","0/0","0/0","0/0","0/0","0/0","0/0","0/0","0/0","0/0","0/0","0/0","0/0","0/0","0/0","0/0","0/0","0/0","0/0","0/0","0/0","0/0","0/0","0/0","0/0","0/0","0/0","0/0","0/0","0/0","0/0","0/0","0/0","0/0","0/0","0/0","0/0","0/0","0/0","0/0","0/0","0/0","0/0","0/0","0/0","0/0","0/0","0/0","0/0","0/0","0/0","0/0","0/0","0/0","0/0","0/0","0/0","0/0","0/0","0/0","0/0","0/0"
"chr13:33332222_TAGATG/T_PDS5B",".","0/0","0/0","0/0","0/0","0/0","0/1","0/0","0/0","0/0","0/0","0/0","0/0","0/0","0/0","0/0","0/0","0/0","0/0","0/0","0/0","0/0","0/0","0/0","0/0","0/0","0/0","0/0","0/0",".","0/0","0/0","0/0","0/0","0/0","0/0","0/0","0/0","0/0","0/0","0/0","0/0","0/0","0/0","0/0","0/0","0/0","0/0","0/0","0/0","0/1","0/0","0/0","0/0","0/0","0/0","0/0","0/0","0/0","0/0","0/0","0/0",".","0/0","0/0","0/0","0/1","0/0","0/0","0/0","0/0","0/0","0/0","0/0","0/0","0/0","0/1","0/0","0/0","0/0","0/0","0/0","0/1","0/0","0/1","0/0","0/0","0/0","0/0","0/0","0/0","0/0","0/0","0/0","0/0","0/0","0/0","0/0","0/0","0/0","0/0","0/0","0/0","0/0","0/1","0/0","0/0","0/0","0/0","0/0","0/0","0/0","0/0","0/0","0/0","0/0","0/0","0/0","0/0","0/0","0/0","0/0","0/0","0/0","0/0","0/1","0/0","0/0","0/1","0/0","0/0","0/0","0/0","0/0","0/0","0/0","0/0","0/0","0/0","0/0","0/0","0/0","0/0","0/0","0/0","0/0","0/0","0/0","0/0","0/0","0/0","0/0","0/0"
"chr13:33338689_CG/C_PDS5B","0/0","0/0","0/0","0/0","0/0","0/0","0/0","0/0","0/0","0/0","0/0","0/0","0/0","0/0","0/0","0/0","0/0","0/0","0/0","0/0","0/0","0/0","0/0","0/0","0/0","0/0","0/0","0/0","0/0","0/0","0/0","0/0","0/0","0/0","0/0","0/0","0/1","0/0","0/0","0/0","0/0","0/0","0/0","0/0","0/0","0/0","0/0","0/0","0/0","0/0","0/0","0/0","0/0","0/0","0/0","0/0","0/0","0/0","0/0","0/0","0/0","0/0","0/0","0/0","0/0","0/0","0/0","0/0","0/0","0/0","0/0","0/0","0/0","0/0","0/0","0/0","0/0","0/0","0/0","0/0","0/0","0/0","0/0","0/0","0/0","0/0","0/0","0/0","0/0","0/0","0/0","0/0","0/0","0/0","0/0","0/0","0/0","0/0","0/0","0/0","0/0","0/0","0/0","0/0","0/0","0/0","0/0","0/0","0/0","0/0","0/0","0/0","0/0","0/0","0/0","0/0","0/0","0/0","0/0","0/0","0/0","0/0","0/0","0/0","0/0","0/0","0/0","0/0","0/0","0/0","0/0","0/0","0/0","0/0","0/0","0/0","0/0","0/0","0/0","0/0","0/0","0/0","0/0","0/0","0/0","0/0","0/0","0/0","0/0","0/0","0/0","0/0","0/0"
"chr13:39261567_G/GGCT_FREM2","0/0","0/0","0/0","0/0","0/0","0/0","0/0","0/0","0/0","0/0","0/0","0/0","0/0","0/0","0/0","0/0","0/0","0/0","0/0","0/0","0/0","0/0","0/0","0/0","0/0","0/0","0/0","0/0","0/0","0/0","0/0","0/0","0/1","0/0","0/0","0/0","0/0","0/0","0/0","0/0","0/0","0/0","0/0","0/0","0/0","0/0","0/0","0/0","0/0","0/0","0/0","0/0","0/0","0/0","0/0","0/0","0/0","0/0","0/0","0/0","0/0","0/0","0/0","0/0","0/0","0/0","0/0","0/0","0/0","0/0","0/0","0/0","0/0","0/0","0/0","0/0","0/0","0/0","0/0","0/0","0/0","0/0","0/0","0/0","0/0","0/0","0/0","0/0","0/0","0/0","0/0","0/0","0/0","0/0","0/0","0/0","0/0","0/0","0/0","0/0","0/0","0/0","0/0","0/0","0/0","0/0","0/0","0/0","0/0","0/0","0/0","0/0","0/0","0/0","0/0","0/0","0/0","0/0","0/0","0/0","0/0","0/0","0/0","0/0","0/0","0/0","0/0","0/0","0/0","0/0","0/0","0/0","0/0","0/0","0/0","0/0","0/0","0/0","0/0","0/0","0/0","0/0","0/0","0/0","0/0","0/0","0/0","0/0","0/0","0/0","0/0","0/0","0/0"
"chr13:39264639_TTAC/T_FREM2","0/0","0/0","0/0","0/0","0/0","0/0","0/0","0/0","0/0","0/0","0/0","0/0","0/0","0/0","0/0","0/0","0/0","0/0","0/0","0/0","0/0","0/0","0/0","0/0","0/0","0/0","0/0","0/0","0/0","0/0","0/0","0/0","0/0","0/0","0/0","0/0","0/0","0/1","0/0","0/0","0/0","0/0","0/0","0/0","0/0","0/0","0/0","0/0","0/0","0/0","0/0","0/0","0/0","0/0","0/0","0/0","0/0","0/0","0/0","0/0","0/0","0/0","0/0","0/0","0/0","0/0","0/0","0/0","0/0","0/0","0/0","0/0","0/0","0/0","0/0","0/0","0/0","0/0","0/0","0/0","0/0","0/0","0/0","0/0","0/0","0/0","0/0","0/0","0/0","0/0","0/0","0/0","0/0","0/0","0/0","0/0","0/0","0/0","0/0","0/0","0/0","0/0","0/0","0/0","0/0","0/0","0/0","0/0","0/0","0/0","0/0","0/0","0/0","0/0","0/0","0/0","0/0","0/0","0/0","0/0","0/0","0/0","0/0","0/0","0/0","0/0","0/0","0/0","0/0","0/0","0/0","0/0","0/0","0/0","0/0","0/0","0/0","0/0","0/0","0/0","0/0","0/0","0/0","0/0","0/0","0/0","0/0","0/0","0/0","0/0","0/0","0/0","0/0"
"chr13:40298638_TAAATAGGGC/TAATAGGGC_COG6","0/0","0/0","0/0","0/0","0/0","0/0",".","0/0","0/0","0/0","0/0","0/1","0/1","0/0","0/0","0/1","0/0","1/1","0/1","0/0","0/0","0/1","0/0","1/1","0/0","0/1","1/1","0/0",".","0/0","0/0","0/1","0/0","0/0","0/0","0/1","0/3","0/0","0/0","0/1","1/1","0/0","0/0","0/0","0/0","0/0","0/0","3/3","0/0","0/0","0/0","0/0","3/3","0/0","0/1","0/1","0/0","0/0","0/0","1/1","0/1","0/0","0/0","0/0",".","0/0","0/0","0/1","0/0","0/0","0/0","0/0","0/0","0/0","0/0","0/3","0/0","0/1","0/0","0/0","0/0","0/0","0/0",".","0/0","0/0","0/0","0/1","0/0","0/0","0/0","0/3","0/1","0/0","0/0","0/0","0/0","0/0","0/0","0/1","0/0","0/0","0/0",".",".","0/1","0/0","0/0","1/1","0/0","0/0","0/0","0/0","0/0","0/0","0/0","0/0","0/1","0/1",".","1/1","1/2","0/0","0/0","0/1","0/0","0/0","0/0","0/1","0/0","0/0","0/0","0/1",".","0/1","0/0","0/3","0/0","0/2","0/1","1/1","0/0","0/0",".","0/0","0/0","0/0","0/0","0/1",".","0/1","0/1","1/1"
"chr13:40298639_AAATAGGGC/TAATAGGGC_COG6","0/0","0/1","0/1",".","0/2","0/0",".","0/0",".","1/1","0/0","0/1","0/2","0/0","0/1","0/1","0/0","2/2","0/1","0/0","0/0","0/2","0/1","2/2","0/1","0/1","2/2","0/0",".","0/0","1/1","0/2","0/1","0/0","0/1","0/0","0/0","0/0","1/1","0/0","2/2","1/1","0/1","1/1","1/1","0/1","0/0","2/2",".","0/1","0/0","1/1","0/0","0/0","0/2","0/0","0/1","0/1","0/0","2/2","0/2","0/0","0/0","1/1",".","0/0","0/0","0/1","1/1","0/1","0/0","0/1",".","0/2","0/1","0/2","0/0","1/2","0/1","0/0","0/1","0/0","0/0",".","0/1","0/1","1/1","0/1","0/0","0/0","0/1","0/2","0/2",".","0/0","0/1","1/1","0/0","0/1","0/2","0/0","0/1","0/0",".",".","0/2","0/1","1/1","2/2","0/0","0/0","0/0","0/1","0/1","0/1","0/0","0/0","0/1","0/1",".","2/2","0/0","0/0","1/1","0/2",".","0/1","0/1","0/1","0/1","0/0","0/1","0/2",".","0/2","0/1","0/2","1/1","0/1","0/0","2/2","0/1","0/1",".","0/1","0/1","0/1","0/1","0/2",".","0/1","0/1","2/2"
"chr13:43462434_T/TTCAGG_EPSTI1","0/0","0/0","0/0","0/0","0/0","0/0","0/0","0/0","0/0","0/1","0/0","0/1","0/0","0/0","0/0","0/0","0/1","0/0","0/0","0/1","0/0","0/0","0/0","0/0","0/1","0/0","0/0","0/1","0/0","0/0","0/0","0/1","0/0","0/0","1/1","0/1","0/1","0/0","0/0","0/1","0/0","0/0","0/0","0/1","0/0","0/1","0/0","0/0","0/0","0/1","0/0","0/0","0/0","0/0","0/0","0/0","0/1","0/0","0/0","0/0","0/0","0/0","0/0","0/0","0/0","0/0","0/0","0/0","0/0","0/0","0/0","0/0","0/0","0/0","0/0","0/0","0/0","0/0","0/0","0/0","0/0","0/0","0/0","0/0","0/0","0/0","0/0","0/0","0/0","0/0","0/0","0/1","0/1","0/0","0/0","0/0","0/0","0/0","0/0","0/0","0/0","0/0","0/0","0/0","0/0","0/1","0/1","0/0","0/0","0/0","0/0","0/0","0/0","0/0","0/0","0/1","0/1","0/0","0/0","0/0","0/0","0/0","0/1","0/0","0/0","0/0","0/0","0/0","0/1","0/1","0/1","0/0","0/0","0/1","0/0","0/0","0/1","0/1","0/0","0/0","0/0","0/0","0/0","0/1","0/1","0/1","0/0","0/0","0/0","0/0","0/0","0/0","0/0"
"chr13:46170724_ATACTCTTCCTCCTCCAGATGCTCTTCCTTCCCCAGG/A_ERICH6B","0/0","0/0","0/0","0/0","2/2","2/2","0/0","0/0","0/0","0/0","0/0","0/0","0/2","0/0","2/2","0/0","0/0","0/0","0/0","0/0","0/0","0/0","0/0","0/0","0/0","0/2","0/0","0/0","0/0","0/0","0/2","0/1","0/0","0/2","0/0","0/0","0/1","0/2","0/0","0/0","0/0","0/0","0/2","0/2","0/0","0/0","0/2","0/2","0/2","0/0","0/0","0/2","0/2","0/0","2/2","0/0","0/0","0/0","0/0","0/2","0/0","0/0","0/2","0/0","0/0","0/0","0/0","0/0","0/0","0/0","0/0","0/2","0/2","0/2","0/2","0/2","0/2","0/0","0/0","0/0","0/0","0/0","0/0","0/0","0/0","0/2","0/2","0/0","0/2","0/2","0/2","0/2","0/2","0/2","0/2","0/2","0/0","0/2","0/2","0/2","0/0","0/0","0/0","0/0","0/0","0/0","0/0","0/0","0/0","0/0","0/0","0/0","0/0","0/1","0/2","0/0","0/0","0/0","0/0","0/0","0/0","0/0","0/0","0/0","0/2","0/2","0/1","0/1","0/2","0/2","0/2","0/2","0/2","0/0","0/2","0/2","0/0","0/0","0/2","0/2","0/2","0/2","0/2","0/2","0/2","0/2","0/0","0/0","0/0","2/2","2/2","2/2","2/2"
"chr13:47354134_AC/A_ESD","0/0","0/0","0/0","0/0","0/0","0/0","0/0","0/0","0/0","0/0","0/0","0/0","0/0","0/0","0/0","0/0","0/0","0/0","0/0","0/0","0/0","0/0","0/0","0/0","0/0","0/0","0/0","0/0","0/0","0/0","0/0","0/0","0/0","0/0","0/0","0/0","0/0","0/0","0/0","0/0","0/0","0/0","0/0","0/0","0/0","0/0","0/0","0/0","0/0","0/0","0/0","0/0","0/0","0/0","0/0","0/1","0/0","0/0","0/0","0/0","0/0","0/0","0/0","0/0","0/0","0/0","0/0","0/0","0/0","0/0","0/0","0/0","0/0","0/0","0/0","0/0","0/0","0/0","0/0","0/0","0/0","0/0","0/0","0/0","0/0","0/0","0/0","0/0","0/0","0/0","0/0","0/0","0/0","0/0","0/0","0/0","0/0","0/0","0/0","0/0","0/0","0/0","0/0","0/0","0/0","0/0","0/0","0/0","0/0","0/0","0/0","0/0","0/0","0/0","0/0","0/0","0/0","0/0","0/0","0/0","0/0","0/0","0/0","0/0","0/0","0/0","0/0","0/0","0/0","0/0","0/0","0/0","0/0","0/0","0/0","0/0","0/0","0/0","0/0","0/0","0/0","0/0","0/0","0/0","0/0","0/0","0/0","0/0","0/0","0/0","0/0","0/0","0/0"
"chr13:48611918_A/AGGAGTC_NUDT15","0/0","0/0","0/0","0/0","0/0","0/0","0/0","0/0","0/0","0/0","0/0","0/0","0/0","0/0","0/0","0/0","0/0","0/0","0/0","0/0","0/0","0/0","0/0","0/0","0/0","0/0","0/0","0/0","0/0","0/0","0/0","0/0","0/0","0/0","0/0","0/1","0/0","0/0","0/0","0/0","0/0","0/0","0/1","0/0","0/0","0/0","0/0","0/1","0/0","0/0","0/0","0/0","0/0","0/0","0/0","0/0","0/0","0/0","0/0","0/1","0/1","0/0","0/1","0/0","0/0","0/0","0/0","0/0","0/0","0/0","0/0","0/0","0/0","0/0","0/0","0/0","0/0","0/1","0/1","0/0","0/0","0/0","0/0","0/0","0/0","0/0","0/0","0/0","0/0","0/0","0/0","0/0","0/0","0/0","0/0","0/0","0/0","0/0","0/1","0/1","0/0","0/0","0/0","0/0","0/0","0/0","0/0","0/0","0/0","0/0","0/0","0/0","0/0","0/0","0/0","0/1","0/1","1/1","0/0","1/1","0/0","0/0","0/0","1/1","0/0","0/0","0/0","0/0","1/1","1/1","1/1","0/0","0/0","0/0","0/0","0/0","0/0","0/0","0/0","0/0","0/0","0/0","0/0","0/1","0/1","0/1","0/0","0/0","0/0","0/0","0/0","0/0","0/0"
"chr13:48881464_G/GA_RB1","0/0","0/0","0/0","0/0","0/0","0/0","0/0","0/0","0/0","0/0","0/0","0/0","0/0","0/0","0/0","0/0","0/0","0/0","0/0","0/0","0/0","0/0","0/0","0/0","0/0","0/0","0/0","0/0","0/0","0/1","0/0","0/0","0/0","0/0","0/0","0/0","0/0","0/0","0/0","0/0","0/0","0/0","0/0","0/0","0/0","0/0","0/0","0/0","0/0","0/0","0/0","0/0","0/0","0/0","0/0","0/0","0/0","0/0","0/0","0/0","0/0","0/0","0/0","0/0","0/0","0/0","0/0","0/0","0/0","0/0","0/0","0/0","0/0","0/0","0/0","0/0","0/0","0/0","0/0","0/0","0/0","0/0","0/0","0/0","0/0","0/0","0/0","0/0","0/0","0/0","0/0","0/0","0/0","0/0","0/0","0/0","0/0","0/0","0/0","0/0","0/0","0/0","0/0","0/0","0/0","0/0","0/0","0/0","0/0","0/0","0/0","0/0","0/0","0/0","0/0","0/0","0/0","0/0","0/0","0/0","0/0","0/0","0/0","0/0","0/0","0/0","0/0","0/0","0/0","0/0","0/0","0/0","0/0","0/0","0/0","0/0","0/0","0/0","0/0","0/0","0/0","0/0","0/0","0/0","0/0","0/0","0/0","0/0","0/0","0/0","0/0","0/0","0/0"
"chr13:49957029_CA/C_CAB39L","0/0","0/0","0/0","0/0","0/0","0/0","0/0","0/0","0/0","0/0","0/0","0/0","0/1","0/0","0/0","0/0","0/0","0/0","0/0","0/0","0/0","0/0","0/0","0/0","0/0","0/0","0/0","0/0","0/0","0/0","0/0","0/0","0/0","0/0","0/0","0/0","0/0","0/0","0/0","0/0","0/0","0/0","0/0","0/0","0/0","0/0","0/0","0/0","0/0","0/0","0/0","0/0","0/0","0/0","0/0","0/0","0/0","0/0","0/0","0/0","0/0","0/0","0/0","0/0","0/0","0/0","0/0","0/0","0/0","0/0","0/0","0/0","0/0","0/0","0/0","0/0","0/0","0/0","0/0","0/0","0/0","0/0","0/0","0/0","0/0","0/0","0/0","0/0","0/0","0/0","0/0","0/0","0/0","0/0","0/0","0/0","0/0","0/0","0/0","0/0","0/0","0/0","0/0","0/0","0/0","0/0","0/0","0/0","0/0","0/0","0/0","0/0","0/0","0/0","0/0","0/0","0/0","0/0","0/0","0/0","0/0","0/0","0/0","0/0","0/0","0/0","0/0","0/0","0/0","0/0","0/0","0/0","0/0","0/0","0/0","0/0","0/0","0/0","0/0","0/0","0/0","0/0","0/0","0/0","0/0","0/0","0/0","0/0","0/0","0/0","0/0","0/0","0/0"
"chr13:51530586_T/TA_RNASEH2B","0/0","0/0","0/0","0/0","0/0","0/0","0/0","0/0","0/0","0/0","0/1","0/0","0/0","0/0","0/0","0/0","0/0","0/0","0/0","0/0","0/0","0/0","0/0","0/0","0/0","0/0","0/0","0/0","0/0","0/0","0/0","0/0","0/0","0/0","0/0","0/0","0/0","0/0","0/0","0/0","0/0","0/0","0/0","0/0","0/0","0/0","0/0","0/0","0/0","0/0","0/0","0/0","0/0","0/0","0/0","0/0","0/0","0/0","0/0","0/0","0/0","0/0","0/0","0/0","0/0","0/0","0/1","0/0","0/0","0/0","0/0","0/0","0/0","0/0","0/0","0/0","0/0","0/0","0/0","0/0","0/0","0/0","0/0","0/0","0/0","0/0","0/0","0/0","0/0","0/0","0/0","0/0","0/0","0/0","0/0","0/0","0/0","0/0","0/0","0/0","0/0","0/0","0/0","0/0","0/0","0/0","0/0","0/0","0/0","0/0","0/0","0/0","0/0","0/0","0/0","0/1","0/1","0/0","0/0","0/0","0/0","0/0","0/1","0/0","0/0","0/0","0/0","0/0","0/0","0/0","0/0","0/0","0/0","0/0","0/0","0/0","0/0","0/0","0/0","0/0","0/0","0/0","0/0","0/0","0/0","0/0","0/0","0/0","0/0","0/0","0/0","0/0","0/0"
"chr13:52548830_C/CT_ATP7B","0/0","0/0","0/0","0/0","0/0","0/0","0/0","0/0","0/0","0/0","0/0","0/0","0/0","0/0","0/1","0/0","0/0","0/0","0/0","0/0","0/0","0/0","0/0","0/0","0/0","0/0","0/0","0/0","0/0","0/0","0/0","0/0","0/0","0/0","0/0","0/0","0/0","0/0","0/0","0/0","0/0","0/0","0/0","0/0","0/0","0/0","0/0","0/0","0/0","0/0","0/0","0/0","0/0","0/0","0/0","0/0","0/0","0/0","0/0","0/0","0/0","0/0","0/0","0/0","0/0","0/0","0/0","0/0","0/0","0/0","0/0","0/0","0/0","0/0","0/0","0/0","0/0","0/0","0/0","0/0","0/0","0/0","0/0","0/0","0/0","0/0","0/0","0/0","0/0","0/0","0/0","0/0","0/0","0/0","0/0","0/0","0/0","0/0","0/0","0/0","0/0","0/0","0/0","0/0","0/0","0/0","0/0","0/0","0/0","0/0","0/0","0/0","0/0","0/0","0/0","0/0","0/0","0/0","0/0","0/0","0/0","0/0","0/0","0/0","0/0","0/0","0/0","0/0","0/0","0/0","0/0","0/0","0/0","0/0","0/0","0/0","0/0","0/0","0/0","0/0","0/0","0/0","0/0","0/0","0/0","0/0","0/0","0/0","0/0","0/0","0/0","0/0","0/0"
"chr13:72440658_TGCCGCC/T_DACH1","0/0","0/0","0/0","0/1","0/0","0/0","0/0","0/0","0/0","0/1","1/1","1/1","0/0","0/1","0/0","0/0","0/1","0/0","0/0","0/0","0/1","0/1","1/1","0/1","0/1","0/1","0/1","0/1","0/1","0/0","0/1","0/1","0/0","0/1","0/1","0/1","1/1","0/1","0/1","0/1","0/2","1/1","0/1","0/1","0/1","1/2","0/1","0/1","1/1","0/1","0/0","0/1","0/0","0/1","0/0","0/1","0/1","0/1","0/1","0/0","1/1","1/1","0/1","1/1","1/1","1/1","0/0","0/0","0/0","0/0","1/1","0/2","0/2","0/0","0/0","0/0","0/0","0/0","0/0","0/1","0/1","0/0","0/0","0/1","0/1","0/0","0/0","1/1","0/1","0/1","0/0","0/1","0/1","1/1","1/1","0/0","1/1","0/0","1/1","1/1","0/0","1/1","0/0","1/2","0/1","0/1","0/1","1/1","1/1","1/1","0/1","0/0","0/0","0/1","0/1","0/0","0/0","1/1","0/0","1/1","0/0","0/0","0/0","1/1","0/1","0/1","0/1","0/1","0/1","0/1","0/1","0/1","1/1","0/1","1/1","1/1","0/1","0/1","1/1","0/1","1/1","0/1","0/1","1/1","1/1","1/1","0/1","0/1","0/1","0/1","0/1","0/1","0/1"
"chr13:73301702_GGCC/G_MZT1","0/0","0/0","0/0","0/0","0/0","0/0","0/0","0/0","0/0","0/0","0/0","0/0","0/0","0/0","0/0","0/0","0/0","0/0","0/0","0/0","0/0","0/0","0/0","0/0","0/0","0/0","0/0","0/0","0/0","0/0","0/0","0/0","0/0","0/0","0/0","0/0","0/0","0/0","0/0","0/0","0/0","0/0","0/0","0/0","0/0","0/0","0/0","0/0","0/0","0/0","0/0","0/0","0/0","0/0","0/0","0/0","0/0","0/0","0/0","0/0","0/0","0/0","0/0","0/0","0/0","0/0","0/0","0/0","0/0","0/0","0/0","0/0","0/0","0/0","0/0","0/0","0/0","0/0","0/0","0/0","0/0","0/0","0/0","0/0","0/0","0/0","0/0","0/0","0/0","0/0","0/0","0/0","0/0","0/0","0/0","0/0","0/0","0/0","0/0","0/0","0/0","0/0","0/0","0/0","0/0","0/0","0/0","0/0","0/0","0/0","0/0","0/0","0/0","0/0","0/0","0/0","0/0","0/0","0/0","0/0","0/0","0/0","0/0","0/0","0/0","0/0","0/0","0/0","0/0","0/0","0/0","0/0","0/1","0/0","0/1","0/1","0/0","0/0","0/0","0/0","0/0","0/0","0/0","0/0","0/0","0/0","0/0","0/0","0/0","0/0","0/0","0/0","0/0"
"chr13:73317740_G/GGTGA_BORA","0/0","0/0","0/0","0/0","0/0","0/0","0/0","0/0","0/0","0/0","0/0","0/0","0/0","0/0","0/0","0/0","0/0","0/0","0/0","0/0","0/0","0/0","0/1","0/0","0/0","0/0","0/0","0/0","0/0","0/0","0/0","0/0","0/0","0/0","0/0","0/0","0/0","0/0","0/0","0/0","0/0","0/0","0/0","0/0","0/0","0/1","0/1","0/0","0/0","0/0","0/0","0/0","0/0","0/0","0/0","0/0","0/0","0/1","0/0","0/0","0/0","0/0","0/0","0/0","0/0","0/0","0/0","0/0","0/0","0/0","0/0","0/0","0/0","0/0","0/0","0/0","0/0","0/1","0/1","0/0","0/0","0/0","0/0","0/0","0/0","0/0","0/0","0/0","0/0","0/0","0/0","0/0","0/0","0/1","0/1","0/0","0/0","0/0","0/0","0/0","0/0","0/0","0/0","0/0","0/0","0/0","0/0","0/0","0/0","0/0","0/0","0/0","0/0","0/1","0/0","0/0","0/0","0/0","0/0","0/0","0/0","0/0","0/0","0/0","0/0","0/0","0/1","0/1","0/0","0/0","0/0","0/1","0/0","0/0","0/0","0/0","0/0","0/0","0/0","0/0","0/0","0/1","0/1","0/0","0/0","0/0","0/0","0/0","0/0","0/0","0/0","0/0","0/0"
"chr13:73649920_TACCGGAAGCACACAGGCGCCAAGCCCTTCCA/T_KLF5","0/0","0/0","0/0","0/0","0/0","0/0","0/0","0/0","0/0","0/0","0/0","0/0","0/0","0/0","0/0","0/0","0/0","0/0","0/0","0/0","0/0","0/0","0/0","0/0","0/0","0/0","0/0","0/0","0/0","0/0","0/0","0/0","0/0","0/0","0/0","0/0","0/1","0/0","0/0","0/0","0/0","0/0","0/0","0/0","0/0","0/0","0/0","0/0","0/0","0/0","0/0","0/0","0/0","0/0","0/0","0/0","0/0","0/0","0/0","0/0","0/0","0/0","0/0","0/0","0/0","0/0","0/0","0/0","0/0","0/0","0/0","0/0","0/0","0/0","0/0","0/0","0/0","0/0","0/0","0/0","0/0","0/0","0/0","0/0","0/0","0/0","0/0","0/0","0/0","0/0","0/0","0/0","0/0","0/0","0/0","0/0","0/0","0/0","0/0","0/0","0/0","0/0","0/0","0/0","0/0","0/0","0/0","0/0","0/0","0/0","0/0","0/0","0/0","0/0","0/0","0/0","0/0","0/0","0/0","0/0","0/0","0/0","0/0","0/0","0/0","0/0","0/0","0/0","0/0","0/0","0/0","0/0","0/0","0/0","0/0","0/0","0/0","0/0","0/0","0/0","0/0","0/0","0/0","0/0","0/0","0/0","0/0","0/0","0/0","0/0","0/0","0/0","0/0"
"chr13:78272267_T/TGG_SLAIN1","1/1","1/1","1/1",".","1/1","1/1","1/1","1/1","1/1","1/1","1/1","1/1","1/1","1/1","1/1","1/1","1/1","1/1","1/1","1/1","1/1","1/1","1/1","1/1","1/1","1/1","1/1","1/1","1/1","1/1","1/1","1/1","1/1","1/1","1/1","1/1","1/1","1/1","1/1","1/1","1/1","1/1","1/1","1/1","1/1","1/1","1/1","1/1","1/1","1/1","1/1","1/1","1/1","1/1","1/1","1/1","1/1","1/1","1/1","1/1","1/1","1/1","1/1","1/1","1/1","1/1","1/1","1/1","1/1","1/1","1/1","1/1","1/1","1/1","1/1","1/1","1/1","1/1","1/1","1/1","1/1","1/1","1/1","1/1",".","1/1","1/1","1/1","1/1","1/1","1/1","1/1","1/1","1/1","1/1","1/1","1/1","1/1","1/1","1/1","1/1","1/1","1/1","1/1","1/1","1/1","1/1","1/1","1/1","1/1","1/1","1/1","1/1","1/1","1/1","1/1","1/1","1/1","1/1","1/1","1/1","1/1","1/1","1/1","1/1","1/1","1/1","1/1","1/1","1/1","1/1","1/1","1/1","1/1","1/1","1/1","1/1","1/1","1/1","1/1","1/1","1/1","1/1","1/1","1/1","1/1","1/1","1/1","1/1","1/1","1/1","1/1","1/1"
"chr13:78272276_G/GC_SLAIN1","1/1","1/1","1/1",".","1/1","1/1","1/1","1/1","1/1","1/1","1/1","1/1","1/1","1/1","1/1","1/1","1/1","1/1","1/1","1/1","1/1","1/1","1/1","1/1","1/1","1/1","1/1","1/1","1/1","1/1","1/1","1/1","1/1","1/1","1/1","1/1","1/1","1/1","1/1","1/1","1/1","1/1","1/1","1/1","1/1","1/1","1/1","1/1","1/1","1/1","1/1","1/1","1/1","1/1","1/1","1/1","1/1","1/1","1/1","1/1","1/1","1/1","1/1","1/1","1/1","1/1","1/1","1/1","1/1","1/1","1/1","1/1","1/1","1/1","1/1","1/1","1/1","1/1","1/1","1/1","1/1","1/1","1/1","1/1",".","1/1","1/1","1/1","1/1","1/1","1/1","1/1","1/1","1/1","1/1","1/1","1/1","1/1","1/1","1/1","1/1","1/1","1/1","1/1","1/1","1/1","1/1","1/1","1/1","1/1","1/1","1/1","1/1","1/1","1/1","1/1","1/1","1/1","1/1","1/1","1/1","1/1","1/1","1/1","1/1","1/1","1/1","1/1","1/1","1/1","1/1","1/1","1/1","1/1","1/1","1/1","1/1","1/1","1/1","1/1","1/1","1/1","1/1","1/1","1/1","1/1","1/1","1/1","1/1","1/1","1/1","1/1","1/1"
"chr13:78475266_TA/T_EDNRB","0/0","0/0","0/0","0/0","0/0","0/0","0/0","0/0","0/0","0/0","0/0","0/0","0/0","0/0","0/0","0/0","0/0","0/0","0/0","0/0","0/0","0/0","0/0","0/0","0/0","0/0","0/0","0/0","0/0","0/0","0/0","0/0","0/0","0/0","0/0","0/0","0/1","0/0","0/0","0/0","0/0","0/0","0/0","0/0","0/0","0/0","0/0","0/0","0/0","0/0","0/0","0/0","0/0","0/0","0/0","0/0","0/0","0/0","0/0","0/0","0/0","0/0","0/0","0/0","0/0","0/0","0/0","0/0","0/0","0/0","0/0","0/0","0/0","0/0","0/0","0/0","0/0","0/0","0/0","0/0","0/0","0/0","0/0","0/0","0/0","0/0","0/0","0/0","0/0","0/0","0/0","0/0","0/0","0/0","0/0","0/0","0/0","0/0","0/0","0/0","0/0","0/0","0/0","0/0","0/0","0/0","0/0","0/0","0/0","0/0","0/0","0/0","0/0","0/0","0/0","0/0","0/0","0/0","0/0","0/0","0/0","0/0","0/0","0/0","0/0","0/0","0/0","0/0","0/0","0/0","0/0","0/0","0/0","0/0","0/0","0/0","0/0","0/0","0/0","0/0","0/0","0/0","0/0","0/0","0/0","0/0","0/0","0/0","0/0","0/0","0/0","0/0","0/0"
"chr13:79176323_GGCCGCCGCCCGGGCC/GGCCGCCGCCGCCCGGGCC_POU4F1",".",".",".",".",".",".",".",".",".",".","1/1","1/1","1/1",".","1/1","1/1",".","1/1","1/1","1/1","1/1","1/1","1/1",".","1/1","1/1","0/0",".","1/1","1/1","1/1","1/1","1/1",".",".",".",".",".",".",".",".",".",".",".",".",".",".",".",".",".",".",".",".",".","1/1",".",".",".",".",".",".",".","1/1",".","1/1",".",".",".",".","1/1",".","1/1","0/0",".",".","2/2",".",".",".",".",".",".",".","0/0",".",".",".",".","1/1","1/1",".",".",".",".",".",".","1/1",".",".",".",".",".","0/2","1/1",".",".",".",".",".",".",".",".",".",".",".",".",".",".",".",".","1/1",".",".",".",".",".",".",".",".",".",".",".",".",".","0/0",".",".",".",".",".",".",".",".",".",".",".",".",".",".",".",".",".","."
"chr13:79176483_CTGG/C_POU4F1","0/0","0/0","0/0","0/1","0/0","0/0","0/0","0/1","0/0","0/0","0/0","0/0","0/0","0/0","0/0","0/0","0/0","0/0","0/0","0/0","0/0","0/0","0/0","0/0","0/0","0/0","0/0","0/0","0/0","0/0","0/0","0/0","0/0","0/0","0/0","0/0","0/0","0/0","0/0","0/0","0/0","0/0","0/0","0/0","0/0","0/0","0/0","0/0","0/0","0/0","0/0","0/0","0/0","0/0","0/0","0/0","0/0","0/0","0/0","0/0","0/0","0/0","0/0","0/0","0/0","0/0","0/0","0/0","0/0","0/0","0/0","0/0","0/0","0/0","0/0","0/0","0/0","0/0","0/0","0/0","0/0","0/0","0/0","0/0","0/0","0/0","0/0","0/0","0/0","0/0","0/0","0/0","0/0","0/0","0/0","0/0","0/0","0/0","0/0","0/0","0/0","0/0","0/0","0/0","0/0","0/0","0/0","0/0","0/0","0/0","0/0","0/0","0/0","0/0","0/0","0/0","0/0","0/0","0/0","0/0","0/0","0/0","0/0","0/0","0/0","0/0","0/0","0/0","0/2","0/2","0/2","0/0","0/0","0/0","0/0","0/0","0/0","0/0","0/0","0/0","0/0","0/0","0/0","0/0","0/0","0/0","0/0","0/0","0/0","0/0","0/0","0/0","0/0"
"chr13:79918806_GT/G_RBM26","0/0","0/0","0/0","0/0","0/0","0/0","0/0","0/0","0/0","0/0","0/0","0/0","0/0","0/0","0/0","0/0","0/0","0/0","0/0","0/0","0/0","0/0","0/0","0/0","0/0","0/0","0/0","0/0","0/0","0/0","0/0","0/0","0/0","0/0","0/0","0/0","0/1","0/0","0/0","0/0","0/0","0/0","0/0","0/0","0/0","0/0","0/0","0/0","0/0","0/0","0/0","0/0","0/0","0/0","0/0","0/0","0/0","0/0","0/0","0/0","0/0","0/0","0/0","0/0","0/0","0/0","0/0","0/0","0/0","0/0","0/0","0/0","0/0","0/0","0/0","0/0","0/0","0/0","0/0","0/0","0/0","0/0","0/0","0/0","0/0","0/0","0/0","0/0","0/0","0/0","0/0","0/0","0/0","0/0","0/0","0/0","0/0","0/0","0/0","0/0","0/0","0/0","0/0","0/0","0/0","0/0","0/0","0/0","0/0","0/0","0/0","0/0","0/0","0/0","0/0","0/0","0/0","0/0","0/0","0/0","0/0","0/0","0/0","0/0","0/0","0/0","0/0","0/0","0/0","0/0","0/0","0/0","0/0","0/0","0/0","0/0","0/0","0/0","0/0","0/0","0/0","0/0","0/0","0/0","0/0","0/0","0/0","0/0","0/0","0/0","0/0","0/0","0/0"
"chr13:88327657_GC/G_SLITRK5","0/0","0/0","0/0","0/0","0/0","0/0","0/0","0/0","0/0","0/0","0/0","0/0","0/0","0/0","0/0","0/0","0/0","0/0","0/0","0/0","0/0","0/0","0/0","0/0","0/0","0/0","0/0","0/0","0/0","0/0","0/0","0/0","0/0","0/0","0/0","0/0","0/1","0/0","0/0","0/0","0/0","0/0","0/0","0/0","0/0","0/0","0/0","0/0","0/0","0/0","0/0","0/0","0/0","0/0","0/0","0/0","0/0","0/0","0/0","0/0","0/0","0/0","0/0","0/0","0/0","0/0","0/0","0/0","0/0","0/0","0/0","0/0","0/0","0/0","0/0","0/0","0/0","0/0","0/0","0/0","0/0","0/0","0/0","0/0","0/0","0/0","0/0","0/0","0/0","0/0","0/0","0/0","0/0","0/0","0/0","0/0","0/0","0/0","0/0","0/0","0/0","0/0","0/0","0/0","0/0","0/0","0/0","0/0","0/0","0/0","0/0","0/0","0/0","0/0","0/0","0/0","0/0","0/0","0/0","0/0","0/0","0/0","0/0","0/0","0/0","0/0","0/0","0/0","0/0","0/0","0/0","0/0","0/0","0/0","0/0","0/0","0/0","0/0","0/0","0/0","0/0","0/0","0/0","0/0","0/0","0/0","0/0","0/0","0/0","0/0","0/0","0/0","0/0"
"chr13:95363653_G/GGCA_SOX21","0/0","0/0","0/0","0/0","0/0","0/0","0/0","0/0","0/0","0/0","0/0","0/0","0/0","0/0","0/0","0/0","0/0","0/0","0/0","0/0","0/0","0/0","0/0","0/0","0/0","0/0","0/0","0/0","0/0","0/0","0/0","0/0","0/0","0/0","0/0","0/0","0/0","0/0","0/0","0/0","0/0","0/0","0/0","0/0","0/0","0/0","0/0","0/0","0/0","0/0","0/0","0/0","0/0","0/0","0/0","0/0","0/0","0/0","0/0","0/0","0/0","0/0","0/0","0/0","0/0","0/0","0/0","0/0","0/0","0/0","0/1","0/0","0/0","0/1","0/0","0/0","0/0","0/0","0/0","0/1","0/0","0/0","0/0","0/0","0/0","0/0","0/0","0/0","0/0","0/0","0/0","0/0","0/0","0/0","0/0","0/0","0/0","0/0","0/0","0/0","0/0","0/0","0/0","0/0","0/0","0/0","0/0","0/0","0/0","0/0","0/0","0/0","0/0","0/0","0/0","0/0","0/0","0/0","0/0","0/0","0/0","0/0","0/0","0/0","0/0","0/0","0/0","0/0","0/0","0/0","0/0","0/0","0/0","0/0","0/0","0/0","0/0","0/0","0/0","0/0","0/0","0/0","0/0","0/0","0/0","0/0","0/0","0/0","0/0","0/0","0/0","0/0","0/0"
"chr13:95363661_C/CGGCCGACTGCGGGAAGAAGA_SOX21","0/0","0/0","0/0","0/0","0/0","0/0","0/0","0/0","0/0","0/0","0/0","0/0","0/0","0/0","0/0","0/0","0/0","0/0","0/0","0/0","0/0","0/0","0/0","0/0","0/0","0/0","0/0","0/0","0/0","0/0","0/0","0/0","0/0","0/0","0/0","0/0","0/0","0/0","0/0","0/0","0/0","0/0","0/0","0/0","0/0","0/0","0/1","0/0","0/0","0/0","0/0","0/0","0/0","0/0","0/0","0/0","0/0","0/0","0/0","0/0","0/0","0/0","0/0","0/0","0/0","0/0","0/0","0/0","0/0","0/0","0/0","0/0","0/0","0/0","0/0","0/0","0/0","0/0","0/0","0/0","0/0","0/0","0/0","0/0","0/0","0/0","0/0","0/0","0/0","0/0","0/0","0/0","0/0","0/0","0/0","0/0","0/0","0/0","0/0","0/0","0/0","0/0","0/0","0/0","0/0","0/0","0/0","0/0","0/0","0/0","0/0","0/0","0/0","0/0","0/0","0/0","0/0","0/0","0/0","0/0","0/0","0/0","0/0","0/0","0/1","0/0","0/0","0/0","0/0","0/0","0/0","0/0","0/0","0/0","0/0","0/0","0/0","0/0","0/0","0/0","0/0","0/0","0/0","0/0","0/0","0/0","0/0","0/0","0/0","0/0","0/0","0/0","0/0"
"chr13:95363668_AGCC/A_SOX21","0/0","0/0","0/0","0/0","0/0","0/0","0/0","0/0","0/0","0/0","0/0","0/0","0/0","0/0","0/0","0/0","0/0","0/0","0/1","0/0","0/0","0/0","0/0","0/0","0/0","0/0","0/0","0/0","0/0","0/0","0/0","0/0","0/0","0/0","0/0","0/0","0/0","0/0","0/0","0/0","0/0","0/0","0/0","0/0","0/0","0/0","0/0","0/0","0/0","0/0","0/0","0/0","0/0","0/0","0/0","0/0","0/0","0/0","0/0","0/0","0/0","0/0","0/0","0/0","0/0","0/0","0/0","0/0","0/0","0/0","0/0","0/0","0/0","0/0","0/0","0/0","0/0","0/0","0/0","0/0","0/0","0/1","0/0","0/0","0/0","0/0","0/0","0/0","0/0","0/0","0/0","0/0","0/0","0/0","0/0","0/0","0/0","0/0","0/0","0/0","0/0","0/0","0/0","0/0","0/0","0/0","0/0","0/0","0/0","0/0","0/0","0/0","0/0","0/0","0/0","0/0","0/0","0/0","0/0","0/0","0/0","0/0","0/0","0/0","0/0","0/0","0/0","0/0","0/0","0/0","0/0","0/1","0/0","0/0","0/0","0/0","0/0","0/0","0/0","0/0","0/0","0/0","0/0","0/0","0/0","0/0","0/0","0/0","0/0","0/0","0/0","0/0","0/0"
"chr13:97639879_GA/G_OXGR1","0/0","0/0","0/0","0/0","0/0","0/0","0/0","0/0","0/0","0/0","0/0","0/0","0/0","0/0","0/0","0/0","0/0","0/0","0/0","0/0","0/0","0/0","0/0","0/1","0/0","0/0","0/0","0/0","0/0","0/0","0/0","0/0","0/0","0/0","0/0","0/0","0/0","0/0","0/0","0/0","0/0","0/0","0/0","0/0","0/0","0/0","0/0","0/0","0/0","0/0","0/0","0/0","0/0","0/0","0/1","0/0","0/0","0/0","0/1","0/0","0/0","0/0","0/0","0/0","0/0","0/0","0/0","0/0","0/0","0/0","0/0","0/0","0/0","0/0","0/0","0/1","0/1","0/0","0/0","0/1","0/1","0/0","0/0","0/0","0/0","0/0","0/0","0/0","0/0","0/0","0/0","0/0","0/0","0/0","0/0","0/0","0/0","0/0","0/0","0/0","0/1","0/1","0/1","0/0","0/0","0/0","0/0","0/0","0/0","0/1","0/0","0/0","0/0","0/0","0/1","0/0","0/0","0/0","0/0","0/0","0/0","0/0","0/0","0/0","0/1","0/1","0/0","0/0","0/0","0/0","0/0","0/0","0/0","0/0","0/0","0/0","0/0","0/0","0/0","0/0","0/0","0/0","0/0","0/0","0/0","0/0","0/0","0/0","0/0","0/0","0/0","0/0","0/0"
"chr13:100622667_TGGCGGCGGCGGC/T_ZIC5","0/0","0/0","0/0","0/1","2/3","2/3","0/3","0/3","0/0","0/3","0/0","0/0","0/2","0/3","0/0","0/0","0/0","0/3","0/3","0/3","0/0","0/3","0/0","0/0","0/0","0/0","0/3","0/1","0/0","0/0","0/3","0/0","0/0","0/0","0/0","0/0","0/0","0/3","0/0","0/5","2/6","0/3","0/0","0/2","0/3","0/0","0/3","0/0","0/0","0/0","0/0","3/3","0/3","0/3","0/3","0/6","0/3","0/3","0/3","0/5","0/0","0/3","0/3","0/3","0/3","0/0","0/0","0/3","0/3","0/0","0/0","0/0","0/0","0/0","0/0","0/0","0/0","0/0","0/0","0/0","0/0","0/0","0/0","0/2","0/2","0/2","0/2","0/0","0/2","0/2","0/3","0/3","0/3","0/3","0/3","0/3","0/0","3/3","0/0","0/0","0/0","0/0","0/0","0/0","0/0","0/0","0/0","0/0","0/0","0/0","0/1","0/3","0/0","0/0","2/4","0/1","0/1","0/0","0/6","0/0","0/6","0/6","0/1","0/0","2/4","2/4","0/0","0/0","0/0","0/3","0/0","0/0","0/0","0/0","0/0","0/0","0/0","0/0","0/0","0/0","0/0","0/0","0/0","0/0","0/0","0/0","0/3","0/3","0/3","0/3","0/3","0/3","0/3"
"chr13:100634393_CGCG/C_ZIC2","0/0","0/0","0/0","0/0","0/0","0/0","0/0","0/0","0/0","0/0","0/0","0/0","0/0","0/0","0/0","0/0","0/0","0/0","0/0","0/0","0/0","0/0","0/0","0/1","0/0","0/0","0/0","0/0","0/0","0/0","0/0","0/0","0/0","0/0","0/0","0/0","0/0","0/0","0/0","0/0","0/0","0/0","0/0","0/0","0/0","0/0","0/0","0/0","0/0","0/0","0/0","0/0","0/0","0/0","0/0","0/0","0/0","0/0","0/0","0/0","0/0","0/0","0/0","0/0","0/0","0/0","0/0","0/0","0/0","0/0","0/0","0/0","0/0","0/0","0/0","0/0","0/0","0/0","0/0","0/0","0/0","0/0","0/0","0/0","0/0","0/0","0/0","0/0","0/0","0/0","0/0","0/0","0/0","0/0","0/0","0/0","0/0","0/0","0/0","0/0","0/0","0/0","0/0","0/0","0/0","0/0","0/0","0/0","0/0","0/0","0/0","0/0","0/0","0/0","0/0","0/0","0/0","0/0","0/0","0/0","0/0","0/0","0/0","0/0","0/0","0/0","0/0","0/0","0/0","0/0","0/0","0/0","0/0","0/0","0/0","0/0","0/0","0/0","0/0","0/0","0/0","0/0","0/0","0/0","0/0","0/0","0/0","0/0","0/0","0/0","0/0","0/0","0/0"
"chr13:100635007_C/CCCA_ZIC2","0/0","0/0","0/0","0/0","0/0","0/0","0/0","0/0","0/0","0/0","0/0","0/0","0/0","0/0","0/0","0/0","0/1","0/1","0/0","0/0","0/0","0/1","0/0","0/0","0/0","0/0","0/0","0/0","0/0","0/0","0/0","0/0","0/1","0/0","0/0","1/1","0/0","0/0","0/0","0/0","0/0","0/0","0/0","0/1","0/0","0/0","0/0","0/0","0/0","0/1","0/0","0/0","0/0","0/0","0/0","0/0","0/0","0/0","0/0","0/0","0/0","0/0","0/0","0/0","0/0","0/0","0/0","0/0","0/0","0/0","0/0","0/1","0/1","0/0","0/0","0/1","0/1","0/0","0/0","0/1","0/1","0/0","0/0","0/0","0/0","0/0","0/0","0/1","0/0","0/0","0/0","0/0","0/0","0/0","0/0","0/0","0/1","0/0","0/0","0/0","0/0","0/0","0/0","0/0","0/0","0/0","0/0","0/0","0/0","0/0","0/0","0/0","0/0","0/0","0/0","0/0","0/0","0/1","0/0","0/1","0/0","0/0","0/0","0/1","0/0","0/0","0/0","0/0","0/0","0/0","0/0","0/0","0/0","0/0","0/0","0/0","0/0","0/0","0/0","0/0","0/0","0/0","0/0","0/0","0/0","0/0","0/0","0/0","0/0","0/0","0/0","0/0","0/0"
"chr13:103381995_CA/C_CCDC168","0/0","0/0","0/0","0/0","0/0","0/0","0/0","0/0","0/0","0/0","0/0","0/0","0/0","0/0","0/0","0/0","0/0","0/0","0/0","0/0","0/0","0/0","0/0","0/0","0/0","0/0","0/0","0/0","0/0","0/0","0/0","0/1","0/0","0/0","0/0","0/0","0/1","0/0","0/0","0/0","0/0","0/0","0/0","0/0","0/0","0/0","0/0","0/0","0/0","0/0","0/0","0/0","0/0","0/0","0/0","0/0","0/0","0/0","0/0","0/0","0/0","0/0","0/0","0/0","0/0","0/0","0/0","0/0","0/0","0/0","0/0","0/0","0/0","0/0","0/0","0/0","0/0","0/0","0/0","0/0","0/0","0/0","0/0","0/0","0/0","0/0","0/0","0/0","0/0","0/0","0/0","0/0","0/0","0/0","0/0","0/0","0/0","0/0","0/0","0/0","0/0","0/0","0/0","0/0","0/0","0/0","0/0","0/0","0/0","0/0","0/0","0/0","0/0","0/0","0/0","0/0","0/0","0/0","0/0","0/0","0/0","0/0","0/0","0/0","0/0","0/0","0/0","0/0","0/0","0/0","0/0","0/0","0/0","0/0","0/0","0/0","0/0","0/0","0/0","0/0","0/0","0/0","0/0","0/0","0/0","0/0","0/0","0/0","0/0","0/0","0/0","0/0","0/0"
"chr13:103386923_AT/A_CCDC168","0/0","0/0","0/0","0/0","0/0","0/0","0/0","0/0","0/0","0/1","0/0","0/0","0/0","0/0","0/0","0/0","0/0","0/0","0/0","0/0","0/0","0/0","0/0","0/0","0/0","0/0","0/0","0/0","0/0","0/0","0/0","0/0","0/0","0/0","0/0","0/0","0/0","0/0","0/0","0/0","0/0","0/0","0/0","0/0","0/0","0/0","0/0","0/0","0/0","0/0","0/0","0/0","0/0","0/0","0/0","0/0","0/0","0/0","0/0","0/0","0/0","0/0","0/0","0/0","0/0","0/0","0/0","0/0","0/0","0/0","0/0","0/0","0/0","0/0","0/0","0/0","0/0","0/0","0/0","0/0","0/0","0/0","0/0","0/0","0/0","0/0","0/0","0/0","0/0","0/0","0/0","0/0","0/0","0/0","0/0","0/0","0/0","0/0","0/0","0/0","0/0","0/0","0/0","0/0","0/0","0/0","0/0","0/0","0/0","0/0","0/0","0/0","0/0","0/0","0/0","0/0","0/0","0/0","0/0","0/0","0/0","0/0","0/0","0/0","0/0","0/0","0/0","0/0","0/0","0/0","0/0","0/0","0/0","0/0","0/0","0/0","0/0","0/0","0/0","0/0","0/0","0/0","0/0","0/1","0/0","0/0","0/0","0/0","0/0","0/1","0/0","0/0","0/0"
"chr13:103387617_CCTTCT/C_CCDC168","0/0","0/0","0/0","0/0","0/0","0/0","0/0","0/0","0/0","0/0","0/0","0/0","0/0","0/0","0/0","0/0","0/0","0/0","0/0","0/0","0/0","0/0","0/0","0/0","0/0","0/0","0/0","0/0","0/0","0/0","0/0","0/0","0/0","0/0","0/0","0/0","0/0","0/0","0/0","0/0","0/0","0/0","0/0","0/0","0/0","0/0","0/0","0/0","0/0","0/0","0/0","0/0","0/0","0/0","0/0","0/0","0/0","0/0","0/0","0/0","0/0","0/0","0/0","0/0","0/0","0/0","0/0","0/0","0/0","0/0","0/0","0/0","0/0","0/0","0/0","0/1","0/0","0/0","0/0","0/0","0/0","0/0","0/0","0/0","0/0","0/0","0/0","0/0","0/0","0/0","0/0","0/0","0/0","0/0","0/0","0/0","0/0","0/0","0/0","0/0","0/0","0/0","0/0","0/0","0/0","0/0","0/0","0/0","0/0","0/0","0/0","0/0","0/0","0/0","0/0","0/0","0/0","0/0","0/0","0/0","0/0","0/0","0/0","0/0","0/0","0/0","0/0","0/0","0/0","0/0","0/0","0/0","0/0","0/0","0/0","0/0","0/0","0/0","0/0","0/0","0/0","0/0","0/0","0/0","0/0","0/0","0/0","0/0","0/0","0/0","0/0","0/0","0/0"
"chr13:103399818_AT/A_CCDC168","0/0","0/0","0/0","0/0","0/0","0/0","0/0","0/0","0/0","0/0","0/0","0/0","0/0","0/0","0/0","0/0","0/0","0/0","0/0","0/0","0/0","0/0","0/0","0/0","0/0","0/0","0/0","0/0","0/0","0/0","0/0","0/0","0/0","0/0","0/0","0/0","0/1","0/0","0/0","0/0","0/0","0/0","0/0","0/0","0/0","0/0","0/0","0/0","0/0","0/0","0/0","0/0","0/0","0/0","0/0","0/0","0/0","0/0","0/0","0/0","0/0","0/0","0/0","0/0","0/0","0/0","0/0","0/0","0/0","0/0","0/0","0/0","0/0","0/0","0/0","0/0","0/0","0/0","0/0","0/0","0/0","0/0","0/0","0/0","0/0","0/0","0/0","0/0","0/0","0/0","0/0","0/0","0/0","0/0","0/0","0/0","0/0","0/0","0/0","0/0","0/0","0/0","0/0","0/0","0/0","0/0","0/0","0/0","0/0","0/0","0/0","0/0","0/0","0/0","0/0","0/0","0/0","0/0","0/0","0/0","0/0","0/0","0/0","0/0","0/0","0/0","0/0","0/0","0/0","0/0","0/0","0/0","0/0","0/0","0/0","0/0","0/0","0/0","0/0","0/0","0/0","0/0","0/0","0/0","0/0","0/0","0/0","0/0","0/0","0/0","0/0","0/0","0/0"
"chr13:103513923_A/AT_BIVM-ERCC5_ERCC5","0/0","0/0","0/0","0/0","0/0","0/0","0/0","0/0","0/0","0/0","0/0","0/0","0/0","0/0","0/0","0/0","0/0","0/1","0/0","0/0","0/0","0/0","0/0","0/0","0/0","0/0","0/0","0/0","0/0","0/0","0/0","0/0","0/0","0/0","0/0","0/0","0/0","0/0","0/0","0/0","0/0","0/0","0/0","0/0","0/0","0/0","0/0","0/0","0/0","0/0","0/0","0/0","0/0","0/0","0/0","0/0","0/0","0/0","0/0","0/0","0/0","0/0","0/0","0/0","0/0","0/0","0/0","0/0","0/0","0/0","0/0","0/0","0/0","0/0","0/0","0/0","0/0","0/0","0/0","0/0","0/0","0/0","0/0","0/0","0/0","0/0","0/0","0/0","0/0","0/0","0/0","0/0","0/0","0/0","0/0","0/0","0/0","0/0","0/0","0/0","0/0","0/0","0/0","0/0","0/0","0/0","0/0","0/0","0/0","0/0","0/0","0/0","0/0","0/0","0/0","0/0","0/0","0/0","0/0","0/0","0/0","0/0","0/0","0/0","0/0","0/0","0/0","0/0","0/0","0/0","0/0","0/0","0/0","0/0","0/0","0/0","0/0","0/0","0/0","0/0","0/0","0/0","0/0","0/0","0/0","0/0","0/0","0/0","0/0","0/0","0/0","0/0","0/0"
"chr13:111532293_CGGCTGTCCT/C_ANKRD10","0/0","0/0","0/0","0/0","0/0","0/0","0/0","0/0","0/0","0/0","0/0","0/0","0/0","0/0","0/0","0/0","0/0","0/0","0/0","0/0","0/0","0/0","0/0","0/0","0/0","0/0","0/0","0/0","0/0","0/0","0/0","0/0","0/0","0/0","0/0","0/0","0/0","0/0","0/0","0/0","0/0","0/0","0/0","0/0","0/0","0/0","0/0","0/0","0/0","0/0","0/0","0/0","0/0","0/0","0/0","0/0","0/0","0/0","0/0","0/0","0/0","0/0","0/1","0/0","0/0","0/0","0/0","0/0","0/0","0/0","0/0","0/0","0/0","0/0","0/0","0/0","0/0","0/0","0/0","0/0","0/0","0/0","0/0","0/0","0/0","0/0","0/0","0/0","0/0","0/0","0/0","0/0","0/0","0/0","0/0","0/0","0/0","0/0","0/0","0/0","0/0","0/0","0/0","0/0","0/0","0/0","0/0","0/0","0/0","0/0","0/0","0/0","0/0","0/0","0/0","0/0","0/0","0/0","0/0","0/0","0/0","0/0","0/0","0/0","0/0","0/0","0/0","0/0","0/0","0/0","0/0","0/0","0/0","0/0","0/0","0/0","0/0","0/0","0/0","0/0","0/0","0/0","0/0","0/0","0/0","0/0","0/0","0/0","0/0","0/0","0/0","0/0","0/0"
"chr13:112722435_ATGGGCG/A_SOX1","0/1","0/1","0/1","0/0","0/1","0/0","0/1","0/1","0/1","0/0","0/0","0/1","0/0","0/0","0/0","0/0","0/0","0/0","0/0","0/0","0/0","0/1","0/0","0/1","0/0","0/0","0/1","1/1","0/0","0/0","0/1","0/0","0/0","0/0","0/0","0/0","0/0","0/0","0/0","0/0","0/0","0/0","0/0","0/0","0/0","0/0","0/0","0/0","0/0","0/0","0/0","0/0","0/0","0/0","0/0","0/0","0/0","0/0","0/0","0/0","0/0","0/1","0/0","0/0","0/0","0/0","0/1","0/0","0/0","0/1","0/0","0/0","0/0","0/0","0/0","0/1","0/1","0/0","0/0","0/1","0/1","0/0","0/0","0/0","0/0","0/0","0/1","0/0","0/0","0/0","0/0","0/0","0/0","0/0","0/0","0/0","0/0","0/1","0/1","0/1","0/0","0/0","0/0","0/0","0/0","0/0","0/0","0/0","0/0","0/0","0/0","0/1","0/1","0/0","0/0","0/1","0/1","0/0","0/0","0/0","0/0","0/0","0/1","0/0","0/0","0/0","0/0","0/0","0/0","0/0","0/0","0/0","0/0","0/1","0/0","0/0","0/1","0/1","0/0","0/0","0/0","0/0","0/0","0/0","0/0","0/0","0/1","0/1","0/1","0/0","0/0","0/0","0/0"
"chr13:112722559_TGGC/T_SOX1","0/0","0/0","0/0","0/0","0/0","0/0","0/0","0/0","0/0","0/0","0/0","0/0","0/0","0/0","0/0","0/0","0/0","0/0","0/0","0/0","0/0","0/0","0/0","0/0","0/0","0/0","0/0","0/0","0/0","0/0","0/0","0/0","0/0","0/0","0/0","0/0","0/0","0/0",".","0/0","0/0","0/0","0/0","0/0","0/0","0/0","0/0","0/0","0/0","0/0","0/0","0/0","0/0","0/0","0/0","0/0","0/1","0/0","0/0","0/0","0/0","0/0","0/0","0/0","0/0","0/0","0/0","0/0","0/0","0/0","0/0","0/0","0/0","0/0","0/0","0/0","0/0","0/0","0/0","0/0","0/0","0/0","0/0","0/0","0/0","0/0","0/0","0/0","0/0","0/0","0/0","0/0","0/0","0/0","0/0","0/0","0/0","0/0","0/0","0/0","0/0","0/0","0/0","0/0","0/0","0/0","0/0","0/0","0/0","0/0","0/0","0/0","0/0","0/0","0/0","0/0","0/0","0/0","0/1","0/0","0/0","0/0","0/0","0/0","0/0","0/0","0/0","0/0","0/0","0/0","0/0","0/0","0/0","0/0","0/0","0/0","0/0","0/0","0/0","0/0","0/0","0/0","0/0","0/0","0/0","0/0","0/0","0/0","0/0","0/0","0/0","0/0","0/0"
"chr13:112722642_C/CCGCACGCGCACCCCG_SOX1","0/0","0/0","0/0","0/0","0/1","0/0","0/0","0/0","0/0","0/0","0/0","0/0","0/0","0/0","0/0","0/0","0/0","0/0","0/0","0/0","0/0","0/0","0/0","0/0","0/0","0/0","0/0","0/0","0/0","0/0","0/0","0/0","0/0","0/0","0/0","0/0","0/0","0/0","0/0","0/0","0/0","0/0","0/0","0/0","0/0","0/0","0/0","0/0","0/0","0/0","0/0","0/0","0/0","0/0","0/0","0/0","0/0","0/0","0/0","0/0","0/0","0/0","0/0","0/0","0/0","0/0","0/0","0/0","0/0","0/0","0/0","0/0","0/0","0/0","0/0","0/0","0/0","0/0","0/0","0/0","0/0","0/0","0/0","0/0","0/0","0/0","0/0","0/0","0/0","0/0","0/0","0/0","0/0","0/0","0/0","0/0","0/0","0/0","0/0","0/0","0/0","0/0","0/0","0/0","0/0","0/0","0/0","0/0","0/0","0/0","0/0","0/0","0/0","0/0","0/0","0/0","0/0","0/0","0/0","0/0","0/0","0/0","0/0","0/0","0/0","0/0","0/0","0/0","0/0","0/0","0/0","0/0","0/0","0/0","0/0","0/0","0/0","0/0","0/0","0/0","0/0","0/0","0/0","0/0","0/0","0/0","0/0","0/0","0/0","0/0","0/0","0/0","0/0"
"chr13:112722790_ACGGCGGCCTCCCCTACGGCGCCGCGGCCGCCGCCGCCGCCGCTGCGGGCGGCGCGCACCAGAACTCGGCCGTGGCGGCGGCGGCGGCGG/A_SOX1","0/0","0/0","0/0","0/1","0/0","0/0","0/0","0/0","0/0","0/0","0/0","0/0","0/1","0/0","0/0","0/0","0/0","0/1","0/0","0/0","0/0","0/0","0/0","0/0","0/0","0/0","0/0","0/0","0/0","0/0","0/0","0/0","0/0","0/0","0/1","0/0","0/0","0/0","0/0","0/0","0/0","0/0","0/0","0/0","0/0","0/0","0/0","0/0","0/0","0/0","0/1","0/0","0/0","0/0","0/0","0/0","0/0","0/0","0/0","0/0","0/0","0/0","0/0","0/0","0/0","0/0","0/0","0/0","0/0","0/0","0/0","0/0","0/0","0/0","0/1","0/0","0/0","0/0","0/0","0/0","0/0","0/0","0/0","0/0","0/0","0/0","0/0","0/0","0/0","0/0","0/0","0/0","0/0","0/0","0/0","0/0","0/0","0/0","0/0","0/0","0/0","0/0","0/0","0/0","0/0","0/0","0/0","0/0","0/0","0/0","0/0","0/0","0/1","0/0","0/0","0/0","0/0","0/0","0/0","0/0","0/0","0/0","0/0","0/0","0/0","0/0","0/0","0/0","0/1","0/0","0/0","0/0","0/0","0/0","0/1","0/1","0/0","0/0","0/0","0/0","0/1","0/0","0/0","0/0","0/0","0/0","0/0","0/0","0/0","0/0","0/0","0/0","0/0"
"chr13:112722812_CGCGGCCGCCGCCGCCGCCGCTGCGGGCGGCGCGCACCAGAACTCGGCCGTGGCGGCGGCGGCGGCGGCG/C_SOX1","0/0","0/0","0/0","0/2","0/0","0/0","0/0","0/0","0/0","0/0","0/0","0/0","0/2","0/0","0/0","0/0","0/0","0/2","0/1","0/0","0/0","0/0","0/0","0/0","0/0","0/0","0/0","0/0","0/0","0/0","0/0","0/0","0/0","0/0","0/2","0/0","0/0","0/0","0/0","0/0","0/0","0/0","0/0","0/0","0/0","0/0","0/0","0/0","0/0","0/0","0/2","0/0","0/0","0/0","0/0","0/1","0/0","0/0","0/0","0/0","0/0","0/0","0/0","0/0","0/0","0/0","0/0","0/0","0/0","0/1","0/0","0/0","0/0","0/0","0/1","0/0","0/0","0/1","0/0","0/1","0/0","0/0","0/0","0/0","0/0","0/0","0/0","0/0","0/0","0/0","0/0","0/0","0/0","0/0","0/0","0/0","0/0","0/1","0/0","0/1","0/0","0/0","0/0","0/0","0/1","0/0","0/0","0/0","0/0","0/0","0/0","0/0","0/2","0/0","0/0","0/1","0/1","0/0","0/0","0/0","0/0","0/0","0/0","0/0","0/0","0/0","0/0","0/0","0/1","0/0","0/0","0/0","0/0","0/0","0/2","0/1","0/0","0/0","0/0","0/0","0/2","0/0","0/0","0/0","0/0","0/0","0/0","0/0","0/0","0/0","0/0","0/0","0/0"
"chr13:112723111_C/CGGGCGT_SOX1","0/1","0/0","0/1","0/0","0/1","0/1","0/0","0/1","0/1","0/0","0/0","0/1","0/0","0/0","0/0","0/0","0/0","0/0","0/0","0/0","0/0","0/1","0/0","0/1","0/0","0/0","0/1","0/1","0/0","0/0","0/1","0/0","0/0","0/0","0/0","0/0","0/0","0/0","0/0","0/0","0/0","0/0","0/0","0/0","0/0","0/0","0/0","0/0","0/0","0/0","0/0","0/0","0/0","0/1","0/0","0/0","0/0","0/0","0/0","0/0","0/0","0/0","0/0","0/0","0/0","0/0","0/1","0/0","0/0","0/1","0/0","0/0","0/0","0/0","0/0","0/1","1/1","0/0","0/0","0/0","0/1","0/0","0/0","0/0","0/0","0/1","0/1","0/0","0/0","0/0","0/0","0/0","0/0","0/0","0/0","0/0","0/0","0/1","0/1","0/1","0/0","0/0","0/0","0/0","0/0","0/0","0/0","0/0","0/0","0/0","0/0","0/1","0/0","0/0","0/0","0/1","0/1","0/0","0/0","0/0","0/0","0/0","0/1","0/0","0/0","0/0","0/0","0/0","0/0","0/0","0/0","0/0","0/0","0/0","0/0","0/0","0/0","0/0","0/0","0/0","0/0","0/0","0/0","0/0","0/0","0/0","0/1","0/1","1/1","0/0","0/0","0/0","0/0"
"chr13:113201852_ATGGGAAAGTCGCGCGTGGGAAAGTCGCGCG/ATGGGAAAGTCGCGCG_TUBGCP3","0/0","0/0","0/0","0/0","0/0","0/0","0/0","0/0","0/0","0/0","1/1","0/0","0/1","1/1","0/0","0/1","0/1","0/1","1/1","0/0","0/0","0/0","1/1","0/0","0/0","0/0","1/1","0/0","0/1","1/1","0/0","1/1","0/0","0/0","0/1","0/1","0/1","0/0","0/0","0/1","0/5","0/0","0/1","0/5","0/0","0/0","0/0","0/2","0/0","0/3","1/1","0/0","1/1","0/1","1/1","0/0","0/5","0/1","0/0","0/0","0/1","0/1","1/1","0/0","0/1","0/1","0/1","0/0","3/3","0/1","0/1","0/0","0/0","0/1","0/1","0/1","0/1","0/0","0/0","0/1","0/1","1/1","1/1","0/4","0/4","1/1","0/0","0/1","0/1","0/1","0/1","0/1","0/1","0/0","0/1","0/1","0/1","0/1","1/1","1/1","0/0","0/1","0/0","0/1","0/1","1/1","1/1","0/1","0/0","0/1","0/0","0/1","0/1","0/0","0/1","0/1","0/1","0/0","0/1","0/1","0/1","0/0","0/1",".","0/1","0/1","0/0","0/0","0/0","0/0","0/0","0/1","0/0","0/0","0/0","0/0","0/0","0/0","0/0","0/0","0/1","0/1","0/1","1/1","1/1","1/1","0/0","0/0","0/0","0/1","0/1","0/0","0/1"
"chr13:113760179_CCT/C_F7","0/0","0/0","0/0","0/0","0/0","0/0","0/0","0/0","0/0","0/0","0/0","0/0","0/0","0/0","0/0","0/0","0/0","0/0","0/0","0/0","0/0","0/0","0/0","0/0","0/0","0/0","0/0","0/0","0/0","0/0","0/0","0/0","0/0","0/0","0/0","0/0","0/0","0/0","0/0","0/0","0/0","0/0","0/0","0/0","0/0","0/0","0/0","0/0","0/0","0/0","0/0","0/0","0/0","0/0","0/0","0/0","0/0","0/0","0/0","0/0","0/0","0/0","0/0","0/0","0/0","0/0","0/0","0/0","0/0","0/0","0/0","0/0","0/0","0/0","0/0","0/0","0/0","0/0","0/0","0/0","0/0","0/0","0/0","0/0","0/0","0/1","0/1","0/0","0/0","0/0","0/0","0/0","0/0","0/0","0/0","0/0","0/0","0/0","0/0","0/0","0/0","0/0","0/0","0/0","0/0","0/0","0/0","0/0","0/0","0/0","0/0","0/0","0/0","0/0","0/0","0/0","0/0","0/0","0/0","0/0","0/0","0/0","0/0","0/0","0/0","0/0","0/0","0/0","0/0","0/0","0/0","0/0","0/0","0/0","0/0","0/0","0/0","0/0","0/0","0/0","0/0","0/0","0/0","0/0","0/0","0/0","0/0","0/0","0/0","0/0","0/0","0/0","0/0"
"chr13:113813549_ACT/A_PROZ","0/0","0/0","0/0","0/0","0/0","0/0","0/0","0/0","0/0","0/0","0/0","0/0","0/0","0/0","0/0","0/0","0/0","0/0","0/0","0/0","0/0","0/0","0/0","0/0","0/0","0/0","0/0","0/0","0/0","0/0","0/0","0/0","0/0","0/0","0/0","0/0","0/0","0/0","0/0","0/0","0/0","0/0","0/0","0/0","0/0","0/0","0/0","0/0","0/0","0/0","0/0","0/0","0/0","0/0","0/0","0/0","0/0","0/0","0/0","0/0","0/0","0/0","0/0","0/0","0/0","0/0","0/0","0/0","0/0","0/0","0/0","0/0","0/0","0/0","0/0","0/0","0/0","0/0","0/0","0/0","0/0","0/0","0/0","0/0","0/0","0/0","0/0","0/0","0/0","0/0","0/0","0/0","0/0","0/0","0/0","0/0","0/0","0/0","0/0","0/0","0/0","0/0","0/0","0/0","0/0","0/0","0/0","0/0","0/0","0/0","0/0","0/0","0/0","0/0","0/0","0/1","0/1","0/0","0/0","0/0","0/0","0/0","0/1","0/0","0/0","0/0","0/0","0/0","0/0","0/0","0/0","0/0","0/0","0/0","0/0","0/0","0/0","0/0","0/0","0/0","0/0","0/0","0/0","0/0","0/0","0/0","0/0","0/0","0/0","0/0","0/0","0/0","0/0"
"chr13:113979972_A/ACACT_GRTP1","0/0","0/0","0/0","0/0","0/0","0/0","0/0","0/0","0/0","0/0","0/0","0/0","0/0","0/0","0/0","0/1","0/0","0/0","0/1","0/0","0/0","0/0","0/0","0/0","0/1","0/0","0/1","0/1","0/0","0/0","0/0","0/1","0/1","0/1","0/0","0/0","0/0","0/0","0/0","0/0","0/1","0/0","0/1","0/0","0/1","0/0","0/0","0/0","0/0","0/0","0/0","0/0","0/0","0/0","0/0","0/0","0/0","0/0","1/1","0/0","0/0","0/0","0/0","0/0","0/0","0/1","0/0","0/0","0/0","0/0","0/1","0/0","0/0","0/1","0/1","0/0","0/0","0/0","0/0","0/0","0/0","0/0","0/0","0/1","0/1","0/1","0/1","0/0","0/0","0/0","0/0","0/1","0/1","0/0","0/0","0/0","0/0","0/1","0/1","0/1","1/1","0/0","1/1","0/1","0/1","0/0","0/0","0/1","0/1","0/0","0/0","0/0","0/0","0/0","0/0","0/0","0/0","0/0","0/0","0/0","0/0","0/0","0/0","0/0","0/0","0/0","0/0","0/0","0/1","0/1","0/1","0/1","0/0","0/0","0/0","0/0","0/0","0/0","0/0","0/0","0/0","0/1","0/1","0/0","0/0","0/0","0/0","0/0","0/0","0/0","0/0","0/0","0/0"
"chr13:114060985_C/CAAG_LOC101928841","0/0",".","0/0",".",".",".","0/0","1/1",".",".",".",".",".",".",".",".",".",".",".","0/0",".",".",".",".",".",".",".",".",".",".",".","0/0",".",".",".",".",".","0/0",".",".","0/0","0/0",".",".",".",".",".",".",".","0/0",".","0/0",".",".",".",".",".","0/0","0/0",".",".",".",".",".","0/0","0/0",".","0/0",".",".",".",".",".",".","0/0",".",".","0/0",".",".",".",".",".","0/0",".","0/0",".",".","0/0",".","0/0",".",".",".",".","0/0",".",".",".",".","0/0",".",".","0/0",".",".",".",".",".",".",".",".",".",".","0/0","0/0","1/1",".","0/0",".",".",".",".",".",".","0/0","0/0","0/0","0/0",".","0/0",".",".",".","0/0","0/0","0/0",".",".","0/0",".",".",".",".",".",".","0/0",".",".","0/0",".",".","0/0"
"chr13:114542717_G/GC_GAS6","0/0","0/0","0/0","0/0","0/0","0/0","0/0","0/0","0/0","0/0","0/0","0/0","0/0","0/0","0/0","0/0","0/0","0/0","0/0","0/0","0/0","0/0","0/0","0/0","0/0","0/0","0/0","0/0","0/0","0/0","0/0","0/0","0/0","0/0","0/0","0/0","0/1","0/0","0/0","0/0","0/0","0/0","0/0","0/0","0/0","0/0","0/0","0/0","0/0","0/0","0/0","0/0","0/0","0/0","0/0","0/0","0/0","0/0","0/0","0/0","0/0","0/0","0/0","0/0","0/0","0/0","0/0","0/0","0/0","0/0","0/0","0/0","0/0","0/0","0/0","0/0","0/0","0/0","0/0","0/0","0/0","0/0","0/0","0/0","0/0","0/0","0/0","0/0","0/0","0/0","0/0","0/0","0/0","0/0","0/0","0/0","0/0","0/0","0/0","0/0","0/0","0/0","0/0","0/0","0/0","0/0","0/0","0/0","0/0","0/0","0/0","0/0","0/0","0/0","0/0","0/0","0/0","0/0","0/0","0/0","0/0","0/0","0/0","0/0","0/0","0/0","0/0","0/0","0/0","0/0","0/0","0/0","0/0","0/0","0/0","0/0","0/0","0/0","0/0","0/0","0/0","0/0","0/0","0/0","0/0","0/0","0/0","0/0","0/0","0/0","0/0","0/0","0/0"
"chr13:115057178_GAAA/G_UPF3A","0/0","0/0","0/0","0/0","0/0","0/0","0/0","0/0","0/0","0/0","0/0","0/0","0/0","0/0","0/0","0/0","0/0","0/0","0/0","0/0","0/0","0/0","0/0","0/0","0/0","0/0","0/0","0/0","0/0","0/0","0/0","0/0","0/0","0/0","0/0","0/0","0/0","0/0","0/0","0/0","0/0","0/0","0/0","0/0","0/0","0/0","0/0","0/0","0/0","0/0","0/0","0/0","0/0","0/0","0/0","0/0","0/0","0/0","0/0","0/0","0/0","0/0","0/0","0/0","0/0","0/0","0/0","0/0","0/0","0/0","0/0","0/0","0/0","0/0","0/0","0/0","0/0","0/0","0/0","0/0","0/0","0/0","0/0","0/0","0/0","0/0","0/0","0/0","0/1","0/1","0/0","0/0","0/0","0/0","0/0","0/0","0/0","0/0","0/0","0/0","0/0","0/0","0/0","0/0","0/0","0/0","0/0","0/0","0/0","0/0","0/0","0/0","0/0","0/0","0/0","0/0","0/0","0/0","0/0","0/0","0/0","0/0","0/0","0/0","0/0","0/0","0/0","0/0","0/0","0/0","0/0","0/0","0/0","0/0","0/0","0/0","0/0","0/0","0/0","0/0","0/0","0/0","0/0","0/0","0/0","0/0","0/0","0/0","0/0","0/0","0/0","0/0","0/0"
"chr14:20528448_TCATAGATTTGCTCACTGAC/T_OR4L1","1/1","1/1","1/1","0/0","0/0","0/0","1/1","1/1","1/1","0/1","0/0","0/1","0/1","0/1","1/1","0/1","0/1","1/1","0/1","0/1","0/1","1/1","0/1","1/1","0/1","0/1","1/1","0/0","0/1","0/1","0/1","0/1","0/1","0/0","0/1","0/1","1/1","0/1","0/1","0/1","0/0","0/1","0/0","1/1","0/1","1/1","0/1","1/1","0/0","0/1","1/1","0/1","1/1","1/1","0/1","0/1","1/1","1/1","0/1","1/1","0/1","1/1","1/1","0/1","0/1","1/1","1/1","1/1","1/1","1/1","1/1","0/1","0/1","0/0","0/0","0/1","0/1","0/1","0/1","1/1","1/1","0/0","1/1","0/1","0/1","0/1","0/1","1/1","0/1","0/1","0/1","1/1","1/1","0/1","0/1","0/1","1/1","0/0","0/1","0/1","0/1","1/1","0/1","0/1","0/1","0/1","0/1","1/1","1/1","1/1","0/0","0/1","0/1","1/1","0/1","1/1","1/1","0/1","0/1","0/1","0/1","0/1","1/1","0/1","0/1","0/1","1/1","1/1","0/1","0/1","0/1","1/1","0/1","1/1","0/1","0/1","1/1","1/1","0/0","0/0","0/0","1/1","1/1","0/1","0/1","0/1","1/1","1/1","1/1","0/1","0/1","0/1","0/1"
"chr14:20666175_C/CA_OR11G2","1/1","1/1","1/1","1/1","1/1","1/1","0/0","0/0","0/0","0/1","0/1","0/1","1/1","0/1","0/0","0/1","0/1","0/1","0/0","1/1","0/1","0/0","0/0","0/1","0/1","0/1","0/1","0/0","0/0","1/1","0/1","0/0","0/0","1/1","0/1","0/0","1/1","0/1","0/0","0/1","0/1","0/1","0/1","0/1","0/1","0/1","0/1","0/1","0/1","0/1","0/1","0/1","0/0","1/1","0/1","0/1","0/0","0/1","0/1","1/1","0/0","0/1","1/1","1/1","1/1","0/1","1/1","0/0","0/0","1/1","0/1","0/1","0/1","1/1","1/1","0/1","0/1","0/1","0/1","0/1","0/1","0/1","0/1","0/1","0/1","0/0","0/0","0/0","0/1","0/1","0/1","1/1","1/1","0/1","0/1","0/1","0/0","0/1","0/1","0/1","1/1","0/0","1/1","0/1","0/1","0/1","0/1","0/0","0/0","0/0","1/1","0/1","0/1","0/1","1/1","0/0","0/0","0/1","0/1","0/1","0/1","0/1","0/0","0/1","1/1","1/1","0/1","0/1","0/0","0/0","0/0","0/1","0/0","0/1","0/0","0/0","0/1","0/1","0/0","0/1","0/0","0/1","0/1","1/1","1/1","1/1","0/1","0/1","0/1","0/0","0/0","0/0","0/0"
"chr14:23240713_T/TAGC_OXA1L","0/0","0/0","0/0","0/0","0/0","0/0","0/0","0/0","0/0","0/0","0/0","0/0","0/0","1/1","0/0","0/0","0/0","0/1","0/0","0/0","0/0","1/1","0/1","0/0","0/0","0/0","0/1","0/0","0/0","0/1","0/0","0/0","0/0","0/0","0/0","0/0","0/0","0/0","0/0","0/1","0/0","0/0","0/0","1/1","0/0","0/0","0/0","0/0","0/0","0/0","0/0","0/0","0/0","0/0","0/1","0/1","0/0","0/0","0/0","0/1","0/0","0/0","0/0","0/0","0/0","0/1","0/0","0/0","0/0","0/0","0/1","0/0","0/0","0/1","0/1","0/1","0/1","0/0","0/0","0/1","0/1","0/1","0/0","0/0","0/0","0/0","0/0","0/0","0/0","0/0","0/1","0/0","0/0","0/0","0/0","0/1","0/0","0/0","0/0","0/0","0/0","0/0","0/0","0/0","0/0","0/0","0/0","0/1","0/1","0/0","0/0","0/0","0/0","0/0","0/1","0/0","0/0","0/0","0/0","0/0","0/0","0/0","0/0","0/0","0/1","0/1","0/0","0/0","0/1","0/1","0/1","0/0","0/0","0/0","0/0","0/0","0/0","0/0","0/0","0/0","0/0","0/0","0/0","0/1","0/1","0/1","1/1","1/1","1/1","0/0","0/0","0/0","0/0"
"chr14:23371255_G/GGGC_RBM23","1/1","1/1","1/1","1/1","1/1","1/1","1/1","1/1","1/1","1/1","0/1","1/1","1/1","0/1","1/1","1/1","1/1","1/1","0/1","0/1","1/1","0/1","1/1","1/1","1/1","0/1","1/1","1/1","1/1","1/1","1/1","0/1","1/1","1/1","0/1","1/1","1/1","1/1","1/1","0/1","1/1","1/1","1/1","1/1","0/1","0/1","1/1","1/1","1/1","1/1","1/1","0/1","1/1","0/1","1/1","1/1","1/1","1/1","1/1","1/1","1/1","0/1","1/1","0/0","0/0","1/1","0/1","1/1","1/1","0/1","1/1","0/1","0/1","1/1","1/1","0/1","0/1","1/1","1/1","1/1","1/1","0/1","1/1","1/1","1/1","1/1","1/1","0/1","1/1","1/1","1/1","0/1","0/1","1/1","1/1","1/1","0/1","1/1","1/1","1/1","1/1","1/1","1/1","1/1","1/1","0/1","0/1","0/1","0/1","1/1","1/1","1/1","1/1","1/1","0/1","0/1","0/1","1/1","0/1","1/1","0/1","0/1","0/1","1/1","0/1","0/1","1/1","1/1","1/1","1/1","1/1","1/1","1/1","1/1","1/1","1/1","1/1","1/1","0/1","0/1","0/1","1/1","1/1","1/1","1/1","1/1","1/1","1/1","1/1","1/1","1/1","1/1","1/1"
"chr14:23375570_GACT/G_RBM23","0/0","0/0","0/0","0/0","0/0","0/0","0/0","0/0","0/0","0/0","0/0","0/0","0/0","0/0","0/0","0/1","0/0","0/0","0/0","0/0","0/0","0/0","0/0","0/0","0/0","0/0","0/0","0/0","0/0","0/0","0/0","0/0","0/0","0/0","0/0","0/0","0/0","0/0","0/0","0/0","0/0","0/0","0/0","0/0","0/0","0/0","0/0","0/0","0/0","0/0","0/0","0/0","0/0","0/0","0/0","0/0","0/0","0/0","0/0","0/0","0/0","0/0","0/0","0/0","0/0","0/0","0/0","0/0","0/0","0/0","0/0","0/0","0/0","0/0","0/0","0/0","0/0","0/0","0/0","0/0","0/0","0/0","0/0","0/0","0/0","0/0","0/0","0/0","0/0","0/0","0/0","0/0","0/0","0/0","0/0","0/0","0/0","0/0","0/0","0/0","0/0","0/0","0/0","0/0","0/0","0/0","0/0","0/0","0/0","0/0","0/0","0/0","0/0","0/0","0/0","0/0","0/0","0/0","0/0","0/0","0/0","0/0","0/0","0/0","0/0","0/0","0/0","0/0","0/0","0/0","0/0","0/0","0/0","0/0","0/0","0/0","0/0","0/0","0/0","0/0","0/0","0/0","0/0","0/0","0/0","0/0","0/0","0/0","0/0","0/0","0/0","0/0","0/0"
"chr14:23450706_GC/G_AJUBA","0/0","0/0","0/0","0/0","0/0","0/0","0/0","0/0","0/0","0/0","0/0","0/0","0/0","0/0","0/0","0/0","0/0","0/0","0/0","0/0","0/0","0/0","0/0","0/0","0/0","0/0","0/0","0/0","0/0","0/0","0/0","0/0","0/0","0/0","0/0","0/0","0/0","0/0","0/0","0/0","0/0","0/0","0/0","0/0","0/0","0/0","0/0","0/0","0/0","0/0","0/0","0/1","0/0","0/0","0/0","0/0","0/0","0/0","0/0","0/0","0/0","0/0","0/0","0/0","0/0","0/0","0/0","0/0","0/0","0/0","0/0","0/0","0/0","0/0","0/0","0/0","0/0","0/0","0/0","0/0","0/0","0/0","0/0","0/0","0/0","0/0","0/0","0/0","0/0","0/0","0/0","0/0","0/0","0/0","0/0","0/0","0/0","0/0","0/0","0/0","0/0","0/0","0/0","0/0","0/0","0/0","0/0","0/0","0/0","0/0","0/0","0/0","0/0","0/0","0/0","0/0","0/0","0/0","0/0","0/0","0/0","0/0","0/0","0/0","0/0","0/0","0/0","0/0","0/0","0/0","0/0","0/0","0/0","0/0","0/0","0/0","0/0","0/0","0/0","0/0","0/0","0/0","0/0","0/0","0/0","0/0","0/0","0/0","0/0","0/0","0/0","0/0","0/0"
"chr14:23548783_A/AGAACGT_ACIN1","0/1","0/1","0/1","0/1","0/1","0/1","0/0","0/0","0/0","1/1","0/1","0/1","0/1","0/1","1/1","0/1","1/1","0/1","0/0","0/1","0/0","0/1","0/1","0/1","0/1","0/1","0/0","0/1","0/1","0/1","0/0","0/1","0/0","0/0","0/0","0/1","0/0","0/1","0/1","0/1","0/1","0/1","0/0","0/1","0/0","0/1","0/0","0/0","0/0","0/0","0/0","0/1","0/0","1/1","0/1","0/0","0/1","0/1","0/1","0/1","0/1","0/1","1/1","0/1","0/1","0/0","0/1","0/1","0/1","0/1","0/0","0/1","0/1","0/1","0/1","0/1","0/1","0/1","0/1","1/1","1/1","0/1","0/0","0/1","0/1","0/1","0/1","1/1","1/1","1/1","0/1","0/0","0/0","0/1","0/1","0/1","1/1","0/0","0/1","0/1","0/1","1/1","0/1","0/1","0/1","0/1","0/1","0/1","0/1","1/1","0/1","0/1","0/1","0/0","0/1","0/1","0/1","1/1","0/1","1/1","0/1","0/1","0/1","1/1","0/1","0/1","0/0","0/0","0/0","0/0","0/0","0/0","0/1","0/1","0/1","0/1","0/1","0/1","0/0","0/0","0/0","0/0","0/0","0/1","0/1","0/1","0/1","0/1","0/1","1/1","1/1","1/1","1/1"
"chr14:23549878_TTCC/T_ACIN1","0/1","0/1","0/1","0/1","0/1","0/1","0/0","0/0","0/0","1/1","0/1","0/0","0/1","0/0","0/1","0/0","0/1","0/0","0/0","0/0","0/0","0/1","0/1","0/1","0/1","0/0","0/0","0/0","0/1","0/0","0/0","0/0","0/0","0/0","0/0","0/0","0/0","0/1","0/0","0/0","0/1","0/0","0/0","0/1","0/0","0/0","0/0","0/0","0/0","0/0","0/0","0/0","0/0","0/1","0/1","0/0","0/1","0/0","0/1","0/0","0/1","0/0","0/1","0/1","0/1","0/0","0/1","0/1","0/1","0/1","0/0","0/0","0/0","0/0","0/0","0/1","0/1","0/1","0/1","0/0","0/0","0/0","0/0","0/0","0/0","0/1","0/1","1/1","0/1","0/1","0/0","0/0","0/0","0/0","0/0","0/0","1/1","0/0","0/1","0/1","0/0","0/1","0/0","0/1","0/1","0/0","0/0","0/0","0/0","0/1","0/1","0/0","0/0","0/0","0/1","0/1","0/1","0/0","0/1","0/0","0/1","0/1","0/1","0/0","0/1","0/1","0/0","0/0","0/0","0/0","0/0","0/0","0/0","0/1","0/0","0/0","0/1","0/1","0/0","0/0","0/0","0/0","0/0","0/0","0/0","0/0","0/0","0/0","0/0","0/0","0/0","0/0","0/0"
"chr14:23744800_ACATCAT/ACAT_HOMEZ","0/1","0/1","0/1","1/2","0/1","0/1","1/2","1/2","1/2","0/0","0/1","0/1","0/1","0/2","0/2","1/2","0/1","0/1","0/0","0/0","0/1","0/0","0/1","0/1","0/0","1/2","0/1","1/2","0/0","0/0","0/0","0/0","0/1","1/1","2/2","0/0","1/2","0/2","0/1","1/2","0/1","1/2","0/1","1/1","0/1","1/1","0/0","0/0","0/1","0/1","0/0","0/0","0/1","0/1","0/1","0/1","0/1","0/0","0/0","0/1","0/1","0/1","0/0","0/2","0/2","0/1","0/1","0/1","0/1","0/1","0/1","0/0","0/0","0/2","0/2","0/0","0/0","0/0","0/0","0/0","0/0","0/0","0/0","0/0","0/0","1/2","1/2","0/0","2/2","2/2","0/2","0/1","0/1","1/1","1/1","0/2","0/0","2/2","0/1","0/1","0/1","0/1","0/1","0/0","0/0","1/2","1/2","1/1","1/1","0/1","1/2","0/1","0/1","0/1","0/1","0/1","0/1","0/0","0/2","0/0","0/2","0/2","0/1","0/0","0/1","0/1","0/1","0/1","0/1","0/1","0/1","0/0","1/1","1/1","0/1","1/1","1/1","1/1","0/0","0/0","0/0","0/0","0/0","1/1","1/1","1/1","0/0","0/0","0/0","0/1","0/1","0/1","0/1"
"chr14:23744819_CA/C_HOMEZ","0/0","0/0","0/0","0/0","0/0","0/0","0/0","0/0","0/0","0/0","0/0","0/0","0/0","0/0","0/0","0/0","0/0","0/0","0/0","0/0","0/0","0/1","0/0","0/0","0/0","0/0","0/0","0/0","0/0","0/0","0/0","0/0","0/0","0/0","0/0","0/0","0/0","0/0","0/0","0/0","0/0","0/0","0/0","0/0","0/0","0/0","0/0","0/0","0/0","0/0","0/0","0/0","0/0","0/0","0/0","0/0","0/0","0/0","0/0","0/0","0/0","0/0","0/0","0/0","0/0","0/0","0/0","0/0","0/0","0/0","0/0","0/0","0/0","0/0","0/0","0/0","0/0","0/0","0/0","0/0","0/0","0/0","0/0","0/0","0/0","0/0","0/0","0/0","0/0","0/0","0/0","0/0","0/0","0/0","0/0","0/0","0/0","0/0","0/0","0/0","0/0","0/0","0/0","0/0","0/0","0/0","0/0","0/0","0/0","0/0","0/0","0/0","0/0","0/0","0/0","0/0","0/0","0/0","0/0","0/0","0/0","0/0","0/0","0/0","0/0","0/0","0/0","0/0","0/0","0/0","0/0","0/0","0/0","0/0","0/0","0/0","0/0","0/0","0/0","0/0","0/0","0/0","0/0","0/0","0/0","0/0","0/0","0/0","0/0","0/0","0/0","0/0","0/0"
"chr14:23744821_TCATCTTCC/T_HOMEZ","0/0","0/0","0/0","0/0","0/0","0/0","0/0","0/0","0/0","0/0","0/0","0/0","0/0","0/0","0/0","0/0","0/0","0/0","0/0","0/0","0/0","0/1","0/0","0/0","0/0","0/0","0/0","0/0","0/0","0/0","0/0","0/0","0/0","0/0","0/0","0/0","0/0","0/0","0/0","0/0","0/0","0/0","0/0","0/0","0/0","0/0","0/0","0/0","0/0","0/0","0/0","0/0","0/0","0/0","0/0","0/0","0/0","0/0","0/0","0/0","0/0","0/0","0/0","0/0","0/0","0/0","0/0","0/0","0/0","0/0","0/0","0/0","0/0","0/0","0/0","0/0","0/0","0/0","0/0","0/0","0/0","0/0","0/0","0/0","0/0","0/0","0/0","0/0","0/0","0/0","0/0","0/0","0/0","0/0","0/0","0/0","0/0","0/0","0/0","0/0","0/0","0/0","0/0","0/0","0/0","0/0","0/0","0/0","0/0","0/0","0/0","0/0","0/0","0/0","0/0","0/0","0/0","0/0","0/0","0/0","0/0","0/0","0/0","0/0","0/0","0/0","0/0","0/0","0/0","0/0","0/0","0/0","0/0","0/0","0/0","0/0","0/0","0/0","0/0","0/0","0/0","0/0","0/0","0/0","0/0","0/0","0/0","0/0","0/0","0/0","0/0","0/0","0/0"
"chr14:23744826_TTCC/T_HOMEZ","0/0","0/0","0/0","0/0","0/0","0/0","0/0","0/0","0/0","0/1","0/0","0/0","0/0","0/1","0/0","0/0","0/1","0/0","1/1","0/0","0/0","0/0","0/0","0/1","0/1","0/0","0/0","0/0","0/1","0/0","0/0","0/1","0/1","0/0","0/0","0/0","0/0","0/1","0/0","0/0","0/1","0/0","0/0","0/0","0/1","0/0","0/1","0/0","0/1","0/1","0/0","0/0","0/0","0/0","0/0","0/0","0/1","0/1","0/0","0/0","0/0","0/1","0/1","0/1","0/1","0/0","0/0","0/0","0/0","0/0","0/0","0/1","0/1","0/1","0/1","0/1","0/1","0/0","0/0","0/0","0/0","0/1","0/0","0/0","0/0","0/0","0/0","0/1","0/0","0/0","0/0","0/1","0/1","0/0","0/0","0/0","0/1","0/0","0/1","0/1","0/1","0/0","0/1","1/1","1/1","0/0","0/0","0/0","0/0","0/0","0/0","0/0","0/0","0/1","0/0","0/0","0/0","0/0","0/0","0/0","0/0","0/0","0/0","0/0","0/0","0/0","0/1","0/1","0/0","0/0","0/0","0/1","0/0","0/0","0/0","0/0","0/0","0/0","0/1","0/1","0/1","0/1","0/1","0/0","0/0","0/0","0/1","0/1","0/1","0/0","0/0","0/0","0/0"
"chr14:23746275_C/CA_HOMEZ","0/0","0/0","0/0","0/0","0/0","0/0","0/0","0/0","0/0","0/0","0/0","0/0","0/0","0/0","0/0","0/0","0/0","0/0","0/0","0/0","0/0","0/0","0/0","0/0","0/0","0/0","0/0","0/0","0/0","0/0","0/0","0/0","0/0","0/0","0/0","0/0","0/0","0/0","0/0","0/0","0/0","0/0","0/0","0/0","0/0","0/0","0/0","0/0","0/0","0/0","0/0","0/0","0/0","0/0","0/0","0/0","0/0","0/0","0/0","0/0","0/0","0/0","0/0","0/0","0/0","0/0","0/0","0/0","0/0","0/0","0/0","0/0","0/0","0/0","0/0","0/0","0/0","0/0","0/0","0/0","0/0","0/0","0/0","0/0","0/0","0/0","0/0","0/0","0/0","0/0","0/0","0/0","0/0","0/0","0/0","0/0","0/0","0/0","0/0","0/0","0/0","0/0","0/0","0/0","0/0","0/0","0/0","0/0","0/0","0/0","0/0","0/0","0/0","0/0","0/1","0/0","0/0","0/0","0/0","0/0","0/0","0/0","0/0","0/0","0/1","0/1","0/0","0/0","0/0","0/0","0/0","0/0","0/0","0/0","0/0","0/0","0/0","0/0","0/0","0/0","0/0","0/0","0/0","0/0","0/0","0/0","0/0","0/0","0/0","0/0","0/0","0/0","0/0"
"chr14:23770863_AGGCGGCT/A_PPP1R3E","0/0","0/0","0/0","0/0","0/0","0/0","0/0","0/0","0/0","0/0","0/0","0/0","0/0","0/1","0/0","0/0","0/0","0/0","0/0","0/0","0/0","0/0","0/0","0/0","0/0","0/0","0/0","0/0","0/0","0/0","0/0","0/0","0/0","0/0","0/0","0/0","0/0","0/0","0/0","0/0","0/0","0/0","0/0","0/0","0/0","0/0","0/0","0/0","0/0","0/0","0/0","0/0","0/0","0/0","0/0","0/0","0/0","0/0","0/0","0/0","0/0","0/0","0/0","0/0","0/0","0/0","0/0","0/0","0/0","0/0","0/0","0/0","0/0","0/0","0/0","0/0","0/0","0/0","0/0","0/0","0/0","0/0","0/0","0/0","0/0","0/0","0/0","0/0","0/0","0/0","0/0","0/0","0/0","0/0","0/0","0/0","0/0","0/0","0/0","0/0","0/0","0/0","0/0","0/0","0/0","0/0","0/0","0/0","0/0","0/0","0/0","0/0","0/0","0/0","0/0","0/0","0/0","0/0","0/0","0/0","0/0","0/0","0/0","0/0","0/0","0/0","0/0","0/0","0/0","0/0","0/0","0/0","0/0","0/0","0/0","0/0","0/0","0/0","0/0","0/0","0/0","0/0","0/0","0/0","0/0","0/0","0/0","0/0","0/0","0/0","0/0","0/0","0/0"
"chr14:23790680_TGGC/T_PABPN1","0/0","0/0","0/0","0/0","0/0","0/0","0/0","0/0","0/0","0/0","0/0","0/0","0/0","0/0","0/0","0/0","0/0","0/0","0/0","0/0","0/0","0/0","0/0","0/0","0/0","0/0","0/0","0/0","0/0","0/0","0/0","0/0","0/0","0/0","0/0","0/0","0/0","0/0","0/0","0/0","0/0","0/0","0/0","0/0","0/0","0/0","0/0","0/0","0/0","0/0","0/0","0/0","0/0","0/0","0/0","0/0","0/0","0/0","0/0","0/0","0/0","0/0","0/0","0/0","0/0","0/0","0/0","0/0","0/0","0/0","0/1","0/0","0/0","0/0","0/0","0/0","0/0","0/0","0/0","0/0","0/0","0/0","0/0","0/0","0/0","0/0","0/0","0/0","0/0","0/0","0/0","0/0","0/0","0/0","0/0","0/0","0/0","0/0","0/0","0/0","0/0","0/0","0/0","0/0","0/0","0/0","0/0","0/0","0/0","0/0","0/0","0/0","0/0","0/0","0/0","0/0","0/0","0/0","0/0","0/0","0/0","0/0","0/0","0/0","0/0","0/0","0/0","0/0","0/0","0/0","0/0","0/0","0/0","0/0","0/0","0/0","0/0","0/0","0/0","0/0","0/0","0/0","0/0","0/0","0/0","0/0","0/0","0/0","0/0","0/0","0/0","0/0","0/0"
"chr14:24545607_T/TC_CPNE6","0/0","0/0","0/0","0/0","0/0","0/0","0/0","0/0","0/0","0/0","0/0","0/0","0/0","0/0","0/0","0/0","0/0","0/0","0/0","0/0","0/0","0/0","0/0","0/0","0/0","0/0","0/0","0/0","0/0","0/0","0/0","0/0","0/0","0/0","0/0","0/0","0/1","0/0","0/0","0/0","0/0","0/0","0/0","0/0","0/0","0/0","0/0","0/0","0/0","0/0","0/0","0/0","0/0","0/0","0/0","0/0","0/0","0/0","0/0","0/0","0/0","0/0","0/0","0/0","0/0","0/0","0/0","0/0","0/0","0/0","0/0","0/0","0/0","0/0","0/0","0/0","0/0","0/0","0/0","0/0","0/0","0/0","0/0","0/0","0/0","0/0","0/0","0/0","0/0","0/0","0/0","0/0","0/0","0/0","0/0","0/0","0/0","0/0","0/0","0/0","0/0","0/0","0/0","0/0","0/0","0/0","0/0","0/0","0/0","0/0","0/0","0/0","0/0","0/0","0/0","0/0","0/0","0/0","0/0","0/0","0/0","0/0","0/0","0/0","0/0","0/0","0/0","0/0","0/0","0/0","0/0","0/0","0/0","0/0","0/0","0/0","0/0","0/0","0/0","0/0","0/0","0/0","0/0","0/0","0/0","0/0","0/0","0/0","0/0","0/0","0/0","0/0","0/0"
"chr14:24601020_A/ACGG_FITM1","0/0","0/0","0/0","0/0","0/0","0/0","0/0","0/0","0/0","0/0","0/0","0/0","0/0","0/0","0/0","0/0","0/0","0/0","0/0","0/0","0/0","0/0","0/0","0/0","0/0","0/0","0/0","0/0","0/0","0/0","0/0","0/0","0/0","0/0","0/0","0/0","0/0","0/0","0/0","0/0","0/0","0/0","0/0","0/0","0/0","0/0","0/0","0/0","0/0","0/0","0/0","0/0","0/0","0/0","0/0","0/0","0/0","0/0","0/0","0/0","0/0","0/0","0/0","0/0","0/0","0/0","0/0","0/0","0/0","0/0","0/0","0/0","0/0","0/0","0/0","0/0","0/0","0/0","0/0","0/0","0/0","0/0","0/0","0/0","0/0","0/0","0/0","0/0","0/0","0/0","0/0","0/0","0/0","0/0","0/0","0/0","0/0","0/0","0/0","0/0","0/0","0/0","0/0","0/0","0/0","0/0","0/0","0/0","0/0","0/0","0/0","0/0","0/0","0/0","0/0","0/0","0/0","0/0","0/0","0/0","0/0","0/0","0/0","0/0","0/0","0/0","0/0","0/0","0/0","0/0","0/0","0/0","0/0","0/0","0/0","0/0","0/0","0/0","0/0","0/0","0/0","0/0","0/0","0/1","0/1","0/1","0/0","0/0","0/0","0/0","0/0","0/0","0/0"
"chr14:24619834_CAG/C_RNF31","0/0","0/0","0/0","0/0","0/0","0/0","0/0","0/0","0/0","0/0","0/0","0/0","0/0","0/0","0/0","0/0","0/0","0/0","0/0","0/0","0/0","0/0","0/0","0/0","0/0","0/0","0/0","0/0","0/0","0/0","0/0","0/1","0/0","0/0","0/0","0/0","0/0","0/0","0/0","0/0","0/0","0/0","0/0","0/0","0/0","0/0","0/0","0/0","0/0","0/0","0/0","0/0","0/0","0/0","0/0","0/0","0/0","0/0","0/0","0/0","0/0","0/0","0/0","0/0","0/0","0/0","0/0","0/0","0/0","0/0","0/0","0/0","0/0","0/0","0/0","0/0","0/0","0/0","0/0","0/0","0/0","0/0","0/0","0/0","0/0","0/0","0/0","0/0","0/0","0/0","0/0","0/0","0/0","0/0","0/0","0/0","0/0","0/0","0/0","0/0","0/0","0/0","0/0","0/0","0/0","0/0","0/0","0/0","0/0","0/0","0/0","0/0","0/0","0/0","0/0","0/0","0/0","0/0","0/0","0/0","0/0","0/0","0/0","0/0","0/0","0/0","0/0","0/0","0/0","0/0","0/0","0/0","0/0","0/0","0/0","0/0","0/0","0/0","0/0","0/0","0/0","0/0","0/0","0/0","0/0","0/0","0/0","0/0","0/0","0/0","0/0","0/0","0/0"
"chr14:24633131_G/GAGCAGCAGC_IRF9","0/0","0/0","0/0","0/0","0/0","0/0","0/0","0/0","0/0","0/0","0/0","0/0","0/0","0/0","0/0","0/0","0/0","0/0","0/0","0/0","0/0","0/0","0/0","0/0","0/0","0/0","0/0","0/0","0/0","0/0","0/0","0/0","0/0","0/0","0/0","0/0","0/0","0/0","0/0","0/0","0/0","0/0","0/0","0/0","0/0","0/0","0/0","0/0","0/0","0/0","0/0","0/0","0/0","0/0","0/0","0/0","0/0","0/0","0/0","0/0","0/0","0/0","0/0","0/0","0/0","0/0","0/0","0/0","0/0","0/0","0/0","0/1","0/1","0/0","0/0","0/0","0/0","0/0","0/0","0/0","0/0","0/0","0/0","0/0","0/0","0/0","0/0","0/0","0/0","0/0","0/0","0/0","0/0","0/0","0/0","0/0","0/0","0/0","0/0","0/0","0/0","0/0","0/0","0/0","0/0","0/0","0/0","0/0","0/0","0/0","0/0","0/0","0/0","0/0","0/0","0/0","0/0","0/0","0/0","0/0","0/0","0/0","0/0","0/0","0/0","0/0","0/0","0/0","0/0","0/0","0/0","0/0","0/0","0/0","0/0","0/0","0/0","0/0","0/0","0/0","0/0","0/0","0/0","0/0","0/0","0/0","0/0","0/0","0/0","0/0","0/0","0/0","0/0"
"chr14:24646406_G/GGAA_REC8","1/1","1/1","1/1","1/1","1/1","1/1","1/1","1/1","1/1","1/1","1/1","1/1","1/1","1/1","1/1","1/1","1/1","1/1","1/1","1/1","1/1","1/1","1/1","1/1","1/1","1/1","1/1","1/1","1/1","1/1","1/1","1/1","1/1","1/1","0/1","1/1","1/1","1/1","1/1","1/1","1/1","1/1","1/1","1/1","0/1","1/1","1/1","1/1","1/1","1/1","1/1","1/1","1/1","1/1","1/1","1/1","1/1","1/1","1/1","1/1","1/1","1/1","1/1","1/1","1/1","1/1","1/1","1/1","1/1","1/1","1/1","1/1","1/1","1/1","1/1","1/1","1/1","1/1","1/1","1/1","1/1","1/1","1/1","1/1","1/1","1/1","1/1","1/1","1/1","1/1","1/1","1/1","1/1","1/1","1/1","1/1","1/1","1/1","1/1","1/1","1/1","1/1","1/1","1/1","1/1","1/1","1/1","1/1","1/1","1/1","1/1","1/1","1/1","1/1","1/1","1/1","1/1","1/1","1/1","1/1","1/1","1/1","1/1","1/1","1/1","1/1","1/1","1/1","1/1","1/1","1/1","1/1","1/1","1/1","1/1","1/1","1/1","1/1","1/1","1/1","1/1","1/1","1/1","1/1","1/1","1/1","1/1","1/1","1/1","1/1","1/1","1/1","1/1"
"chr14:24683266_CA/C_MDP1_NEDD8-MDP1","0/0","0/0","0/0","0/0","0/1","0/1","0/0","0/0","0/0","0/1","0/0","1/1","0/0","0/0","0/0","0/0","1/1","0/1","0/1","0/1","0/0","0/1","0/0","0/1","0/1","0/0","0/0","0/0","0/0","0/0","0/0","1/1","0/1","0/1","0/0","0/1","0/0","0/0","0/0","0/1","0/1","0/1","0/0","0/0","0/0","0/0","0/1","0/1","0/0","0/0","0/0","0/0","0/1","0/0","0/0","0/1","0/1","0/0","0/0","0/0","0/0","0/0","0/1","0/0","0/0","0/0","0/0","0/1","0/1","0/0","0/0","0/1","0/1","0/0","0/0","0/1","0/1","0/0","0/0","0/0","0/0","0/1","0/0","0/1","0/1","0/0","0/0","0/0","0/0","0/0","0/1","0/0","0/0","0/1","0/1","0/1","0/0","0/0","0/1","0/1","0/1","0/1","0/1","0/0","0/0","0/0","0/0","0/0","0/0","0/1","0/0","0/0","0/0","0/1","0/0","0/0","0/0","0/0","0/0","0/0","0/0","0/0","0/0","0/0","0/0","0/0","0/1","0/1","0/0","0/0","0/0","0/1","0/1","0/0","0/1","0/1","0/0","0/0","0/0","0/0","0/0","0/1","0/1","0/0","0/0","0/0","0/1","0/1","0/1","0/1","0/1","0/1","0/1"
"chr14:24769849_A/AGAG_NOP9","0/0","0/0","0/0","0/0","0/1","0/1","0/0","0/0","0/0","0/0","0/0","0/1","0/1","0/0","0/0","0/2","0/0","0/1","0/1","0/0","0/2","0/1","0/2","1/2","0/0","0/0","0/0","0/0","0/0","0/2","0/0","0/0","0/0","0/1","0/0","0/0","0/2","0/0","0/0","0/1","0/0","0/0","0/2","0/0","0/2","0/1","0/2","0/2","0/0","0/0","0/0","0/2","0/0","0/0","0/2","0/0","1/2","0/0","0/1","0/0","0/0","0/0","0/2","0/2","0/2","0/0","0/0","0/1","0/1","0/0","0/0","0/2","0/2","2/2","2/2","0/0","0/0","0/0","0/0","0/0","0/0","0/0","0/0","0/1","0/1","0/0","0/0","0/0","0/1","0/1","0/1","0/2","0/2","0/2","0/2","0/1","0/0","0/2","0/0","0/0","0/0","0/0","0/0","0/2","0/2","0/0","0/0","0/0","0/0","0/0","0/0","0/0","0/0","0/0","0/0","0/0","0/0","1/2","0/0","1/2","0/0","0/0","0/0","1/2","0/0","0/0","0/0","0/0","0/2","0/2","0/2","0/2","0/0","0/0","0/0","0/0","0/0","0/0","0/0","0/0","0/0","0/2","0/2","0/0","0/0","0/0","0/0","0/0","0/0","0/0","0/0","0/0","0/0"
"chr14:24771221_GT/G_NOP9","0/0","0/0","0/0","0/0","0/0","0/0","0/0","0/0","0/0","0/0","0/0","0/0","0/0","0/0","0/0","0/0","0/0","0/0","0/0","0/0","0/0","0/0","0/0","0/0","0/0","0/0","0/0","0/0","0/0","0/0","0/0","0/0","0/0","0/0","0/0","0/0","0/1","0/0","0/0","0/0","0/0","0/0","0/0","0/0","0/0","0/0","0/0","0/0","0/0","0/0","0/0","0/0","0/0","0/0","0/0","0/0","0/0","0/0","0/0","0/0","0/0","0/0","0/0","0/0","0/0","0/0","0/0","0/0","0/0","0/0","0/0","0/0","0/0","0/0","0/0","0/0","0/0","0/0","0/0","0/0","0/0","0/0","0/0","0/0","0/0","0/0","0/0","0/0","0/0","0/0","0/0","0/0","0/0","0/0","0/0","0/0","0/0","0/0","0/0","0/0","0/0","0/0","0/0","0/0","0/0","0/0","0/0","0/0","0/0","0/0","0/0","0/0","0/0","0/0","0/0","0/0","0/0","0/0","0/0","0/0","0/0","0/0","0/0","0/0","0/0","0/0","0/0","0/0","0/0","0/0","0/0","0/0","0/0","0/0","0/0","0/0","0/0","0/0","0/0","0/0","0/0","0/0","0/0","0/0","0/0","0/0","0/0","0/0","0/0","0/0","0/0","0/0","0/0"
"chr14:24780426_ACT/A_LTB4R2","0/0","0/0","0/0","0/0","0/0","0/0","0/0","0/0","0/0","0/0","0/0","0/0","0/0","0/0","0/0","0/0","0/0","0/0","0/0","0/0","0/0","0/0","0/0","0/0","0/0","0/0","0/0","0/0","0/0","0/0","0/0","0/0","0/0","0/0","0/0","0/0","0/0","0/0","0/0","0/0","0/0","0/0","0/0","0/0","0/0","0/0","0/0","0/0","0/0","0/0","0/0","0/0","0/0","0/0","0/0","0/0","0/0","0/0","0/0","0/0","0/0","0/0","0/0","0/0","0/0","0/0","0/0","0/0","0/0","0/0","0/0","0/0","0/0","0/0","0/0","0/0","0/0","0/0","0/0","0/0","0/0","0/0","0/0","0/0","0/0","0/0","0/0","0/0","0/1","0/1","0/0","0/0","0/0","0/0","0/0","0/0","0/0","0/0","0/0","0/0","0/0","0/0","0/0","0/0","0/0","0/0","0/0","0/0","0/0","0/0","0/0","0/0","0/0","0/0","0/0","0/0","0/0","0/0","0/0","0/0","0/0","0/0","0/0","0/0","0/0","0/0","0/0","0/0","0/0","0/0","0/0","0/0","0/0","0/1","0/0","0/0","0/1","0/1","0/0","0/0","0/0","0/0","0/0","0/0","0/0","0/0","0/0","0/0","0/0","0/0","0/0","0/0","0/0"
"chr14:25325166_TAATA/T_STXBP6","0/0","0/0","0/0","0/0","0/0","0/0","0/0","0/0","0/0","0/0","0/0","0/0","0/0","0/0","0/0","0/1","0/0","0/0","0/0","0/0","0/0","0/0","0/0","0/0","0/0","0/0","0/0","0/0","0/0","0/0","0/0","0/0","0/0","0/0","0/0","0/0","0/0","0/0","0/0","0/0","0/0","0/0","0/0","0/0","0/0","0/0","0/0","0/0","0/0","0/0","0/0","0/0","0/0","0/0","0/0","0/0","0/0","0/0","0/0","0/0","0/0","0/0","0/0","0/0","0/0","0/0","0/0","0/0","0/0","0/0","0/0","0/0","0/0","0/0","0/0","0/0","0/0","0/0","0/0","0/0","0/0","0/0","0/0","0/0","0/0","0/0","0/0","0/0","0/0","0/0","0/0","0/0","0/0","0/0","0/0","0/0","0/0","0/0","0/0","0/0","0/0","0/0","0/0","0/0","0/0","0/0","0/0","0/0","0/0","0/0","0/0","0/0","0/0","0/0","0/0","0/0","0/0","0/0","0/0","0/0","0/0","0/0","0/0","0/0","0/0","0/0","0/0","0/0","0/0","0/0","0/0","0/0","0/0","0/0","0/0","0/0","0/0","0/0","0/0","0/0","0/0","0/0","0/0","0/0","0/0","0/0","0/0","0/0","0/0","0/0","0/0","0/0","0/0"
"chr14:29237889_TG/T_FOXG1","0/0","0/0","0/0","0/0","0/0","0/0","0/0","0/0","0/0","0/0","0/0","0/0","0/0","0/0","0/0","0/0","0/0","0/0","0/0","0/0","0/0","0/0","0/0","0/0","0/0","0/0","0/0","0/0","0/0","0/0","0/0","0/0","0/0","0/0","0/0","0/0","0/0","0/0","0/0","0/0","0/0","0/0","0/0","0/0","0/0","0/0","0/0","0/0","0/0","0/0","0/0","0/0","0/0","0/0","0/0","0/0","0/0","0/0","0/0","0/0","0/0","0/0","0/0","0/0","0/0","0/0","0/0","0/0","0/0","0/0","0/0","0/0","0/0","0/0","0/0","0/0","0/0","0/0","0/0","0/0","0/0","0/0","0/0","0/0","0/0","0/0","0/0","0/0","0/0","0/0","0/0","0/0","0/0","0/0","0/0","0/0","0/0","0/0","0/0","0/0","0/0","0/0","0/0","0/0","0/0","0/0","0/0","0/0","0/0","0/0","0/0","0/0","0/0","0/0","0/0","0/0","0/0","0/0","0/0","0/0","0/0","0/0","0/0","0/0","0/0","0/1","0/0","0/0","0/0","0/0","0/0","0/0","0/0","0/0","0/0","0/0","0/0","0/0","0/0","0/0","0/0","0/0","0/0","0/0","0/0","0/0","0/0","0/0","0/0","0/0","0/0","0/0","0/0"
"chr14:31091566_ACAG/A_SCFD1","0/0","0/0","0/0","0/0","0/0","0/0","0/0","0/0","0/0","0/0","0/0","0/0","0/0","0/0","0/0","0/0","0/0","0/0","0/0","0/0","0/0","0/0","0/0","0/0","0/0","0/0","0/0","0/0","0/0","0/0","0/0","0/1","0/0","0/0","0/0","0/0","0/0","0/0","0/0","0/0","0/0","0/0","0/0","0/0","0/0","0/0","0/0","0/0","0/0","0/0","0/0","0/0","0/0","0/0","0/0","0/0","0/0","0/0","0/0","0/0","0/0","0/0","0/0","0/0","0/0","0/0","0/0","0/0","0/0","0/0","0/0","0/0","0/0","0/0","0/0","0/0","0/0","0/0","0/0","0/0","0/0","0/0","0/0","0/0","0/0","0/0","0/0","0/0","0/0","0/0","0/0","0/0","0/0","0/0","0/0","0/0","0/0","0/0","0/0","0/0","0/0","0/0","0/0","0/0","0/0","0/0","0/0","0/0","0/0","0/0","0/0","0/0","0/0","0/0","0/0","0/0","0/0","0/0","0/0","0/0","0/0","0/0","0/0","0/0","0/0","0/0","0/0","0/0","0/0","0/0","0/0","0/0","0/0","0/0","0/0","0/0","0/0","0/0","0/0","0/0","0/0","0/0","0/0","0/0","0/0","0/0","0/0","0/0","0/0","0/0","0/0","0/0","0/0"
"chr14:35550227_GGAA/G_FAM177A1","0/0","0/0","0/0","0/0","0/0","0/0","0/0","0/0","0/0","0/0","0/0","0/0","0/0","0/0","0/0","0/0","0/0","0/0","0/0","0/0","0/0","0/0","0/0","0/0","0/0","0/0","0/0","0/0","0/0","0/0","0/0","0/1","0/0","0/0","0/0","0/0","0/0","0/0","0/0","0/0","0/0","0/0","0/0","0/0","0/0","0/0","0/0","0/0","0/0","0/0","0/0","0/0","0/0","0/0","0/0","0/0","0/0","0/0","0/0","0/0","0/0","0/0","0/0","0/0","0/0","0/0","0/0","0/0","0/0","0/0","0/0","0/0","0/0","0/0","0/0","0/0","0/0","0/0","0/0","0/0","0/0","0/0","0/0","0/0","0/0","0/0","0/0","0/0","0/0","0/0","0/0","0/0","0/0","0/0","0/0","0/0","0/0","0/0","0/0","0/0","0/0","0/0","0/0","0/0","0/0","0/0","0/0","0/0","0/0","0/0","0/0","0/0","0/0","0/0","0/0","0/0","0/0","0/0","0/0","0/0","0/0","0/0","0/0","0/0","0/0","0/0","0/0","0/0","0/0","0/0","0/0","0/0","0/0","0/0","0/0","0/0","0/0","0/0","0/0","0/0","0/0","0/0","0/0","0/0","0/0","0/0","0/0","0/0","0/0","0/0","0/0","0/0","0/0"
"chr14:45645954_CA/C_FANCM","0/0","0/0","0/0","0/0","0/0","0/0","0/0","0/0","0/0","0/1","0/0","0/0","0/0","0/0","0/0","0/0","0/0","0/0","0/0","0/0","0/0","0/0","0/0","0/0","0/0","0/0","0/0","0/0","0/0","0/0","0/0","0/0","0/0","0/0","0/0","0/0","0/0","0/0","0/0","0/0","0/0","0/0","0/0","0/0","0/0","0/0","0/0","0/0","0/0","0/0","0/0","0/0","0/0","0/0","0/0","0/0","0/0","0/0","0/0","0/0","0/0","0/0","0/0","0/0","0/0","0/0","0/0","0/0","0/0","0/0","0/0","0/0","0/0","0/0","0/0","0/0","0/0","0/0","0/0","0/0","0/0","0/0","0/0","0/0","0/0","0/0","0/0","0/0","0/0","0/0","0/0","0/0","0/0","0/0","0/0","0/0","0/0","0/0","0/0","0/0","0/0","0/0","0/0","0/0","0/0","0/0","0/0","0/0","0/0","0/0","0/0","0/0","0/0","0/0","0/0","0/0","0/0","0/0","0/0","0/0","0/0","0/0","0/0","0/0","0/0","0/0","0/0","0/0","0/0","0/0","0/0","0/0","0/0","0/0","0/0","0/0","0/0","0/0","0/0","0/0","0/0","0/0","0/0","0/0","0/0","0/0","0/0","0/0","0/0","0/0","0/0","0/0","0/0"
"chr14:45693721_CT/C_MIS18BP1","0/0","0/0","0/0","0/0","0/0","0/0","0/0","0/0","0/0","0/0","0/0","0/0","0/0","0/0","0/0","0/0","0/0","0/0","0/0","0/0","0/0","0/0","0/0","0/0","0/0","0/0","0/0","0/0","0/0","0/0","0/0","0/0","0/0","0/0","0/0","0/0","0/1","0/0","0/0","0/0","0/0","0/0","0/0","0/0","0/0","0/0","0/0","0/0","0/0","0/0","0/0","0/0","0/0","0/0","0/0","0/0","0/0","0/0","0/0","0/0","0/0","0/0","0/0","0/0","0/0","0/0","0/0","0/0","0/0","0/0","0/0","0/0","0/0","0/0","0/0","0/0","0/0","0/0","0/0","0/0","0/0","0/0","0/0","0/0","0/0","0/0","0/0","0/0","0/0","0/0","0/0","0/0","0/0","0/0","0/0","0/0","0/0","0/0","0/0","0/0","0/0","0/0","0/0","0/0","0/0","0/0","0/0","0/1","0/0","0/0","0/0","0/0","0/0","0/0","0/0","0/0","0/0","0/0","0/0","0/0","0/0","0/0","0/0","0/0","0/0","0/0","0/0","0/0","0/0","0/0","0/0","0/0","0/0","0/0","0/0","0/0","0/0","0/0","0/0","0/0","0/0","0/0","0/0","0/0","0/0","0/0","0/0","0/0","0/0","0/0","0/0","0/0","0/0"
"chr14:45716018_A/AT_MIS18BP1","0/0","0/0","0/0","0/0","0/0","0/0","0/0","0/0","0/0","0/0","0/0","0/0","0/0","0/0","0/0","0/0","0/0","0/0","0/0","0/0","0/1","0/0","0/0","0/0","0/0","0/0","0/0","0/0","0/0","0/0","0/0","0/1","0/0","0/0","0/0","0/0","0/0","0/0","0/0","0/0","0/0","0/0","0/0","0/0","0/0","0/0","0/0","0/0","0/0","0/0","0/0","0/1","0/0","0/0","0/0","0/0","0/0","0/0","0/0","0/0","0/0","0/0","0/0","0/0","0/0","0/0","0/0","0/0","0/0","0/0","0/0","0/0","0/0","0/0","0/0","0/0","0/0","0/0","0/0","0/0","0/0","0/0","0/0","0/0","0/0","0/0","0/0","0/0","0/0","0/0","0/0","0/0","0/0","0/0","0/0","0/0","0/0","0/0","0/0","0/0","0/0","0/0","0/0","0/0","0/0","0/0","0/0","0/0","0/0","0/0","0/1","0/0","0/0","0/0","0/0","0/0","0/0","0/0","0/0","0/0","0/0","0/0","0/0","0/0","0/0","0/0","0/0","0/0","0/0","0/0","0/0","0/0","0/0","0/1","0/0","0/0","0/0","0/0","0/0","0/0","0/0","0/0","0/0","0/0","0/0","0/0","0/0","0/0","0/0","0/0","0/0","0/0","0/0"
"chr14:53619480_T/TGCCGCC_DDHD1","1/1","1/1","1/1","1/1","1/1","1/1","1/1","1/1","1/1","1/1","1/1","1/1","1/1","1/1","1/1","1/1","1/1","1/1","1/1","1/1","1/1","1/1","1/1","1/1","1/1","1/1","1/1","1/1","1/1","1/1","1/1","1/1","1/1","1/1","1/1","1/1","1/1","1/1","1/1","1/1","1/1","1/1","1/1","1/2","1/1","1/1","1/1","1/1","1/1","1/1","1/1","1/1","1/1","1/1","1/1","1/1","1/1","1/1","1/1","1/1","1/2","1/1","1/1","1/1","1/1","1/1","1/1","1/1","1/1","1/1","1/1","0/1","0/1","1/1","1/1","1/1","1/1","1/1","1/1","1/1","1/1","1/1","1/1","1/1","1/1","1/1","1/1","1/1","1/1","1/1","1/1","1/1","1/1","1/1","1/1","1/1","1/1","1/1","1/1","1/1","1/1","1/1","1/1","1/1","1/1","1/1","1/1","1/1","1/1","1/1","1/1","1/1","1/1","1/1","1/1","1/1","1/1","1/1","1/1","1/1","1/1","1/1","1/1","1/1","1/1","1/1","1/1","1/1","1/1","1/1","1/1","1/1","1/1","1/1","1/1","1/1","1/1","1/1","1/1","1/1","1/1","1/1","1/1","1/1","1/1","1/1","1/1","1/1","1/1","1/1","1/1","1/1","1/1"
"chr14:55169050_C/CCAG_SAMD4A","0/0","0/0","0/0","0/0","0/0","0/0","0/0","0/0","0/0","0/0","0/0","0/0","0/0","0/0","0/0","0/0","0/0","0/0","0/0","0/0","0/0","0/0","0/0","0/0","0/0","0/0","0/0","0/0","0/0","0/0","0/0","0/0","0/0","0/0","0/0","0/0","0/0","0/0","0/0","0/0","0/0","0/0","0/0","0/0","0/0","0/0","0/0","0/0","0/0","0/0","0/0","0/0","0/0","0/0","0/0","0/0","0/0","0/0","0/0","0/0","0/0","0/0","0/0","0/0","0/0","0/0","0/0","0/0","0/0","0/0","0/0","0/1","0/1","0/0","0/0","0/0","0/0","0/0","0/0","0/0","0/0","0/0","0/0","0/0","0/0","0/0","0/0","0/0","0/0","0/0","0/0","0/0","0/0","0/0","0/0","0/0","0/0","0/0","0/0","0/0","0/0","0/0","0/0","0/0","0/0","0/0","0/0","0/0","0/0","0/0","0/0","0/0","0/0","0/0","0/0","0/0","0/0","0/0","0/0","0/0","0/0","0/0","0/0","0/0","0/0","0/0","0/0","0/0","0/1","0/1","0/1","0/0","0/0","0/0","0/0","0/0","0/0","0/0","0/0","0/0","0/0","0/0","0/0","0/0","0/0","0/0","0/0","0/0","0/0","0/0","0/0","0/0","0/0"
"chr14:55429693_ATCT/A_WDHD1","0/0","0/0","0/0","0/0","0/0","0/0","0/0","0/0","0/0","0/0","0/0","0/0","0/0","0/0","0/0","0/0","0/0","0/0","0/0","0/0","0/0","0/0","0/0","0/0","0/0","0/0","0/0","0/0","0/0","0/0","0/0","0/0","0/0","0/0","0/0","0/0","0/0","0/0","0/0","0/0","0/0","0/0","0/0","0/0","0/0","0/0","0/0","0/0","0/0","0/0","0/0","0/0","0/0","0/0","0/0","0/0","0/0","0/0","0/0","0/0","0/0","0/0","0/0","0/0","0/0","0/0","0/0","0/0","0/0","0/0","0/0","0/1","0/1","0/0","0/0","0/0","0/0","0/0","0/0","0/0","0/0","0/0","0/0","0/0","0/0","0/0","0/0","0/0","0/0","0/0","0/0","0/0","0/0","0/0","0/0","0/0","0/0","0/0","0/0","0/0","0/0","0/0","0/0","0/0","0/0","0/0","0/0","0/0","0/0","0/0","0/0","0/0","0/0","0/0","0/0","0/0","0/0","0/0","0/0","0/0","0/0","0/0","0/0","0/0","0/0","0/0","0/0","0/0","0/0","0/0","0/0","0/0","0/0","0/0","0/0","0/0","0/0","0/0","0/0","0/0","0/0","0/0","0/0","0/0","0/0","0/0","0/0","0/0","0/0","0/0","0/0","0/0","0/0"
"chr14:55529970_A/AT_MAPK1IP1L","0/0","0/0","0/0","0/0","0/0","0/0","0/0","0/0","0/0","0/0","0/0","0/0","0/0","0/0","0/0","0/0","0/0","0/1","0/0","0/0","0/0","0/0","0/0","0/0","0/0","0/0","0/0","0/0","0/0","0/0","0/0","0/0","0/0","0/0","0/0","0/0","0/0","0/0","0/0","0/0","0/0","0/0","0/0","0/0","0/0","0/0","0/0","0/0","0/0","0/0","0/0","0/0","0/0","0/0","0/0","0/0","0/0","0/0","0/0","0/0","0/0","0/0","0/0","0/0","0/0","0/0","0/0","0/0","0/0","0/0","0/0","0/0","0/0","0/0","0/0","0/0","0/0","0/0","0/0","0/0","0/0","0/0","0/0","0/0","0/0","0/0","0/0","0/0","0/0","0/0","0/0","0/0","0/0","0/0","0/0","0/0","0/0","0/0","0/0","0/0","0/0","0/0","0/0","0/0","0/0","0/0","0/0","0/0","0/0","0/0","0/0","0/0","0/0","0/0","0/0","0/0","0/0","0/0","0/0","0/0","0/0","0/0","0/0","0/0","0/0","0/0","0/0","0/0","0/0","0/0","0/0","0/0","0/0","0/0","0/0","0/0","0/0","0/0","0/0","0/0","0/0","0/0","0/0","0/0","0/0","0/0","0/0","0/0","0/0","0/0","0/0","0/0","0/0"
"chr14:57046721_T/TGGCGGTGTTCGCCGC_TMEM260","0/0","0/0","0/0","0/0","0/0","0/0","0/0","0/0","0/0","0/0","0/0","0/0","0/0","0/0","0/0","0/0","0/0","0/0","0/0","0/0","0/0","0/0","0/0","0/0","0/0","0/0","0/0","0/0","0/0","0/0","0/0","0/0","0/0","0/0","0/0","0/0","0/0","0/0","0/0","0/0","0/0","0/0","0/0","0/0","0/0","0/0","0/0","0/0","0/0","0/0","0/0","0/0","0/0","0/0","0/0","0/0","0/0","0/0","0/0","0/0","0/0","0/0","0/0","0/0","0/0","0/0","0/0","0/0","0/0","0/0","0/0","0/0","0/0","0/0","0/0","0/0","0/0","0/0","0/0","0/0","0/0","0/0","0/0","0/0","0/0","0/0","0/0","0/0","0/0","0/0","0/0","0/0","0/0","0/0","0/0","0/0","0/0","0/0","0/0","0/0","0/0","0/0","0/0","0/0","0/0","0/0","0/0","0/0","0/0","0/0","0/0","0/0","0/0","0/0","0/0","0/0","0/0","0/0","0/0","0/0","0/0","0/0","0/0","0/0","0/0","0/0","0/0","0/0","0/0","0/0","0/0","0/0","0/0","0/0","0/0","0/0","0/0","0/0","0/0","0/0","0/0","0/0","0/0","0/0","0/0","0/0","0/0","0/0","0/0","0/0","0/1","0/1","0/1"
"chr14:58604949_CGT/C_C14orf37","0/0","0/0","0/0","0/0","0/0","0/0","0/0","0/0","0/0","0/0","0/0","0/0","0/0","0/0","0/0","0/0","0/0","0/0","0/0","0/0","0/0","0/0","0/0","0/0","0/0","0/0","0/0","0/0","0/0","0/0","0/0","0/0","0/0","0/0","0/0","0/0","0/0","0/0","0/0","0/0","0/0","0/0","0/0","0/0","0/0","0/0","0/0","0/0","0/0","0/0","0/0","0/0","0/0","0/0","0/0","0/0","0/0","0/0","0/0","0/0","0/0","0/0","0/0","0/0","0/0","0/0","0/0","0/0","0/0","0/0","0/0","0/0","0/0","0/0","0/0","0/0","0/0","0/0","0/0","0/0","0/0","0/0","0/0","0/0","0/0","0/0","0/0","0/0","0/0","0/0","0/0","0/0","0/0","0/0","0/0","0/0","0/0","0/0","0/0","0/0","0/1","0/0","0/1","0/0","0/0","0/0","0/0","0/0","0/0","0/0","0/0","0/0","0/0","0/0","0/0","0/0","0/0","0/0","0/0","0/0","0/0","0/0","0/0","0/0","0/0","0/0","0/0","0/0","0/0","0/0","0/0","0/0","0/0","0/0","0/0","0/0","0/0","0/0","0/0","0/0","0/0","0/0","0/0","0/0","0/0","0/0","0/0","0/0","0/0","0/0","0/0","0/0","0/0"
"chr14:58727691_AATG/A_PSMA3","0/0","0/0","0/0","0/0","0/0","0/0","0/0","0/0","0/0","0/0","0/0","0/0","0/0","0/0","0/0","0/0","0/0","0/0","0/0","0/0","0/0","0/0","0/0","0/0","0/0","0/0","0/0","0/0","0/0","0/0","0/0","0/0","0/0","0/0","0/0","0/0","0/0","0/0","0/0","0/0","0/0","0/0","0/0","0/0","0/0","0/0","0/0","0/0","0/0","0/0","0/0","0/0","0/0","0/0","0/0","0/0","0/0","0/0","0/0","0/0","0/0","0/0","0/0","0/0","0/0","0/0","0/0","0/0","0/0","0/0","0/0","0/0","0/0","0/0","0/0","0/0","0/0","0/0","0/0","0/0","0/0","0/0","0/0","0/0","0/0","0/0","0/0","0/0","0/0","0/0","0/0","0/0","0/0","0/0","0/0","0/0","0/0","0/0","0/0","0/0","0/0","0/0","0/1","0/0","0/0","0/0","0/0","0/0","0/0","0/0","0/0","0/0","0/0","0/0","0/0","0/0","0/0","0/0","0/0","0/0","0/0","0/0","0/0","0/0","0/0","0/0","0/0","0/0","0/0","0/0","0/0","0/0","0/0","0/0","0/0","0/0","0/0","0/0","0/0","0/0","0/0","0/0","0/0","0/0","0/0","0/0","0/0","0/0","0/0","0/0","0/0","0/0","0/0"
"chr14:59950802_GC/G_L3HYPDH","0/0","0/0","0/0","0/0","0/0","0/0","0/0","0/0","0/0","0/0","0/0","0/0","0/0","0/0","0/0","0/0","0/0","0/0","0/0","0/0","0/0","0/0","0/0","0/0","0/0","0/0","0/0","0/0","0/0","0/0","0/0","0/0","0/0","0/0","0/0","0/0","0/0","0/0","0/0","0/0","0/0","0/0","0/0","0/0","0/0","0/1","0/0","0/0","0/0","0/0","0/0","0/0","0/0","0/0","0/0","0/0","0/0","0/0","0/0","0/0","0/0","0/0","0/0","0/0","0/0","0/0","0/0","0/0","0/0","0/0","0/0","0/0","0/0","0/0","0/0","0/0","0/0","0/0","0/0","0/0","0/0","0/0","0/0","0/0","0/0","0/0","0/0","0/0","0/0","0/0","0/0","0/0","0/0","0/0","0/0","0/0","0/0","0/0","0/0","0/0","0/0","0/0","0/0","0/0","0/0","0/0","0/0","0/0","0/0","0/0","0/0","0/0","0/0","0/0","0/0","0/0","0/0","0/0","0/0","0/0","0/0","0/0","0/0","0/0","0/0","0/0","0/0","0/0","0/0","0/0","0/0","0/0","0/0","0/0","0/0","0/0","0/0","0/0","0/0","0/0","0/0","0/0","0/0","0/0","0/0","0/0","0/0","0/0","0/0","0/0","0/0","0/0","0/0"
"chr14:59971961_TTTG/T_CCDC175","0/0","0/0","0/0","0/0","0/0","0/0","0/0","0/0","0/0","0/0","0/0","0/0","0/0","0/0","0/0","0/0","0/0","0/0","0/0","0/0","0/0","0/0","0/0","0/0","0/0","0/0","0/0","0/0","0/0","0/0","0/0","0/0","0/0","0/0","0/0","0/0","0/0","0/0","0/0","0/0","0/0","0/0","0/0","0/0","0/0","0/0","0/0","0/0","0/0","0/0","0/0","0/0","0/0","0/0","0/0","0/0","0/0","0/0","0/0","0/0","0/0","0/0","0/0","0/0","0/0","0/0","0/0","0/0","0/0","0/0","0/0","0/0","0/0","0/0","0/0","0/0","0/0","0/0","0/0","0/0","0/0","0/0","0/0","0/0","0/0","0/0","0/0","0/0","0/0","0/0","0/0","0/0","0/0","0/0","0/0","0/0","0/0","0/0","0/0","0/0","0/0","0/0","0/0","0/0","0/0","0/0","0/0","0/0","0/0","0/0","0/0","0/0","0/0","0/0","0/0","0/0","0/0","0/0","0/1","0/0","0/1","0/1","0/0","0/0","0/0","0/0","0/0","0/0","0/0","0/0","0/0","0/0","0/0","0/0","0/0","0/0","0/0","0/0","0/0","0/0","0/0","0/0","0/0","0/0","0/0","0/0","0/0","0/0","0/0","0/0","0/0","0/0","0/0"
"chr14:63784407_A/AG_GPHB5","1/1","1/1","1/1","1/1","1/1","1/1","1/1","1/1","1/1","1/1","1/1","1/1","1/1","1/1","1/1","1/1","1/1","1/1","1/1","1/1","1/1","1/1","1/1","1/1","1/1","1/1","1/1","1/1","1/1","1/1","1/1","1/1","1/1","1/1","1/1","1/1","1/1","1/1","1/1","1/1","1/1","1/1","1/1","1/1","1/1","1/1","1/1","1/1","1/1","1/1","1/1","1/1","1/1","1/1","1/1","1/1","1/1","1/1","1/1","1/1","1/1","1/1","1/1","1/1","1/1","1/1","1/1","1/1","1/1","1/1","1/1","1/1","1/1","1/1","1/1","1/1","1/1","1/1","1/1","1/1","1/1","1/1","1/1","1/1","1/1","1/1","1/1","1/1","1/1","1/1","1/1","1/1","1/1","1/1","1/1","1/1","1/1","1/1","1/1","1/1","1/1","1/1","1/1","1/1","1/1","1/1","1/1","1/1","1/1","1/1","1/1","1/1","1/1","1/1","1/1","1/1","1/1","1/1","1/1","1/1","1/1","1/1","1/1","1/1","1/1","1/1","1/1","1/1","1/1","1/1","1/1","1/1","1/1","1/1","1/1","1/1","1/1","1/1","1/1","1/1","1/1","1/1","1/1","1/1","1/1","1/1","1/1","1/1","1/1","1/1","1/1","1/1","1/1"
"chr14:67664880_TGAA/T_FAM71D","0/0","0/0","0/0","0/0","0/0","0/0","0/0","0/0","0/0","0/1","0/0","0/0","0/0","0/0","0/0","0/0","0/0","0/0","0/0","0/0","0/0","0/0","0/0","0/0","0/0","0/0","0/0","0/0","0/0","0/0","0/0","0/0","0/0","0/0","0/0","0/0","0/0","0/0","0/0","0/0","0/0","0/0","0/0","0/0","0/0","0/0","0/0","0/0","0/0","0/0","0/0","0/0","0/0","0/0","0/0","0/0","0/0","0/0","0/0","0/0","0/0","0/0","0/0","0/0","0/0","0/0","0/0","0/0","0/0","0/0","0/0","0/0","0/0","0/0","0/0","0/0","0/0","0/0","0/0","0/0","0/0","0/0","0/0","0/0","0/0","0/0","0/0","0/0","0/0","0/0","0/0","0/0","0/0","0/0","0/0","0/0","0/0","0/0","0/0","0/0","0/0","0/0","0/0","0/0","0/0","0/0","0/0","0/0","0/0","0/0","0/0","0/0","0/0","0/0","0/0","0/0","0/0","0/0","0/0","0/0","0/0","0/0","0/0","0/0","0/0","0/0","0/0","0/0","0/0","0/0","0/0","0/0","0/0","0/0","0/0","0/0","0/0","0/0","0/0","0/0","0/0","0/0","0/0","0/0","0/0","0/0","0/0","0/0","0/0","0/0","0/0","0/0","0/0"
"chr14:68260419_TG/T_ZFYVE26","0/0","0/0","0/0","0/0","0/0","0/0","0/0","0/0","0/0","0/0","0/0","0/0","0/0","0/0","0/0","0/0","0/0","0/0","0/0","0/0","0/0","0/0","0/0","0/0","0/0","0/0","0/0","0/0","0/0","0/0","0/0","0/0","0/0","0/0","0/0","0/0","0/1","0/0","0/0","0/0","0/0","0/0","0/0","0/0","0/0","0/0","0/0","0/0","0/0","0/0","0/0","0/0","0/0","0/0","0/0","0/0","0/0","0/0","0/0","0/0","0/0","0/0","0/0","0/0","0/0","0/0","0/0","0/0","0/0","0/0","0/0","0/0","0/0","0/0","0/0","0/0","0/0","0/0","0/0","0/0","0/0","0/0","0/0","0/0","0/0","0/0","0/0","0/0","0/0","0/0","0/0","0/0","0/0","0/0","0/0","0/0","0/0","0/0","0/0","0/0","0/0","0/0","0/0","0/0","0/0","0/0","0/0","0/0","0/0","0/0","0/0","0/0","0/0","0/0","0/0","0/0","0/0","0/0","0/0","0/0","0/0","0/0","0/0","0/0","0/0","0/0","0/0","0/0","0/0","0/0","0/0","0/0","0/0","0/0","0/0","0/0","0/0","0/0","0/0","0/0","0/0","0/0","0/0","0/0","0/0","0/0","0/0","0/0","0/0","0/0","0/0","0/0","0/0"
"chr14:70039769_AGCT/A_CCDC177","0/0",".","0/0","0/0","0/0","0/0",".","0/0","0/0","0/0",".","0/0",".",".","0/0","0/0",".","0/0","0/0","0/0",".",".","0/0","0/0","0/0","0/0","0/0",".",".","0/0","0/0","0/0",".",".","0/0",".","0/0",".","0/0",".","0/0",".",".","0/0",".","0/0",".",".",".",".","0/0",".","0/0",".","0/0","0/0",".",".",".","0/0",".","0/0",".","0/0",".",".","0/0",".",".",".",".","0/0","0/0","0/0","0/0","0/0","0/0","0/0",".",".","0/0",".","0/0",".",".",".","0/0",".",".",".",".","0/0",".","0/0","0/0","0/0","0/0","0/0",".",".",".","0/0","0/0","0/0",".","0/0",".","0/0",".","0/0",".",".",".","0/0",".","0/0",".",".","0/0","0/0","0/0","0/0","0/0",".","0/0","0/0",".","0/0","0/0","0/0",".",".",".",".","0/0",".","0/0",".","0/1",".","0/0",".","0/0","0/0",".","0/0","0/0","0/0","0/0","0/0","0/0",".","."
"chr14:70039803_CGCGGCG/C_CCDC177","1/1",".",".","0/0",".","1/1",".","0/0","0/0",".",".","0/0",".",".","1/1",".","1/1","1/1",".",".","1/1",".","1/2",".","1/1","1/1",".","1/1",".",".","2/2","1/1",".",".","1/1",".","1/1",".",".",".",".","1/1","1/1",".","2/2","2/2",".","1/1","1/1",".",".",".","1/1",".","0/0","0/0",".",".",".",".",".",".","1/1",".",".",".","1/1",".",".",".",".","2/2","0/0",".","1/1",".","1/1","0/0",".",".","2/2",".",".",".",".",".","0/0",".","0/0",".",".",".",".","1/1","2/2",".","1/2",".",".","1/1",".",".","1/1","1/2",".",".",".",".","1/1","1/1",".",".","1/1",".","1/1",".",".",".",".","1/1",".",".","1/1",".","1/1",".",".","1/1",".","1/1",".",".",".","1/1",".",".",".",".","2/2",".",".",".","1/1","1/1",".","1/1","0/0","0/0","0/0",".",".",".","."
"chr14:71275773_GCCT/G_MAP3K9","0/0","0/0","0/0","0/0","0/0","0/0","0/0","0/1","0/0","0/1","0/0","0/0","0/0","0/0","0/1","0/0","0/0","0/0","0/0","0/0","0/1","0/0","0/0","0/0","0/0","0/0","0/1","0/0","0/0","0/0","0/0","0/0","0/0","0/1","0/0","0/0","0/1","0/0","0/0","0/0","0/0","0/0","0/0","0/0","0/0","0/0","0/0","0/0","0/0","0/0","0/0","0/0","0/0","0/0","0/0","0/0","0/0","0/0","0/0","0/1","0/0","0/0","0/0","0/0","0/0","0/0","0/0","0/0","0/0","0/0","0/0","0/0","0/0","0/1","0/0","0/0","0/1","0/0","0/0","0/0","0/0","0/0","0/0","0/0","0/0","0/0","0/1","0/0","0/0","0/1","0/0","0/0","0/0","0/1","0/0","0/0","0/0","0/0","0/0","0/0","0/0","0/0","0/0","0/0","0/0","0/0","0/0","0/0","0/0","0/1","0/1","0/0","0/0","0/0","0/0","0/0","0/1","0/0","0/0","0/0","0/0","0/0","0/0","0/0","0/0","0/0","0/0","0/0","0/0","0/0","0/1","0/1","0/0","0/0","0/0","0/0","0/0","0/0","0/0","0/0","0/0","0/0","0/0","0/1","0/0","0/0","0/0","0/0","0/0","0/0","0/1","0/0","0/0"
"chr14:73442297_TCTGGTCTGTCAGCC/T_ZFYVE1","0/0","0/0","0/0","0/0","0/0","0/0","0/0","0/0","0/0","0/0","0/0","0/0","0/0","0/0","0/0","0/0","0/0","0/0","0/0","0/0","0/0","0/0","0/0","0/0","0/0","0/0","0/0","0/0","0/0","0/0","0/0","0/0","0/0","0/0","0/0","0/0","0/0","0/0","0/0","0/0","0/0","0/0","0/0","0/0","0/0","0/0","0/0","0/0","0/0","0/0","0/0","0/0","0/0","0/0","0/0","0/0","0/0","0/0","0/0","0/0","0/0","0/0","0/0","0/0","0/0","0/0","0/0","0/0","0/0","0/0","0/0","0/0","0/0","0/0","0/0","0/0","0/0","0/0","0/0","0/0","0/0","0/0","0/0","0/0","0/0","0/0","0/0","0/0","0/0","0/0","0/0","0/0","0/0","0/0","0/0","0/0","0/0","0/0","0/0","0/0","0/0","0/0","0/0","0/0","0/0","0/0","0/0","0/0","0/0","0/0","0/0","0/0","0/0","0/0","0/0","0/0","0/0","0/1","0/0","0/1","0/0","0/0","0/0","0/1","0/0","0/0","0/0","0/0","0/0","0/0","0/0","0/0","0/0","0/0","0/0","0/0","0/0","0/0","0/0","0/0","0/0","0/0","0/0","0/0","0/0","0/0","0/0","0/0","0/0","0/0","0/0","0/0","0/0"
"chr14:73572606_AAG/A_RBM25","0/0","0/0","0/0","0/0","0/0","0/0","0/1","0/0","0/0","0/0","0/0","0/0","0/0","0/0","0/0","0/0","0/0","0/0","0/0","0/0","0/0","0/0","0/0","0/0","0/0","0/0","0/0","0/0","0/0","0/0","0/0","0/0","0/0","0/0","0/0","0/0","0/0","0/0","0/0","0/0","0/0","0/0","0/0","0/0","0/0","0/0","0/0","0/0","0/1","0/0","0/0","0/0","0/0","0/0","0/0","0/0","0/0","0/0","0/0","0/0","0/0","0/0","0/1","0/0","0/0","0/0","0/0","0/0","0/0","0/0","0/0","0/1","0/0","0/0","0/0","0/0","0/0","0/0","0/0","0/0","0/0","0/1","0/0","0/0","0/0","0/0","0/0","0/0","0/0","0/0","0/0","0/0","0/0","0/0","0/0","0/0","0/0","0/0","0/0","0/0","0/0","0/0","0/0","0/0","0/0","0/0","0/0","0/0","0/0","0/0","0/0","0/0","0/0","0/0","0/0","0/0","0/0","0/0","0/0","0/0","0/0","0/0","0/0","0/0","0/1","0/0","0/0","0/0","0/1","0/0","0/0","0/0","0/1","0/0","0/1","0/0","0/0","0/0","0/0","0/0","0/0","0/0","0/0","0/0","0/0","0/0","0/0","0/1","0/0","0/0","0/0","0/0","0/0"
"chr14:73789875_AT/A_NUMB","0/0","0/0","0/0","0/0","0/0","0/0","0/0","0/0","0/0","0/0","0/0","0/0","0/0","0/0","0/0","0/0","0/0","0/0","0/0","0/0","0/0","0/0","0/0","0/0","0/0","0/0","0/0","0/0","0/0","0/0","0/0","0/0","0/0","0/0","0/0","0/0","0/0","0/0","0/0","0/0","0/0","0/0","0/0","0/0","0/0","0/0","0/0","0/0","0/0","0/0","0/0","0/0","0/0","0/0","0/0","0/0","0/0","0/0","0/0","0/0","0/0","0/0","0/0","0/0","0/0","0/0","0/0","0/0","0/0","0/0","0/0","0/0","0/0","0/0","0/0","0/0","0/0","0/0","0/0","0/0","0/0","0/0","0/0","0/0","0/0","0/0","0/0","0/0","0/0","0/0","0/0","0/0","0/0","0/0","0/0","0/0","0/0","0/0","0/0","0/0","0/0","0/0","0/0","0/0","0/0","0/0","0/0","0/0","0/0","0/0","0/0","0/0","0/0","0/0","0/0","0/0","0/0","0/0","0/0","0/0","0/0","0/0","0/0","0/0","0/0","0/0","0/0","0/0","0/0","0/0","0/0","0/0","0/0","0/0","0/0","0/0","0/0","0/0","0/1","0/0","0/0","0/0","0/0","0/0","0/0","0/0","0/0","0/0","0/0","0/0","0/0","0/0","0/0"
"chr14:73957981_G/GC_C14orf169","1/1","1/1","1/1","1/1","1/1","1/1","1/1","1/1","1/1","1/1","1/1","1/1","1/1","1/1","1/1","1/1","1/1","1/1","1/1","1/1","1/1","1/1","1/1","1/1","1/1","1/1","1/1","1/1","1/1","1/1","1/1","1/1","1/1","1/1","1/1","1/1","1/1","1/1","1/1","1/1","1/1","1/1","1/1","1/1","1/1","1/1","1/1","1/1","1/1","1/1","1/1","1/1","1/1","1/1","1/1","1/1","1/1","1/1","1/1","1/1","1/1","1/1","1/1","1/1","1/1","1/1","1/1","1/1","1/1","1/1","1/1","1/1","1/1","1/1","1/1","1/1","1/1","1/1","1/1","1/1","1/1","1/1","1/1","1/1","1/1","1/1","1/1","1/1","1/1","1/1","1/1","1/1","1/1","1/1","1/1","1/1","1/1","1/1","1/1","1/1","1/1","1/1","1/1","1/1","1/1","1/1","1/1","1/1","1/1","1/1","1/1","1/1","1/1","1/1","1/1","1/1","1/1","1/1","1/1","1/1","1/1","1/1","1/1","1/1","1/1","1/1","1/1","1/1","1/1","1/1","1/1","1/1","1/1","1/1","1/1","1/1","1/1","1/1","1/1","1/1","1/1","1/1","1/1","1/1","1/1","1/1","1/1","1/1","1/1","1/1","1/1","1/1","1/1"
"chr14:74121567_CAAA/C_DNAL1","0/0","0/0","0/0","0/0","0/0","0/0","0/0","0/0","0/0","0/0","0/0","0/0","0/0","0/0","0/0","0/0","0/0","0/0","0/0","0/0","0/0","0/0","0/0","0/0","0/1","0/0","0/0","0/0","0/0","0/0","0/0","0/0","0/0","0/0","0/0","0/0","0/0","0/0","0/0","0/0","0/0","0/0","0/0","0/0","0/0","0/0","0/0","0/0","0/0","0/0","0/0","0/0","0/0","0/0","0/0","0/0","0/0","0/0","0/0","0/0","0/0","0/0","0/0","0/0","0/0","0/0","0/0","0/0","0/0","0/0","0/0","0/0","0/0","0/0","0/0","0/0","0/0","0/0","0/0","0/0","0/0","0/0","0/0","0/0","0/0","0/0","0/0","0/0","0/0","0/0","0/0","0/0","0/0","0/0","0/0","0/0","0/0","0/0","0/0","0/0","0/0","0/0","0/0","0/0","0/0","0/0","0/0","0/0","0/0","0/0","0/0","0/0","0/0","0/0","0/0","0/0","0/0","0/0","0/0","0/0","0/0","0/0","0/0","0/0","0/0","0/0","0/0","0/0","0/0","0/0","0/0","0/0","0/0","0/0","0/0","0/0","0/0","0/0","0/0","0/0","0/0","0/0","0/0","0/0","0/0","0/0","0/0","0/0","0/0","0/0","0/0","0/0","0/0"
"chr14:74205925_CCTG/C_ELMSAN1","0/0","0/0","0/0","0/0","0/0","0/0","0/0","0/0","0/0","0/0","0/0","0/0","0/0","0/0","0/0","0/0","0/0","0/0","0/0","0/0","0/0","0/0","0/0","0/0","0/0","0/0","0/0","0/0","0/0","0/0","0/0","0/0","0/0","0/0","0/0","0/0","0/0","0/0","0/0","0/0","0/0","0/0","0/0","0/0","0/0","0/0","0/0","0/0","0/0","0/0","0/0","0/0","0/0","0/0","0/0","0/0","0/0","0/0","0/0","0/0","0/0","0/0","0/0","0/0","0/0","0/0","0/0","0/0","0/0","0/0","0/0","0/0","0/0","0/0","0/0","0/0","0/0","0/0","0/0","0/0","0/0","0/0","0/0","0/0","0/0","0/0","0/0","0/0","0/0","0/0","0/0","0/0","0/0","0/0","0/0","0/0","0/0","0/0","0/0","0/0","0/0","0/0","0/0","0/0","0/0","0/0","0/0","0/0","0/0","0/0","0/0","0/0","0/0","0/0","0/0","0/0","0/0","0/0","0/0","0/0","0/0","0/0","0/0","0/1","0/0","0/0","0/0","0/0","0/0","0/0","0/0","0/0","0/0","0/0","0/0","0/0","0/0","0/0","0/0","0/0","0/0","0/0","0/0","0/0","0/0","0/0","0/0","0/0","0/0","0/0","0/0","0/1","0/0"
"chr14:74205941_C/CTGCTGCTGT_ELMSAN1","0/0","0/0","0/0","0/0","0/0","0/0","0/0","0/0","0/0","0/0","0/0","0/0","0/0","0/0","0/0","0/0","0/0","0/0","0/0","0/0","0/0","0/0","0/0","0/0","0/0","0/0","0/0","0/0","0/0","0/0","0/0","0/0","0/0","0/0","0/0","0/0","0/0","0/0","0/0","0/0","0/0","0/0","0/0","0/0","0/0","0/0","0/0","0/0","0/0","0/0","0/0","0/0","0/0","0/0","0/0","0/0","0/0","0/0","0/0","0/0","0/0","0/0","0/0","0/0","0/0","0/0","0/0","0/0","0/0","0/0","0/0","0/0","0/0","0/0","0/0","0/0","0/0","0/0","0/0","0/0","0/0","0/1","0/0","0/0","0/0","0/0","0/0","0/0","0/0","0/0","0/0","0/0","0/0","0/0","0/0","0/0","0/0","0/0","0/0","0/0","0/0","0/0","0/0","0/0","0/0","0/0","0/0","0/0","0/0","0/0","0/0","0/0","0/0","0/0","0/0","0/0","0/0","0/0","0/0","0/0","0/0","0/0","0/0","0/0","0/0","0/0","0/0","0/0","0/0","0/0","0/0","0/0","0/0","0/0","0/0","0/0","0/0","0/0","0/0","0/0","0/0","0/0","0/0","0/0","0/0","0/0","0/0","0/0","0/0","0/0","0/0","0/0","0/0"
"chr14:74500856_GGA/G_BBOF1","0/0","0/0","0/0","0/0","0/0","0/0","0/0","0/0","0/0","0/0","0/0","0/0","0/0","0/0","0/0","0/0","0/0","0/0","0/0","0/0","0/0","0/0","0/0","0/0","0/0","0/0","0/0","0/0","0/0","0/0","0/0","0/0","0/0","0/0","0/0","0/0","0/0","0/0","0/0","0/0","0/0","0/0","0/0","0/1","0/0","0/0","0/0","0/0","0/0","0/0","0/0","0/0","0/0","0/0","0/0","0/0","0/0","0/0","0/0","0/0","0/0","0/0","0/0","0/0","0/0","0/0","0/0","0/0","0/0","0/0","0/0","0/0","0/0","0/0","0/0","0/0","0/0","0/0","0/0","0/0","0/0","0/0","0/0","0/0","0/0","0/0","0/0","0/0","0/0","0/0","0/0","0/0","0/0","0/0","0/0","0/0","0/0","0/0","0/0","0/0","0/0","0/0","0/0","0/0","0/0","0/0","0/0","0/0","0/0","0/0","0/0","0/0","0/0","0/0","0/0","0/0","0/0","0/0","0/0","0/0","0/0","0/0","0/0","0/0","0/0","0/0","0/0","0/0","0/0","0/0","0/0","0/0","0/0","0/0","0/0","0/0","0/0","0/0","0/0","0/0","0/0","0/0","0/0","0/0","0/0","0/0","0/0","0/0","0/0","0/0","0/0","0/0","0/0"
"chr14:75282902_TCAGA/T_YLPM1","0/0","0/0","0/0","0/0","0/0","0/0","0/0","0/0","0/0","0/0","0/0","0/0","0/0","0/0","0/0","0/0","0/0","0/0","0/0","0/0","0/0","0/0","0/0","0/0","0/0","0/0","0/0","0/0","0/1","0/0","0/0","0/0","0/0","0/0","0/0","0/0","0/0","0/0","0/0","0/0","0/0","0/0","0/0","0/0","0/0","0/0","0/0","0/0","0/0","0/0","0/0","0/0","0/0","0/0","0/1","0/0","0/0","0/0","0/0","0/0","0/0","0/0","0/0","0/0","0/0","0/0","0/0","0/0","0/0","0/0","0/0","0/0","0/0","0/0","0/0","0/0","0/0","0/0","0/0","0/0","0/0","0/0","0/0","0/0","0/0","0/0","0/0","0/0","0/0","0/0","0/0","0/0","0/0","0/0","0/0","0/0","0/0","0/0","0/0","0/0","0/0","0/0","0/0","0/0","0/0","0/0","0/0","0/0","0/0","0/0","0/0","0/0","0/0","0/0","0/0","0/0","0/0","0/0","0/0","0/0","0/0","0/0","0/0","0/0","0/0","0/0","0/0","0/0","0/0","0/0","0/0","0/0","0/0","0/0","0/0","0/0","0/0","0/0","0/0","0/0","0/0","0/0","0/0","0/0","0/0","0/0","0/0","0/0","0/0","0/0","0/0","0/0","0/0"
"chr14:75282906_A/ATTTTTT_YLPM1","0/0","0/0","0/0","0/0","0/0","0/0","0/0","0/0","0/0","0/0","0/0","0/0","0/0","0/0","0/0","0/0","0/0","0/0","0/0","0/0","0/0","0/0","0/0","0/0","0/0","0/0","0/0","0/0","0/1","0/0","0/0","0/0","0/0","0/0","0/0","0/0","0/0","0/0","0/0","0/0","0/0","0/0","0/0","0/0","0/0","0/0","0/0","0/0","0/0","0/0","0/0","0/0","0/0","0/0","0/2","0/0","0/0","0/0","0/0","0/0","0/0","0/0","0/0","0/0","0/0","0/0","0/0","0/0","0/0","0/0","0/0","0/0","0/0","0/0","0/0","0/0","0/0","0/0","0/0","0/0","0/0","0/0","0/0","0/0","0/0","0/0","0/0","0/0","0/0","0/0","0/0","0/0","0/0","0/0","0/0","0/0","0/0","0/0","0/0","0/0","0/0","0/0","0/0","0/0","0/0","0/0","0/0","0/0","0/0","0/0","0/0","0/0","0/0","0/0","0/0","0/0","0/0","0/0","0/0","0/0","0/0","0/0","0/0","0/0","0/0","0/0","0/0","0/0","0/0","0/0","0/0","0/0","0/0","0/0","0/0","0/0","0/0","0/0","0/0","0/0","0/0","0/0","0/0","0/0","0/0","0/0","0/0","0/0","0/0","0/0","0/0","0/0","0/0"
"chr14:75514603_CT/C_MLH3","0/0","0/0","0/0","0/0","0/0","0/0","0/0","0/0","0/0","0/0","0/0","0/0","0/0","0/0","0/0","0/0","0/0","0/0","0/0","0/0","0/0","0/0","0/0","0/0","0/0","0/0","0/0","0/0","0/0","0/0","0/0","0/0","0/0","0/0","0/0","0/0","0/1","0/0","0/0","0/0","0/0","0/0","0/0","0/0","0/0","0/0","0/0","0/0","0/0","0/0","0/0","0/0","0/0","0/0","0/0","0/0","0/0","0/0","0/0","0/0","0/0","0/0","0/0","0/0","0/0","0/0","0/0","0/0","0/0","0/0","0/0","0/0","0/0","0/0","0/0","0/0","0/0","0/0","0/0","0/0","0/0","0/0","0/0","0/0","0/0","0/0","0/0","0/0","0/0","0/0","0/0","0/0","0/0","0/0","0/0","0/0","0/0","0/0","0/0","0/0","0/0","0/0","0/0","0/0","0/0","0/0","0/0","0/0","0/0","0/0","0/0","0/0","0/0","0/0","0/0","0/0","0/0","0/0","0/0","0/0","0/0","0/0","0/0","0/0","0/0","0/0","0/0","0/0","0/0","0/0","0/0","0/0","0/0","0/0","0/0","0/0","0/0","0/0","0/0","0/0","0/0","0/0","0/0","0/0","0/0","0/0","0/0","0/0","0/0","0/0","0/0","0/0","0/0"
"chr14:75537321_T/TA_ZC2HC1C","0/0","0/0","0/0","0/0","0/0","0/0","0/0","0/0","0/0","0/0","0/0","0/0","0/0","0/1","0/0","0/0","0/0","0/0","0/0","0/0","0/0","0/0","0/1","0/0","0/0","0/0","0/0","0/0","0/0","0/0","0/0","0/0","0/0","0/0","0/1","0/1","0/1","0/0","0/0","0/1","0/0","0/0","0/1","0/0","0/1","0/0","0/0","0/0","0/0","0/0","0/0","0/0","0/0","0/0","0/0","0/0","0/0","0/0","0/1","0/0","0/0","0/0","0/1","0/0","0/0","0/0","0/0","0/0","0/0","0/0","0/0","0/1","0/1","0/1","0/1","0/0","0/0","0/0","0/0","0/0","0/0","0/1","0/0","0/0","0/0","0/0","0/0","0/0","0/0","0/0","0/0","0/0","0/0","0/0","0/0","0/0","0/0","0/0","0/0","0/0","0/0","0/1","0/0","0/0","0/0","0/1","0/1","0/0","0/0","0/1","0/0","0/0","0/0","0/1","0/0","0/0","0/0","0/0","0/0","0/0","0/0","0/0","0/0","0/0","0/0","0/0","0/1","0/1","0/0","0/0","0/0","0/0","0/0","0/0","0/0","0/0","0/0","0/0","0/0","0/0","0/0","0/0","0/0","0/1","0/1","0/1","0/0","0/0","0/0","0/0","0/0","0/0","0/0"
"chr14:75537622_TG/T_ZC2HC1C","0/0","0/0","0/0","0/0","0/0","0/0","0/0","0/0","0/0","0/0","0/0","0/0","0/0","0/0","0/0","0/0","0/0","0/0","0/0","0/0","0/0","0/0","0/0","0/0","0/0","0/0","0/0","0/0","0/0","0/0","0/0","0/0","0/0","0/0","0/0","0/0","0/0","0/0","0/0","0/0","0/0","0/0","0/0","0/0","0/0","0/0","0/0","0/0","0/0","0/0","0/0","0/0","0/0","0/0","0/0","0/0","0/0","0/0","0/0","0/0","0/0","0/0","0/0","0/0","0/0","0/0","0/0","0/0","0/0","0/0","0/0","0/0","0/0","0/0","0/0","0/0","0/0","0/0","0/0","0/0","0/0","0/0","0/0","0/0","0/0","0/0","0/0","0/0","0/0","0/0","0/0","0/0","0/0","0/0","0/0","0/0","0/0","0/0","0/0","0/0","0/0","0/0","0/0","0/0","0/0","0/0","0/0","0/0","0/0","0/0","0/0","0/0","0/0","0/0","0/0","0/0","0/0","0/0","0/0","0/0","0/0","0/0","0/0","0/0","0/0","0/0","0/0","0/0","0/0","0/0","0/0","0/0","0/0","0/0","0/0","0/0","0/0","0/0","0/0","0/0","0/0","0/0","0/0","0/1","0/1","0/1","0/0","0/0","0/0","0/0","0/0","0/0","0/0"
"chr14:76107600_CTG/C_FLVCR2","0/0","0/0","0/0","0/0","0/0","0/0","0/0","0/0","0/0","0/0","0/0","0/0","0/0","0/0","0/0","0/0","0/0","0/0","0/0","0/0","0/0","0/0","0/0","0/0","0/0","0/0","0/0","0/0","0/0","0/0","0/0","0/0","0/0","0/0","0/0","0/0","0/1","0/0","0/0","0/0","0/0","0/0","0/0","0/0","0/0","0/0","0/0","0/0","0/0","0/0","0/0","0/0","0/0","0/0","0/0","0/0","0/0","0/0","0/0","0/0","0/0","0/0","0/0","0/0","0/0","0/0","0/0","0/0","0/0","0/0","0/0","0/0","0/0","0/0","0/0","0/0","0/0","0/0","0/0","0/0","0/0","0/0","0/0","0/0","0/0","0/0","0/0","0/0","0/0","0/0","0/0","0/0","0/0","0/0","0/0","0/0","0/0","0/0","0/0","0/0","0/0","0/0","0/0","0/0","0/0","0/0","0/0","0/0","0/0","0/0","0/0","0/0","0/0","0/0","0/0","0/0","0/0","0/0","0/0","0/0","0/0","0/0","0/0","0/0","0/0","0/0","0/0","0/0","0/0","0/0","0/0","0/0","0/0","0/0","0/0","0/0","0/0","0/0","0/0","0/0","0/0","0/0","0/0","0/0","0/0","0/0","0/0","0/0","0/0","0/0","0/0","0/0","0/0"
"chr14:76427406_TCTC/T_TGFB3","0/0","0/0","0/0","0/0","0/0","0/0","0/0","0/0","0/0","0/0","0/0","0/0","0/0","0/0","0/0","0/0","0/0","0/0","0/0","0/0","0/0","0/0","0/0","0/0","0/0","0/0","0/1","0/0","0/0","0/0","0/0","0/0","0/0","0/0","0/0","0/0","0/0","0/0","0/0","0/0","0/0","0/0","0/0","0/0","0/0","0/0","0/0","0/0","0/0","0/0","0/0","0/0","0/0","0/0","0/0","0/0","0/0","0/0","0/0","0/0","0/0","0/0","0/0","0/0","0/0","0/0","0/0","0/0","0/0","0/0","0/0","0/0","0/0","0/0","0/0","0/0","0/0","0/0","0/0","0/0","0/0","0/0","0/0","0/0","0/0","0/0","0/0","0/0","0/0","0/0","0/0","0/0","0/0","0/0","0/0","0/0","0/0","0/0","0/0","0/0","0/0","0/0","0/0","0/0","0/0","0/0","0/0","0/0","0/0","0/0","0/0","0/0","0/0","0/0","0/0","0/0","0/0","0/0","0/0","0/0","0/0","0/0","0/0","0/0","0/0","0/0","0/0","0/0","0/0","0/0","0/0","0/0","0/0","0/0","0/0","0/0","0/0","0/0","0/0","0/0","0/0","0/0","0/0","0/0","0/0","0/0","0/0","0/0","0/0","0/0","0/0","0/0","0/0"
"chr14:77732971_C/CCAGACACTTCTCCAGCATGTAGAG_NGB","0/0","0/0","0/0","0/0","0/0","0/0","0/0","0/0","0/0","0/0","0/0","0/0","0/0","0/0","0/0","0/0","0/0","0/0","0/0","0/0","0/0","0/0","0/0","0/0","0/0","0/0","0/0","0/0","0/0","0/0","0/0","0/0","0/0","0/0","0/0","0/0","0/0","0/0","0/0","0/0","0/0","0/0","0/0","0/0","0/0","0/0","0/0","0/0","0/0","0/0","0/0","0/0","0/0","0/0","0/0","0/0","0/0","0/0","0/0","0/0","0/0","0/0","0/0","0/0","0/0","0/0","0/0","0/0","0/0","0/0","0/0","0/0","0/0","0/0","0/0","0/0","0/0","0/0","0/0","0/0","0/0","0/0","0/0","0/0","0/0","0/0","0/0","0/0","0/1","0/0","0/0","0/0","0/0","0/0","0/0","0/0","0/0","0/0","0/0","0/0","0/0","0/0","0/0","0/0","0/0","0/0","0/0","0/0","0/0","0/0","0/0","0/0","0/0","0/0","0/0","0/0","0/0","0/0","0/0","0/0","0/0","0/0","0/0","0/0","0/0","0/0","0/0","0/0","0/0","0/0","0/0","0/0","0/0","0/0","0/0","0/0","0/0","0/0","0/0","0/0","0/0","0/0","0/0","0/0","0/0","0/0","0/0","0/0","0/0","0/0","0/0","0/0","0/0"
"chr14:81609512_C/CA_TSHR","0/0","0/0","0/0","0/0","0/0","0/0","0/0","0/0","0/0","0/0","0/0","0/0","0/0","0/0","0/0","0/0","0/0","0/0","0/0","0/0","0/0","0/0","0/0","0/0","0/0","0/0","0/0","0/0","0/0","0/0","0/0","0/0","0/0","0/0","0/0","0/0","0/0","0/0","0/0","0/0","0/0","0/0","0/0","0/0","0/0","0/0","0/0","0/0","0/0","0/0","0/0","0/0","0/0","0/0","0/0","0/0","0/0","0/0","0/0","0/0","0/0","0/0","0/0","0/0","0/0","0/0","0/0","0/0","0/0","0/0","0/0","0/0","0/0","0/0","0/0","0/0","0/0","0/0","0/0","0/0","0/0","0/0","0/0","0/0","0/0","0/0","0/0","0/0","0/0","0/0","0/0","0/0","0/0","0/0","0/0","0/0","0/0","0/0","0/0","0/0","0/0","0/0","0/0","0/0","0/0","0/0","0/0","0/0","0/0","0/0","0/0","0/0","0/0","0/0","0/0","0/0","0/0","0/0","0/0","0/0","0/0","0/0","0/0","0/0","0/0","0/1","0/0","0/0","0/0","0/0","0/0","0/0","0/0","0/0","0/0","0/0","0/0","0/0","0/0","0/0","0/0","0/0","0/0","0/0","0/0","0/0","0/0","0/0","0/0","0/0","0/0","0/0","0/0"
"chr14:93154537_TGGC/T_RIN3","1/1","1/1","1/1","1/1","1/1","1/1","1/1","1/1","1/1","1/1","1/1","0/1","1/1","1/1","1/1","0/1","1/1","1/1","1/1","1/1","0/1","1/1","1/1","0/1","1/1","0/1","0/1","0/1","1/1","1/1","0/0","1/1","1/1","0/1","1/1","0/1","1/1","1/1","0/1","0/1","1/1","1/1","0/1","1/1","1/1","1/1","0/1","0/1","1/1","0/1","1/1","1/1","1/1","0/1","1/1","0/1","0/1","0/1","0/1","0/1","0/1","0/1","0/1","1/1","1/1","1/1","1/1","1/1","1/1","1/1","1/1","0/1","0/1","1/1","1/1","1/1","1/1","0/1","0/1","1/1","1/1","0/1","1/1","1/1","1/1","1/1","1/1","1/1","1/1","1/1","1/1","0/1","0/1","1/1","1/1","1/1","1/1","1/1","0/1","0/1","0/1","1/1","0/1","1/1","1/1","0/1","0/1","1/1","1/1","1/1","1/1","1/1","1/1","0/1","1/1","0/1","0/1","0/1","1/1","0/1","1/1","1/1","0/1","0/1","1/1","1/1","0/1","0/1","1/1","1/1","1/1","1/1","0/1","0/1","0/1","0/1","0/1","0/1","0/1","0/1","0/1","1/1","1/1","1/1","1/1","1/1","1/1","1/1","1/1","0/1","0/1","0/1","0/1"
"chr14:93712185_ATGC/A_BTBD7","0/0","0/0","0/0","0/0","0/0","0/0","0/0","0/0","0/0","0/0","0/0","0/0","0/0","0/0","0/0","0/0","0/0","0/0","0/0","0/0","0/0","0/0","0/0","0/0","0/0","0/0","0/0","0/0","0/0","0/0","0/0","0/0","0/1","0/0","0/0","0/0","0/0","0/0","0/0","0/0","0/0","0/0","0/0","0/0","0/0","0/0","0/0","0/0","0/0","0/0","0/0","0/0","0/0","0/0","0/0","0/0","0/1","0/0","0/0","0/0","0/0","0/0","0/0","0/0","0/0","0/0","0/0","0/0","0/1","0/0","0/0","0/0","0/0","0/0","0/0","0/0","0/0","0/0","0/0","0/0","0/0","0/0","0/0","0/0","0/0","0/0","0/0","0/0","0/0","0/0","0/0","0/0","0/0","0/0","0/0","0/0","0/0","0/0","0/0","0/0","0/0","0/0","0/0","0/0","0/0","0/0","0/0","0/0","0/0","0/0","0/0","0/0","0/0","0/0","0/0","0/0","0/0","0/0","0/0","0/0","0/0","0/0","0/0","0/0","0/0","0/0","0/0","0/0","0/0","0/0","0/0","0/0","0/0","0/0","0/0","0/0","0/0","0/0","0/0","0/0","0/0","0/0","0/0","0/0","0/0","0/0","0/0","0/0","0/0","0/0","0/0","0/0","0/0"
"chr14:94582130_T/TGGCCATGGC_IFI27\x3bIFI27","1/1","1/1","1/1","0/1","0/1","0/0","0/1","0/1","0/1","0/1","0/1","1/1","0/1","1/1","0/1","1/1","0/1","0/0","0/1","0/1","1/1","1/1","0/0","0/0","1/1","1/1","0/0","1/1","0/1","1/1","1/1","1/1","0/1","1/1","1/1","1/1","1/1","1/1","0/0","0/1","1/1","1/1","1/1","0/1","1/1","1/1","0/1","1/1","0/1","1/1","1/1","1/1","0/1","1/1","0/1","0/0","0/1","1/1","0/1","0/1","1/1","0/1","0/1","1/1","1/1","1/1","1/1","0/1","0/1","1/1","1/1","1/1","1/1","1/1","1/1","1/1","1/1","1/1","1/1","0/1","0/1","1/1","1/1","0/1","0/1","0/1","0/1","0/0","0/1","0/1","0/1","0/1","0/1","1/1","1/1","0/1","0/0","0/1","1/1","1/1","0/0","0/1","0/0","0/1","0/1","0/1","0/1","0/1","0/1","0/1","0/1","1/1","1/1","1/1","1/1","1/1","1/1","1/1","0/0","1/1","0/0","0/0","1/1","1/1","1/1","1/1","1/1","1/1","1/1","1/1","1/1","0/1","1/1","0/1","1/1","1/1","0/1","0/1","1/1","0/1","1/1","0/1","0/1","1/1","1/1","1/1","0/1","0/1","0/1","0/1","0/1","0/1","0/1"
"chr14:94956038_GGA/G_SERPINA12","0/0","0/0","0/0","0/0","0/0","0/0","0/0","0/0","0/0","0/0","0/0","0/0","0/0","0/0","0/0","0/0","0/0","0/0","0/0","0/0","0/0","0/0","0/0","0/0","0/0","0/0","0/0","0/0","0/0","0/0","0/0","0/0","0/0","0/0","0/0","0/0","0/0","0/0","0/0","0/0","0/0","0/0","0/0","0/0","0/0","0/0","0/0","0/0","0/0","0/0","0/0","0/0","0/1","0/0","0/0","0/0","0/0","0/0","0/0","0/0","0/0","0/0","0/0","0/0","0/0","0/0","0/0","0/0","0/0","0/0","0/0","0/0","0/0","0/0","0/0","0/0","0/0","0/0","0/0","0/0","0/0","0/0","0/0","0/0","0/0","0/0","0/0","0/0","0/0","0/0","0/0","0/0","0/0","0/0","0/0","0/0","0/0","0/0","0/0","0/0","0/0","0/0","0/0","0/0","0/0","0/0","0/0","0/0","0/0","0/0","0/0","0/0","0/0","0/0","0/0","0/0","0/0","0/0","0/0","0/0","0/0","0/0","0/0","0/0","0/0","0/0","0/0","0/0","0/0","0/0","0/0","0/0","0/0","0/0","0/0","0/0","0/0","0/0","0/0","0/0","0/0","0/0","0/0","0/0","0/0","0/0","0/0","0/0","0/0","0/0","0/0","0/0","0/0"
"chr14:95090124_CAA/C_SERPINA3","0/0","0/0","0/0","0/0","0/0","0/0","0/0","0/0","0/0","0/0","0/0","0/0","0/0","0/0","0/0","0/0","0/0","0/0","0/0","0/0","0/0","0/0","0/0","0/0","0/0","0/0","0/0","0/0","0/0","0/0","0/0","0/0","0/0","0/0","0/0","0/0","0/0","0/0","0/0","0/0","0/0","0/0","0/0","0/0","0/0","0/0","0/0","0/0","0/0","0/0","0/0","0/0","0/0","0/0","0/0","0/0","0/0","0/0","0/0","0/0","0/0","0/0","0/0","0/0","0/0","0/0","0/0","0/0","0/0","0/0","0/0","0/1","0/1","0/0","0/0","0/0","0/0","0/0","0/0","0/0","0/0","0/0","0/0","0/0","0/0","0/0","0/0","0/0","0/0","0/0","0/0","0/0","0/0","0/0","0/0","0/0","0/0","0/0","0/0","0/0","0/0","0/0","0/0","0/0","0/0","0/0","0/0","0/0","0/0","0/0","0/0","0/0","0/0","0/0","0/0","0/0","0/0","0/0","0/0","0/0","0/0","0/0","0/0","0/0","0/0","0/0","0/0","0/0","0/0","0/0","0/0","0/0","0/0","0/0","0/0","0/0","0/0","0/0","0/0","0/0","0/0","0/0","0/0","0/0","0/0","0/0","0/0","0/0","0/0","0/0","0/0","0/0","0/0"
"chr14:95903307_TAGA/T_SYNE3","0/0","0/0","0/0","0/0","0/1","0/0","0/1","0/1","0/1","0/0","0/0","0/1","1/1","0/1","0/0","0/1","0/0","0/0","0/0","0/0","0/0","0/1","0/0","0/0","0/0","0/1","0/0","0/1","0/0","0/0","1/1","0/0","0/0","0/0","0/0","0/0","0/0","0/1","0/0","0/1","0/0","0/0","0/0","0/1","0/1","0/1","0/1","0/1","0/0","0/0","0/0","0/0","0/0","0/0","0/1","1/1","0/1","0/1","0/0","0/0","0/1","0/1","0/1","0/0","0/0","0/1","0/1","0/0","0/0","0/1","0/1","0/1","0/1","0/0","0/0","0/1","0/1","0/1","0/1","0/0","0/0","0/0","0/0","0/0","0/0","0/1","0/1","0/1","0/1","0/1","0/0","0/1","0/1","0/0","0/0","0/0","0/1","0/1","0/0","0/0","0/0","0/1","0/0","0/0","0/0","0/1","0/1","0/1","0/1","0/1","0/0","1/1","1/1","0/1","0/1","0/1","0/1","0/0","0/1","0/0","0/1","0/1","0/1","0/0","0/1","0/1","0/1","0/1","0/0","0/0","0/0","0/0","0/0","0/0","0/0","0/0","0/0","0/0","0/1","0/1","0/1","0/0","0/0","0/0","0/0","0/0","0/0","0/0","0/0","0/0","0/0","0/0","0/0"
"chr14:99641543_GCTC/G_BCL11B","0/0","0/0","0/0","0/0","0/0","0/0","0/0","0/0","0/0","0/0","0/1","0/0","0/1","0/0","0/0","0/0","0/0","0/0","0/0","0/0","0/1","0/0","0/1","0/1","0/0","0/0","0/0","0/0","0/0","0/1","0/0","0/0","0/0","0/0","0/0","0/0","0/0","0/1","0/0","0/0","0/0","0/0","0/0","0/0","0/0","0/1","0/0","0/0","0/0","0/0","0/0","0/0","0/0","0/0","0/0","0/0","0/1","0/0","0/0","0/0","0/0","0/0","0/0","0/0","0/0","0/0","0/0","0/0","0/0","0/0","0/0","0/0","0/0","0/0","0/0","0/0","0/0","0/0","0/0","0/0","0/0","0/0","0/0","0/0","0/0","0/0","0/0","0/0","0/0","0/0","0/0","0/0","0/0","0/0","0/0","0/0","0/0","0/0","0/0","0/0","0/0","0/1","0/0","0/0","0/0","0/0","0/0","0/0","0/0","0/0","0/0","0/0","0/0","0/0","0/0","0/0","0/0","0/0","0/0","0/0","0/1","0/0","0/0","0/0","0/0","0/0","0/0","0/0","0/0","0/0","0/0","0/0","0/0","0/0","0/0","0/1","0/0","0/0","0/0","0/0","0/0","0/0","0/0","0/0","0/0","0/0","0/0","0/0","0/0","0/0","0/0","0/0","0/0"
"chr14:100069784_CCCG/C_CCDC85C","0/0","0/0","0/0","0/0","0/0","0/0","0/0","0/0","0/0","0/0","0/0","0/0","0/0","0/0","0/0","0/0","0/0","0/0","0/0","0/0","0/0","0/0","0/0","0/0","0/0","0/0","0/0","0/0","0/0","0/0","0/0","0/0","0/0","0/0","0/0","0/0","0/0","0/0","0/0","0/0","0/0","0/0","0/0","0/0","0/0","0/0","0/0","0/0","0/0","0/0","0/0","0/0","0/0","0/0","0/0","0/0","0/0","0/0","0/0","0/0","0/0","0/0","0/0","0/0","0/0","0/0","0/0","0/0","0/0","0/0","0/0","0/0","0/0","0/0","0/0","0/0","0/0","0/0","0/0","0/0","0/0","0/0","0/0","0/0","0/0","0/0","0/0","0/0","0/0","0/0","0/0","0/0","0/0","0/0","0/0","0/0","0/0","0/0","0/0","0/0","0/0","0/0","0/0","0/0","0/0","0/0","0/0","0/0","0/0","0/0","0/0","0/0","0/0","0/0","0/1","0/0","0/0","0/0","0/0","0/0","0/0","0/0","0/1","0/0","0/0","0/0","0/0","0/0","0/0","0/0","0/0","0/0","0/0","0/0","0/0","0/0","0/0","0/0","0/0","0/0","0/0","0/0","0/0","0/0","0/0","0/0","0/0","0/0","0/0","0/0","0/0","0/0","0/0"
"chr14:100594923_A/ACC_EVL","0/0","0/0","0/0","0/0","0/0","0/0","0/0","0/0","0/0","0/0","0/0","0/0","0/0","0/0","0/0","0/0","0/0","0/0","0/0","0/0","0/0","0/0","0/0","0/0","0/0","0/0","0/0","0/0","0/0","0/0","0/0","0/0","0/0","0/0","0/0","0/0","0/0","0/0","0/0","0/0","0/0","0/0","0/0","0/0","0/0","0/0","0/0","0/0","0/0","0/0","0/0","0/0","0/0","0/0","0/0","0/0","0/0","0/0","0/0","0/0","0/0","0/0","0/0","0/0","0/0","0/0","0/0","0/0","0/0","0/0","0/0","0/0","0/0","0/0","0/0","0/0","0/0","0/0","0/0","0/0","0/0","0/0","0/0","0/0","0/0","0/0","0/0","0/0","0/0","0/0","0/0","0/0","0/0","0/0","0/0","0/0","0/0","0/0","0/0","0/0","0/0","0/0","0/0","0/0","0/0","0/0","0/0","0/0","0/0","0/0","0/0","0/0","0/0","0/0","0/0","0/0","0/0","0/0","0/0","0/0","0/0","0/0","0/0","0/0","0/0","0/0","0/0","0/0","0/0","0/0","0/0","0/0","0/0","0/0","0/0","0/0","0/0","0/0","0/0","0/1","0/0","0/0","0/0","0/0","0/0","0/0","0/0","0/0","0/0","0/0","0/0","0/0","0/0"
"chr14:100594979_CA/C_EVL","0/0","0/0","0/0","0/0","0/0","0/0","0/0","0/0","0/0","0/0","0/0","0/0","0/0","0/0","0/0","0/0","0/0","0/0","0/0","0/0","0/0","0/0","0/0","0/0","0/0","0/0","0/0","0/0","0/0","0/0","0/0","0/0","0/0","0/0","0/0","0/0","0/0","0/0","0/0","0/0","0/0","0/0","0/0","0/0","0/0","0/0","0/0","0/0","0/0","0/0","0/0","0/0","0/0","0/0","0/0","0/0","0/0","0/0","0/0","0/0","0/0","0/0","0/0","0/0","0/0","0/0","0/0","0/0","0/0","0/0","0/0","0/0","0/0","0/0","0/0","0/0","0/0","0/0","0/0","0/0","0/1","0/0","0/0","0/0","0/0","0/0","0/0","0/0","0/0","0/0","0/0","0/0","0/0","0/0","0/0","0/0","0/0","0/0","0/0","0/0","0/0","0/0","0/0","0/0","0/0","0/0","0/0","0/0","0/0","0/0","0/0","0/0","0/0","0/0","0/0","0/0","0/0","0/0","0/0","0/0","0/0","0/0","0/0","0/0","0/0","0/0","0/0","0/0","0/0","0/0","0/0","0/0","0/0","0/0","0/0","0/0","0/0","0/0","0/0","0/0","0/0","0/0","0/0","0/0","0/0","0/0","0/0","0/0","0/0","0/0","0/0","0/0","0/0"
"chr14:100615835_TGCCGAAGGCC/T_DEGS2","0/0","0/0","0/0","0/0","0/0","0/0","0/0","0/0","0/0","0/0","0/0","0/0","0/0","0/0","0/0","0/0","0/0","0/0","0/0","0/0","0/0","0/0","0/0","0/0","0/0","0/0","0/0","0/0","0/0","0/0","0/0","0/0","0/0","0/0","0/0","0/0","0/0","0/0","0/0","0/0","0/0","0/0","0/0","0/0","0/0","0/0","0/0","0/0","0/0","0/0","0/0","0/0","0/0","0/0","0/0","0/0","0/0","0/0","0/0","0/0","0/0","0/0","0/0","0/0","0/0","0/0","0/0","0/0","0/0","0/0","0/0","0/0","0/0","0/0","0/0","0/0","0/0","0/0","0/0","0/0","0/0","0/0","0/0","0/0","0/0","0/0","0/0","0/0","0/0","0/0","0/0","0/0","0/0","0/0","0/0","0/0","0/0","0/0","0/0","0/0","0/0","0/0","0/0","0/0","0/0","0/0","0/0","0/0","0/0","0/0","0/0","0/0","0/0","0/0","0/0","0/0","0/0","0/0","0/0","0/0","0/0","0/0","0/0","0/0","0/0","0/0","0/0","0/0","0/1","0/1","0/1","0/0","0/0","0/0","0/0","0/0","0/0","0/0","0/0","0/0","0/0","0/0","0/0","0/0","0/0","0/0","0/0","0/0","0/0","0/0","0/0","0/0","0/0"
"chr14:101350670_C/CTCT_RTL1","0/0","0/0","0/0","0/0","0/0","0/0","0/0","0/0","0/0","0/0","0/0","0/0","0/1","0/0","0/0","0/0","0/0","0/0","0/0","0/0","0/0","0/0","0/0","0/0","0/0","0/0","0/0","0/0","0/0","0/0","0/0","0/0","0/0","0/0","0/0","0/0","0/0","0/0","0/0","0/0","0/0","0/0","0/0","0/0","0/0","0/0","0/0","0/0","0/0","0/0","0/0","0/0","0/0","0/0","0/0","0/0","0/0","0/0","0/0","0/0","0/0","0/0","0/0","0/0","0/0","0/1","0/0","0/0","0/0","0/0","0/1","0/0","0/0","0/0","0/0","0/0","0/0","0/0","0/0","0/0","0/0","0/0","0/0","0/0","0/0","0/0","0/0","0/0","0/0","0/0","0/0","0/0","0/0","0/0","0/0","0/0","0/0","0/0","0/0","0/0","0/0","0/1","0/0","0/0","0/0","0/0","0/0","0/0","0/0","0/1","0/0","0/0","0/0","0/0","0/0","0/0","0/0","0/0","0/0","0/0","0/0","0/0","0/0","0/0","0/0","0/0","0/0","0/0","0/0","0/0","0/0","0/1","0/0","0/0","0/0","0/0","0/0","0/0","0/0","0/0","0/0","0/1","0/1","0/0","0/0","0/0","0/0","0/0","0/0","0/0","0/0","0/0","0/0"
"chr14:102786144_TGGC/T_ZNF839","0/0","0/0","0/0","0/0","0/0","0/0","0/0","0/0","0/0","0/0","0/0","0/0","0/0","0/0","0/0","0/0","0/0","0/0","0/0","0/0","0/0","0/0","0/0","0/0","0/0","0/0","0/0","0/0","0/0","0/0","0/0","0/0","0/0","0/0","0/0","0/0","0/0","0/0","0/0","0/0","0/0","0/0","0/0","0/0","0/0","0/0","0/0","0/0","0/0","0/0","0/0","0/0","0/0","0/0","0/0","0/0","0/0","0/0","0/0","0/0","0/0","0/0","0/0","0/0","0/0","0/0","0/0","0/0","0/0","0/0","0/0","0/0","0/0","0/0","0/0","0/0","0/0","0/0","0/0","0/0","0/0","0/0","0/0","0/0","0/0","0/0","0/0","0/0","0/0","0/0","0/0","0/0","0/0","0/0","0/0","0/0","0/0","0/0","0/0","0/0","0/0","0/0","0/0","0/0","0/0","0/0","0/1","0/0","0/0","0/0","0/0","0/0","0/0","0/0","0/0","0/0","0/0","0/0","0/0","0/0","0/0","0/0","0/0","0/0","0/0","0/0","0/0","0/0","0/0","0/0","0/0","0/0","0/0","0/0","0/0","0/0","0/0","0/0","0/0","0/0","0/0","0/0","0/0","0/0","0/1","0/0","0/0","0/0","0/0","0/0","0/0","0/0","0/0"
"chr14:103059299_T/TCCG_RCOR1","0/0","0/0","0/0","0/0","0/0","0/0","0/0","0/0","0/0","0/0","0/0","0/0","0/0","0/0","0/0","0/0","0/0","0/0","0/0","0/0","0/0","0/0","0/0","0/0","0/0","0/0","0/0","0/0","0/0","0/0","0/0","0/0","0/0","0/0","0/0","0/0","0/0","0/0","0/0","0/0","0/0","0/0","0/0","0/0","0/0","0/0","0/0","0/0","0/0","0/0","0/0","0/0","0/0","0/0","0/0","0/0","0/1","0/0","0/0","0/0","0/0","0/0","0/0","0/0","0/0","0/0","0/0","0/0","0/0","0/0","0/0","0/0","0/0","0/0","0/0","0/0","0/0","0/0","0/0","0/0","0/0","0/0","0/0","0/0","0/0","0/0","0/0","0/0","0/0","0/0","0/0","0/0","0/0","0/0","0/0","0/0","0/0","0/0","0/0","0/0","0/0","0/0","0/0","0/0","0/0","0/0","0/0","0/0","0/0","0/0","0/0","0/0","0/0","0/0","0/0","0/0","0/0","0/0","0/0","0/0","0/0","0/0","0/0","0/0","0/0","0/0","0/0","0/0","0/0","0/0","0/0","0/0","0/0","0/0","0/0","0/0","0/0","0/0","0/0","0/0","0/0","0/0","0/0","0/0","0/0","0/0","0/0","0/0","0/0","0/0","0/0","0/0","0/0"
"chr14:103593417_TGGC/T_TNFAIP2","0/0","0/0","0/0","0/0","0/0","0/0","0/0","0/0","0/0","0/0","0/0","0/0","0/0","0/0","0/1","0/0","0/0","0/0","0/0","0/0","0/0","0/0","0/0","0/0","0/0","0/0","0/0","0/0","0/0","0/1","0/0","0/0","0/0","0/0","0/0","0/0","0/0","0/0","0/0","0/0","0/0","0/0","0/0","0/0","0/0","0/0","0/0","0/0","0/0","0/0","0/0","0/0","0/0","0/0","0/0","0/0","0/0","0/0","0/0","0/0","0/0","0/0","0/0","0/0","0/0","0/0","0/0","0/0","0/0","0/0","0/0","0/0","0/0","0/0","0/0","0/0","0/0","0/0","0/0","0/0","0/0","0/0","0/0","0/0",".","0/0","0/0","0/0","0/0","0/0","0/0","0/0","0/0","0/0","0/0","0/0","0/0","0/0","0/0","0/0","0/0","0/0","0/0","0/0","0/0","0/0","0/0","0/0","0/0","0/0","0/0","0/0","0/1","0/0","0/0","0/0","0/0","0/0","0/0","0/0","0/0","0/0","0/0","0/0","0/0","0/0","0/0","0/0","0/0","0/0","0/0","0/0","0/0","0/0",".","0/0","0/0","0/0","0/0","0/0","0/0","0/0","0/0","0/0","0/0","0/0","0/0","0/0","0/0","0/0","0/0",".","0/0"
"chr14:105055118_TGACGGGCAG/T_C14orf180","0/1","0/1","0/1","0/1","0/1","0/0","0/0","0/0","0/0","0/1","1/1","0/1","1/1","0/1","1/1","1/1","1/1","1/1","0/1","1/1","0/1","1/1","1/1","1/1","0/1","1/1","0/1","1/1","0/1","1/1","0/1","1/1","1/1","1/1","0/0","1/1","0/1","1/1","1/1","0/1","0/1","0/1","1/1","0/1","1/1","0/1","0/0","0/1","1/1","0/0","0/0","1/1","1/1","0/1","0/1","1/1","1/1","1/1","1/1","1/1","1/1","0/1","0/1","1/1","1/1","1/1","0/1","1/1","1/1","0/1","1/1","1/1","1/1","1/1","1/1","1/1","1/1","1/1","1/1","1/1","1/1","0/1","0/0","0/0","0/0","0/1","0/0","1/1","0/1","0/1","0/0","1/1","1/1","1/1","1/1","0/0","1/1","1/1","1/1","1/1","0/1","1/1","0/1","1/1","1/1","1/1","1/1","1/1","1/1","1/1","0/1","1/1","1/1","1/1","0/1","0/1","0/1","0/1","1/1","0/1","1/1","1/1","0/1","0/1","0/1","0/1","1/1","1/1","0/1","0/1","0/1","1/1","0/0","0/1","0/0","0/0","0/1","0/1","0/1","0/1","0/1","1/1","1/1","0/1","0/1","0/1","1/1","1/1","1/1","0/1","0/1","0/1","0/1"
"chr14:105352884_CGCAGGA/C_CEP170B","0/0","0/0","0/0","0/0","0/0","0/0","0/0","0/0","0/0","0/0","0/0","0/0","0/1","0/0","0/0","0/1","0/0","0/0","0/0","0/1","0/1","0/0","0/0","0/0","0/1","0/0","0/0","0/0","0/0","0/0","0/0","0/0","0/0","0/0","0/1","0/0","0/0","0/0","1/1","0/1","0/0","0/0","0/0","0/0","0/1","0/0","0/0","0/0","0/0","0/1","0/1","0/1","0/0","0/0","0/0","0/0","0/0","0/0","0/0","0/0","0/0","0/0","0/0","0/0","0/0","0/0","0/0","0/0","0/0","0/0","0/0","0/0","0/0","0/0","0/0","0/0","0/0","0/0","0/0","0/0","0/0","0/0","0/1","0/1","0/1","0/1","0/1","0/1","0/0","0/0","0/0","0/0","0/0","0/0","0/0","0/0","0/1","0/0","0/1","0/1","0/0","0/0","0/0","0/0","0/0","0/0","0/0","0/0","0/0","0/0","0/0","0/0","0/0","0/0","0/0","0/0","0/0","0/0","0/0","0/0","0/0","0/0","0/0","0/0","0/0","0/0","0/0","0/0","0/0","0/0","0/0","0/0","0/0","0/0","0/0","0/0","0/0","0/0","0/0","0/0","0/0","0/0","0/0","0/1","0/1","0/1","0/1","0/1","0/1","0/0","0/0","0/0","0/0"
"chr14:105612223_TC/T_JAG2","0/0","0/0","0/0","0/0","0/0","0/0","0/0","0/0","0/0","0/0","0/1","0/0","0/0","0/0","0/0","0/0","0/0","0/0","0/0","0/0","0/0","0/0","0/0","0/0","0/0","0/0","0/0","0/0","0/0","0/0","0/0","0/0","0/0","0/0","0/0","0/0","0/0","0/0","0/0","0/0","0/0","0/0","0/0","0/0","0/0","0/0","0/0","0/0","0/0","0/0","0/0","0/0","0/0","0/0","0/0","0/0","0/0","0/0","0/0","0/0","0/0","0/0","0/0","0/0","0/0","0/0","0/0","0/0","0/0","0/0","0/0","0/0","0/0","0/0","0/0","0/0","0/0","0/0","0/0","0/0","0/0","0/0","0/0","0/0","0/0","0/0","0/0","0/0","0/0","0/0","0/0","0/0","0/0","0/0","0/0","0/0","0/0","0/0","0/0","0/0","0/0","0/0","0/0","0/0","0/0","0/0","0/0","0/0","0/0","0/0","0/0","0/0","0/0","0/0","0/0","0/0","0/0","0/0","0/0","0/0","0/0","0/0","0/0","0/0","0/0","0/0","0/0","0/0","0/0","0/0","0/0","0/0","0/0","0/0","0/0","0/0","0/0","0/0","0/0","0/0","0/0","0/0","0/0","0/0","0/0","0/0","0/0","0/0","0/0","0/0","0/0","0/0","0/0"
"chr14:105614480_C/CG_JAG2","0/0","0/0","0/0","0/0","0/0","0/0","0/0","0/0","0/0","0/0","0/0","0/0","0/0","0/0","0/0","0/0","0/0","0/0","0/0","0/0","0/0","0/0","0/0","0/0","0/0","0/0","0/0","0/0","0/0","0/0","0/0","0/0","0/0","0/0","0/0","0/0","0/1","0/0","0/0","0/0","0/0","0/0","0/0","0/0","0/0","0/0","0/0","0/0","0/0","0/0","0/0","0/0","0/0","0/0","0/0","0/0","0/0","0/0","0/0","0/0","0/0","0/0","0/0","0/0","0/0","0/0","0/0","0/0","0/0","0/0","0/0","0/0","0/0","0/0","0/0","0/0","0/0","0/0","0/0","0/0","0/0","0/0","0/0","0/0","0/0","0/0","0/0","0/0","0/0","0/0","0/0","0/0","0/0","0/0","0/0","0/0","0/0","0/0","0/0","0/0","0/0","0/0","0/0","0/0","0/0","0/0","0/0","0/0","0/0","0/0","0/0","0/0","0/0","0/0","0/0","0/0","0/0","0/0","0/0","0/0","0/0","0/0","0/0","0/0","0/0","0/0","0/0","0/0","0/0","0/0","0/0","0/0","0/0","0/0","0/0","0/0","0/0","0/0","0/0","0/0","0/0","0/0","0/0","0/0","0/0","0/0","0/0","0/0","0/0","0/0","0/0","0/0","0/0"
"chr14:105996049_TGCC/T_TMEM121","0/1","0/1","0/1","0/1","0/0","0/0","0/1","0/1","0/1","1/1","1/1","0/1","0/0","0/1","0/1","1/1","0/1","0/1","0/1","0/1","0/0","0/1","1/1","0/1","1/1","0/0","0/1","1/1","0/0","0/1","0/0","1/1","0/0","1/1","0/1","0/1","1/1","1/1","0/0","0/1","0/1","1/1","0/1","0/1","0/1","0/2","1/1","0/1","0/1","0/0","0/1","0/1","0/1","1/1","0/1","0/1","0/1","0/1","0/0","1/1","1/1","0/1","0/1","1/1","1/1","0/1","0/1","1/1","1/1","0/1","0/1","1/1","1/1","0/0","0/0","0/1","0/1","0/1","0/1","1/1","1/1","0/1","0/1","0/0","0/0","0/1","0/1","0/0","0/0","0/0","0/0","0/1","0/1","0/1","0/1","0/0","0/0","0/2","0/1","0/1","0/1","0/1","0/1","0/1","0/1","0/0","0/0","0/1","0/1","0/1","0/1","0/0","0/0","0/1","1/1","0/0","0/0","0/1","0/1","0/1","0/1","0/1","0/0","0/1","1/1","1/1","0/1","0/1","1/1","1/1","1/1","0/1","0/0","1/2","0/0","0/0","1/2","1/2","0/1","0/1","0/1","0/1","0/1","0/0","0/0","0/0","0/1","0/1","0/1","0/0","0/0","0/0","0/0"
"chr15:22848294_CTG/C_TUBGCP5","0/0","0/0","0/0","0/0","0/0","0/0","0/0","0/0","0/0","0/0","0/0","0/0","0/0","0/0","0/0","0/0","0/0","0/0","0/0","0/0","0/0","0/0","0/0","0/0","0/0","0/0","0/0","0/0","0/0","0/0","0/0","0/0","0/0","0/0","0/0","0/0","0/0","0/0","0/0","0/0","0/0","0/0","0/0","0/0","0/1","0/0","0/0","0/0","0/0","0/0","0/0","0/0","0/0","0/0","0/0","0/0","0/0","0/0","0/0","0/0","0/0","0/0","0/0","0/0","0/0","0/0","0/0","0/0","0/0","0/0","0/0","0/0","0/0","0/0","0/0","0/0","0/0","0/0","0/0","0/0","0/0","0/0","0/0","0/0","0/0","0/0","0/0","0/0","0/0","0/0","0/0","0/0","0/0","0/0","0/0","0/0","0/0","0/0","0/0","0/0","0/0","0/0","0/0","0/0","0/0","0/0","0/0","0/0","0/0","0/0","0/0","0/0","0/0","0/0","0/0","0/0","0/0","0/0","0/0","0/0","0/0","0/0","0/0","0/0","0/0","0/0","0/0","0/0","0/0","0/0","0/0","0/0","0/0","0/0","0/0","0/0","0/0","0/0","0/0","0/0","0/0","0/0","0/0","0/0","0/0","0/0","0/0","0/0","0/0","0/0","0/0","0/0","0/0"
"chr15:23086364_GGCC/G_NIPA1","0/1","0/1","0/1","0/0","0/0","0/0","1/1","1/1","1/1","0/1","0/1","0/0","0/1","0/1","0/0","0/1","0/1","0/1","0/1","0/1","0/1","0/1","0/0","0/1","1/1","0/1","0/1","0/1","1/1","1/1","0/0","0/0","0/1","0/1","0/1","0/0","0/1","0/1","0/0","0/0","0/0","0/0","0/1","0/0","0/1","1/1","0/0","0/0","1/1","0/0","0/0","0/1","0/0","0/0","1/1","0/1","0/1","0/1","0/0","0/0","0/1","0/1","0/0","0/0","0/0","0/0","1/1","0/1","0/1","1/1","0/0","1/1","1/1","0/0","0/0","0/0","0/0","0/0","0/0","1/1","1/1","0/1","0/0","0/1","0/1","1/1","1/1","0/1","0/0","0/0","0/1","0/1","0/1","0/1","0/1","0/1","0/1","0/0","0/0","0/0","0/1","1/1","0/1","1/1","1/1","0/2","0/2","0/1","0/1","1/1","0/0","0/1","0/1","0/1","0/1","0/0","0/0","0/1","0/0","0/1","0/0","0/0","0/0","0/1","0/1","0/1","0/1","0/1","0/0","0/0","0/0","0/1","0/1","0/1","0/1","0/1","0/1","0/1","0/1","0/1","0/1","0/1","0/1","0/1","0/1","0/1","0/1","0/1","0/1","1/1","1/1","1/1","1/1"
"chr15:23685004_G/GCAT_GOLGA6L2","1/1","1/1","1/1","1/1","1/1","1/1","1/1","1/1","1/1","1/1","0/1","1/1","1/1","1/1","1/1","1/1","1/1","1/1","1/1","1/1","1/1","1/1","1/1","1/1","1/1","1/1","0/1","1/1","1/1","1/1","1/1","1/1","1/1","1/1","1/1","1/1","1/1","1/1","1/1","0/1","1/1","1/1","1/1","1/1","1/1","1/1","1/1","1/1","1/1","1/1","1/1","1/1","1/1","1/1","0/1","0/1","1/1","1/1","1/1","1/1","1/1","1/1","1/1","1/1","1/1","0/1","1/1","1/1","1/1","1/1","0/1","1/1","1/1","1/1","1/1","1/1","1/1","1/1","1/1","1/1","1/1","1/1","1/1","1/1","1/1","1/1","1/1","1/1","1/1","1/1","1/1","1/1","1/1","1/1","1/1","1/1","1/1","1/1","0/1","0/1","1/1","1/1","1/1","1/1","1/1","1/1","1/1","1/1","1/1","1/1","1/1","1/1","1/1","1/1","1/1","1/1","1/1","1/1","0/1","1/1","0/1","0/1","1/1","1/1","1/1","1/1","1/1","1/1","1/1","1/1","1/1","1/1","1/1","1/1","1/1","1/1","1/1","1/1","1/1","1/1","1/1","1/1","1/1","1/1","1/1","1/1","1/1","1/1","1/1","1/1","1/1","1/1","1/1"
"chr15:23685225_T/TG_GOLGA6L2","0/0","0/0","0/0","0/0","0/0","0/0","0/0","0/0","0/0","0/0","0/0","0/0","0/0","0/0","0/0","0/0","0/0","0/0","0/0","0/0","0/0","1/1","0/0","0/0","0/1","0/0","0/0","0/0","0/0","0/0","0/0","1/1","0/0","0/0","0/0","0/0","0/0","0/0","0/0","0/0","0/0","0/0","0/0","0/0","0/0","1/1","0/0","0/0","0/0","0/0","0/0","0/0","0/0","0/0","0/0","0/0","0/0","0/0","0/0","0/0","0/0","0/0","0/0","0/0","0/0","0/0","0/0","0/0","0/0","0/0","0/0","0/0","0/0","0/0","0/0","0/0","0/0","0/0","0/0","0/0","0/0","0/0","0/0","0/0","0/0","0/0","0/0","0/0","0/0","0/1","0/0","0/0","0/0","0/0","0/0","0/0","0/0","0/0","1/1","0/0","0/0","0/0","0/0","0/0","0/0","0/0","0/0","0/0","0/0","0/0","0/0","0/0","0/0","0/0","0/0","0/0","0/0","0/0","0/0","0/1","0/0","0/0","0/0","0/0","0/0","0/0","0/0","0/0","0/0","0/0","0/0","0/0","0/0","0/0","0/0","0/0","0/0","0/0","0/0","0/0","0/0","0/0","0/0","0/0","0/0","0/0","0/0","0/0","0/0","0/0","0/0","0/0","0/0"
"chr15:23685541_CT/C_GOLGA6L2","1/1","1/1","1/1","1/1","1/1","1/1","1/1","1/1","1/1","1/1","1/1","1/1","1/1","1/1","1/1","1/1","1/1","1/1","1/1","1/1","1/1","1/1","1/1","1/1","1/1","1/1","1/1",".",".","1/1","1/1","1/1","1/1","1/1","1/1","1/1","1/1","1/1","1/1","1/1","1/1","1/1","1/1","1/1","1/1","1/1","1/1","1/1","1/1","1/1","1/1","1/1","1/1","1/1","1/1","1/1","1/1","1/1","1/1","1/1","1/1","1/1",".","1/1","1/1","1/1","1/1","1/1","1/1","1/1","1/1","1/1","1/1","1/1","1/1","1/1","1/1","1/1","1/1","1/1","1/1","1/1","1/1","1/1","1/1","1/1","1/1","1/1","1/1","1/1","1/1","1/1","1/1","1/1","1/1","1/1","1/1","1/1","1/1","1/1","1/1","1/1","1/1","1/1","1/1","1/1","1/1","1/1","1/1","1/1","1/1","1/1","1/1","1/1","1/1","1/1","1/1","1/1","1/1","1/1","1/1","1/1","1/1","1/1","1/1","1/1","1/1","1/1","1/1","1/1","1/1","1/1","1/1","1/1","1/1","1/1","1/1","1/1","1/1","1/1","1/1","1/1","1/1","1/1","1/1","1/1","1/1","1/1","1/1","1/1","1/1","1/1","1/1"
"chr15:23685748_TCTC/T_GOLGA6L2","0/1","0/1","0/1","0/1","0/1","0/1","0/1","0/1","0/1","0/1","0/1","0/1","0/1","0/1","0/1","0/1","0/1","0/1","0/1","0/1","0/1","0/1","0/1","0/1","0/1","0/1","0/1","0/1","0/1","0/1","0/1","0/1","0/1","0/1","0/1","0/1","0/1","0/1","0/1","0/1","0/1","0/1","0/1","0/1","0/1","0/1","0/1","0/1","0/1","0/1","0/1","0/1","0/1","0/1","0/1","0/1","0/1","0/1","0/1","0/1","0/1","0/1","0/1","0/1","0/1","0/1","0/1","0/1","0/1","0/1","0/1","0/1","0/1","0/1","0/1","0/1","0/1","0/1","0/1","0/1","0/1","0/1","0/1","0/1","0/1","0/1","0/1","0/1","0/1","0/1","0/1","0/1","0/1","0/1","0/1","0/1","0/1","0/1","0/1","0/1","0/1","0/1","0/1","0/1","0/1","0/1","0/1","0/1","0/1","0/1","0/1","0/1","0/1","0/1","0/1","0/1","0/1","0/1","0/1","0/1","0/1","0/1","0/1","0/1","0/1","0/1","0/1","0/1","0/1","0/1","0/1","0/1","0/1","0/1","0/1","0/1","0/1","0/1","0/1","0/1","0/1","0/1","0/1","0/1","0/1","0/1","0/1","0/1","0/1","0/1","0/1","0/1","0/1"
"chr15:23690544_GGT/G_GOLGA6L2","0/0",".","0/0","0/0","0/0","0/0","0/0","0/0","0/0",".",".",".","0/0",".","0/0","0/0",".",".",".",".","0/0",".","0/0","0/0",".",".",".",".",".",".",".",".","0/0","0/0",".",".",".",".",".",".",".","0/0","0/0","0/0",".",".","0/0",".",".",".",".","0/0","0/0",".",".",".","0/0",".","1/1",".",".",".",".","0/0","0/0",".",".",".",".",".",".","0/0","0/0","0/0",".",".","0/0",".",".","0/0",".","0/0",".",".",".",".",".",".","0/0","0/0",".",".",".","0/0","0/0",".",".","0/0",".",".",".",".",".",".",".",".",".",".",".",".",".",".",".","0/0",".",".","0/0",".","0/0",".",".",".",".",".","0/0",".","0/0","0/0","0/0","0/0","0/0",".",".",".",".","0/0","0/0","0/0","0/0","0/0","0/0",".",".","0/0","0/0","0/0",".",".",".",".",".",".","."
"chr15:23890893_T/TG_MAGEL2","0/0","0/0","0/0","0/0","0/0","0/0","0/0","0/0","0/0","0/0","0/0","0/0","0/0","0/0","0/0","0/0","0/0","0/0","0/0","0/0","0/0","0/0","0/0","0/0","0/0","0/0","0/0","0/0","0/0","0/0","0/0","0/0","0/0","0/0","0/0","0/0","0/1","0/0","0/0","0/0","0/0","0/0","0/0","0/0","0/0","0/0","0/0","0/0","0/0","0/0","0/0","0/0","0/0","0/0","0/0","0/0","0/0","0/0","0/0","0/0","0/0","0/0","0/0","0/0","0/0","0/0","0/0","0/0","0/0","0/0","0/0","0/0","0/0","0/0","0/0","0/0","0/0","0/0","0/0","0/0","0/0","0/0","0/0","0/0","0/0","0/0","0/0","0/0","0/0","0/0","0/0","0/0","0/0","0/0","0/0","0/0","0/0","0/0","0/0","0/0","0/0","0/0","0/0","0/0","0/0","0/0","0/0","0/0","0/0","0/0","0/0","0/0","0/0","0/0","0/0","0/0","0/0","0/0","0/0","0/0","0/0","0/0","0/0","0/0","0/0","0/0","0/0","0/0","0/0","0/0","0/0","0/0","0/0","0/0","0/0","0/0","0/0","0/0","0/0","0/0","0/0","0/0","0/0","0/0","0/0","0/0","0/0","0/0","0/0","0/0","0/0","0/0","0/0"
"chr15:25928611_C/CA_ATP10A","0/0","0/0","0/0","0/0","0/0","0/0","0/0","0/0","0/0","0/0","0/0","0/0","0/0","0/0","0/0","0/0","0/0","0/0","0/0","0/0","0/0","0/0","0/0","0/0","0/0","0/1","0/0","0/0","0/0","0/0","0/0","0/0","0/0","0/0","0/0","0/0","0/0","0/0","0/0","0/0","0/0","0/0","0/0","0/0","0/0","0/0","0/0","0/0","0/0","0/0","0/0","0/0","0/0","0/0","0/0","0/0","0/0","0/0","0/0","0/0","0/0","0/0","0/0","0/0","0/0","0/0","0/0","0/0","0/0","0/0","0/0","0/0","0/0","0/0","0/0","0/0","0/0","0/0","0/0","0/0","0/0","0/0","0/0","0/0","0/0","0/0","0/0","0/0","0/0","0/0","0/0","0/0","0/0","0/0","0/0","0/0","0/0","0/0","0/0","0/0","0/0","0/0","0/0","0/0","0/0","0/0","0/0","0/0","0/0","0/0","0/0","0/0","0/0","0/0","0/0","0/0","0/0","0/0","0/0","0/0","0/0","0/0","0/0","0/0","0/0","0/0","0/0","0/0","0/0","0/0","0/0","0/0","0/0","0/0","0/0","0/0","0/0","0/0","0/0","0/0","0/0","0/0","0/0","0/0","0/0","0/0","0/0","0/0","0/0","0/0","0/0","0/0","0/0"
"chr15:31229331_G/GT_FAN1","0/0","0/0","0/0","0/0","0/1","0/1","0/0","0/0","0/0","0/0","0/0","0/0","0/0","0/0","0/0","0/0","0/0","0/0","0/0","0/0","0/0","0/0","0/0","0/0","0/0","0/0","0/0","0/0","0/0","0/0","0/0","0/0","0/0","0/0","0/0","0/0","0/0","0/0","0/0","0/0","0/0","0/0","0/0","0/0","0/0","0/0","0/0","0/0","0/0","0/0","0/0","0/0","0/0","0/0","0/0","0/0","0/0","0/0","0/0","0/0","0/0","0/0","0/0","0/0","0/0","0/0","0/0","0/0","0/0","0/0","0/0","0/0","0/0","0/0","0/0","0/0","0/0","0/0","0/0","0/0","0/0","0/0","0/0","0/0","0/0","0/0","0/0","0/0","0/0","0/0","0/0","0/0","0/0","0/0","0/0","0/0","0/0","0/0","0/0","0/0","0/0","0/0","0/0","0/0","0/0","0/0","0/0","0/0","0/0","0/0","0/0","0/0","0/0","0/0","0/0","0/0","0/0","0/0","0/0","0/0","0/0","0/0","0/0","0/0","0/0","0/0","0/0","0/0","0/0","0/0","0/0","0/0","0/0","0/0","0/0","0/0","0/0","0/0","0/0","0/0","0/0","0/0","0/0","0/0","0/0","0/0","0/0","0/0","0/0","0/0","0/0","0/0","0/0"
"chr15:31294717_CT/C_TRPM1","0/0","0/0","0/0","0/0","0/0","0/0","0/0","0/0","0/0","0/0","0/0","0/0","0/0","0/0","0/0","0/0","0/0","0/0","0/0","0/0","0/0","0/0","0/0","0/0","0/0","0/0","0/0","0/0","0/0","0/0","0/0","0/0","0/0","0/0","0/0","0/0","0/1","0/0","0/0","0/0","0/0","0/0","0/0","0/0","0/0","0/0","0/0","0/0","0/0","0/0","0/0","0/0","0/0","0/0","0/0","0/0","0/0","0/0","0/0","0/0","0/0","0/0","0/0","0/0","0/0","0/0","0/0","0/0","0/0","0/0","0/0","0/0","0/0","0/0","0/0","0/0","0/0","0/0","0/0","0/0","0/0","0/0","0/0","0/0","0/0","0/0","0/0","0/0","0/0","0/0","0/0","0/0","0/0","0/0","0/0","0/0","0/0","0/0","0/0","0/0","0/0","0/0","0/0","0/0","0/0","0/0","0/0","0/0","0/0","0/0","0/0","0/0","0/0","0/0","0/0","0/0","0/0","0/0","0/0","0/0","0/0","0/0","0/0","0/0","0/0","0/0","0/0","0/0","0/0","0/0","0/0","0/0","0/0","0/0","0/0","0/0","0/0","0/0","0/0","0/0","0/0","0/0","0/0","0/0","0/0","0/0","0/0","0/0","0/0","0/0","0/0","0/0","0/0"
"chr15:31776210_TGGC/T_OTUD7A","1/1","1/1","1/1","1/1","1/1","1/1","1/1","1/1","1/1","1/1","1/1","1/1","1/1","1/1","1/1","1/1","0/1","1/1","0/1","0/1","1/1","1/1","1/1","0/1","1/1","1/1","0/1","0/1","1/1","1/1","1/1","0/1","1/1","0/1","1/1","1/1","1/1","1/1","1/1","1/1","1/1","1/1","1/1","1/1","1/1","1/1","1/1","1/1","1/1","1/1","0/1","1/1","1/1","1/1","1/1","0/0","1/1","0/1","1/1","1/1","0/1","1/1","1/1","1/1","1/1","1/1","1/1","0/1","0/1","1/1","1/1","1/1","1/1","1/1","1/1","1/1","1/1","1/1","1/1","1/1","1/1","1/1","0/1","0/1","0/1","1/1","1/1","1/1","1/1","1/1","1/1","1/1","1/1","1/1","1/1","1/1","1/1","1/1","1/1","1/1","1/1","1/1","1/1","1/1","1/1","1/1","1/1","1/1","1/1","1/1","1/1","1/1","1/1","0/1","1/1","1/1","1/1","1/1","1/1","1/1","1/1","1/1","1/1","1/1","1/1","1/1","0/1","0/1","1/1","1/1","1/1","1/1","1/1","1/1","1/1","1/1","1/1","1/1","1/1","1/1","1/1","1/1","1/1","0/1","0/1","0/1","1/1","1/1","1/1","1/1","1/1","1/1","1/1"
"chr15:34137079_TAGA/T_RYR3","0/0","0/0","0/0","0/0","0/0","0/0","0/0","0/0","0/0","0/0","0/0","0/0","0/0","0/0","0/0","0/0","0/0","0/0","0/0","0/0","0/0","0/0","0/0","0/0","0/0","0/0","0/0","0/0","0/0","0/0","0/0","0/0","0/0","0/0","0/0","0/0","0/0","0/0","0/0","0/0","0/0","0/0","0/0","0/0","0/0","0/0","0/0","0/0","0/0","0/0","0/0","0/0","0/0","0/0","0/0","0/0","0/0","0/0","0/0","0/0","0/0","0/0","0/0","0/0","0/0","0/0","0/0","0/0","0/0","0/0","0/0","0/0","0/0","0/0","0/0","0/0","0/0","0/0","0/0","0/0","0/0","0/0","0/0","0/0","0/0","0/0","0/0","0/0","0/0","0/0","0/0","0/0","0/0","0/0","0/0","0/0","0/0","0/0","0/0","0/0","0/0","0/0","0/0","0/0","0/0","0/0","0/0","0/0","0/0","0/0","0/0","0/0","0/0","0/0","0/0","0/0","0/0","0/0","0/0","0/0","0/0","0/0","0/0","0/0","0/0","0/0","0/0","0/0","0/0","0/0","0/0","0/0","0/0","0/1","0/0","0/0","0/1","0/1","0/0","0/0","0/0","0/0","0/0","0/0","0/0","0/0","0/0","0/0","0/0","0/0","0/0","0/0","0/0"
"chr15:38233389_GAGA/G_TMCO5A","0/0","0/0","0/0","0/0","0/0","0/0","0/0","0/0","0/0","0/0","0/0","0/0","0/0","0/0","0/0","0/0","0/0","0/0","0/0","0/0","0/0","0/0","0/0","0/0","0/0","0/0","0/0","0/0","0/0","0/0","0/0","0/0","0/0","0/0","0/1","0/0","0/0","0/0","0/0","0/0","0/0","0/0","0/0","0/0","0/0","0/0","0/0","0/0","0/0","0/0","0/0","0/0","0/0","0/0","0/0","0/0","0/0","0/0","0/0","0/0","0/0","0/0","0/0","0/0","0/0","0/0","0/0","0/0","0/0","0/0","0/0","0/0","0/0","0/0","0/0","0/0","0/0","0/0","0/0","0/0","0/0","0/0","0/0","0/0","0/0","0/0","0/0","0/0","0/0","0/0","0/0","0/0","0/0","0/0","0/0","0/0","0/0","0/0","0/0","0/0","0/0","0/0","0/0","0/0","0/0","0/0","0/0","0/0","0/0","0/0","0/0","0/0","0/0","0/0","0/0","0/0","0/0","0/0","0/0","0/0","0/0","0/0","0/0","0/0","0/0","0/0","0/0","0/0","0/0","0/0","0/0","0/0","0/0","0/0","0/0","0/0","0/0","0/0","0/0","0/0","0/0","0/0","0/0","0/0","0/0","0/0","0/0","0/0","0/0","0/0","0/0","0/0","0/0"
"chr15:40328596_GTGC/G_SRP14","0/0","0/0","0/0","0/0","0/0","0/0","0/0","0/0","0/0","0/0","0/0","0/0","0/0","0/0","0/0","0/0","0/0","0/0","0/0","0/0","0/0","0/0","0/0","0/0","0/0","0/0","0/0","0/0","0/0","0/0","0/0","0/0","0/0","0/0","0/1","0/0","0/2","0/0","0/1","0/0","0/0","0/0","0/0","0/0","0/0","0/0","0/0","0/0","0/0","0/0","0/0","0/0","0/0","0/0","0/0","0/0","0/0","0/0","0/0","0/0","0/0","0/0","0/0","0/0","0/0","0/0","0/0","0/0","0/0","0/0","0/0","0/0","0/0","0/0","0/0","0/0","0/0","0/0","0/0","0/0","0/0","0/0","0/0","0/0","0/0","0/0","0/0","0/0","0/0","0/0","0/0","0/0","0/0","0/0","0/1","0/0","0/0","0/0","0/0","0/0","0/0","0/0","0/0","0/0","0/0","0/0","0/0","0/0","0/0","0/0","0/0","0/0","0/0","0/0","0/0","0/0","0/0","0/0","0/0","0/0","0/0","0/0","0/0","0/0","0/0","0/0","0/0","0/0","0/0","0/0","0/0","0/0","0/0","0/0","0/0","0/0","0/0","0/0","0/0","0/0","0/0","0/0","0/0","0/0","0/0","0/0","0/0","0/0","0/0","0/0","0/0","0/0","0/0"
"chr15:40584304_CTT/C_PLCB2","0/0","0/0","0/0","0/0","0/0","0/0","0/0","0/0","0/0","0/0","0/0","0/0","0/0","0/0","0/0","0/0","0/0","0/0","0/0","0/0","0/0","0/0","0/0","0/0","0/0","0/0","0/0","0/0","0/0","0/0","0/0","0/0","0/0","0/0","0/0","0/0","0/0","0/0","0/0","0/0","0/0","0/0","0/0","0/0","0/0","0/0","0/0","0/0","0/0","0/0","0/0","0/0","0/0","0/0","0/0","0/0","0/0","0/0","0/0","0/0","0/0","0/0","0/0","0/0","0/0","0/1","0/0","0/0","0/0","0/0","0/1","0/0","0/0","0/0","0/0","0/0","0/0","0/0","0/0","0/0","0/0","0/0","0/0","0/0","0/0","0/0","0/0","0/0","0/0","0/0","0/0","0/0","0/0","0/0","0/0","0/0","0/0","0/0","0/0","0/0","0/0","0/0","0/0","0/0","0/0","0/0","0/0","0/0","0/0","0/0","0/0","0/0","0/0","0/0","0/0","0/0","0/0","0/0","0/0","0/0","0/0","0/0","0/0","0/0","0/0","0/0","0/0","0/0","0/0","0/0","0/0","0/0","0/0","0/0","0/0","0/0","0/0","0/0","0/0","0/0","0/0","0/0","0/0","0/0","0/0","0/0","0/0","0/0","0/0","0/0","0/0","0/0","0/0"
"chr15:40630771_TG/T_C15orf52","0/0","0/0","0/0","0/0","0/0","0/0","0/0","0/0","0/0","0/0","0/0","0/0","0/0","0/0","0/0","0/0","0/0","0/0","0/0","0/0","0/0","0/0","0/0","0/0","0/0","0/0","0/0","0/0","0/0","0/0","0/0","0/0","0/0","0/0","0/0","0/0","0/1","0/0","0/0","0/0","0/0","0/0","0/0","0/0","0/0","0/0","0/0","0/0","0/0","0/0","0/0","0/0","0/0","0/0","0/0","0/0","0/0","0/0","0/0","0/0","0/0","0/0","0/0","0/0","0/0","0/0","0/0","0/0","0/0","0/0","0/0","0/0","0/0","0/0","0/0","0/0","0/0","0/0","0/0","0/0","0/0","0/0","0/0","0/0","0/0","0/0","0/0","0/0","0/0","0/0","0/0","0/0","0/0","0/0","0/0","0/0","0/0","0/0","0/0","0/0","0/0","0/0","0/0","0/0","0/0","0/0","0/0","0/0","0/0","0/0","0/0","0/0","0/0","0/0","0/0","0/0","0/0","0/0","0/0","0/0","0/0","0/0","0/0","0/0","0/0","0/0","0/0","0/0","0/0","0/0","0/0","0/0","0/0","0/0","0/0","0/0","0/0","0/0","0/0","0/0","0/0","0/0","0/0","0/0","0/0","0/0","0/0","0/0","0/0","0/0","0/0","0/0","0/0"
"chr15:40863942_T/TCCGA_RPUSD2","0/0","0/0","0/0","0/0","0/0","0/0","0/0","0/0","0/0","0/0","0/0","0/0","0/0","0/0","0/0","0/0","0/0","0/0","0/0","0/0","0/0","0/0","0/0","0/0","0/0","0/0","0/1","0/0","0/0","0/0","0/0","0/0","0/0","0/0","0/0","0/0","0/0","0/0","0/0","0/0","0/0","0/0","0/0","0/0","0/0","0/0","0/0","0/0","0/0","0/0","0/0","0/0","0/0","0/0","0/0","0/0","0/0","0/0","0/0","0/0","0/0","0/0","0/0","0/0","0/0","0/0","0/0","0/0","0/0","0/0","0/0","0/0","0/0","0/0","0/0","0/0","0/0","0/0","0/0","0/0","0/0","0/0","0/0","0/0","0/0","0/0","0/0","0/0","0/0","0/0","0/0","0/0","0/0","0/0","0/0","0/0","0/0","0/0","0/0","0/0","0/0","0/0","0/0","0/0","0/0","0/0","0/0","0/0","0/0","0/0","0/0","0/0","0/0","0/0","0/0","0/0","0/0","0/0","0/0","0/0","0/0","0/0","0/0","0/0","0/0","0/0","0/0","0/0","0/0","0/0","0/0","0/0","0/0","0/0","0/0","0/0","0/0","0/0","0/0","0/0","0/0","0/0","0/0","0/0","0/0","0/0","0/0","0/0","0/0","0/0","0/0","0/0","0/0"
"chr15:41062861_AG/A_C15orf62","0/0","0/0","0/0","0/0","0/0","0/0","0/0","0/0","0/0","0/0","0/0","0/0","0/0","0/0","0/0","0/0","0/0","0/0","0/0","0/0","0/0","0/0","0/0","0/0","0/0","0/0","0/0","0/0","0/0","0/0","0/0","0/0","0/1","0/0","0/0","0/0","0/0","0/0","0/0","0/0","0/0","0/0","0/0","0/0","0/0","0/0","0/0","0/0","0/0","0/0","0/0","0/0","0/0","0/0","0/0","0/0","0/0","0/0","0/0","0/0","0/0","0/0","0/0","0/0","0/0","0/0","0/0","0/0","0/0","0/0","0/0","0/0","0/0","0/0","0/0","0/0","0/0","0/0","0/0","0/0","0/0","0/0","0/0","0/0","0/0","0/0","0/0","0/0","0/0","0/0","0/0","0/0","0/0","0/0","0/0","0/0","0/0","0/0","0/0","0/0","0/0","0/0","0/0","0/0","0/0","0/0","0/0","0/0","0/0","0/0","0/0","0/0","0/0","0/0","0/0","0/0","0/0","0/0","0/0","0/0","0/0","0/0","0/0","0/0","0/0","0/0","0/0","0/0","0/0","0/0","0/0","0/0","0/0","0/0","0/0","0/0","0/0","0/0","0/0","0/0","0/0","0/0","0/0","0/0","0/0","0/0","0/0","0/0","0/0","0/0","0/0","0/0","0/0"
"chr15:41120728_CTG/C_PPP1R14D","0/0","0/0","0/0","0/0","0/0","0/0","0/0","0/0","0/0","0/0","0/0","0/0","0/0","0/0","0/0","0/0","0/0","0/0","0/0","0/0","0/0","0/0","0/0","0/0","0/0","0/0","0/0","0/0","0/0","0/0","0/0","0/0","0/0","0/0","0/0","0/0","0/1","0/0","0/0","0/0","0/0","0/0","0/0","0/0","0/0","0/0","0/0","0/0","0/0","0/0","0/0","0/0","0/0","0/0","0/0","0/0","0/0","0/0","0/0","0/0","0/0","0/0","0/0","0/0","0/0","0/0","0/0","0/0","0/0","0/0","0/0","0/0","0/0","0/0","0/0","0/0","0/0","0/0","0/0","0/0","0/0","0/0","0/0","0/0","0/0","0/0","0/0","0/0","0/0","0/0","0/0","0/0","0/0","0/0","0/0","0/0","0/0","0/0","0/0","0/0","0/0","0/0","0/0","0/0","0/0","0/0","0/0","0/0","0/0","0/0","0/0","0/0","0/0","0/0","0/0","0/0","0/0","0/0","0/0","0/0","0/0","0/0","0/0","0/0","0/0","0/0","0/0","0/0","0/0","0/0","0/0","0/0","0/0","0/0","0/0","0/0","0/0","0/0","0/0","0/0","0/0","0/0","0/0","0/0","0/0","0/0","0/0","0/0","0/0","0/0","0/0","0/0","0/0"
"chr15:41648306_GA/G_NUSAP1","0/0","0/0","0/0","0/0","0/0","0/0","0/0","0/0","0/0","0/0","0/0","0/0","0/0","0/0","0/0","0/0","0/0","0/0","0/0","0/0","0/0","0/0","0/0","0/0","0/0","0/0","0/0","0/0","0/0","0/0","0/0","0/0","0/0","0/0","0/0","0/0","0/0","0/0","0/0","0/0","0/0","0/0","0/0","0/0","0/0","0/0","0/0","0/0","0/0","0/0","0/0","0/0","0/0","0/0","0/0","0/0","0/0","0/0","0/0","0/0","0/0","0/0","0/0","0/0","0/0","0/0","0/0","0/0","0/0","0/0","0/0","0/0","0/0","0/0","0/0","0/0","0/0","0/0","0/0","0/0","0/0","0/0","0/0","0/0","0/0","0/0","0/0","0/0","0/0","0/0","0/0","0/0","0/0","0/0","0/0","0/0","0/0","0/0","0/0","0/0","0/0","0/0","0/0","0/0","0/0","0/0","0/0","0/0","0/0","0/0","0/0","0/0","0/0","0/0","0/0","0/0","0/0","0/0","0/0","0/0","0/0","0/0","0/0","0/0","0/0","0/1","0/0","0/0","0/0","0/0","0/0","0/0","0/0","0/0","0/0","0/0","0/0","0/0","0/0","0/0","0/0","0/0","0/0","0/0","0/0","0/0","0/0","0/0","0/0","0/0","0/0","0/0","0/0"
"chr15:41803431_CCCAG/C_LTK","0/0","0/0","0/0","0/0","0/0","0/1","0/0","0/0","0/0","0/0","0/0","0/0","0/0","0/0","0/0","0/0","0/0","0/0","0/0","0/0","0/0","0/0","0/0","0/0","0/0","0/0","0/0","0/0","0/0","0/0","0/0","0/0","0/0","0/0","0/0","0/0","0/0","0/0","0/0","0/0","0/0","0/0","0/0","0/0","0/0","0/0","0/0","0/0","0/0","0/0","0/0","0/0","0/0","0/0","0/0","0/0","0/0","0/0","0/0","0/0","0/0","0/0","0/0","0/0","0/0","0/0","0/0","0/0","0/0","0/0","0/0","0/0","0/0","0/0","0/0","0/0","0/0","0/0","0/0","0/0","0/0","0/0","0/0","0/0","0/0","0/0","0/0","0/0","0/0","0/0","0/0","0/0","0/0","0/0","0/0","0/0","0/0","0/0","0/0","0/0","0/0","0/0","0/0","0/0","0/0","0/0","0/0","0/0","0/0","0/0","0/0","0/0","0/0","0/0","0/0","0/0","0/0","0/0","0/0","0/0","0/0","0/0","0/0","0/0","0/0","0/0","0/0","0/0","0/0","0/0","0/0","0/0","0/0","0/0","0/0","0/0","0/0","0/0","0/0","0/0","0/0","0/0","0/0","0/0","0/0","0/0","0/0","0/0","0/0","0/0","0/0","0/0","0/0"
"chr15:41804033_G/GCCCCCGCCA_LTK","0/0","0/0","0/0","0/0","0/0","0/0","0/0","0/0","0/0","0/0","0/0","0/0","0/0","0/0","0/0","0/0","0/0","0/0","0/0","0/0","0/0","0/0","0/0","0/0","0/0","0/0","0/0","0/0","0/0","0/0","0/0","0/0","0/0","0/0","0/0","0/0","0/0","0/0","0/0","0/0","0/0","0/0","0/0","0/0","0/0","0/0","0/0","0/0","0/0","0/0","0/0","0/0","0/0","0/0","0/0","0/0","0/0","0/0","0/0","0/0","0/0","0/0","0/0","0/0","0/0","0/0","0/0","0/0","0/0","0/0","0/0","0/0","0/0","0/0","0/0","0/0","0/0","0/0","0/0","0/0","0/0","0/0","0/0","0/0","0/0","0/0","0/0","0/0","0/0","0/0","0/0","0/0","0/0","0/0","0/1","0/0","0/0","0/0","0/0","0/0","0/0","0/0","0/0","0/0","0/0","0/0","0/0","0/0","0/0","0/0","0/0","0/0","0/0","0/0","0/0","0/0","0/0","0/0","0/0","0/0","0/0","0/0","0/0","0/0","0/0","0/0","0/0","0/0","0/0","0/0","0/0","0/0","0/0","0/0","0/0","0/0","0/0","0/0","0/0","0/0","0/0","0/0","0/0","0/0","0/0","0/0","0/0","0/0","0/0","0/0","0/0","0/0","0/0"
"chr15:42576061_T/TGGACAGGCCAGTTGTCCTTGGG_GANC","0/0","0/0","0/0","0/0","0/0","0/0","0/1","0/1","0/1","0/0","0/0","0/0","0/0","0/0","0/0","0/0","0/0","0/0","0/0","0/0","0/0","0/0","0/0","0/0","0/0","0/0","0/0","0/0","0/0","0/0","0/0","0/0","0/0","0/0","0/0","0/0","0/0","0/0","0/0","0/0","0/0","0/0","0/0","0/0","0/0","0/0","0/0","0/0","0/0","0/0","0/0","0/0","0/0","0/0","0/0","0/0","0/0","0/0","0/0","0/0","0/0","0/0","0/0","0/0","0/0","0/0","0/0","0/0","0/0","0/0","0/0","0/0","0/0","0/0","0/0","0/0","0/0","0/0","0/0","0/0","0/0","0/0","0/0","0/0","0/0","0/0","0/0","0/0","0/0","0/0","0/0","0/0","0/0","0/0","0/0","0/0","0/0","0/0","0/0","0/0","0/0","0/0","0/0","0/0","0/0","0/0","0/0","0/0","0/0","0/0","0/0","0/0","0/0","0/0","0/0","0/0","0/0","0/0","0/0","0/0","0/0","0/0","0/0","0/0","0/0","0/0","0/0","0/0","0/0","0/0","0/0","0/0","0/0","0/0","0/0","0/0","0/0","0/0","0/0","0/0","0/0","0/0","0/0","0/0","0/0","0/0","0/0","0/0","0/0","0/0","0/0","0/0","0/0"
"chr15:42742678_CT/C_ZNF106","0/0","0/0","0/0","0/0","0/0","0/0","0/0","0/0","0/0","0/0","0/0","0/0","0/0","0/0","0/0","0/0","0/0","0/0","0/0","0/0","0/0","0/0","0/0","0/0","0/0","0/0","0/0","0/0","0/0","0/0","0/0","0/0","0/0","0/0","0/0","0/0","0/0","0/0","0/0","0/0","0/0","0/0","0/0","0/0","0/0","0/0","0/0","0/0","0/0","0/0","0/0","0/0","0/0","0/0","0/0","0/0","0/0","0/0","0/0","0/0","0/0","0/0","0/0","0/0","0/0","0/0","0/0","0/0","0/0","0/0","0/0","0/0","0/0","0/0","0/0","0/0","0/0","0/0","0/0","0/0","0/0","0/0","0/0","0/0","0/0","0/0","0/0","0/0","0/0","0/0","0/0","0/0","0/0","0/0","0/0","0/0","0/0","0/0","0/0","0/0","0/0","0/0","0/0","0/0","0/0","0/0","0/0","0/0","0/0","0/0","0/0","0/0","0/0","0/0","0/0","0/0","0/0","0/0","0/0","0/0","0/0","0/0","0/0","0/0","0/0","0/0","0/0","0/0","0/1","0/1","0/1","0/0","0/0","0/0","0/0","0/0","0/0","0/0","0/0","0/0","0/0","0/0","0/0","0/0","0/0","0/0","0/0","0/0","0/0","0/0","0/0","0/0","0/0"
"chr15:43579767_AC/A_TGM7","0/0","0/0","0/0","0/0","0/0","0/0","0/0","0/0","0/0","0/0","0/0","0/0","0/0","0/0","0/0","0/0","0/0","0/0","0/0","0/0","0/0","0/0","0/0","0/0","0/0","0/0","0/0","0/0","0/0","0/0","0/0","0/0","0/0","0/0","0/0","0/0","0/0","0/0","0/0","0/0","0/0","0/0","0/0","0/0","0/0","0/0","0/0","0/1","0/0","0/0","0/0","0/0","0/0","0/0","0/0","0/0","0/0","0/0","0/0","0/0","0/0","0/0","0/0","0/0","0/0","0/0","0/0","0/0","0/0","0/0","0/0","0/0","0/0","0/0","0/0","0/0","0/0","0/0","0/0","0/0","0/0","0/0","0/0","0/0","0/0","0/0","0/0","0/0","0/0","0/0","0/0","0/0","0/0","0/0","0/0","0/0","0/0","0/0","0/0","0/0","0/0","0/0","0/0","0/0","0/0","0/0","0/0","0/0","0/0","0/0","0/0","0/0","0/0","0/0","0/0","0/0","0/0","0/0","0/0","0/0","0/0","0/0","0/0","0/0","0/0","0/0","0/0","0/0","0/0","0/0","0/0","0/0","0/0","0/0","0/0","0/0","0/0","0/0","0/0","0/0","0/0","0/0","0/0","0/0","0/0","0/0","0/0","0/0","0/0","0/0","0/0","0/0","0/0"
"chr15:43622260_TC/T_LCMT2","0/0","0/0","0/0","0/0","0/0","0/0","0/0","0/0","0/0","0/0","0/0","0/0","0/0","0/0","0/0","0/0","0/0","0/0","0/0","0/0","0/0","0/0","0/0","0/0","0/0","0/0","0/0","0/0","0/0","0/0","0/0","0/0","0/0","0/0","0/0","0/0","0/1","0/0","0/0","0/0","0/0","0/0","0/0","0/0","0/0","0/0","0/0","0/0","0/0","0/0","0/0","0/0","0/0","0/0","0/0","0/0","0/0","0/0","0/0","0/0","0/0","0/0","0/0","0/0","0/0","0/0","0/0","0/0","0/0","0/0","0/0","0/0","0/0","0/0","0/0","0/0","0/0","0/0","0/0","0/0","0/0","0/0","0/0","0/0","0/0","0/0","0/0","0/0","0/0","0/0","0/0","0/0","0/0","0/0","0/0","0/0","0/0","0/0","0/0","0/0","0/0","0/0","0/0","0/0","0/0","0/0","0/0","0/0","0/0","0/0","0/0","0/0","0/0","0/0","0/0","0/0","0/0","0/0","0/0","0/0","0/0","0/0","0/0","0/0","0/0","0/0","0/0","0/0","0/0","0/0","0/0","0/0","0/0","0/0","0/0","0/0","0/0","0/0","0/0","0/0","0/0","0/0","0/0","0/0","0/0","0/0","0/0","0/0","0/0","0/0","0/0","0/0","0/0"
"chr15:43817804_AGGT/A_MAP1A","0/0","0/0","0/0","0/0","0/0","0/0","0/0","0/0","0/0","0/0","0/1","0/0","0/0","0/0","0/1","0/0","0/0","0/0","0/0","0/0","0/0","0/1","0/0","0/0","0/1","0/0","0/0","0/0","0/0","0/0","0/0","0/0","0/0","0/0","0/0","0/0","0/0","0/0","0/0","0/0","0/0","0/0","0/0","0/0","0/0","0/0","0/0","0/0","0/0","0/0","0/0","0/0","0/0","0/0","0/0","0/0","0/0","0/0","0/0","0/0","0/0","0/0","0/0","0/0","0/0","0/1","0/0","0/0","0/0","0/0","0/1","0/1","0/1","0/0","0/0","0/0","0/0","0/0","0/0","0/0","0/0","0/0","0/0","0/0","0/0","0/0","0/0","0/0","0/0","0/0","0/0","0/0","0/0","0/0","0/0","0/0","0/0","0/0","0/1","0/1","0/0","0/0","0/0","0/1","0/1","0/0","0/0","0/0","0/0","0/0","0/0","0/0","0/0","0/0","0/0","0/0","0/0","0/0","0/0","0/0","0/0","0/0","0/0","0/0","0/0","0/0","0/0","0/0","0/0","0/0","0/0","0/0","0/0","0/0","0/0","0/0","0/0","0/0","0/1","0/1","0/1","0/0","0/0","0/0","0/0","0/0","0/0","0/0","0/0","0/0","0/0","0/0","0/0"
"chr15:43819470_G/GGTA_MAP1A","0/0","0/0","0/0","0/0","0/0","0/0","0/0","0/0","0/0","0/0","0/0","0/0","0/0","0/0","0/0","0/0","0/0","0/0","0/0","0/0","0/0","0/0","0/0","0/0","0/0","0/0","0/0","0/0","0/0","0/0","0/0","0/0","0/0","0/0","0/0","0/0","0/0","0/0","0/0","0/0","0/0","0/0","0/0","0/0","0/0","0/0","0/0","0/0","0/0","0/0","0/0","0/0","0/0","0/0","0/1","0/0","0/0","0/0","0/0","0/0","0/0","0/0","0/0","0/0","0/0","0/0","0/0","0/0","0/0","0/0","0/0","0/0","0/0","0/0","0/0","0/0","0/0","0/0","0/0","0/0","0/0","0/0","0/0","0/0","0/0","0/0","0/0","0/0","0/0","0/0","0/0","0/0","0/0","0/0","0/0","0/0","0/0","0/0","0/0","0/0","0/0","0/0","0/0","0/0","0/0","0/0","0/0","0/0","0/0","0/0","0/0","0/0","0/0","0/0","0/0","0/0","0/0","0/0","0/0","0/0","0/0","0/0","0/0","0/0","0/0","0/0","0/0","0/0","0/0","0/0","0/0","0/0","0/0","0/0","0/0","0/0","0/0","0/0","0/0","0/0","0/0","0/0","0/0","0/0","0/0","0/0","0/0","0/0","0/0","0/0","0/0","0/0","0/0"
"chr15:44087324_T/TA_SERINC4","0/0","0/0","0/0","0/0","0/0","0/0","0/0","0/0","0/0","0/0","0/0","0/0","0/0","0/0","0/0","0/0","0/0","0/0","0/0","0/0","0/0","0/0","0/0","0/0","0/0","0/0","0/0","0/0","0/0","0/0","0/0","0/0","0/0","0/0","0/0","0/0","0/0","0/0","0/0","0/0","0/0","0/0","0/0","0/0","0/0","0/0","0/0","0/0","0/0","0/0","0/0","0/0","0/0","0/0","0/0","0/0","0/0","0/0","0/0","0/0","0/0","0/0","0/1","0/0","0/0","0/0","0/0","0/0","0/0","0/0","0/0","0/0","0/0","0/0","0/0","0/0","0/0","0/0","0/0","0/0","0/0","0/0","0/0","0/0","0/0","0/0","0/0","0/0","0/0","0/0","0/0","0/0","0/0","0/0","0/0","0/0","0/0","0/0","0/0","0/0","0/0","0/0","0/0","0/0","0/0","0/0","0/0","0/0","0/0","0/0","0/0","0/0","0/0","0/0","0/0","0/0","0/0","0/0","0/0","0/0","0/0","0/0","0/0","0/0","0/0","0/0","0/0","0/0","0/0","0/0","0/0","0/0","0/0","0/0","0/0","0/0","0/0","0/0","0/0","0/0","0/0","0/0","0/0","0/0","0/0","0/0","0/0","0/0","0/0","0/0","0/0","0/0","0/0"
"chr15:44089414_A/AAG_SERINC4","0/0","0/0","0/0","0/0","0/1","0/1","0/0","0/0","0/0","0/0","0/0","0/0","0/0","0/0","0/0","0/0","1/1","0/0","0/0","0/1","0/0","0/0","0/0","0/0","0/0","0/0","0/0","0/0","0/0","0/0","0/0","0/0","0/1","0/0","0/0","0/0","0/0","0/0","0/0","0/0","0/0","0/0","0/0","0/0","0/0","0/1","0/0","0/0","0/0","0/0","0/0","0/0","1/1","0/0","0/0","0/0","0/0","0/0","0/0","0/0","0/0","0/0","0/0","0/0","0/0","0/0","0/0","0/0","0/0","0/0","0/0","0/0","0/0","0/0","0/0","0/0","0/0","0/0","0/0","0/0","0/0","0/0","0/0","0/0","0/0","0/0","0/0","0/0","0/0","0/0","0/0","0/0","0/0","0/0","0/0","0/0","0/0","0/1","0/0","0/0","0/0","0/0","0/0","0/0","0/0","0/0","0/0","0/0","0/0","0/0","0/0","0/0","0/0","0/0","0/1","0/0","0/0","0/0","0/0","0/0","0/0","0/0","0/0","0/0","0/1","0/1","0/0","0/0","0/0","0/0","0/0","0/0","0/0","0/0","0/0","0/0","0/0","0/0","0/0","0/0","0/0","0/0","0/0","0/0","0/0","0/0","0/0","0/0","0/0","0/0","0/0","0/0","0/0"
"chr15:44624248_TAGC/T_CASC4","0/0","0/0","0/0","0/0","0/0","0/0","0/0","0/0","0/0","0/0","0/0","0/0","0/0","0/0","0/0","0/0","0/0","0/0","0/0","0/0","0/0","0/0","0/0","0/0","0/0","0/0","0/0","0/0","0/0","0/0","0/0","0/0","0/0","0/0","0/0","0/0","0/0","0/0","0/0","0/0","0/0","0/0","0/0","0/0","0/0","0/0","0/0","0/0","0/0","0/0","0/0","0/0","0/0","0/0","0/0","0/0","0/0","0/0","0/0","0/1","0/0","0/0","0/0","0/0","0/0","0/0","0/0","0/0","0/0","0/0","0/0","0/0","0/0","0/0","0/0","0/0","0/0","0/0","0/0","0/0","0/0","0/0","0/0","0/0","0/0","0/0","0/0","0/0","0/0","0/0","0/0","0/0","0/0","0/0","0/0","0/0","0/0","0/0","0/0","0/0","0/0","0/0","0/0","0/0","0/0","0/0","0/0","0/0","0/0","0/0","0/0","0/0","0/0","0/0","0/0","0/0","0/0","0/0","0/0","0/0","0/0","0/0","0/0","0/0","0/0","0/0","0/0","0/0","0/0","0/0","0/0","0/0","0/1","0/0","0/1","0/1","0/0","0/0","0/0","0/0","0/0","0/0","0/0","0/0","0/0","0/0","0/0","0/0","0/0","0/0","0/0","0/0","0/0"
"chr15:44671883_TCTAGC/T_CASC4","0/0","0/0","0/0","0/0","0/0","0/0","0/0","0/0","0/0","0/0","0/0","0/0","0/0","0/0","0/0","0/0","0/0","0/0","0/0","0/0","0/0","0/0","0/0","0/1","0/0","0/0","0/0","0/0","0/0","0/0","0/0","0/0","0/0","0/0","0/0","0/0","0/0","0/0","0/0","0/0","0/0","0/0","0/0","0/0","0/0","0/0","0/0","0/0",".","0/0","0/0","0/0","0/0","0/0","0/0","0/0","0/0","0/0","0/0","0/0","0/0","0/0","0/0","0/0","0/0","0/0","0/0","0/0","0/0","0/0","0/0","0/0","0/0","0/0","0/0","0/0","0/0","0/0","0/0","0/0","0/0","0/0","0/0","0/0","0/0","0/0","0/0","0/0","0/0","0/0","0/0","0/0","0/0","0/0","0/0","0/0","0/0","0/0","0/0","0/0","0/0","0/0","0/0","0/0","0/0","0/0","0/0","0/0","0/0","0/0","0/0","0/0","0/0","0/0","0/0","0/0","0/0","0/0","0/0","0/0","0/0","0/0","0/0","0/0","0/0","0/0","0/0","0/0","0/0","0/0","0/0","0/0","0/0","0/0","0/0","0/0","0/0","0/0","0/0","0/0","0/0","0/0","0/0","0/0","0/0","0/0","0/0","0/0","0/0","0/0","0/0","0/0","0/0"
"chr15:44829394_TGGC/T_EIF3J","0/0","0/0","0/0","0/0","0/0","0/0","0/0","0/0","0/0","0/0","0/0","0/0","0/0","0/0","0/0","0/0","0/0","0/0","0/0","0/0","0/0","0/0","0/0","0/0","0/0","0/0","0/0","0/0","0/0","0/0","0/1","0/0","0/0","0/0","0/0","0/0","0/0","0/0","0/0","0/0","0/0","0/0","0/0","0/0","0/0","0/0","0/0","0/0","0/0","0/0","0/0","0/0","0/0","0/0","0/0","0/0","0/0","0/0","0/0","0/0","0/0","0/0","0/0","0/0","0/0","0/0","0/0","0/0","0/0","0/0","0/0","0/0","0/0","0/0","0/0","0/0","0/0","0/0","0/0","0/0","0/0","0/0","0/0","0/1","0/0","0/0","0/0","0/0","0/0","0/0","0/0","0/0","0/0","0/0","0/0","0/0","0/0","0/0","0/0","0/0","0/0","0/0","0/0","0/0","0/0","0/0","0/0","0/0","0/0","0/0","0/0","0/0","0/0","0/0","0/0","0/0","0/0","0/0","0/1","0/0","0/0","0/0","0/0","0/0","0/0","0/0","0/0","0/0","0/1","0/0","0/0","0/0","0/0","0/0","0/0","0/0","0/0","0/0","0/0","0/0","0/0","0/0","0/0","0/0","0/0","0/0","0/0","0/0","0/0","0/0","0/0","0/0","0/0"
"chr15:45403675_CGGGCCCCGACGCCAGCT/C_DUOX2","0/0","0/0","0/0","0/0","0/0","0/0","0/0","0/0","0/0","0/0","0/0",".","0/0","0/0","0/0","0/0","0/0","0/0","0/0","0/0","0/0","0/0","0/0","0/0","0/0","0/0","0/0","0/0","0/0","0/0","0/0","0/1","0/0","0/0","0/0","0/0","0/0","0/0","0/0","0/0","0/0","0/0","0/0","0/0","0/0","0/0","0/0","0/0","0/0","0/0","0/0","0/0","0/0","0/0","0/0","0/0","0/0","0/0","0/0","0/0","0/0","0/0","0/0","0/0","0/0","0/0","0/0","0/0","0/0","0/0","0/0","0/0","0/0","0/0","0/0","0/0","0/0","0/0","0/0","0/0","0/0","0/0","0/0","0/0","0/0","0/0","0/0","0/0","0/0","0/0","0/0","0/0","0/0","0/0","0/0","0/0","0/0","0/0","0/0","0/0","0/0","0/0","0/0","0/0","0/0","0/0","0/0","0/0","0/0","0/0","0/0","0/0","0/0","0/0","0/0","0/0","0/0","0/0","0/0","0/0","0/0","0/0","0/0","0/0","0/0","0/0","0/0","0/0","0/0","0/0","0/0","0/0","0/0","0/0","0/0","0/0","0/0","0/0","0/0","0/0","0/0","0/0","0/0","0/0",".","0/0","0/0","0/0","0/0","0/0","0/0","0/0","0/0"
"chr15:49036442_AT/A_CEP152","0/0","0/0","0/0","0/0","0/0","0/0","0/0","0/0","0/0","0/0","0/0","0/0","0/0","0/0","0/0","0/0","0/0","0/0","0/0","0/0","0/0","0/0","0/0","0/0","0/0","0/0","0/0","0/0","0/0","0/0","0/0","0/0","0/0","0/0","0/0","0/0","0/1","0/0","0/0","0/0","0/0","0/0","0/0","0/0","0/0","0/0","0/0","0/0","0/0","0/0","0/0","0/0","0/0","0/0","0/0","0/0","0/0","0/0","0/0","0/0","0/0","0/0","0/0","0/0","0/0","0/0","0/0","0/0","0/0","0/0","0/0","0/0","0/0","0/0","0/0","0/0","0/0","0/0","0/0","0/0","0/0","0/0","0/0","0/0","0/0","0/0","0/0","0/0","0/0","0/0","0/0","0/0","0/0","0/0","0/0","0/0","0/0","0/0","0/0","0/0","0/0","0/0","0/0","0/0","0/0","0/0","0/0","0/0","0/0","0/0","0/0","0/0","0/0","0/0","0/0","0/0","0/0","0/0","0/0","0/0","0/0","0/0","0/0","0/0","0/0","0/0","0/0","0/0","0/0","0/0","0/0","0/0","0/0","0/0","0/0","0/0","0/0","0/0","0/0","0/0","0/0","0/0","0/0","0/0","0/0","0/0","0/0","0/0","0/0","0/0","0/0","0/0","0/0"
"chr15:49097757_TACCTC/T_CEP152","0/0","0/0","0/0","0/0","0/0","0/0","0/0","0/0","0/0","0/0","0/0","0/0","0/0","0/0","0/0","0/0","0/0","0/0","0/0","0/1","0/0","0/0","0/0","0/0","0/0","0/0","0/0","0/0","0/0","0/0","0/0","0/0","0/0","0/0","0/0","0/0","0/0","0/0","0/0","0/0","0/0","0/0","0/0","0/0","0/0","0/0","0/0","0/0","0/0","0/0","0/0","0/0","0/0","0/0","0/0","0/0","0/0","0/0","0/0","0/0","0/0","0/0","0/0","0/0","0/0","0/0","0/0","0/0","0/0","0/0","0/0","0/0","0/0","0/0","0/0","0/0","0/0","0/0","0/0","0/0","0/0","0/0","0/0","0/0","0/0","0/0","0/0","0/0","0/0","0/0","0/0","0/0","0/0","0/0","0/0","0/0","0/0","0/0","0/0","0/0","0/0","0/0","0/0","0/0","0/0","0/0","0/0","0/0","0/0","0/0","0/0","0/0","0/0","0/0","0/0","0/0","0/0","0/0","0/0","0/0","0/0","0/0","0/0","0/0","0/0","0/0","0/0","0/1","0/0","0/0","0/0","0/0","0/0","0/0","0/0","0/0","0/0","0/0","0/0","0/0","0/0","0/0","0/0","0/0","0/0","0/0","0/0","0/0","0/0","0/0","0/0","0/0","0/0"
"chr15:49935522_TGACAGGG/T_DTWD1",".","0/0","0/0","0/0","0/0","0/0","0/0","0/0","0/0",".",".","0/0","0/0","0/0","0/0","0/0","0/0",".","0/0","0/0",".","0/0","0/0","0/0",".","0/0","0/0","0/0","0/0",".","0/0","0/0","0/0","0/0","0/0",".","0/0","0/0","0/0","0/0",".",".","0/0","0/0","0/0","0/0",".","0/0","0/0","0/0","0/0","0/0","0/0","0/0","0/0","0/0","0/0","0/0","0/0","0/0","0/0","0/0",".","0/0",".",".",".","0/0",".","0/0","0/0","0/0","0/0","0/0","0/0","0/0",".","0/0","0/0","0/1",".","0/0",".",".","0/0","0/0","0/0","0/0","0/0","0/0","0/1","0/0","0/0","0/0","0/0","0/0",".",".","0/0","0/0","0/0","0/1","0/0","0/1","0/0","0/0","0/0","0/0","0/0","0/0","0/0","0/0","0/0","0/0","0/0","0/0","0/0","0/0","0/0",".","0/0","0/0","0/0","0/0","0/0","0/0","0/0","0/0","0/0","0/0","0/0","0/0","0/0",".",".","0/0",".",".","0/0","0/0","0/0","0/0","0/0","0/0","0/0","0/0",".",".","0/0","0/0","0/0","0/0","0/0"
"chr15:51857322_CA/C_DMXL2","0/0","0/0","0/0","0/0","0/0","0/0","0/0","0/0","0/0","0/0","0/0","0/0","0/0","0/0","0/0","0/0","0/0","0/0","0/0","0/0","0/0","0/0","0/0","0/0","0/0","0/0","0/0","0/0","0/0","0/0","0/0","0/0","0/0","0/0","0/0","0/0","0/1","0/0","0/0","0/0","0/0","0/0","0/0","0/0","0/0","0/0","0/0","0/0","0/0","0/0","0/0","0/0","0/0","0/0","0/0","0/0","0/0","0/0","0/0","0/0","0/0","0/0","0/0","0/0","0/0","0/0","0/0","0/0","0/0","0/0","0/0","0/0","0/0","0/0","0/0","0/0","0/0","0/0","0/0","0/0","0/0","0/0","0/0","0/0","0/0","0/0","0/0","0/0","0/0","0/0","0/0","0/0","0/0","0/0","0/0","0/0","0/0","0/0","0/0","0/0","0/0","0/0","0/0","0/0","0/0","0/0","0/0","0/0","0/0","0/0","0/0","0/0","0/0","0/0","0/0","0/0","0/0","0/0","0/0","0/0","0/0","0/0","0/0","0/0","0/0","0/0","0/0","0/0","0/0","0/0","0/0","0/0","0/0","0/0","0/0","0/0","0/0","0/0","0/0","0/0","0/0","0/0","0/0","0/0","0/0","0/0","0/0","0/0","0/0","0/0","0/0","0/0","0/0"
"chr15:56736722_CT/CTT_MNS1","0/0","0/0","0/0","0/0","0/0","0/0","0/0","0/0","0/0","0/0","0/1","0/0","0/0","0/0","0/0","0/0","0/0","0/0","0/0","0/0","0/0","0/0","0/0","0/0","0/0","0/1","0/0","0/0","0/0","0/0","0/0","0/2","0/0","0/0","0/2","0/0","0/2","0/0","0/0","0/0","0/0","0/0","0/0","0/2","0/0","0/0","0/0","0/0","0/0","0/0","0/0","0/2","0/0","0/0","0/0","0/0","0/0","0/0","0/0","0/0","0/0","0/0","0/0","0/0","0/0","0/0","0/0","0/0","0/0","0/0","0/0","0/1","0/0","0/0","0/0","0/0","0/1","0/0","0/0","0/0","0/0","0/0","0/0","0/0","0/0","0/0","0/0","0/0","0/0","0/0","0/0","0/1","0/0","0/0","0/0","0/0","0/0","0/0","0/0","0/0","0/0","0/0","0/0","0/0","0/0","0/0","0/0","0/0","0/0","0/0","0/0","0/0","0/0","0/0","0/0","0/0","0/0","0/0","0/0","0/0","0/0","0/0","0/0","0/0","0/0","0/0","0/0","0/0","0/0","0/0","0/0","0/0","0/0","0/0","0/0","0/0","0/0","0/0","0/1","0/2","0/0","0/0","0/0","0/0","0/2","0/0","0/0","0/0","0/0","0/0","0/0","0/0","0/0"
"chr15:59144131_AGCT/A_FAM63B","0/0","0/0","0/0","0/0","0/0","0/0","0/0","0/0","0/0","0/0","0/0","0/0","0/0","0/0","0/0","0/0","0/0","0/0","0/0","0/0","0/0","0/0","0/0","0/0","0/0","0/0","0/0","0/0","0/0","0/0","0/0","0/0","0/0","0/0","0/0","0/0","0/0","0/0","0/0","0/0","0/0","0/0","0/0","0/0","0/0","0/0","0/0","0/0","0/0","0/0","0/0","0/0","0/0","0/0","0/0","0/0","0/0","0/0","0/0","0/0","0/0","0/0","0/0","0/0","0/0","0/0","0/0","0/0","0/0","0/0","0/0","0/0","0/0","0/0","0/0","0/0","0/0","0/0","0/0","0/0","0/0","0/0","0/0","0/0","0/0","0/0","0/0","0/0","0/0","0/0","0/0","0/0","0/0","0/0","0/0","0/0","0/0","0/0","0/0","0/0","0/0","0/0","0/0","0/0","0/0","0/0","0/0","0/0","0/0","0/0","0/0","0/0","0/0","0/0","0/0","0/0","0/0","0/0","0/0","0/0","0/0","0/0","0/0","0/0","0/0","0/0","0/0","0/0","0/0","0/0","0/0","0/0","0/0","0/0","0/0","0/0","0/0","0/0","0/1","0/0","0/0","0/0","0/0","0/0","0/0","0/0","0/0","0/0","0/0","0/0","0/0","0/0","0/0"
"chr15:62360662_GC/G_C2CD4A","0/0","0/0","0/0","0/0","0/0","0/0","0/0","0/0","0/0","0/0","0/0","0/0","0/0","0/0","0/0","0/0","0/0","0/0","0/0","0/0","0/0","0/0","0/0","0/0","0/0","0/0","0/0","0/0","0/0","0/0","0/0","0/0","0/0","0/0","0/0","0/0","0/0","0/0","0/0","0/0","0/0","0/0","0/0","0/0","0/0","0/0","0/0","0/0","0/0","0/0","0/0","0/0","0/0","0/0","0/0","0/0","0/0","0/0","0/0","0/0","0/0","0/0","0/0","0/0","0/0","0/0","0/0","0/0","0/0","0/0","0/0","0/0","0/0","0/0","0/0","0/0","0/0","0/0","0/0","0/0","0/0","0/0","0/0","0/0","0/0","0/0","0/0","0/0","0/0","0/0","0/0","0/0","0/0","0/0","0/0","0/0","0/0","0/0","0/0","0/0","0/0","0/0","0/0","0/0","0/0","0/0","0/0","0/0","0/0","0/0","0/0","0/0","0/0","0/0","0/0","0/0","0/0","0/0","0/0","0/0","0/0","0/0","0/0","0/0","0/0","0/0","0/0","0/0","0/0","0/0","0/0","0/0","0/0","0/1","0/0","0/0","0/0","0/0","0/0","0/0","0/0","0/0","0/0","0/0","0/0","0/0","0/0","0/0","0/0","0/0","0/0","0/0","0/0"
"chr15:63638892_AT/A_CA12","0/0","0/0","0/0","0/0","0/0","0/0","0/0","0/0","0/0","0/0","0/0","0/0","0/0","0/0","0/0","0/1","0/0","0/0","0/0","0/0","0/0","0/0","0/0","0/0","0/0","0/0","0/0","0/0","0/0","0/0","0/0","0/0","0/0","0/0","0/0","0/0","0/0","0/0","0/0","0/0","0/0","0/0","0/0","0/0","0/0","0/0","0/0","0/0","0/0","0/0","0/0","0/0","0/0","0/0","0/0","0/0","0/0","0/0","0/0","0/0","0/0","0/0","0/0","0/0","0/0","0/1","0/0","0/0","0/0","0/0","0/1","0/0","0/0","0/0","0/0","0/0","0/0","0/0","0/0","0/0","0/0","0/0","0/0","0/0","0/0","0/0","0/0","0/0","0/0","0/0","0/0","0/0","0/0","0/0","0/0","0/0","0/0","0/0","0/0","0/0","0/0","0/0","0/0","0/0","0/0","0/0","0/0","0/0","0/0","0/0","0/0","0/0","0/0","0/0","0/0","0/0","0/0","0/0","0/0","0/0","0/0","0/0","0/0","0/0","0/0","0/0","0/0","0/0","0/0","0/0","0/0","0/0","0/0","0/0","0/0","0/0","0/0","0/0","0/0","0/0","0/0","0/0","0/0","0/0","0/0","0/0","0/0","0/0","0/0","0/0","0/0","0/0","0/0"
"chr15:63901369_C/CA_HERC1","0/0","0/0","0/0","0/0","0/0","0/0","0/0","0/0","0/0","0/0","0/0","0/0","0/0","0/0","0/0","0/0","0/0","0/0","0/0","0/0","0/0","0/0","0/0","0/0","0/0","0/0","0/0","0/0","0/0","0/0","0/0","0/0","0/0","0/0","0/0","0/0","0/0","0/0","0/0","0/0","0/0","0/1","0/0","0/0","0/0","0/0","0/0","0/0","0/0","0/0","0/0","0/0","0/0","0/0","0/0","0/0","0/0","0/0","0/0","0/0","0/0","0/0","0/0","0/0","0/0","0/0","0/0","0/0","0/0","0/0","0/0","0/0","0/0","0/0","0/0","0/0","0/0","0/0","0/0","0/0","0/0","0/0","0/0","0/0","0/0","0/0","0/0","0/0","0/0","0/0","0/0","0/0","0/0","0/0","0/0","0/0","0/0","0/0","0/0","0/0","0/0","0/0","0/0","0/0","0/0","0/0","0/0","0/0","0/0","0/0","0/0","0/0","0/0","0/0","0/0","0/0","0/0","0/0","0/0","0/0","0/0","0/0","0/0","0/0","0/0","0/0","0/0","0/0","0/0","0/0","0/0","0/0","0/0","0/0","0/0","0/0","0/0","0/0","0/0","0/0","0/0","0/0","0/0","0/0","0/0","0/0","0/0","0/0","0/0","0/0","0/0","0/0","0/0"
"chr15:64686177_T/TA_TRIP4","0/0","0/0","0/0","0/0","0/0","0/0","0/0","0/0","0/0","0/0","0/0","0/0","0/0","0/0","0/0","0/0","0/0","0/0","0/0","0/0","0/0","0/0","0/1","0/0","0/0","0/0","0/0","0/0","0/0","0/0","0/0","0/0","0/0","0/0","0/0","0/0","0/0","0/0","0/0","0/0","0/0","0/0","0/0","0/0","0/0","0/0","0/0","0/0","0/0","0/0","0/0","0/0","0/0","0/0","0/0","0/0","0/0","0/0","0/0","0/0","0/0","0/0","0/0","0/0","0/0","0/0","0/0","0/0","0/0","0/0","0/0","0/0","0/0","0/0","0/0","0/0","0/0","0/0","0/0","0/0","0/0","0/0","0/0","0/0","0/0","0/0","0/0","0/0","0/0","0/0","0/0","0/0","0/0","0/0","0/0","0/0","0/0","0/0","0/0","0/0","0/0","0/0","0/0","0/0","0/0","0/0","0/0","0/0","0/0","0/0","0/0","0/0","0/0","0/0","0/0","0/0","0/0","0/0","0/0","0/0","0/0","0/0","0/0","0/0","0/0","0/0","0/0","0/0","0/0","0/0","0/0","0/0","0/0","0/0","0/0","0/0","0/0","0/0","0/0","0/0","0/0","0/0","0/0","0/0","0/0","0/0","0/0","0/0","0/0","0/0","0/0","0/0","0/0"
"chr15:65153751_CCAA/C_PLEKHO2","0/0","0/0","0/0","0/0","0/0","0/0","0/0","0/0","0/0","0/0","0/0","0/0","0/0","0/0","0/0","0/0","0/0","0/0","0/0","0/0","0/0","0/0","0/0","0/0","0/0","0/0","0/0","0/0","0/0","0/0","0/0","0/0","0/0","0/0","0/0","0/0","0/0","0/0","0/0","0/0","0/0","0/1","0/0","0/0","0/0","0/0","0/0","0/0","0/0","0/0","0/0","0/0","0/0","0/0","0/0","0/0","0/0","0/0","0/0","0/0","0/0","0/0","0/0","0/0","0/0","0/0","0/0","0/0","0/0","0/0","0/0","0/0","0/0","0/0","0/0","0/0","0/0","0/0","0/0","0/0","0/0","0/0","0/0","0/0","0/0","0/0","0/0","0/0","0/0","0/0","0/0","0/0","0/0","0/0","0/0","0/0","0/0","0/0","0/0","0/0","0/0","0/0","0/0","0/0","0/0","0/0","0/0","0/0","0/0","0/0","0/0","0/0","0/0","0/0","0/0","0/0","0/0","0/0","0/0","0/0","0/0","0/0","0/0","0/0","0/0","0/0","0/0","0/0","0/0","0/0","0/0","0/0","0/0","0/0","0/0","0/0","0/0","0/0","0/0","0/0","0/0","0/0","0/0","0/0","0/0","0/0","0/0","0/0","0/0","0/0","0/0","0/0","0/0"
"chr15:65214196_C/CT_ANKDD1A","0/0","0/0","0/0","0/0","0/0","0/0","0/0","0/0","0/0","0/0","0/0","0/0","0/0","0/0","0/0","0/0","0/0","0/0","0/0","0/0","0/0","0/0","0/0","0/0","0/0","0/0","0/0","0/0","0/0","0/0","0/0","0/0","0/0","0/0","0/0","0/0","0/0","0/0","0/0","0/0","0/0","0/0","0/0","0/0","0/0","0/0","0/0","0/0","0/0","0/0","0/0","0/0","0/0","0/0","0/0","0/0","0/0","0/0","0/0","0/0","0/0","0/0","0/0","0/0","0/0","0/0","0/0","0/0","0/0","0/0","0/0","0/0","0/0","0/0","0/0","0/0","0/0","0/0","0/0","0/0","0/0","0/0","0/0","0/0","0/0","0/0","0/0","0/0","0/0","0/0","0/0","0/0","0/0","0/0","0/0","0/0","0/0","0/0","0/0","0/0","0/0","0/0","0/0","0/0","0/0","0/0","0/0","0/0","0/0","0/0","0/0","0/0","0/0","0/0","0/0","0/0","0/0","0/0","0/0","0/0","0/0","0/0","0/0","0/0","0/0","0/0","0/0","0/0","0/0","0/0","0/0","0/0","0/1","0/0","0/1","0/1","0/0","0/0","0/0","0/0","0/0","0/0","0/0","0/0","0/0","0/0","0/0","0/0","0/0","0/0","0/0","0/0","0/0"
"chr15:65214197_CAAGA/C_ANKDD1A","0/0","0/0","0/0","0/0","0/0","0/0","0/0","0/0","0/0","0/0","0/0","0/0","0/0","0/0","0/0","0/0","0/0","0/0","0/0","0/0","0/0","0/0","0/0","0/0","0/0","0/0","0/0","0/0","0/0","0/0","0/0","0/0","0/0","0/0","0/0","0/0","0/0","0/0","0/0","0/0","0/0","0/0","0/0","0/0","0/0","0/0","0/0","0/0","0/0","0/0","0/0","0/0","0/0","0/0","0/0","0/0","0/0","0/0","0/0","0/0","0/0","0/0","0/0","0/0","0/0","0/0","0/0","0/0","0/0","0/0","0/0","0/0","0/0","0/0","0/0","0/0","0/0","0/0","0/0","0/0","0/0","0/0","0/0","0/0","0/0","0/0","0/0","0/0","0/0","0/0","0/0","0/0","0/0","0/0","0/0","0/0","0/0","0/0","0/0","0/0","0/0","0/0","0/0","0/0","0/0","0/0","0/0","0/0","0/0","0/0","0/0","0/0","0/0","0/0","0/0","0/0","0/0","0/0","0/0","0/0","0/0","0/0","0/0","0/0","0/0","0/0","0/0","0/0","0/0","0/0","0/0","0/0","0/1","0/0","0/1","0/1","0/0","0/0","0/0","0/0","0/0","0/0","0/0","0/0","0/0","0/0","0/0","0/0","0/0","0/0","0/0","0/0","0/0"
"chr15:65621770_GA/G_IGDCC3","0/0","0/0","0/0","0/0","0/0","0/0","0/0","0/0","0/0","0/0","0/0","0/0","0/0","0/0","0/0","0/0","0/0","0/0","0/0","0/0","0/0","0/0","0/0","0/0","0/0","0/0","0/0","0/0","0/0","0/0","0/0","0/0","0/0","0/0","0/0","0/0","0/0","0/0","0/0","0/0","0/0","0/0","0/0","0/0","0/0","0/0","0/0","0/0","0/0","0/0","0/0","0/0","0/0","0/0","0/0","0/0","0/0","0/0","0/0","0/0","0/0","0/0","0/0","0/0","0/0","0/0","0/0","0/0","0/0","0/0","0/0","0/0","0/0","0/0","0/0","0/0","0/0","0/0","0/0","0/0","0/0","0/0","0/0","0/0","0/0","0/0","0/0","0/0","0/0","0/0","0/0","0/0","0/0","0/0","0/0","0/0","0/0","0/0","0/0","0/0","0/0","0/0","0/0","0/0","0/0","0/0","0/0","0/0","0/0","0/0","0/0","0/0","0/0","0/0","0/0","0/0","0/0","0/0","0/0","0/0","0/0","0/0","0/0","0/0","0/0","0/1","0/0","0/0","0/0","0/0","0/0","0/0","0/0","0/0","0/0","0/0","0/0","0/0","0/0","0/0","0/0","0/0","0/0","0/0","0/0","0/0","0/0","0/0","0/0","0/0","0/0","0/0","0/0"
"chr15:67571848_AAGGTAGGTAT/A_IQCH","0/0","0/0","0/0","0/0","0/0","0/0","0/0","0/0","0/0","0/0","0/0","0/0","0/0","0/0","0/0","0/0","0/0","0/0","0/0","0/0","0/0","0/0","0/0","0/0","0/0","0/0","0/0","0/0","0/0","0/0","0/0","0/1","0/0","0/0","0/0","0/0","0/0","0/0","0/0","0/0","0/0","0/0","0/0","0/0","0/0","0/0","0/0","0/0","0/0","0/0","0/0","0/0","0/0","0/0","0/0","0/0","0/0","0/0","0/0","0/0","0/0","0/0","0/0","0/0","0/0","0/0","0/0","0/0","0/0","0/0","0/0","0/0","0/0","0/0","0/0","0/0","0/0","0/0","0/0","0/0","0/0","0/0","0/0","0/0","0/0","0/0","0/0","0/0","0/0","0/0","0/0","0/0","0/0","0/0","0/0","0/0","0/0","0/0","0/0","0/0","0/0","0/0","0/0","0/0","0/0","0/0","0/0","0/0","0/0","0/0","0/0","0/0","0/0","0/0","0/0","0/0","0/0","0/0","0/0","0/0","0/0","0/0","0/0","0/0","0/0","0/0","0/0","0/0","0/0","0/0","0/0","0/0","0/0","0/0","0/0","0/0","0/0","0/0","0/0","0/0","0/0","0/0","0/0","0/0","0/0","0/0","0/0","0/0","0/0","0/0","0/0","0/0","0/0"
"chr15:68120417_AGCG/A_SKOR1","0/0","0/0","0/0","0/0","0/0","0/0","0/0","0/0","0/0","0/0","0/0","0/0","0/1","0/0","0/0","0/0","0/0","0/0","0/0","0/0","0/0","0/0","0/0","0/0","0/0","0/0","0/0","0/0","0/0","0/0","0/0","0/0","0/0","0/0","0/0","0/0","0/0","0/0","0/0","0/0","0/0","0/0","0/0","0/0","0/0","0/0","0/0","0/0","0/0","0/0","0/0","0/0","0/0","0/0","0/0","0/0","0/0","0/0","0/0","0/0","0/0","0/0","0/0","0/0","0/0","0/0","0/0","0/0","0/0","0/0","0/0","0/0","0/0","0/0","0/0","0/0","0/0","0/0","0/0","0/0","0/0","0/0","0/0","0/0","0/0","0/0","0/0","0/0","0/0","0/0","0/0","0/0","0/0","0/0","0/0","0/0","0/0","0/0","0/0","0/0","0/0","0/0","0/0","0/0","0/0","0/0","0/0","0/0","0/0","0/0","0/0","0/0","0/0","0/0","0/0","0/0","0/0","0/0","0/0","0/0","0/0","0/0","0/0","0/0","0/0","0/0","0/0","0/0","0/0","0/0","0/0","0/0","0/0","0/0","0/0","0/0","0/0","0/0","0/0","0/0","0/0","0/0","0/0","0/0","0/0","0/0","0/0","0/0","0/0","0/0","0/0","0/0","0/1"
"chr15:71055685_G/GCGC_UACA","0/0","0/0","0/0","0/0","0/0","0/0","0/0","0/0","0/0","0/0","0/0","0/0","0/0","0/0","0/0","0/0","0/0","0/0","0/0","0/0","0/0","0/0","0/0","0/0","0/0","0/0","0/0","0/0","0/0","0/0","0/0","0/0","0/0","0/0","0/0","0/0","0/0","0/0","0/0","0/0","0/0","0/0","0/0","0/0","0/0","0/0","0/0","0/0","0/0","0/0","0/0","0/0","0/0","0/0","0/0","0/0","0/0","0/0","0/0","0/0","0/0","0/0","0/1","0/0","0/0","0/0","0/0","0/0","0/0","0/0","0/0","0/0","0/0","0/0","0/0","0/0","0/0","0/0","0/0","0/0","0/0","0/0","0/0","0/0","0/0","0/0","0/0","0/0","0/0","0/0","0/0","0/0","0/0","0/0","0/0","0/0","0/0","0/0","0/0","0/0","0/0","0/0","0/0","0/0","0/0","0/0","0/0","0/0","0/0","0/0","0/0","0/0","0/0","0/0","0/0","0/0","0/0","0/0","0/0","0/0","0/0","0/0","0/0","0/0","0/0","0/0","0/0","0/0","0/0","0/0","0/0","0/0","0/0","0/0","0/0","0/0","0/0","0/0","0/0","0/0","0/0","0/0","0/0","0/0","0/0","0/0","0/0","0/0","0/0","0/0","0/0","0/0","0/0"
"chr15:71276480_GCAA/G_LRRC49","1/1","1/1","1/1","0/1","0/1","0/1","1/1","1/1","1/1","0/1","0/1","0/1","1/1","1/1","1/1","0/1","0/1","1/1","1/1","1/1","1/1","1/1","0/0","0/1","0/1","1/1","1/1","0/1","1/1","0/1","1/1","0/1","0/1","0/1","0/1","1/1","1/1","1/1","0/1","0/1","1/1","1/1","1/1","0/1","1/1","1/1","0/1","1/1","1/1","0/1","0/1","0/1","0/1","1/1","1/1","1/1","1/1","1/1","0/1","0/0","0/1","0/1","1/1","0/1","0/1","1/1","1/1","1/1","1/1","1/1","1/1","0/0","0/0","0/1","0/1","0/1","0/1","0/1","0/1","1/1","1/1","0/1","0/1","1/1","1/1","1/1","1/1","0/0","1/1","1/1","0/0","0/1","0/1","0/1","0/1","0/0","0/0","1/1","1/1","1/1","0/1","0/1","0/1","1/1","1/1","0/0","0/0","1/1","1/1","0/1","0/1","1/1","1/1","1/1","1/1","1/1","1/1","0/1","1/1","0/1","1/1","1/1","1/1","0/1","1/1","1/1","1/1","1/1","0/0","0/0","0/0","0/0","1/1","0/1","1/1","1/1","0/1","0/1","1/1","0/1","1/1","0/0","0/0","1/1","1/1","1/1","1/1","1/1","1/1","0/0","0/0","0/0","0/0"
"chr15:72104730_ACTC/A_NR2E3","0/0","0/0","0/0","0/0","0/0","0/0","0/0","0/0","0/0","0/0","0/0","0/0","0/0","0/0","0/0","0/0","0/0","0/0","0/0","0/0","0/0","0/0","0/0","0/0","0/0","0/0","0/0","0/0","0/0","0/0","0/0","0/0","0/1","0/0","0/0","0/0","0/0","0/0","0/0","0/0","0/0","0/0","0/0","0/0","0/0","0/0","0/0","0/0","0/0","0/0","0/0","0/0","0/0","0/0","0/0","0/0","0/0","0/0","0/0","0/0","0/0","0/0","0/0","0/0","0/0","0/0","0/0","0/0","0/0","0/0","0/0","0/0","0/0","0/0","0/0","0/0","0/0","0/0","0/0","0/0","0/0","0/0","0/0","0/0","0/0","0/0","0/0","0/0","0/0","0/0","0/0","0/0","0/0","0/0","0/0","0/0","0/0","0/0","0/0","0/0","0/0","0/0","0/0","0/0","0/0","0/0","0/0","0/0","0/0","0/0","0/0","0/0","0/0","0/0","0/0","0/0","0/0","0/0","0/0","0/0","0/0","0/0","0/0","0/0","0/0","0/0","0/0","0/0","0/0","0/0","0/0","0/0","0/0","0/0","0/0","0/0","0/0","0/0","0/0","0/0","0/0","0/0","0/0","0/0","0/0","0/0","0/0","0/0","0/0","0/0","0/0","0/0","0/0"
"chr15:74536400_TAAG/T_CCDC33","0/0","0/0","0/0","0/0","0/0","0/0","0/1","0/1","0/1","0/0","0/0","0/0","0/0","0/0","0/1","0/0","0/0","0/0","1/1","1/1","1/1","0/0","0/0","1/1","0/0","0/1","0/1","0/0","0/1","0/0","1/1","0/1","0/1","0/1","0/0","0/0","0/1","0/1","0/0","1/1","1/1","1/1","0/0","0/1","0/1","0/1","0/1","0/1","0/0","0/0","0/0","0/0","0/1","0/1","0/0","0/0","0/0","0/1","0/0","0/1","0/0","0/0","0/1","0/1","0/1","0/0","0/1","0/0","0/0","0/1","0/0","0/0","0/0","1/1","1/1","0/0","0/0","0/1","0/1","0/0","0/0","0/1","0/0","0/1","0/1","1/1","1/1","0/0","1/1","1/1","0/0","0/0","0/0","0/1","0/1","0/0","0/0","1/1","0/1","0/1","0/0","1/1","0/0","0/0","0/0","0/0","0/0","0/0","0/0","1/1","0/0","0/0","0/0","0/1","0/1","0/0","0/0","0/1","0/1","0/1","0/1","0/1","0/0","0/1","0/1","0/1","0/1","0/1","0/0","0/0","0/0","0/1","0/1","0/0","0/1","0/1","0/0","0/0","0/1","0/1","0/1","0/1","0/1","0/1","0/1","0/1","0/1","0/1","0/1","0/1","0/1","0/1","0/1"
"chr15:75500608_A/ATCCAGC_C15orf39","0/0","0/0","0/0","0/0","0/0","0/0","0/0","0/0","0/0","0/0","0/0","0/0","0/0","0/0","0/0","0/0","0/0","0/0","0/0","0/0","0/0","0/0","0/0","0/0","0/0","0/0","0/0","0/0","0/0","0/0","0/0","0/0","0/0","0/0","0/0","0/0","0/0","0/0","0/0","0/0","0/0","0/0","0/0","0/0","0/0","0/0","0/0","0/0","0/0","0/0","0/0","0/0","0/0","0/0","0/0","0/0","0/0","0/0","0/0","0/0","0/1","0/0","0/0","0/0","0/0","0/0","0/0","0/0","0/0","0/0","0/0","0/0","0/0","0/0","0/0","0/0","0/0","0/0","0/0","0/0","0/0","0/0","0/0","0/0","0/0","0/0","0/0","0/0","0/0","0/0","0/0","0/0","0/0","0/0","0/0","0/0","0/0","0/0","0/0","0/0","0/0","0/0","0/0","0/0","0/0","0/0","0/0","0/0","0/0","0/0","0/0","0/0","0/0","0/0","0/0","0/0","0/0","0/0","0/0","0/0","0/0","0/0","0/0","0/0","0/0","0/0","0/0","0/0","0/0","0/0","0/0","0/0","0/0","0/0","0/0","0/0","0/0","0/0","0/0","0/0","0/0","0/0","0/0","0/0","0/0","0/0","0/0","0/0","0/0","0/0","0/0","0/0","0/0"
"chr15:75503195_TCAGGAAGCCAGG/T_C15orf39","0/0","0/0","0/0","0/0","0/0","0/0","0/0","0/0","0/0","0/0","0/0","0/0","0/0","0/0","0/0","0/0","0/0","0/0","0/0","0/0","0/0","0/0","0/0","0/0","0/0","0/0","0/0","0/0","0/0","0/0","0/0","0/0","0/0","0/0","0/0","0/0","0/0","0/0","0/0","0/0","0/0","0/0","0/0","0/0","0/0","0/0","0/0","0/0","0/0","0/0","0/0","0/0","0/0","0/0","0/0","0/0","0/0","0/0","0/0","0/0","0/0","0/0","0/0","0/0","0/0","0/0","0/1","0/0","0/0","0/1","0/0","0/0","0/0","0/0","0/0","0/0","0/0","0/0","0/0","0/0","0/0","0/0","0/0","0/0","0/0","0/0","0/0","0/0","0/0","0/0","0/0","0/0","0/0","0/0","0/0","0/0","0/0","0/0","0/0","0/0","0/0","0/0","0/0","0/0","0/0","0/0","0/0","0/0","0/0","0/0","0/0","0/0","0/0","0/0","0/0","0/0","0/0","0/0","0/0","0/0","0/0","0/0","0/0","0/0","0/0","0/0","0/0","0/0","0/0","0/0","0/0","0/0","0/0","0/0","0/0","0/0","0/0","0/0","0/0","0/0","0/0","0/0","0/0","0/0","0/0","0/0","0/0","0/0","0/0","0/0","0/0","0/0","0/0"
"chr15:77064142_TTTC/T_SCAPER","0/0","0/0","0/0","0/0","0/0","0/0","0/0","0/0","0/0","0/0","0/0","0/0","0/0","0/0","0/0","0/0","0/0","0/0","0/0","0/0","0/0","0/0","0/0","0/0","0/0","0/0","0/0","0/0","0/0","0/0","0/0","0/0","0/0","0/0","0/0","0/0","0/0","0/0","0/0","0/0","0/0","0/0","0/0","0/0","0/0","0/0","0/0","0/0","0/0","0/0","0/0","0/0","0/0","0/0","0/0","0/0","0/0","0/0","0/0","0/0","0/0","0/0","0/0","0/0","0/0","0/0","0/0","0/0","0/0","0/0","0/0","0/0","0/0","0/0","0/0","0/0","0/0","0/1","0/1","0/0","0/0","0/0","0/0","0/0","0/0","0/0","0/0","0/0","0/0","0/0","0/0","0/0","0/0","0/0","0/0","0/0","0/0","0/0","0/0","0/0","0/0","0/0","0/0","0/0","0/0","0/0","0/0","0/0","0/0","0/0","0/0","0/0","0/0","0/0","0/0","0/0","0/0","0/0","0/0","0/0","0/0","0/0","0/0","0/0","0/0","0/0","0/0","0/0","0/0","0/0","0/0","0/0","0/0","0/0","0/0","0/0","0/0","0/0","0/0","0/0","0/0","0/0","0/0","0/0","0/0","0/0","0/0","0/0","0/0","0/0","0/0","0/0","0/0"
"chr15:78556697_AG/A_DNAJA4","0/0","0/0","0/0","0/0","0/0","0/0","0/0","0/0","0/0","0/0","0/0","0/0","0/0","0/0","0/1","0/0","0/0","0/0","0/0","0/0","0/0","0/0","0/0","0/0","0/0","0/0","0/0","0/0","0/0","0/0","0/0","0/0","0/0","0/0","0/0","0/0","0/0","0/0","0/0","0/0","0/0","0/0","0/1","0/0","0/0","0/0","0/0","0/0","0/0","0/0","0/0","0/0","0/0","0/0","0/0","0/0","0/0","0/0","0/0","0/0","0/0","0/1","0/0","0/0","0/0","0/0","0/0","0/0","0/0","0/0","0/0","0/0","0/0","0/0","0/0","0/0","0/0","0/0","0/0","0/0","0/0","0/0","0/0","0/0","0/0","0/0","0/0","0/0","0/0","0/0","0/0","0/0","0/0","0/0","0/0","0/0","0/0","0/0","0/0","0/0","0/0","0/0","0/0","0/0","0/0","0/0","0/0","0/0","0/0","0/0","0/0","0/0","0/0","0/0","0/0","0/0","0/0","0/0","0/0","0/0","0/0","0/0","0/0","0/0","0/0","0/0","0/0","0/0","0/0","0/0","0/0","0/0","0/0","0/0","0/0","0/0","0/0","0/0","0/0","0/0","0/0","0/0","0/0","0/0","0/0","0/0","0/0","0/0","0/0","0/0","0/0","0/0","0/0"
"chr15:78913067_ACAGCAG/ACAG_CHRNA3","0/1","0/1","0/1","0/1","0/1","0/1","0/1","0/1","0/1","1/1","1/1","1/2","1/3","0/1","1/1","1/1","0/1","1/1","0/1","1/1","0/1","1/1","1/1","1/1","1/1","1/1","0/1","1/1","1/1","1/1","1/1","0/1","0/1","0/1","1/1","0/1","1/1","0/1","0/1","1/3","1/1","0/1","0/1","1/1","1/1","1/1","1/1","1/1","0/1","1/1","1/1","1/1","0/1","1/1","1/1","0/1","0/1","1/1","1/1","1/1","1/1","1/1","1/1","1/1","1/1","1/1","1/1","0/0","0/0","1/1","1/1","0/1","0/1","0/2","0/2","0/1","0/1","1/1","1/1","0/1","0/1","1/1","1/1","1/1","1/1","1/1","1/1","0/1","0/1","0/1","1/3","1/1","1/1","0/1","0/1","1/1","0/1","0/1","0/0","0/0","0/0","1/1","0/0","1/1","1/1","0/1","0/1","1/1","1/1","1/1","0/1","1/1","1/1","1/1","1/1","1/1","1/1","0/0","0/1","0/0","0/1","0/1","1/1","0/0","1/1","1/1","1/1","1/1","0/1","0/1","0/1","0/1","1/1","1/1","1/1","1/1","1/1","1/1","0/1","0/1","0/1","0/1","0/1","1/1","1/3","1/1","1/1","1/1","1/1","0/1","0/1","0/1","0/1"
"chr15:79058830_T/TGGGGGGGGGGGGG_ADAMTS7","0/0","0/0",".",".",".",".","0/0","0/0","0/0",".","0/0","0/0","0/0","0/0","0/0","0/0",".","0/0","0/0","0/0",".","0/0","0/0","0/0","0/0","0/0","0/0","0/0","0/0","0/0","0/0","0/0","0/0","0/0","0/0","0/0","0/0","0/0","0/0","0/0","0/0",".",".","0/0","0/0","0/0","0/0","0/0","0/0",".","0/0",".","0/0","0/0","0/0","0/0","0/0","0/0","0/0","0/0",".","0/0",".","0/0","0/0","0/0",".","0/0","0/0","0/0",".",".",".","0/0",".","0/0","0/0","0/0","0/0","0/0","0/0","0/0","0/0","0/0","0/0","0/0","0/0",".","0/0","0/0","0/0",".","0/0","0/0",".",".","0/0","0/0","0/0","0/0","0/0",".","0/0","0/0",".","0/0","0/0","0/0","0/0","0/0","0/0","0/0","0/0","0/0",".",".","0/0","0/0","0/0","0/0","0/0","0/0","0/0","0/0","0/0","0/0","0/0","0/0","0/0","0/0","0/0","0/0",".","0/0",".","0/0","0/0","0/0",".","0/0","0/0","0/0","0/0","0/0",".","0/0","0/0","0/0","0/1","0/0","0/0","0/0","0/0"
"chr15:79058940_GCGC/G_ADAMTS7","0/0","0/0",".","0/0","0/0","0/0","0/0",".","0/0",".","0/0","0/0","0/0","0/0","0/0","0/0","0/0","0/0","0/0","0/0","0/0","0/0","0/0",".","0/0","0/0","0/0","0/0","0/0","0/0","0/0","0/0","0/0","0/0","0/0","0/0","0/0","0/0","0/0","0/0","0/0","0/0","0/0","0/0","0/1","0/0",".","0/0","0/0","0/0","0/0","0/0","0/0","0/0","0/0","0/0",".","0/0","0/0","0/0",".","0/0","0/0","0/0","0/0","0/0","0/0","0/0","0/0","0/0",".","0/0","0/0","0/0","0/0","0/0","0/0","0/0","0/0","0/0","0/0",".","0/0","0/0","0/0","0/0","0/0",".","0/0","0/0","0/0",".","0/0","0/0","0/0",".","0/0","0/0","0/0","0/0","0/0","0/0","0/0","0/0",".","0/0","0/0","0/0","0/0",".","0/0","0/0","0/0","0/0","0/0",".","0/0","0/0","0/0","0/0","0/0","0/0","0/0","0/0","1/1","0/0","0/0","0/0","0/0",".","0/0","0/0","0/0","0/0",".","0/0","0/0","0/0","0/0","0/0","0/0","0/0","0/0","0/0","0/0","0/0","0/0","0/0","0/0","0/0","0/0","0/0","0/0"
"chr15:83333139_CTCCTCA/C_AP3B2","0/0","0/0","0/0","0/0","0/0","0/0","0/0","0/0","0/0","0/0","0/0","0/0","0/0","0/0","0/0","0/0","0/0","0/0","0/0","0/0","0/1","0/0","0/0","0/0","0/0","0/0","0/0","0/0","0/0","0/0","0/0","0/0","0/0","0/0","0/0","0/0","0/0","0/0","0/0","0/0","0/0","0/0","0/0","0/0","0/0","0/0","0/0","0/0","0/0","0/0","0/0","0/0","0/0","0/0","0/0","0/0","0/0","0/0","0/0","0/0","0/0","0/0","0/0","0/0","0/0","0/0","0/1","0/0","0/0","0/1","0/0","0/0","0/0","0/0","0/0","0/0","0/0","0/0","0/0","0/0","0/0","0/0","0/0","0/0","0/0","0/0","0/0","0/0","0/0","0/0","0/0","0/0","0/0","0/0","0/0","0/0","0/0","0/0","0/0","0/0","0/0","0/0","0/0","0/0","0/0","0/0","0/0","0/0","0/0","0/0","0/0","0/0","0/0","0/0","0/0","0/0","0/0","0/1","0/0","0/1","0/0","0/0","0/0","0/1","0/0","0/0","0/0","0/0","0/0","0/0","0/0","0/0","0/0","0/0","0/0","0/0","0/0","0/0","0/0","0/0","0/0","0/0","0/0","0/0","0/0","0/0","0/1","0/1","0/1","0/0","0/0","0/0","0/0"
"chr15:83935797_TG/T_BNC1","0/0","0/0","0/0","0/0","0/0","0/0","0/0","0/0","0/0","0/0","0/0","0/0","0/0","0/0","0/0","0/0","0/0","0/0","0/0","0/0","0/0","0/0","0/0","0/0","0/0","0/0","0/0","0/0","0/0","0/0","0/0","0/0","0/0","0/0","0/0","0/0","0/1","0/0","0/0","0/0","0/0","0/0","0/0","0/0","0/0","0/0","0/0","0/0","0/0","0/0","0/0","0/0","0/0","0/0","0/0","0/0","0/0","0/0","0/0","0/0","0/0","0/0","0/0","0/0","0/0","0/0","0/0","0/0","0/0","0/0","0/0","0/0","0/0","0/0","0/0","0/0","0/0","0/0","0/0","0/0","0/0","0/0","0/0","0/0","0/0","0/0","0/0","0/0","0/0","0/0","0/0","0/0","0/0","0/0","0/0","0/0","0/0","0/0","0/0","0/0","0/0","0/0","0/0","0/0","0/0","0/0","0/0","0/0","0/0","0/0","0/0","0/0","0/0","0/0","0/0","0/0","0/0","0/0","0/0","0/0","0/0","0/0","0/0","0/0","0/0","0/0","0/0","0/0","0/0","0/0","0/0","0/0","0/0","0/0","0/0","0/0","0/0","0/0","0/0","0/0","0/0","0/0","0/0","0/0","0/0","0/0","0/0","0/0","0/0","0/0","0/0","0/0","0/0"
"chr15:85186876_ACTTGGCTCCGTGTTCCAT/A_WDR73","0/1","0/1","0/1","0/0","0/0","0/0","0/0","0/0","0/0","0/0","0/0","0/1","0/0","0/0","0/0","0/1","0/0","0/0","0/0","0/1","0/1","0/0","0/1","0/0","0/0","0/0","0/0","0/0","0/0","0/0","0/0","0/0","0/0","0/0","0/1","0/0","0/0","0/0","0/0","0/0","0/0","0/0","0/0","0/0","0/0","0/0","0/0","0/0","0/0","0/0","0/0","1/1","0/0","0/1","0/0","0/0","0/0","0/0","0/0","0/0","0/0","0/0","0/0","0/0","0/0","0/0","0/0","0/0","0/0","0/0","0/0","0/0","0/0","0/0","0/0","0/0","0/0","0/0","0/0","0/0","0/0","0/0","0/0","0/1","0/1","0/1","0/1","0/0","0/0","0/0","0/0","0/0","0/0","0/1","0/1","0/0","0/0","0/0","0/0","0/0","0/0","0/0","0/0","0/0","0/0","0/1","0/1","0/0","0/0","0/0","0/0","0/0","0/0","0/1","0/1","0/0","0/0","0/1","0/0","0/1","0/0","0/0","0/0","0/1","0/1","0/1","0/1","0/1","0/0","0/0","0/0","0/1","0/0","0/1","0/0","0/0","0/1","0/1","0/0","0/0","0/0","0/1","0/1","0/0","0/0","0/0","0/0","0/0","0/0","0/1","0/1","0/1","0/1"
"chr15:85438311_C/CTTG_SLC28A1","0/0","0/0","0/0","0/0","0/0","0/0","0/0","0/0","0/0","1/1","0/1","0/0","0/0","0/0","0/1","0/1","0/0","0/0","0/1","0/1","0/0","1/1","1/1","0/0","0/0","0/0","0/1","0/0","0/1","0/0","0/0","0/0","0/1","1/1","0/1","0/0","0/0","0/1","0/0","0/1","0/0","0/0","0/1","0/0","0/1","0/1","0/0","0/1","0/0","0/0","0/0","0/0","0/1","0/0","0/0","0/1","0/0","0/0","0/1","0/1","0/0","0/0","0/1","0/0","0/0","0/1","0/0","0/1","0/1","0/0","0/1","0/1","0/1","0/1","0/1","0/1","0/1","0/0","0/0","0/0","0/0","0/0","0/0","0/0","0/0","0/1","0/1","0/0","0/0","0/0","1/1","0/0","0/0","0/1","0/1","1/1","0/0","0/1","0/1","0/1","0/0","0/1","0/0","0/0","0/0","0/1","0/1","0/0","0/0","0/1","0/0","0/1","0/1","0/1","0/0","0/0","0/0","0/0","0/1","0/0","0/1","0/1","0/0","0/0","0/0","0/0","0/1","0/1","0/0","0/0","0/0","0/1","0/0","0/0","0/0","0/0","0/0","0/0","0/0","0/0","0/0","0/1","0/1","0/1","0/1","0/1","0/1","0/1","0/1","0/0","0/0","0/0","0/0"
"chr15:85788498_T/TCTGCAGGAGCTGGAGAGG_GOLGA6L3","0/0","0/0",".",".",".",".",".","0/0",".",".","0/0",".",".",".",".","0/0","0/0","0/0",".",".","0/0","0/0","0/0","0/0","0/0","0/0",".","0/0","0/0","0/0","0/0","0/0",".",".",".",".","0/0",".","0/0",".","0/0","0/0","0/0","0/0",".",".","0/0",".","0/0",".",".","0/0","0/0","0/0","0/0",".","0/0","0/0","0/0",".",".","0/0",".","0/0","0/0","0/0","0/0","1/1",".","0/0","0/0","0/0","0/0","0/0",".","0/0","0/0",".",".","0/0","0/0",".",".","0/0","0/0",".","0/0",".",".",".",".",".","0/0",".",".",".","0/0",".",".","0/0","0/0","0/0",".","0/0","0/0","0/0","0/0",".",".",".",".","0/0",".","0/0","1/1","0/0","0/0",".","0/0",".",".","0/0","0/0","0/0","0/0","0/0","0/0",".",".",".","0/0",".",".","0/0",".",".",".",".","0/0",".","0/0",".","0/0","0/0",".",".","0/0",".","0/0","0/0","0/0",".","0/0"
"chr15:86124705_C/CT_AKAP13","0/0","0/0","0/0","0/0","0/0","0/0","0/0","0/0","0/0","0/0","0/0","0/0","0/0","0/0","0/0","0/0","0/0","0/0","0/0","0/0","0/0","0/0","0/0","0/0","0/0","0/0","0/0","0/0","0/0","0/0","0/0","0/0","0/0","0/0","0/0","0/0","0/0","0/0","0/0","0/0","0/0","0/0","0/0","0/0","0/0","0/0","0/0","0/0","0/0","0/0","0/0","0/0","0/0","0/0","0/0","0/0","0/0","0/0","0/0","0/0","0/0","0/0","0/0","0/0","0/0","0/0","0/0","0/0","0/0","0/0","0/0","0/0","0/0","0/0","0/0","0/0","0/0","0/0","0/0","0/0","0/0","0/0","0/0","0/0","0/0","0/0","0/0","0/0","0/0","0/0","0/0","0/0","0/0","0/0","0/0","0/0","0/0","0/0","0/0","0/0","0/0","0/0","0/0","0/0","0/0","0/0","0/0","0/0","0/0","0/0","0/0","0/0","0/0","0/0","0/1","0/0","0/0","0/0","0/0","0/0","0/0","0/0","0/0","0/0","0/0","0/0","0/0","0/0","0/0","0/0","0/0","0/0","0/0","0/0","0/0","0/0","0/0","0/0","0/0","0/0","0/0","0/0","0/0","0/0","0/0","0/0","0/0","0/0","0/0","0/0","0/0","0/0","0/0"
"chr15:87531266_C/CT_AGBL1","0/0","0/0","0/0","0/0","0/1","0/1","0/0","0/0","0/0","0/0","0/0","0/0","0/0","0/0","0/0","0/0","0/0","0/0","0/0","0/0","0/0","0/0","0/0","0/0","0/0","0/0","0/0","0/0","0/0","0/0","0/0","0/0","0/0","0/0","0/0","0/0","0/0","0/0","0/0","0/0","0/0","0/0","0/0","0/0","0/0","0/0","0/0","0/0","0/0","0/0","0/0","0/0","0/0","0/0","0/0","0/0","0/0","0/0","0/0","0/0","0/0","0/0","0/0","0/0","0/0","0/0","0/0","0/0","0/0","0/0","0/0","0/0","0/0","0/0","0/0","0/0","0/0","0/0","0/0","0/0","0/0","0/0","0/0","0/0","0/0","0/0","0/0","0/0","0/0","0/0","0/0","0/0","0/0","0/0","0/0","0/0","0/0","0/0","0/0","0/0","0/0","0/0","0/0","0/0","0/0","0/0","0/0","0/0","0/0","0/0","0/0","0/0","0/0","0/0","0/0","0/0","0/0","0/0","0/0","0/0","0/0","0/0","0/0","0/0","0/0","0/0","0/0","0/0","0/0","0/0","0/0","0/0","0/0","0/0","0/0","0/0","0/0","0/0","0/0","0/0","0/0","0/0","0/0","0/0","0/0","0/0","0/0","0/0","0/0","0/0","0/0","0/0","0/0"
"chr15:89801943_TCTC/T_FANCI","0/0","0/0","0/0","0/0","0/0","0/0","0/0","0/0","0/0","0/0","0/0","0/0","0/0","0/0","0/0","0/0","0/0","0/0","0/0","0/0","0/0","0/0","0/0","0/0","0/0","0/0","0/0","0/0","0/0","0/0","0/0","0/0","0/0","0/0","0/1","0/0","0/0","0/0","0/0","0/0","0/0","0/0","0/0","0/0","0/0","0/0","0/0","0/0","0/0","0/0","0/0","0/0","0/0","0/0","0/0","0/0","0/0","0/0","0/0","0/0","0/0","0/0","0/0","0/0","0/0","0/0","0/0","0/0","0/0","0/0","0/0","0/0","0/0","0/0","0/0","0/0","0/0","0/0","0/0","0/0","0/0","0/0","0/0","0/0","0/0","0/0","0/0","0/0","0/0","0/0","0/0","0/0","0/0","0/0","0/0","0/0","0/0","0/0","0/0","0/0","0/0","0/0","0/0","0/0","0/0","0/0","0/0","0/0","0/0","0/0","0/0","0/0","0/0","0/0","0/0","0/0","0/0","0/0","0/0","0/0","0/0","0/0","0/0","0/0","0/0","0/0","0/0","0/0","0/0","0/0","0/0","0/0","0/0","0/0","0/0","0/0","0/0","0/0","0/0","0/0","0/0","0/0","0/0","0/0","0/0","0/0","0/0","0/0","0/0","0/0","0/0","0/0","0/0"
"chr15:90016013_TGGGTACTGA/T_RHCG","0/0","0/0","0/0","0/0","0/0","0/0","0/1","0/1","0/1","0/0","0/0","0/0","0/0","0/0","0/0","0/0","0/0","0/0","0/0","0/0","0/0","0/0","0/0","0/0","0/0","0/0","0/0","0/0","0/0","0/0","0/0","0/0","0/0","0/0","0/0","0/0","0/0","0/0","0/0","0/0","0/0","0/0","0/0","0/0","0/0","0/0","0/0","0/0","0/0","0/0","0/0","0/0","0/0","0/0","0/0","0/0","0/0","0/0","0/0","0/0","0/0","0/0","0/0","0/0","0/0","0/0","0/0","0/0","0/0","0/0","0/0","0/0","0/0","0/0","0/0","0/0","0/0","0/0","0/0","0/0","0/0","0/0","0/0","0/0","0/0","0/0","0/0","0/0","0/0","0/0","0/0","0/0","0/0","0/0","0/0","0/0","0/0","0/0","0/0","0/0","0/0","0/0","0/0","0/0","0/0","0/0","0/0","0/0","0/0","0/0","0/0","0/0","0/0","0/0","0/0","0/0","0/0","0/0","0/1","0/0","0/1","0/1","0/0","0/0","0/0","0/0","0/0","0/0","0/0","0/0","0/0","0/0","0/0","0/0","0/0","0/0","0/0","0/0","0/0","0/0","0/0","0/0","0/0","0/0","0/0","0/0","0/0","0/0","0/0","0/0","0/0","0/0","0/0"
"chr15:90294304_C/CG_MESP1","0/1","0/1","0/1","0/0","0/0","0/0","0/0","0/0","0/0","0/0","0/0","0/0","0/0","0/0","0/0","0/0","0/0","0/0","0/0","0/1","0/0","0/0","0/0","0/0","0/0","0/0","0/0","0/1","0/0","0/0","0/0","0/0","0/0","0/0","0/0","0/1","0/0","0/0","0/0","0/0","0/1","0/0","0/0","0/0","0/0","0/0","0/0","0/0","0/0","0/0","0/0","0/0","0/0","0/1","0/1","0/0","0/0","0/1","0/0","0/0","0/0","0/0","0/0","0/0","0/0","0/0","0/0","0/1","0/1","0/0","0/0","0/0","0/0","0/0","0/0","0/1","0/1","0/0","0/0","0/0","0/0","0/0","0/0","0/0","0/0","0/1","0/1","0/1","0/1","0/1","0/0","0/1","0/1","0/0","0/0","0/0","0/1","0/0","0/0","0/0","0/0","0/0","0/0","0/0","0/0","0/0","0/0","0/0","0/0","0/0","0/0","0/0","0/0","0/0","0/0","0/0","0/0","0/0","0/0","0/0","0/0","0/0","0/0","0/0","0/0","0/0","0/0","0/0","0/0","0/0","0/0","0/0","0/1","0/0","0/1","0/1","0/0","0/0","0/0","0/0","0/0","0/0","0/0","0/1","0/1","0/1","0/0","0/0","0/0","0/0","0/0","0/0","0/0"
"chr15:90294306_C/CACGGGGCTCGG_MESP1","0/1","0/1","0/1","0/2","0/2","0/2","0/0","0/0","0/0","2/2","0/0","0/0","0/0","0/0","0/0","0/0","0/0","0/0","0/2","1/2","0/0","0/2","0/0","0/0","0/0","0/0","0/0","0/1","0/0","0/0","0/0","0/0","0/2","0/0","0/0","0/1","0/0","0/2","0/0","0/2","0/1","0/0","0/2","0/0","0/2","0/0","0/0","0/0","0/0","0/0","0/0","0/0","0/0","1/2","0/1","0/0","2/2","0/1","0/2","0/2","0/0","0/0","0/0","0/0","0/0","0/0","0/0","1/2","1/2","0/0","0/0","0/2","0/2","0/2","0/2","0/1","0/1","0/0","0/0","0/0","0/0","0/0","0/0","0/0","0/0","0/1","0/1","1/2","0/1","0/1","0/0","0/1","0/1","0/0","0/0","0/0","1/2","0/2","0/0","0/0","0/2","0/0","0/2","0/0","0/0","0/0","0/0","0/0","0/0","0/0","0/2","0/2","0/2","0/0","0/0","0/2","0/2","0/0","0/0","0/0","0/0","0/0","0/2","0/0","0/0","0/0","0/0","0/0","0/0","0/0","0/0","0/0","0/1","0/0","0/1","0/1","0/0","0/0","0/0","0/0","0/0","0/0","0/0","0/1","0/1","0/1","0/0","0/0","0/0","0/0","0/0","0/0","0/0"
"chr15:90320134_AGGGCAGGGGCAG/A_MESP2","0/1","0/1","0/1","0/1","0/1","0/1","2/2","2/2","2/2","1/1","2/2","2/2","2/2","0/1","2/2","2/2","2/2","2/2","0/1","0/1","2/2","0/1","2/2","2/2","2/2","2/2","2/2","2/2","0/1","2/2","2/2","2/2","0/1","0/1","2/2","0/1","2/2","0/1","2/2","0/1","0/1","2/2","0/1","2/2","0/1","2/2","2/2","2/2","2/2","2/2","2/2","2/2","2/2","1/1","0/1","2/2","1/1","0/1","0/1","0/1","2/2","2/2","2/2","2/2","2/2","2/2","0/1","0/1","0/1","0/1","2/2","0/1","0/1","0/1","0/1","0/1","0/1","2/2","2/2","2/2","2/2","2/2","2/2","2/2","2/2","0/1","0/1","1/1","0/1","0/1","2/2","0/1","0/1","0/1","0/1","2/2","1/1","2/2","2/2","2/2","0/1","2/2","0/1","2/2","2/2","2/2","2/2","2/2","2/2","2/2","0/1","0/1","0/1","2/2","2/2","0/1","0/1","2/2","2/2","2/2","2/2","2/2","0/1","2/2","2/2","2/2","2/2","2/2","2/2","2/2","2/2","2/2","0/1","2/2","0/1","0/1","2/2","2/2","2/2","2/2","2/2","2/2","2/2","0/1","0/1","0/1","2/2","2/2","2/2","2/2","2/2","2/2","2/2"
"chr15:93198678_TTGGAGC/T_FAM174B","1/1","1/1","1/1","1/1","1/1","1/1","1/1","1/1","1/1","1/1","1/1","1/1","1/1","1/1","1/1","1/1","1/1","1/1","1/1","1/1","1/1","1/1","1/1","1/1","1/1","1/1","1/1","1/1","1/1","1/1","1/1","1/1","1/1","1/1","1/1","1/1","1/1","1/1","1/1","1/1","1/1","1/1","1/1","1/1","1/1","1/1","1/1","1/1","1/1","1/1","1/1","1/1","1/1","1/1","1/1","1/1","1/1","1/1","1/1","1/1","1/1","1/1","1/1","1/1","1/1","1/1","1/1","1/1","1/1","1/1","1/1","1/1","1/1","1/1","1/1","1/1","1/1","1/1","1/1","1/1","1/1","1/1","1/1","1/1","1/1","1/1","1/1","1/1","1/1","1/1","1/1","1/1","1/1","1/1","1/1","1/1","1/1","1/1","1/1","1/1","1/1","1/1","1/1","1/1","1/1","1/1","1/1","1/1","1/1","1/1","1/1","1/1","1/1","1/1","1/1","1/1","1/1","1/1","1/1","1/1","1/1","1/1","1/1","1/1","1/1","1/1","1/1","1/1","1/1","1/1","1/1","1/1","1/1","1/1","1/1","1/1","1/1","1/1","1/1","1/1","1/1","1/1","1/1","1/1","1/1","1/1","1/1","1/1","1/1","1/1","1/1","1/1","1/1"
"chr15:99511804_A/AC_PGPEP1L","1/1","1/1","1/1","0/0","1/1","1/1","0/1","0/1","0/1","0/1","1/1","0/1","0/0","0/1","0/1","0/1","0/0","0/0","1/1","1/1","0/0","0/0","0/0","0/1","0/0","0/1","1/1","0/0","0/1","1/1","0/1","0/1","0/0","0/1","0/0","0/0","1/1","1/1","1/1","0/1","0/0","0/1","0/0","0/0","1/1","1/1","1/1","0/1","0/0","0/1","0/0","0/0","0/0","0/0","1/1","0/1","0/1","0/1","0/0","0/0","0/0","0/1","1/1","0/1","0/1","0/1","1/1","0/1","0/1","1/1","0/1","0/1","0/1","1/1","1/1","0/1","0/1","0/1","0/1","0/1","0/1","1/1","0/0","0/1","0/1","0/1","0/1","0/0","1/1","1/1","0/0","0/1","0/1","0/1","0/1","0/0","0/0","0/1","0/0","0/0","1/1","0/0","1/1","0/1","0/1","0/1","0/1","0/1","0/1","0/0","0/0","1/1","1/1","1/1","0/1","0/1","0/1","1/1","0/1","1/1","0/1","0/1","0/1","1/1","0/1","0/1","1/1","1/1","0/1","0/1","0/1","0/0","1/1","0/1","1/1","1/1","0/1","0/1","0/1","0/1","0/1","0/0","0/0","1/1","1/1","1/1","0/1","0/1","0/1","0/0","0/0","0/0","0/0"
"chr15:99646107_A/AG_SYNM","1/1","1/1","1/1","1/1","1/1","1/1","1/1","1/1","1/1","1/1","1/1","1/1","0/1","1/1","1/1","1/1","1/1","1/1","1/1","1/1","1/1","1/1","1/1","1/1","1/1","1/1","1/1","1/1","1/1","1/1","1/1","1/1","1/1","1/1","1/1","1/1","1/1","1/1","1/1","1/1","1/1","1/1","1/1","1/1","1/1","1/1","1/1","1/1","1/1","1/1","1/1","1/1","1/1","1/1","1/1","1/1","1/1","1/1","1/1","1/1","1/1","1/1","1/1","1/1","1/1","1/1","1/1","1/1","1/1","1/1","1/1","1/1","1/1","1/1","1/1","1/1","1/1","1/1","1/1","1/1","1/1","1/1","1/1","1/1",".","1/1","1/1","1/1","1/1","1/1","1/1","1/1","1/1","1/1","1/1","1/1","1/1","1/1","1/1","1/1","1/1","1/1","1/1","1/1","1/1","1/1","1/1","1/1","1/1","1/1","1/1","1/1","1/1","1/1","1/1","1/1","1/1","1/1","1/1","1/1","1/1","1/1","0/1","1/1","1/1","1/1","1/1","1/1","1/1","1/1","1/1","1/1","1/1","1/1","1/1","1/1","1/1","1/1","1/1","1/1","1/1","1/1","1/1","1/1","1/1","1/1","1/1","1/1","1/1","1/1","1/1","1/1","1/1"
"chr15:100230599_TC/T_MEF2A","0/0","0/0","0/0","0/0","0/0","0/0","0/0","0/0","0/0","0/0","0/0","0/0","0/0","0/0","0/0","0/0","0/0","0/0","0/0","0/0","0/0","0/0","0/0","0/0","0/0","0/0","0/0","0/0","0/0","0/0","0/0","0/1","0/0","0/0","0/0","0/0","0/0","0/0","0/0","0/0","0/0","0/0","0/0","0/0","0/0","0/0","0/0","0/0","0/0","0/0","0/0","0/0","0/0","0/0","0/0","0/0","0/0","0/0","0/0","0/0","0/0","0/0","0/0","0/0","0/0","0/0","0/0","0/0","0/0","0/0","0/0","0/0","0/0","0/0","0/0","0/0","0/0","0/0","0/0","0/0","0/0","0/0","0/0","0/0","0/0","0/0","0/0","0/0","0/0","0/0","0/0","0/0","0/0","0/0","0/0","0/0","0/0","0/0","0/0","0/0","0/0","0/0","0/0","0/0","0/0","0/0","0/0","0/0","0/0","0/0","0/0","0/0","0/0","0/0","0/0","0/0","0/0","0/0","0/0","0/0","0/0","0/0","0/0","0/0","0/0","0/0","0/0","0/0","0/0","0/0","0/0","0/0","0/0","0/0","0/0","0/0","0/0","0/0","0/0","0/0","0/0","0/0","0/0","0/0","0/0","0/0","0/0","0/0","0/0","0/0","0/0","0/0","0/0"
"chr15:100252709_CCAGCAGCAGCAGCAGCAGCAG/CCAGCAGCAGCAGCAG_MEF2A","0/1","0/1","0/1","1/1","1/3","1/3","0/0","0/0","0/0","0/2","0/0","0/3","0/2","0/2","0/1","0/0","1/2","0/5","0/1","0/0","1/2","0/1","0/0","0/0","1/2","0/1","0/1","0/2","1/2","1/2","0/1","0/1","1/2","0/2","1/2","1/3","0/1","1/2","0/0","0/2","1/1","0/2","0/2","0/1","0/2","0/0","1/2","1/2","1/2","0/1","0/1","1/1","1/1","1/2","2/2","0/5","1/1","0/3","0/6","0/2","0/1","1/1","0/1","0/1","0/1","2/2","0/2","0/2","0/2","0/2","2/2","0/5","0/5","0/1","0/1","0/0","0/0","0/1","0/1","1/1","1/1","0/1","0/1","0/2","0/2","1/2","1/2","0/2","1/2","1/2","0/1","0/2","0/2","1/4","1/4","0/1","0/2","0/1","0/2","0/2","0/2","0/2","0/2","0/0","0/0","0/2","0/2","0/2","0/2","0/2","1/1","2/6","2/2","1/2","0/1","1/5","1/5","0/1","0/1","0/1","0/1","0/1","1/5","0/1","0/1","0/1","1/2","1/2","1/2","1/2","1/2","0/2","1/1","1/1","1/1","1/1","1/1","1/1","0/1","0/1","0/1","0/2","0/2","0/2","0/2","0/2","2/2","2/2","2/2","1/1","1/1","1/1","1/1"
"chr15:100881327_C/CGGCGGGGCG_ADAMTS17","0/0","0/0","0/0","0/0","0/0","0/0","0/0","0/0","0/0","0/0","0/0","0/0","0/0","0/0","0/0","0/0","0/0","0/0","0/0","0/0","0/0","0/0","0/0","0/0","0/0","0/0","0/0","0/0","0/0","0/0","0/0","0/0","0/0","0/0","0/0","0/0","0/0","0/0","0/0","0/0","0/0","0/0",".","0/0","0/0","0/0","0/0","0/0","0/0","0/0","0/0","0/0","0/0","0/0","0/0","0/0","0/0","0/0","0/0","0/0","0/0","0/0","0/0","0/0","0/0","0/0","0/0","0/1","0/0","0/0","0/0","0/0","0/0","0/0","0/0","0/0","0/0","0/0","0/0","0/0","0/0","0/0","0/0","0/0","0/0","0/0","0/0","0/0","0/0","0/0","0/0","0/0","0/0","0/0","0/0","0/0","0/0","0/0","0/0","0/0","0/0","0/0","0/0","0/0","0/0","0/0","0/0","0/0","0/0","0/0","0/0","0/0","0/0","0/0","0/0","0/0","0/0","0/0","0/0","0/0","0/0","0/0","0/0","0/0","0/0","0/0","0/0","0/0","0/0","0/0","0/0","0/0","0/0","0/0","0/0","0/0","0/0","0/0","0/0","0/0","0/0","0/0","0/0","0/0","0/0","0/0","0/0","0/0","0/0","0/0","0/0","0/0","0/0"
"chr15:102029602_GCGC/G_PCSK6","0/0","0/0","0/0","0/0","0/0","0/0","0/0","0/0","0/0","0/0","0/0","0/0","0/0","0/0","0/0","0/0","0/0","0/0","0/0","0/0","0/0","0/0","0/0","0/0","0/0","0/0","0/0","0/0","0/0","0/0","0/0","0/0","0/0","0/0","0/0","0/0","0/0","0/0","0/0","0/0","0/0","0/0","0/0","0/0","0/0","0/0","0/0","0/0","0/0","0/0","0/0","0/0","0/0","0/0","0/0","0/0","0/0","0/0","0/0","0/0","0/0","0/0","0/0","0/0","0/0","0/0","0/0","0/0","0/0","0/0","0/1","0/0","0/0","0/0","0/0","0/0","0/0","0/0","0/0","0/0","0/0","0/0","0/0","0/0","0/0","0/0","0/0","0/0","0/0","0/0","0/0","0/0","0/0","0/0","0/0","0/0","0/0","0/0","0/0","0/0","0/0","0/0","0/0","0/0","0/0","0/0","0/0","0/0","0/0","0/0","0/0","0/0","0/0","0/0","0/0","0/0","0/0","0/0","0/0","0/0","0/0","0/0","0/0","0/0","0/0","0/0","0/0","0/0","0/0","0/0","0/0","0/0","0/0","0/0","0/0","0/0","0/0","0/0","0/0","0/0","0/0","0/0","0/0","0/0","0/0","0/0","0/0","0/0","0/0","0/0","0/0","0/0","0/0"
"chr15:102029685_G/GGC_PCSK6","1/1","1/1","1/1","1/1","1/1","1/1","1/1","1/1","1/1","1/1","1/1","1/1","1/1","1/1","1/1","1/1","1/1","1/1","1/1","1/1","1/1","1/1","1/1","1/1","1/1","1/1","1/1","1/1","1/1","1/1","1/1","1/1","1/1","1/1","1/1","1/1","1/1","1/1","1/1","1/1","1/1","1/1","1/1","1/1","1/1","1/1","1/1","1/1","1/1","1/1","1/1","1/1","1/1","1/1","1/1","1/1","1/1","1/1","1/1","1/1","1/1","1/1","1/1","1/1","1/1","1/1","1/1","1/1","1/1","1/1","1/1","1/1","1/1","1/1","1/1","1/1","1/1","1/1","1/1","1/1","1/1","1/1","1/1","1/1","1/1","1/1","1/1",".","1/1","1/1","1/1","1/1","1/1","1/1","1/1","1/1","1/1","1/1","1/1","1/1","1/1","1/1","1/1","1/1","1/1","1/1","1/1",".","1/1","1/1","1/1","1/1","1/1","1/1","1/1","1/1","1/1","1/1","1/1","1/1","1/1","1/1","1/1","1/1","1/1","1/1","1/1","1/1","1/1","1/1","1/1","1/1","1/1","1/1","1/1","1/1","1/1","1/1","1/1","1/1","1/1","1/1","1/1","1/1","1/1","1/1","1/1","1/1","1/1","1/1","1/1","1/1","1/1"
"chr15:102029766_G/GGCGCCCCCCGCGCCCCCC_PCSK6","0/0","0/0","0/0","0/0","0/0","0/0","0/0","0/0",".","0/0","0/0","0/0","0/0","0/0","0/0","0/0","0/0","0/0","0/0","0/0","0/0","0/0","0/1","0/0","0/0","0/0","0/0","0/0","0/0","0/1","0/0","0/0","0/0","0/0","0/0","0/0",".","0/0","1/1",".","0/0",".",".","0/0",".","0/0","0/0",".","0/0","0/0","0/0","0/0","0/0","0/0","0/0","0/0","0/0","0/0","0/0","0/0",".","0/1","0/0","0/0","0/0","0/0","0/0","0/0","0/0","0/0","0/0","0/0","0/0","0/0","0/0","0/1","0/0","0/0","0/0",".","0/0","0/0","0/0","0/0","0/0","0/0","0/0","0/0","0/0","0/0","0/0","0/0","0/0","0/0","0/0","0/0","0/0",".","0/0","0/0","0/0","0/0","0/0","0/0","0/0","0/0","0/0",".",".","0/0",".","0/0","0/0","0/0","0/1",".","0/0",".","0/0","0/0","0/0","0/0","0/0","0/0",".","1/1","0/0",".","0/0","0/0","0/0","0/0","0/0","0/0",".","0/0","0/0","0/0",".","0/0",".","0/0","0/0",".",".",".","0/0","0/0",".","0/0","0/0","0/0","."
"chr15:102029796_G/GCCC_PCSK6","0/0","0/0",".",".",".","0/0","0/0",".",".","0/0",".","0/0",".",".","0/0","0/0","0/0","0/0","0/0","0/0","0/0","0/0","0/0","0/0","0/0","0/0",".","0/0","0/0","0/0","0/0","0/0","0/0",".",".","0/0",".","0/0",".",".","0/0",".",".","0/0",".",".","0/0",".",".",".","0/0",".",".","0/0",".","0/0","0/0","0/0","0/0","0/0",".","0/0","0/0","0/0","0/1","0/0","0/0","0/0",".",".","0/0","0/0",".",".","0/0","0/0",".","0/0","0/0",".","0/0","0/0",".","0/0","0/0","0/0","0/0","0/0","0/0","0/0","0/0","0/1","0/0","0/0",".",".","0/0",".","0/0","0/0","0/0","0/0","0/0","0/0","0/0",".","0/0",".",".",".",".",".","0/0","0/0","0/0",".",".","0/0",".","0/0",".","0/0",".","0/0","0/0","0/0","0/0","0/0","0/0","0/0","0/0","0/0",".","0/0",".",".","0/0","0/0","0/0","0/0",".","0/0","0/0",".",".",".","0/0","0/0",".","0/0","0/0",".","."
"chr16:138772_A/AG_NPRL3","1/1","1/1","1/1","1/1","1/1","1/1","1/1","1/1","1/1","1/1","1/1","1/1","1/1","1/1","1/1","1/1","1/1","1/1","1/1","1/1","1/1","1/1","1/1","1/1","1/1","1/1","1/1","1/1","1/1","1/1","1/1","1/1","1/1","1/1","1/1","1/1","1/1","1/1","1/1","1/1","1/1","1/1","1/1","1/1","1/1","1/1","1/1","1/1","1/1","1/1","1/1","1/1","1/1","1/1","1/1","1/1","1/1","1/1","1/1","1/1","1/1","1/1","1/1","1/1","1/1","1/1","1/1","1/1","1/1","1/1","1/1","1/1","1/1","1/1","1/1","1/1","1/1","1/1","1/1","1/1","1/1","1/1","1/1","1/1","1/1","1/1","1/1","1/1","1/1","1/1","1/1","1/1","1/1","1/1","1/1","1/1","1/1","1/1","1/1","1/1","1/1","1/1","1/1","1/1","1/1","1/1","1/1","1/1","1/1","1/1","1/1","1/1","1/1","1/1","1/1","1/1","1/1","1/1","1/1","1/1","1/1","1/1","1/1","1/1","1/1","1/1","1/1","1/1","1/1","1/1","1/1","1/1","1/1","1/1","1/1","1/1","1/1","1/1","1/1","1/1","1/1","1/1","1/1","1/1","1/1","1/1","1/1","1/1","1/1","1/1","1/1","1/1","1/1"
"chr16:325868_TGCGCCCGGGGGCGGCCGGGGGGCGGCGCGGGGCCGGCGGCCATGGCTGCGGGGCGAGGCCGGCGGGGATGACCGACGTCCCGCCCGGCCCCGCCCCGCGCCGCGCC/T_RGS11","0/0","0/0","0/0","0/0","0/0","0/0","0/0","0/0","0/0","0/0","0/0","0/0","0/0","0/0","0/0","0/0","0/0","0/0","0/0","0/0","0/0","0/0","0/0","0/0","0/0","0/0","0/0","0/0","0/0","0/0","0/0","0/0","0/0","0/0","0/0","0/0","0/0","0/0","0/0","0/0","0/0","0/0","0/0","0/0","0/0","0/0","0/0","0/0","0/0","0/0","0/0","0/0","0/0","0/0","0/0","0/0","0/0","0/0","0/0","0/0","0/0","0/0","0/0","0/0","0/0","0/0","0/0","0/0","0/0","0/0","0/0","0/0","0/0","0/0","0/0","0/0",".","0/0","0/0","0/0","0/0","0/0","0/0","0/0","0/0","0/0","0/0","0/0","0/0","0/0","0/0","0/0","0/0","0/0","0/0","0/0","0/0","0/0","0/0","0/1","0/0","0/0","0/0","0/0","0/0","0/0","0/0","0/0","0/0","0/0","0/0","0/0","0/0","0/0","0/0","0/0","0/0","0/0","0/1","0/0","0/0","0/0","0/0","0/0","0/0","0/0","0/0","0/0","0/0","0/0","0/0","0/0","0/0","0/0","0/0","0/0","0/0","0/0","0/0","0/0","0/0","0/0","0/0","0/0","0/0","0/0","0/0","0/0","0/0","0/0","0/0","0/0","."
"chr16:333288_A/AGG_PDIA2","0/0","0/0","0/0","0/0","0/0","0/0","0/0","0/0","0/0","0/0","0/0","0/0","0/0","0/0","0/0","0/0","0/0","0/0","0/0","0/0","0/0","0/0","0/0","0/0","0/0","0/0","0/0","0/0","0/0","0/0","0/0","0/0","0/0","0/1","0/0","0/0","0/0","0/0","0/0","0/0","0/0","0/0","0/0","0/0","0/0","0/0","0/0","0/0","0/0","0/0","0/0","0/0","0/0","0/0","0/0","0/0","0/0","0/0","0/0","0/0","0/0","0/0","0/0","0/0","0/0","0/0","0/0","0/0","0/0","0/0","0/0","0/0","0/0","0/0","0/0","0/0","0/0","0/0","0/0","0/0","0/0","0/0","0/0","0/0","0/0","0/0","0/0","0/0","0/0","0/0","0/0","0/0","0/0","0/0","0/0","0/0","0/0","0/0","0/0","0/0","0/0","0/0","0/0","0/0","0/0","0/0","0/0","0/0","0/0","0/0","0/0","0/0","0/0","0/0","0/0","0/0","0/0","0/0","0/0","0/0","0/0","0/0","0/0","0/0","0/0","0/0","0/0","0/0","0/0","0/0","0/0","0/0","0/0","0/0","0/0","0/0","0/0","0/0","0/0","0/0","0/0","0/0","0/0","0/0","0/0","0/0","0/0","0/0","0/0","0/0","0/0","0/0","0/0"
"chr16:450140_C/CAG_NME4","0/0","0/0","0/0","0/0","0/0","0/0","0/0","0/0","0/0","0/0","0/0","0/0","0/0","0/1","0/1","0/0","0/1","0/0","0/0","0/1","0/0","0/0","0/0","0/0","0/1","0/0","0/1","0/0","0/0","0/1","0/0","0/1","0/0","0/1","0/0","0/0","0/1","0/0","0/0","0/0","0/1","0/0","0/0","0/0","0/1","0/1","0/0","0/0","0/0","0/0","0/0","0/0","0/0","0/0","0/0","0/0","0/1","0/0","0/0","0/1","0/0","0/0","0/0","0/0","0/0","0/0","0/0","0/0","0/0","0/0","0/0","0/0","0/0","0/0","0/0","0/0","0/0","0/0","0/0","0/0","0/0","0/1","0/0","0/0","0/0","0/0","0/0","0/0","0/1","0/1","0/1","0/0","0/0","0/0","0/0","0/1","0/0","0/0","0/0","0/0","0/0","0/0","0/0","0/0","0/0","0/0","0/0","0/0","0/0","0/0","0/0","0/1","0/1","0/0","0/1","0/1","0/1","0/0","0/0","0/0","0/0","0/0","0/1","0/0","0/1","0/1","0/0","0/0","0/1","0/1","0/1","0/0","0/0","0/0","0/0","0/0","0/0","0/0","0/0","0/0","0/0","0/0","0/0","0/1","0/1","0/1","0/1","0/1","0/1","0/0","0/0","0/0","0/0"
"chr16:855517_GGCAGCT/G_PRR25","0/1","0/1","0/1","0/0","0/1","0/1","0/0","0/0","0/0","0/0","0/0","0/1","0/1","0/0","0/0","0/0","0/0","0/0","0/0","0/1","0/0","0/0","0/0","0/1","0/0","0/1","0/0","0/0","0/0","0/1","0/0","0/1","0/1","0/1","0/0","0/1","0/0","0/0","0/0","1/1","0/0","0/1","0/0","0/0","0/0","0/1","0/1","0/0","0/0","0/0","0/0","0/0","0/0","0/0","0/0","0/0","0/1","0/1","0/1","0/1","0/0","0/0","1/1","0/0","0/0","0/0","0/0","0/0","0/0","0/0","0/0","0/0","0/0","0/0","0/0","1/1","1/1","0/0","0/0","1/1","1/1","0/1","0/0","0/0","0/0","0/0","0/0","0/0","0/1","0/1","0/1","0/1","0/1","0/1","0/1","0/1","0/0","0/0","0/1","0/1","0/0","0/0","0/0","0/0","0/0","0/0","0/0","0/0","0/0","0/0","0/0","0/0","0/0","0/1","0/1","0/0","0/0","0/1","0/0","0/1","0/0","0/0","0/0","0/1","0/1","0/1","0/1","0/1","0/0","0/0","0/0","0/0","0/0","0/0","0/0","0/0","0/0","0/0","0/0","0/0","0/0","0/0","0/0","0/1","0/1","0/1","0/0","0/0","0/0","0/0","0/0","0/0","0/0"
"chr16:863355_AGGACGCCGGACCGACAC/A_PRR25","0/0","0/0","0/0","0/0","0/0","0/0","0/0","0/0","0/0","0/0","0/0","0/1","0/0","0/0","0/0","0/0","0/0","0/0","0/0","0/0","0/0","0/0","0/0","0/0","0/0","0/1","0/0","0/0","0/0","0/0","0/0","0/1","0/0","0/1","0/0","0/1","0/0","0/0","0/1","0/1","0/0","0/1","0/1","0/0","0/0","0/0","0/0","0/0","0/0","0/0","0/0","0/0","0/0","0/0","0/0","0/0","0/1","0/0","0/1","0/0","0/0","0/0","0/1","0/0","0/0","0/0","0/0","0/0","0/0","0/0","0/0","0/0","0/0","0/0","0/0","0/0","0/0","0/0","0/0","0/0","0/0","0/0","0/0","0/0","0/0","0/0","0/0","0/0","0/0","0/0","0/0","0/1","0/1","0/1","0/1","0/0","0/0","0/0","0/0","0/0","0/0","0/0","0/0","0/0","0/0","0/0","0/0","0/0","0/0","0/0","0/0","0/0","0/0","0/1","0/0","0/0","0/0","0/1","0/0","0/1","0/0","0/0","0/0","0/1","0/0","0/0","0/1","0/1","0/0","0/0","0/0","0/0","0/0","0/0","0/0","0/0","0/0","0/0","0/0","0/0","0/0","0/0","0/0","0/1","0/1","0/1","0/0","0/0","0/0","0/0","0/0","0/0","0/0"
"chr16:1143654_CA/C_C1QTNF8","0/0","0/0","0/0","0/0","0/0","0/0","0/0","0/0","0/0","0/0","0/0","0/0","0/0","0/0","0/0","0/0","0/0","0/0","0/0","0/0","0/0","0/0","0/0","0/0","0/0","0/0","0/0","0/0","0/0","0/0","0/0","0/0","0/0","0/0","0/0","0/0","0/0","0/0","0/0","0/0","0/0","0/0","0/0","0/0","0/0","0/0","0/0","0/0","0/0","0/0","0/0","0/0","0/0","0/0","0/0","0/0","0/0","0/0","0/0","0/0","0/0","0/0","0/0","0/0","0/0","0/0","0/0","0/0","0/0","0/0","0/0","0/0","0/0","0/0","0/0","0/0","0/0","0/0","0/0","0/0","0/0","0/0","0/0","0/0","0/0","0/1","0/1","0/0","0/0","0/0","0/0","0/0","0/0","0/0","0/0","0/0","0/0","0/0","0/0","0/0","0/0","0/0","0/0","0/0","0/0","0/0","0/0","0/0","0/0","0/0","0/0","0/0","0/0","0/0","0/0","0/0","0/0","0/0","0/0","0/0","0/0","0/0","0/0","0/0","0/0","0/0","0/0","0/0","0/0","0/0","0/0","0/0","0/0","0/0","0/0","0/0","0/0","0/0","0/0","0/0","0/0","0/0","0/0","0/0","0/0","0/0","0/0","0/0","0/0","0/0","0/0","0/0","0/0"
"chr16:1143656_TGACGCTGC/T_C1QTNF8","0/0","0/0","0/0","0/0","0/0","0/0","0/0","0/0","0/0","0/0","0/0","0/0","0/0","0/0","0/0","0/0","0/0","0/0","0/0","0/0","0/0","0/0","0/0","0/0","0/0","0/0","0/0","0/0","0/0","0/0","0/0","0/0","0/0","0/0","0/0","0/0","0/0","0/0","0/0","0/0","0/0","0/0","0/0","0/0","0/0","0/0","0/0","0/0","0/0","0/0","0/0","0/0","0/0","0/0","0/0","0/0","0/0","0/0","0/0","0/0","0/0","0/0","0/0","0/0","0/0","0/0","0/0","0/0","0/0","0/0","0/0","0/0","0/0","0/0","0/0","0/0","0/0","0/0","0/0","0/0","0/0","0/0","0/0","0/0","0/0","0/1","0/1","0/0","0/0","0/0","0/0","0/0","0/0","0/0","0/0","0/0","0/0","0/0","0/0","0/0","0/0","0/0","0/0","0/0","0/0","0/0","0/0","0/0","0/0","0/0","0/0","0/0","0/0","0/0","0/0","0/0","0/0","0/0","0/0","0/0","0/0","0/0","0/0","0/0","0/0","0/0","0/0","0/0","0/0","0/0","0/0","0/0","0/0","0/0","0/0","0/0","0/0","0/0","0/0","0/0","0/0","0/0","0/0","0/0","0/0","0/0","0/0","0/0","0/0","0/0","0/0","0/0","0/0"
"chr16:1306559_AG/A_TPSD1","0/1","0/1","0/1","0/0","0/0","0/0","0/1","0/1","0/1","0/0","0/1","0/0","0/0","0/0","0/0","0/1","0/0","0/0","0/0","0/0","0/0","0/0","0/1","0/1","0/0","0/0","0/0","0/0","0/0","0/1","0/1","0/0","0/0","0/0","1/1","0/0","0/0","0/1","0/0","0/0","0/1","0/0","0/1","0/0","0/0","0/0","0/0","0/0","0/0","0/1","0/1","0/1","1/1","0/0","0/1","0/1","0/0","0/1","1/1","0/0","0/1","0/1","0/0","0/0","0/0","0/0","0/1","0/1","0/1","0/1","0/0","0/1","0/1","0/1","0/1","0/0","0/0","0/0","0/0","0/0","0/0","0/0","0/1","0/0","0/0","0/0","0/0","0/0","0/0","0/0","0/0","0/1","0/1","0/1","0/1","0/0","0/0","0/0","0/0","0/0","0/0","0/1","0/0","0/1","0/1","0/1","0/1","0/0","0/0","0/1","0/0","0/0","0/0","0/1","0/1","0/0","0/0","0/0","0/1","0/0","0/1","0/1","0/0","0/0","0/1","0/1","0/1","0/1","0/0","0/0","0/0","0/1","0/0","0/1","0/0","0/0","0/1","0/1","0/0","0/0","0/0","0/1","0/1","0/1","0/1","0/1","0/1","0/1","0/1","0/0","0/0","0/0","0/0"
"chr16:1447264_TCCCCGTGCTTCACACTGGGGCAGGGCGTGGACCTGGGGATGAGGAGGTGTCAGGGGGACACAGAGGACTTGGCTCCCCGCCCCCCAC/T_UNKL","0/0","0/0","0/0","0/1","0/0","0/0","0/0","0/0","0/0","0/0","0/0","0/0","0/0","1/1","0/1","0/1","0/0","0/0","0/0","0/0","0/1","0/0","0/0","0/0","0/1","0/0","0/0","0/0","0/0","0/0","0/0","0/0","0/0","0/0","0/0","0/1","0/0","1/1","0/0","0/0","0/0","0/1","0/1","0/0","0/0","0/1","0/0","0/0","0/0","0/1","0/0","0/0","0/1","0/0","0/1","1/1","0/0","0/1","0/1","0/0","1/1","0/0","1/1","0/0","0/0","0/1","0/1","1/1","1/1","0/0","0/0","0/0","0/0","0/1","0/0","0/0","0/0","0/0","0/0","0/0","0/0","0/1","0/0","1/1","0/0","0/0","0/0","1/1","0/1","0/1","0/0","1/1","0/1","1/1","0/1","0/0","0/0","0/0","0/0","0/0","0/0","0/1","0/0","0/0","0/0","0/1","0/0","0/0","1/1","0/1","0/0","0/1","0/0","0/0","0/0","0/0","0/0","0/0","0/1","0/0","1/1","1/1","0/0","0/0","0/0","0/0","1/1","0/0","0/1","1/1","1/1","0/0","0/1","1/1","0/0","1/1","0/1","1/1","1/1","1/1","0/1","0/0","0/1","0/1","0/1","0/1","0/1","0/0","0/0","0/1","0/1","0/1","0/1"
"chr16:1709987_GC/G_CRAMP1","0/0","0/0","0/0","0/0","0/0","0/0","0/0","0/0","0/0","0/0","0/0","0/0","0/0","0/0","0/0","0/0","0/0","0/0","0/0","0/0","0/0","0/0","0/0","0/0","0/0","0/0","0/0","0/0","0/0","0/0","0/0","0/0","0/0","0/0","0/0","0/0","0/1","0/0","0/0","0/0","0/0","0/0","0/0","0/0","0/0","0/0","0/0","0/0","0/0","0/0","0/0","0/0","0/0","0/0","0/0","0/0","0/0","0/0","0/0","0/0","0/0","0/0","0/0","0/0","0/0","0/0","0/0","0/0","0/0","0/0","0/0","0/0","0/0","0/0","0/0","0/0","0/0","0/0","0/0","0/0","0/0","0/0","0/0","0/0","0/0","0/0","0/0","0/0","0/0","0/0","0/0","0/0","0/0","0/0","0/0","0/0","0/0","0/0","0/0","0/0","0/0","0/0","0/0","0/0","0/0","0/0","0/0","0/0","0/0","0/0","0/0","0/0","0/0","0/0","0/0","0/0","0/0","0/0","0/0","0/0","0/0","0/0","0/0","0/0","0/0","0/0","0/0","0/0","0/0","0/0","0/0","0/0","0/0","0/0","0/0","0/0","0/0","0/0","0/0","0/0","0/0","0/0","0/0","0/0","0/0","0/0","0/0","0/0","0/0","0/0","0/0","0/0","0/0"
"chr16:2029459_AAC/A_NOXO1","0/0","0/0","0/0","0/0","0/0","0/0","0/0","0/0","0/0","0/0","0/0","0/0","0/0","0/0","0/0","0/0","0/0","0/0","0/0","0/0","0/0","0/0","0/0","0/0","0/0","0/0","0/0","0/0","0/0","0/0","0/0","0/0","0/0","0/0","0/0","0/0","0/0","0/0","0/0","0/0","0/0","0/0","0/0","0/0","0/0","0/0","0/0","0/0","0/0","0/0","0/0","0/0","0/0","0/0","0/0","0/0","0/0","0/0","0/0","0/0","0/0","0/0","0/0","0/0","0/0","0/0","0/0","0/0","0/0","0/0","0/0","0/0","0/0","0/0","0/0","0/0","0/0","0/0","0/0","0/0","0/0","0/0","0/0","0/0","0/0","0/0","0/0","0/0","0/0","0/0","0/0","0/0","0/0","0/0","0/0","0/0","0/0","0/0","0/0","0/0","0/0","0/0","0/0","0/0","0/0","0/1","0/1","0/0","0/0","0/0","0/0","0/0","0/0","0/0","0/0","0/0","0/0","0/0","0/0","0/0","0/0","0/0","0/0","0/0","0/0","0/0","0/0","0/0","0/0","0/0","0/0","0/0","0/0","0/0","0/0","0/0","0/0","0/0","0/0","0/0","0/0","0/0","0/0","0/0","0/0","0/0","0/0","0/0","0/0","0/0","0/0","0/0","0/0"
"chr16:2048396_CTCT/C_ZNF598","0/0","0/0","0/0","0/0","0/0","0/0","0/0","0/0","0/0","0/0","0/0","0/0","0/0","0/0","0/0","0/0","0/0","0/0","0/0","0/0","0/0","0/0","0/0","0/0","0/0","0/0","0/0","0/0","0/0","0/0","0/0","0/0","0/1","0/0","0/0","0/0","0/0","0/0","0/0","0/0","0/0","0/0","0/0","0/0","0/0","0/0","0/0","0/0","0/0","0/0","0/0","0/0","0/0","0/0","0/0","0/0","0/0","0/0","0/0","0/0","0/0","0/0","0/0","0/0","0/0","0/0","0/0","0/0","0/0","0/0","0/0","0/0","0/0","0/0","0/0","0/0","0/0","0/0","0/0","0/0","0/0","0/0","0/0","0/0","0/0","0/0","0/0","0/0","0/0","0/0","0/0","0/0","0/0","0/0","0/0","0/0","0/0","0/0","0/0","0/0","0/0","0/0","0/0","0/0","0/0","0/0","0/0","0/0","0/0","0/0","0/0","0/0","0/0","0/0","0/0","0/0","0/0","0/0","0/0","0/0","0/0","0/0","0/0","0/0","0/0","0/0","0/0","0/0","0/0","0/0","0/0","0/0","0/0","0/0","0/0","0/0","0/0","0/0","0/0","0/0","0/0","0/0","0/0","0/0","0/0","0/0","0/0","0/0","0/0","0/0","0/0","0/0","0/0"
"chr16:2049882_GTCC/G_ZNF598","0/0","0/0","0/0","0/1","0/1","0/1","0/0","0/0","0/0","0/0","0/0","0/0","0/0","0/0","0/0","1/1","0/0","0/0","0/1","0/2","0/0","0/0","0/0","0/0","0/1","0/0","0/0","0/0","2/2","0/1","0/0","0/0","0/0","0/0","0/0","0/0","0/0","0/0","0/0","0/0","0/0","0/0","0/2","0/0","0/2","0/0","0/0","0/0","0/0","0/0","0/0","0/0","0/0","0/0","0/0","0/1","0/0","0/0","0/0","0/0","0/0","0/1","0/2","0/0","0/0","0/0","0/0","0/2","0/2","0/0","0/0","0/0","0/0","0/0","0/0","0/1","0/1","0/0","0/0","0/0","0/0","0/0","0/0","0/0","0/0","0/1","0/1","0/0","0/0","0/0","0/1","0/1","0/1","0/0","0/0","0/1","0/0","0/2","0/0","0/0","0/0","0/2","0/0","0/0","0/0","1/2","1/2","0/1","0/1","0/2","0/1","0/0","0/0","0/0","0/0","0/0","0/0","0/2","0/0","0/2","0/0","0/0","0/0","0/2","0/0","0/0","0/0","0/0","0/0","0/0","0/0","0/0","0/0","0/0","0/0","0/0","0/0","0/0","0/0","0/0","0/0","0/0","0/0","0/0","0/0","0/0","0/0","0/0","0/0","0/1","0/1","0/1","0/1"
"chr16:2070023_CG/C_NPW","0/0","0/0","0/0","0/0","0/0","0/0","0/0","0/0","0/0","0/0","0/0","0/0",".","0/0","0/0","0/0","0/0","0/0","0/0","0/0","0/0","0/0","0/0","0/0","0/0","0/0","0/0","0/0","0/0","0/0","0/0","0/0","0/0","0/0","0/0","0/0","0/1","0/0","0/0","0/0","0/0","0/0","0/0","0/0","0/0","0/0","0/0","0/0","0/0","0/0","0/0","0/0","0/0","0/0","0/0","0/0","0/0","0/0","0/0","0/0","0/0","0/0","0/0","0/0","0/0","0/0","0/0","0/0","0/0","0/0","0/0","0/0","0/0","0/0","0/0","0/0","0/0","0/0","0/0","0/0","0/0","0/0","0/0","0/0","0/0","0/0","0/0","0/0","0/0","0/0","0/0","0/0","0/0","0/0","0/0","0/0","0/0","0/0","0/0","0/0","0/0","0/0","0/0","0/0","0/0","0/0","0/0","0/0","0/0","0/0","0/0","0/0","0/0","0/0","0/0","0/0","0/0","0/0","0/0","0/0","0/0","0/0","0/0","0/0","0/0","0/0","0/0","0/0","0/0","0/0","0/0","0/0","0/1","0/0","0/0","0/1","0/0","0/0","0/0","0/0","0/0","0/0","0/0","0/0","0/0","0/0","0/0","0/0","0/0","0/0","0/0","0/0","0/0"
"chr16:2134585_TGGCCTCCGGCCCCGA/T_TSC2","0/0","0/0","0/0","0/0","0/0","0/0","0/0","0/0","0/0","0/0","0/0","0/0","0/0","0/0","0/0","0/0","0/0","0/0","0/0","0/0","0/0","0/0","0/0","0/0","0/0","0/0","0/0","0/0","0/0","0/0","0/0","0/0","0/0","0/0","0/0","0/0","0/0","0/0","0/0","0/0","0/0","0/0","0/1","0/0","0/0","0/0","0/0","0/0","0/0","0/0","0/0","0/0","0/0","0/0","0/0","0/0","0/0","0/0","0/0","0/0","0/0","0/0","0/0","0/0","0/0","0/0","0/0","0/0","0/0","0/0","0/0","0/0","0/0","0/0","0/0","0/0","0/0","0/0","0/0","0/0","0/0","0/0","0/0","0/0","0/0","0/0","0/0","0/0","0/0","0/0","0/0","0/0","0/0","0/0","0/0","0/0","0/0","0/0","0/0","0/0","0/0","0/0","0/0","0/0","0/0","0/0","0/0","0/0","0/0","0/0","0/0","0/0","0/0","0/0","0/0","0/0","0/0","0/0","0/0","0/0","0/0","0/0","0/0","0/0","0/0","0/0","0/0","0/0","0/0","0/0","0/0","0/0","0/0","0/0","0/0","0/0","0/0","0/0","0/0","0/0","0/0","0/0","0/0","0/0","0/0","0/0","0/0","0/0","0/0","0/0","0/0","0/0","0/0"
"chr16:2220713_CGAG/C_TRAF7","0/0","0/0","0/0","0/0","0/0","0/0","0/0","0/0","0/0","0/0","0/0","0/0","0/0","0/0","0/0","0/0","0/0","0/0","0/0","0/0","0/0","0/0","0/0","0/0","0/0","0/0","0/0","0/0","0/0","0/0","0/0","0/0","0/0","0/0","0/0","0/0","0/0","0/0","0/0","0/0","0/0","0/0","0/0","0/0","0/0","0/0","0/0","0/0","0/0","0/0","0/0","0/0","0/0","0/0","0/0","0/0","0/0","0/0","0/0","0/0","0/0","0/0","0/0","0/0","0/0","0/0","0/0","0/0","0/0","0/0","0/0","0/0","0/0","0/0","0/0","0/0","0/0","0/0","0/0","0/0","0/0","0/0","0/0","0/0","0/0","0/0","0/0","0/0","0/0","0/0","0/0","0/0","0/0","0/0","0/0","0/0","0/0","0/0","0/0","0/0","0/0","0/0","0/0","0/0","0/0","0/0","0/0","0/0","0/0","0/0","0/0","0/0","0/0","0/0","0/0","0/0","0/0","0/0","0/0","0/0","0/0","0/0","0/0","0/0","0/0","0/0","0/0","0/0","0/0","0/0","0/0","0/0","0/0","0/0","0/0","0/0","0/0","0/0","0/0","0/1","0/0","0/0","0/0","0/0","0/0","0/0","0/0","0/0","0/0","0/0","0/0","0/0","0/0"
"chr16:2229036_GC/G_CASKIN1","0/0","0/0","0/0","0/0","0/0","0/0","0/0","0/0","0/0","0/0","0/0","0/0","0/0","0/0","0/0","0/0","0/0","0/0","0/0","0/0","0/0","0/0","0/0","0/0","0/0","0/0","0/0","0/0","0/0","0/0","0/0","0/0","0/0","0/0","0/0","0/0","0/0","0/0","0/0","0/0","0/0","0/0","0/0","0/0","0/0","0/0","0/0","0/0","0/0","0/0","0/0","0/0","0/0","0/0","0/0","0/0","0/0","0/0","0/0","0/0","0/0","0/0","0/0","0/0","0/0","0/0","0/0","0/0","0/0","0/0","0/0","0/0","0/0","0/0","0/0","0/0","0/0","0/0","0/0","0/1","0/0","0/0","0/0","0/0","0/0","0/0","0/0","0/0","0/0","0/0","0/0","0/0","0/0",".","0/0","0/0","0/0","0/0","0/0","0/0",".","0/0","0/0","0/0","0/0","0/0","0/0","0/0","0/0","0/0","0/0","0/0","0/0","0/0","0/0","0/0","0/0","0/0","0/0","0/0","0/0","0/0","0/0","0/0",".","0/0","0/0","0/0","0/0","0/0","0/0","0/0","0/0","0/0","0/0","0/0","0/0","0/0","0/0","0/0","0/0","0/0","0/0","0/0","0/0","0/0","0/0","0/0","0/0","0/0","0/0","0/0","0/0"
"chr16:2229037_CGCG/CGCGGCGGCG_CASKIN1","0/0","0/0","0/0","0/0","0/0","0/0","0/0","0/0","0/0","0/1","0/2","0/2","0/0","0/0","0/0","0/0","0/0","0/0","0/0","0/0","0/0","0/0","0/0","0/0","0/0","0/0","0/0","0/0","0/0","0/0","0/0","0/0","0/0","0/0","0/0","0/0","0/0","0/0","0/0","0/0","0/0","0/0","0/0","0/0","0/0","0/0","0/0","0/0","0/0","0/0","0/0","0/0","0/0","0/0","0/0","0/0","0/0","0/0","0/2","0/0","0/0","0/0","0/0","0/0","0/0","0/0","0/0","0/0","0/0","0/0","0/0","0/0","0/0","0/0","0/0","0/0","0/0","0/0","0/0","0/0","0/0","0/0","0/0","0/0","0/0","0/0","0/0","0/0","0/1","0/1","0/0","0/0","0/0",".","0/0","0/0","0/0","0/0","0/0","0/0",".","0/0","0/0","0/0","0/0","0/0","0/1","0/0","0/0","0/0","0/0","0/0","0/0","0/0","0/0","0/2","0/0","0/0","0/0","0/0","0/0","0/2","0/0","0/0",".","0/0","0/0","0/0","0/0","0/0","0/0","0/0","0/0","0/0","0/0","0/0","0/0","0/0","0/0","0/0","0/0","0/0","0/0","0/0","0/0","0/0","0/0","0/0","0/0","0/0","0/0","0/0","0/0"
"chr16:2260585_CCAG/C_BRICD5","0/0","0/0","0/0","0/2","0/0","0/0","0/0","0/0","0/0","0/0","0/0","0/0","0/0","0/0","0/0","0/0","0/0","0/0","0/0","0/0","0/0","0/0","0/0","0/0","0/0","0/0","0/0","0/0","0/0","0/0","0/0","0/0","0/0","0/0","0/0","0/0","0/0","0/0","0/0","0/0","0/0","0/0","0/0","0/0","0/0","0/0","0/0","0/0","0/0","0/0","0/0","0/0","0/0","0/0","0/0","0/0","0/0","0/0","0/0","0/0","0/0","0/0","0/0","0/0","0/0","0/0","0/0","0/0","0/0","0/0","0/0","0/0","0/0","0/0","0/0","0/0","0/1","0/0","0/0","0/0","0/0","0/0","0/0","0/0","0/0","0/0","0/0","0/0","0/0","0/0","0/0","0/0","0/0","0/0","0/0","0/0","0/0","0/0","0/0","0/0","0/0","0/0","0/0","0/0","0/0","0/0","0/0","0/0","0/0","0/0","0/2","0/0","0/0","0/0","0/0","0/0","0/0","0/0","0/0","0/0","0/0","0/0","0/0","0/0","0/0","0/0","0/0","0/0","0/0","0/0","0/0","0/0","0/0","0/1","0/0","0/0","0/0","0/0","0/0","0/0","0/0","0/0","0/0","0/0","0/0","0/0","0/1","0/0","0/0","0/0","0/0","0/0","0/0"
"chr16:2819118_TTCC/T_SRRM2","0/0","0/0","0/0","0/0","0/0","0/0","0/0","0/0","0/0","0/0","0/0","0/0","0/0","0/0","0/0","0/0","0/0","0/0","0/0","0/0","0/0","0/0","0/0","0/0","0/0","0/0","0/0","0/0","0/0","0/0","0/0","0/0","0/0","0/0","0/0","0/0","0/1","0/0","0/0","0/0","0/0","0/0","0/0","0/0","0/0","0/0","0/0","0/0","0/0","0/0","0/0","0/0","0/0","0/0","0/0","0/0","0/0","0/0","0/0","0/0","0/0","0/0","0/0","0/0","0/0","0/0","0/0","0/0","0/0","0/0","0/0","0/0","0/0","0/0","0/0","0/0","0/0","0/0","0/0","0/0","0/0","0/0","0/0","0/0","0/0","0/0","0/0","0/0","0/0","0/0","0/0","0/0","0/0","0/0","0/0","0/0","0/0","0/0","0/0","0/0","0/0","0/0","0/0","0/0","0/0","0/0","0/0","0/0","0/0","0/0","0/0","0/0","0/0","0/0","0/0","0/0","0/0","0/0","0/0","0/0","0/0","0/0","0/0","0/0","0/0","0/0","0/0","0/0","0/0","0/0","0/0","0/0","0/0","0/0","0/0","0/0","0/0","0/0","0/0","0/0","0/0","0/0","0/0","0/0","0/0","0/0","0/0","0/0","0/0","0/0","0/0","0/0","0/0"
"chr16:2880410_CCACAGAGCCCTGGGATGCACCGG/C_ZG16B","0/0","0/0","0/0","0/0","0/0","0/0","0/0","0/0","0/0","0/0","0/0","0/0","0/0","0/0","0/0","0/0","0/0","0/0","0/0","0/0","0/0","0/0","0/0","0/0","0/0","0/0","0/0","0/0","0/0","0/0","0/0","0/0","0/0","0/0","0/0","0/0","0/0","0/0","0/0","0/0","0/0","0/0","0/0","0/0","0/1","0/0","0/0","0/0","0/0","0/0","0/0","0/0","0/0","0/0","0/0","0/0","0/0","0/0","0/0","0/0","0/0","0/0","0/0","0/0","0/0","0/0","0/0","0/0","0/0","0/0","0/0","0/0","0/0","0/0","0/0","0/0","0/0","0/0","0/0","0/0","0/0","0/0","0/0","0/0","0/0","0/0","0/0","0/0","0/0","0/0","0/0","0/0","0/0","0/0","0/0","0/0","0/0","0/0","0/0","0/0","0/0","0/0","0/0","0/0","0/0","0/0","0/0","0/0","0/0","0/0","0/0","0/0","0/0","0/0","0/0","0/0","0/0","0/0","0/0","0/0","0/0","0/0","0/0","0/0","0/0","0/0","0/0","0/0","0/0","0/0","0/0","0/0","0/0","0/0","0/0","0/0","0/0","0/0","0/0","0/0","0/0","0/0","0/0","0/0","0/0","0/0","0/0","0/0","0/0","0/0","0/0","0/0","0/0"
"chr16:3065365_C/CGTAATTCTT_CLDN6","0/0","0/0","0/0","0/0","0/0","0/0","0/0","0/0","0/0","0/0","0/0","0/0","0/0","0/0","0/0","0/0","0/0","0/0","0/0","0/0","0/0","0/0","0/0","0/0","0/0","0/0","0/0","0/0","0/0","0/0","0/0","0/0","0/0","0/0","0/0","0/0","0/0","0/0","0/0","0/0","0/0","0/0","0/0","0/0","0/0","0/1","0/0","0/0","0/0","0/0","0/0","0/0","0/0","0/0","0/0","0/0","0/0","0/0","0/0","0/0","0/0","0/0","0/0","0/0","0/0","0/0","0/0","0/0","0/0","0/0","0/0","0/0","0/0","0/0","0/0","0/0","0/0","0/0","0/0","0/0","0/0","0/0","0/0","0/0","0/0","0/0","0/0","0/0","0/0","0/0","0/0","0/0","0/0","0/0","0/0","0/0","0/0","0/0","0/0","0/0","0/0","0/0","0/0","0/0","0/0","0/0","0/0","0/0","0/0","0/0","0/0","0/0","0/0","0/0","0/0","0/0","0/0","0/0","0/0","0/0","0/0","0/0","0/0","0/0","0/0","0/0","0/0","0/0","0/0","0/0","0/0","0/0","0/0","0/0","0/0","0/0","0/0","0/0","0/0","0/0","0/0","0/0","0/0","0/0","0/0","0/0","0/0","0/0","0/0","0/0","0/0","0/0","0/0"
"chr16:3119297_C/CG_IL32","0/1","0/1","0/1","0/0","0/1","0/1","0/1","0/1","0/0","0/0","0/0","0/1","0/0","0/1","0/1","0/0","0/1","0/0","0/1","0/1","0/1","0/0","0/1","0/0","0/1","0/0","0/1","0/1","0/0","0/1","0/1","0/1","0/0","0/0","0/1","0/0","0/1","0/1","0/1","0/1","0/1","0/1","0/1","0/1","0/0","0/0","0/1","0/0","0/1","0/1","0/0","0/0","0/1","0/1","0/1","0/0","0/1","0/1","0/1","0/1","0/0","0/1","0/1","0/0","0/0","0/1","0/1","0/1","0/1","0/1","0/1","0/1","0/1","0/1","0/1","0/1","0/0","0/1","0/1","0/1","0/1","0/1","0/0","0/1","0/1","0/1","0/1","0/1","0/1","0/1","0/0","0/0","0/0","0/0","0/0","0/0","0/1","0/1","0/1","0/1","0/1","0/1","0/1","0/1","0/1","0/0","0/0","0/0","0/0","0/1","0/0","0/1","0/1","0/1","0/0","0/1","0/1","0/1","0/1","0/1","0/1","0/1","0/1","0/1","0/0","0/0","0/1","0/1","0/1","0/1","0/1","0/1","0/0","0/1","0/0","0/0","0/1","0/1","0/1","0/1","0/1","0/1","0/1","0/1","0/1","0/1","0/1","0/1","0/1","0/1","0/1","0/1","0/1"
"chr16:3406756_GT/G_OR2C1","0/0","0/0","0/0","0/0","0/0","0/0","0/0","0/0","0/0","0/0","0/0","0/0","0/1","0/0","0/0","0/0","0/0","0/0","0/0","0/0","0/0","0/0","0/0","0/0","0/0","0/0","0/0","0/0","0/0","0/0","0/0","0/0","0/0","0/0","0/0","0/0","0/0","0/0","0/1","0/0","0/0","0/0","0/0","0/0","0/0","0/0","0/0","0/0","0/0","0/0","0/0","0/1","0/0","0/0","0/0","0/0","0/0","0/0","0/0","0/0","0/0","0/0","0/0","0/0","0/0","0/0","0/0","0/0","0/0","0/0","0/0","0/0","0/0","0/0","0/0","0/0","0/0","0/0","0/0","0/0","0/0","0/0","0/0","0/0","0/0","0/0","0/0","0/0","0/0","0/0","0/0","0/1","0/1","0/0","0/0","0/0","0/0","0/0","0/0","0/0","0/0","0/0","0/0","0/0","0/0","0/0","0/0","0/0","0/0","0/0","0/0","0/0","0/0","0/0","0/0","0/1","0/1","0/0","0/0","0/0","0/0","0/0","0/1","0/0","0/0","0/0","0/0","0/0","0/0","0/0","0/0","0/0","0/0","0/0","0/0","0/0","0/0","0/0","0/0","0/0","0/0","0/0","0/0","0/0","0/0","0/0","0/0","0/0","0/0","0/0","0/0","0/0","0/0"
"chr16:3640053_CAAT/C_SLX4","0/0","0/0","0/0","0/0","0/0","0/0","0/0","0/0","0/0","0/0","0/0","0/0","0/0","0/0","0/0","0/0","0/0","0/0","0/1","0/0","0/0","0/0","0/0","0/0","0/0","0/0","0/0","0/0","0/0","0/0","0/0","0/0","0/0","0/0","0/0","0/0","0/0","0/0","0/0","0/0","0/0","0/0","0/0","0/0","0/0","0/0","0/0","0/0","0/0","0/0","0/0","0/0","0/0","0/0","0/0","0/0","0/0","0/0","0/0","0/0","0/0","0/1","0/0","0/0","0/0","0/0","0/0","0/0","0/0","0/0","0/0","0/0","0/0","0/0","0/0","0/0","0/0","0/0","0/0","0/0","0/0","0/0","0/0","0/0","0/0","0/0","0/0","0/0","0/0","0/0","0/0","0/0","0/0","0/0","0/0","0/0","0/0","0/0","0/0","0/0","0/0","0/0","0/0","0/0","0/0","0/0","0/0","0/0","0/0","0/0","0/0","0/0","0/0","0/0","0/0","0/0","0/0","0/0","0/0","0/0","0/0","0/0","0/0","0/0","0/0","0/0","0/0","0/0","0/0","0/0","0/0","0/0","0/0","0/0","0/0","0/0","0/0","0/0","0/0","0/0","0/0","0/0","0/0","0/0","0/0","0/0","0/0","0/0","0/0","0/0","0/0","0/0","0/0"
"chr16:3724444_ACTC/A_TRAP1","0/0","0/0","0/0","0/0","0/0","0/0","0/0","0/0","0/0","0/0","0/0","0/0","0/0","0/0","0/0","0/0","0/0","0/0","0/0","0/0","0/0","0/0","0/0","0/0","0/0","0/0","0/0","0/0","0/1","0/0","0/0","0/0","0/0","0/0","0/0","0/0","0/0","0/0","0/0","0/0","0/0","0/0","0/0","0/0","0/0","0/0","0/0","0/0","0/0","0/0","0/0","0/0","0/0","0/0","0/1","0/0","0/0","0/0","0/0","0/0","0/0","0/0","0/0","0/0","0/0","0/0","0/0","0/0","0/0","0/0","0/0","0/0","0/0","0/0","0/0","0/0","0/0","0/0","0/0","0/0","0/0","0/0","0/0","0/0","0/0","0/0","0/0","0/0","0/0","0/0","0/0","0/0","0/0","0/0","0/0","0/0","0/0","0/0","0/0","0/0","0/0","0/0","0/0","0/0","0/0","0/0","0/0","0/0","0/0","0/0","0/0","0/0","0/0","0/0","0/0","0/0","0/0","0/0","0/0","0/0","0/0","0/0","0/0","0/0","0/0","0/0","0/0","0/0","0/0","0/0","0/0","0/0","0/0","0/0","0/0","0/0","0/0","0/0","0/0","0/0","0/0","0/0","0/0","0/0","0/0","0/0","0/0","0/0","0/0","0/0","0/0","0/0","0/0"
"chr16:4644389_CAGG/C_C16orf96","0/0","0/0","0/0","0/0","0/0","0/0","0/0","0/0","0/0","0/0","0/0","0/0","0/0","0/0","0/0","0/0","0/0","0/0","0/0","0/0","0/0","0/0","0/0","0/0","0/0","0/0","0/0","0/0","0/0","0/0","0/0","0/0","0/0","0/0","0/0","0/0","0/0","0/0","0/0","0/0","0/0","0/0","0/0","0/0","0/0","0/0","0/0","0/0","0/1","0/0","0/0","0/0","0/0","0/0","0/0","0/0","0/0","0/0","0/0","0/0","0/0","0/0","0/0","0/0","0/0","0/0","0/0","0/0","0/0","0/0","0/0","0/0","0/0","0/0","0/0","0/0","0/0","0/0","0/0","0/0","0/0","0/0","0/0","0/0","0/0","0/0","0/0","0/0","0/0","0/0","0/0","0/0","0/0","0/0","0/0","0/0","0/0","0/0","0/0","0/0","0/0","0/0","0/0","0/0","0/0","0/0","0/0","0/0","0/0","0/0","0/0","0/0","0/0","0/0","0/0","0/0","0/0","0/0","0/0","0/0","0/0","0/0","0/0","0/0","0/0","0/0","0/0","0/0","0/0","0/0","0/0","0/0","0/0","0/0","0/0","0/0","0/0","0/0","0/0","0/0","0/0","0/0","0/0","0/0","0/0","0/0","0/0","0/0","0/0","0/0","0/0","0/0","0/0"
"chr16:4796952_TGAG/T_C16orf71","0/0","0/0","0/0","0/0","0/0","0/0","0/0","0/0","0/0","0/0","0/0","0/0","0/0","0/0","0/0","0/0","0/0","0/0","0/0","0/0","0/0","0/0","0/0","0/0","0/0","0/0","0/0","0/0","0/0","0/0","0/0","0/0","0/0","0/0","0/0","0/0","0/0","0/0","0/0","0/0","0/0","0/0","0/0","0/0","0/0","0/0","0/0","0/0","0/0","0/0","0/0","0/0","0/0","0/0","0/0","0/0","0/0","0/0","0/0","0/0","0/0","0/0","0/0","0/0","0/0","0/0","0/0","0/0","0/0","0/0","0/0","0/0","0/0","0/0","0/0","0/0","0/0","0/0","0/0","0/0","0/0","0/0","0/0","0/1","0/0","0/1","0/0","0/0","0/0","0/0","0/0","0/1","0/0","0/0","0/0","0/0","0/0","0/0","0/0","0/0","0/0","0/0","0/0","0/0","0/0","0/0","0/0","0/0","0/0","0/0","0/0","0/0","0/0","0/0","0/0","0/0","0/0","0/0","0/0","0/0","0/0","0/0","0/0","0/0","0/0","0/0","0/0","0/0","0/0","0/0","0/0","0/0","0/0","0/0","0/0","0/0","0/0","0/0","0/0","0/0","0/0","0/0","0/0","0/0","0/0","0/0","0/0","0/0","0/0","0/0","0/0","0/0","0/0"
"chr16:4827907_C/CG_SEPT12","0/0","0/0","0/0","0/0","0/0","0/0","0/0","0/0","0/0","0/0","0/0","0/0","0/0","0/0","0/0","0/0","0/0","0/0","0/0","0/0","0/0","0/0","0/0","0/0","0/0","0/0","0/0","0/0","0/0","0/0","0/0","0/1","0/0","0/0","0/0","0/0","0/0","0/0","0/0","0/0","0/0","0/0","0/0","0/0","0/0","0/0","0/0","0/0","0/0","0/0","0/0","0/0","0/0","0/0","0/0","0/0","0/0","0/0","0/0","0/0","0/0","0/0","0/0","0/0","0/0","0/0","0/0","0/0","0/0","0/0","0/0","0/0","0/0","0/0","0/0","0/0","0/0","0/0","0/0","0/0","0/0","0/0","0/0","0/0","0/0","0/0","0/0","0/0","0/0","0/0","0/0","0/0","0/0","0/0","0/0","0/0","0/0","0/0","0/0","0/0","0/0","0/0","0/0","0/0","0/0","0/0","0/0","0/0","0/0","0/0","0/0","0/0","0/0","0/0","0/0","0/0","0/0","0/0","0/0","0/0","0/0","0/0","0/0","0/0","0/0","0/0","0/0","0/0","0/0","0/0","0/0","0/0","0/0","0/0","0/0","0/0","0/0","0/0","0/0","0/0","0/0","0/0","0/0","0/0","0/0","0/0","0/0","0/0","0/0","0/0","0/0","0/0","0/0"
"chr16:4862228_G/GC_GLYR1","0/0","0/0","0/0","0/0","0/0","0/0","0/0","0/0","0/0","0/0","0/0","0/0","0/0","0/0","0/0","0/0","0/0","0/0","0/0","0/0","0/0","0/0","0/0","0/0","0/0","0/0","0/0","0/0","0/0","0/0","0/0","0/1","0/0","0/0","0/0","0/0","0/0","0/0","0/0","0/0","0/0","0/0","0/0","0/0","0/0","0/0","0/0","0/0","0/0","0/0","0/0","0/0","0/0","0/0","0/0","0/0","0/0","0/0","0/0","0/0","0/0","0/0","0/0","0/0","0/0","0/0","0/0","0/0","0/0","0/0","0/0","0/0","0/0","0/0","0/0","0/0","0/0","0/0","0/0","0/0","0/0","0/0","0/0","0/0","0/0","0/0","0/0","0/0","0/0","0/0","0/0","0/0","0/0","0/0","0/0","0/0","0/0","0/0","0/0","0/0","0/0","0/0","0/0","0/0","0/0","0/0","0/0","0/0","0/0","0/0","0/0","0/0","0/0","0/0","0/0","0/0","0/0","0/0","0/0","0/0","0/0","0/0","0/0","0/0","0/0","0/0","0/0","0/0","0/0","0/0","0/0","0/0","0/0","0/0","0/0","0/0","0/0","0/0","0/0","0/0","0/0","0/0","0/0","0/0","0/0","0/0","0/0","0/0","0/0","0/0","0/0","0/0","0/0"
"chr16:4911010_TG/T_UBN1","0/0","0/0","0/0","0/0","0/0","0/0","0/0","0/0","0/0","0/0","0/0","0/0","0/0","0/0","0/0","0/0","0/0","0/0","0/0","0/0","0/0","0/0","0/0","0/0","0/0","0/0","0/0","0/0","0/0","0/0","0/0","0/0","0/0","0/0","0/0","0/0","0/1","0/0","0/0","0/0","0/0","0/0","0/0","0/0","0/0","0/0","0/0","0/0","0/0","0/0","0/0","0/0","0/0","0/0","0/0","0/0","0/0","0/0","0/0","0/0","0/0","0/0","0/0","0/0","0/0","0/0","0/0","0/0","0/0","0/0","0/0","0/0","0/0","0/0","0/0","0/0","0/0","0/0","0/0","0/0","0/0","0/0","0/0","0/0","0/0","0/0","0/0","0/0","0/0","0/0","0/0","0/0","0/0","0/0","0/0","0/0","0/0","0/0","0/0","0/0","0/0","0/0","0/0","0/0","0/0","0/0","0/0","0/0","0/0","0/0","0/0","0/0","0/0","0/0","0/0","0/0","0/0","0/0","0/0","0/0","0/0","0/0","0/0","0/0","0/0","0/0","0/0","0/0","0/0","0/0","0/0","0/0","0/0","0/0","0/0","0/0","0/0","0/0","0/0","0/0","0/0","0/0","0/0","0/0","0/0","0/0","0/0","0/0","0/0","0/0","0/0","0/0","0/0"
"chr16:10524656_GGAC/G_ATF7IP2","0/0","0/0","0/0","0/0","1/1","1/1","0/1","0/1","0/1","0/1","0/0","0/1","1/1","1/1","0/1","1/1","0/1","1/1","0/1","1/1","0/0","0/1","1/1","1/1","1/1","0/1","1/1","0/1","1/1","1/1","0/0","0/1","1/1","0/0","0/1","1/1","0/1","0/1","0/1","1/1","0/0","1/1","1/1","1/1","1/1","1/1","1/1","1/1","1/1","1/1","0/0","0/1","1/1","0/0","1/1","0/1","1/1","0/1","1/1","1/1","0/0","1/1","0/0","1/1","1/1","0/1","0/1","0/1","0/1","0/1","0/1","0/1","0/1","0/1","0/1","0/1","0/1","1/1","1/1","0/0","0/0","0/1","0/0","0/1","0/1","0/1","0/1","1/1","0/1","0/1","1/1","1/1","1/1","0/1","0/1","1/1","1/1","1/1","1/1","1/1","1/1","0/1","1/1","0/1","0/1","0/1","0/1","1/1","1/1","0/1","0/0","0/1","0/1","0/1","0/1","0/1","0/1","1/1","0/0","1/1","0/0","0/0","0/1","1/1","0/1","0/1","0/1","0/1","1/1","1/1","1/1","1/1","1/1","1/1","1/1","1/1","1/1","1/1","0/1","0/1","0/1","1/1","1/1","1/1","1/1","1/1","0/0","0/0","0/0","1/1","1/1","1/1","1/1"
"chr16:12009530_CCCGCCGCCG/CCCGCCG_GSPT1","0/0","0/0","0/0","0/0","0/0","0/0","0/0","0/1","0/0","0/0","0/2","0/0","0/0","0/0","0/2","0/0","0/2","0/0","0/0","0/0","0/2","0/0","0/0","0/0","0/0","0/0","0/0","0/3","0/2","0/2","0/2","0/0","0/0","0/0","0/0","0/0","0/0","0/2","0/0","0/0","0/4","0/0","0/0","0/0","0/2","0/0","0/0","0/4","0/0","0/5","0/2","0/0","0/0","0/2","0/0","0/0","0/0","0/0","0/0","0/0","0/0","0/0","0/1","0/0","0/0","0/0","0/0","0/0","0/0","0/1","0/0","0/0","0/0","0/0","0/1","0/0","0/1","0/2","0/2","0/2","0/2","0/1","0/2","0/2","0/2","0/2","0/2","0/0","0/0","0/0","0/0","0/0","0/0","0/0","0/0","0/0","0/0","0/0","0/0","0/0","0/0","0/0","0/0","0/2","0/2","0/0","0/0","0/0","0/0","0/0","0/0","0/2","0/2","0/1","0/0","0/0","0/0","0/0","0/0","0/1","0/0","0/0","0/0","0/0","0/0","0/0","0/0","0/0","0/0","0/0","0/0","0/0","0/0","0/6","0/0","0/0","0/6","0/6","0/5","0/5","0/5","0/0","0/0","0/0","0/0","0/1","0/0","0/0","0/0","0/2","0/2","0/2","0/2"
"chr16:15967361_T/TCTA_FOPNL","0/0","0/0","0/0","0/0","0/0","0/0","0/0","0/0","0/0","0/0","0/1","0/1","0/0","0/0","0/0","0/0","1/1","0/0","0/1","0/1","0/0","0/1","0/0","0/0","0/1","0/0","0/0","0/1","0/1","0/0","0/0","0/1","0/0","0/1","0/1","0/0","0/0","0/1","0/1","0/0","0/0","0/0","0/0","0/0","0/1","0/0","0/0","0/0","0/0","0/1","0/0","0/1","0/0","0/0","0/0","0/0","0/1","0/0","0/0","0/0","0/1","0/0","0/1","0/1","0/1","0/0","0/0","0/0","0/0","0/0","0/0","0/1","0/1","0/0","0/0","0/1","0/1","0/0","0/0","0/0","0/0","0/0","0/0","0/1","0/1","0/0","0/0","0/0","0/1","0/1","0/0","0/0","0/0","0/0","0/0","0/0","0/0","0/0","0/0","0/0","1/1","0/0","1/1","0/0","0/0","0/0","0/0","0/0","0/0","0/0","0/0","0/1","0/1","0/0","0/0","0/0","0/0","0/0","0/0","0/0","0/0","0/0","0/0","0/0","0/0","0/0","0/0","0/0","0/0","0/0","0/0","0/0","0/1","0/1","0/1","0/1","0/1","0/1","0/0","0/0","0/0","0/0","0/0","0/0","0/0","0/0","0/0","0/0","0/0","0/1","0/1","0/1","0/1"
"chr16:16251627_AG/A_ABCC6","0/0","0/0","0/0","0/0","0/0","0/0","0/0","0/0","0/0","0/0","0/0","0/0","0/0","0/0","0/0","0/0","0/0","0/0","0/0","0/0","0/0","0/0","0/0","0/0","0/0","0/0","0/0","0/0","0/0","0/0","0/0","0/0","0/0","0/0","0/0","0/0","0/1","0/0","0/0","0/0","0/0","0/0","0/0","0/0","0/0","0/0","0/0","0/0","0/0","0/0","0/0","0/0","0/0","0/0","0/0","0/0","0/0","0/0","0/0","0/0","0/0","0/0","0/0","0/0","0/0","0/0","0/0","0/0","0/0","0/0","0/0","0/0","0/0","0/0","0/0","0/0","0/0","0/0","0/0","0/0","0/0","0/0","0/0","0/0","0/0","0/0","0/0","0/0","0/0","0/0","0/0","0/0","0/0","0/0","0/0","0/0","0/0","0/0","0/0","0/0","0/0","0/0","0/0","0/0","0/0","0/0","0/0","0/0","0/0","0/0","0/0","0/0","0/0","0/0","0/0","0/0","0/0","0/0","0/0","0/0","0/0","0/0","0/0","0/0","0/0","0/0","0/0","0/0","0/0","0/0","0/0","0/0","0/0","0/0","0/0","0/0","0/0","0/0","0/0","0/0","0/0","0/0","0/0","0/0","0/0","0/0","0/0","0/0","0/0","0/0","0/0","0/0","0/0"
"chr16:17564405_G/GCCT_XYLT1","0/0","0/0","0/0","0/0","0/0","0/0","0/1","0/1","0/1","0/0","0/0","0/0","0/0","0/0","0/0","0/0","0/0","0/0","0/0","0/0","0/0","0/0","0/0","0/0","0/0","0/0","0/0","0/0","0/0","0/1","0/0","0/0","0/0","0/0","0/0","0/0","0/0","0/0","0/0","0/0","0/0","0/0","0/0","0/0","0/0","0/0","0/0","0/0","0/0","0/0","0/0","0/0","0/0","0/0","0/0","0/0","0/0","0/0","0/0","0/0","0/1","0/0","0/0","0/0","0/0","0/0","0/0","0/0","0/0","0/0","0/0","0/0","0/0","0/0","0/0","0/0","0/0","0/0","0/0","0/0","0/0","0/0","0/0","0/0","0/0","0/0","0/0","0/0","0/0","0/0","0/0","0/0","0/0","0/0","0/0","0/0","0/0","0/0","0/0","0/0","0/0","0/0","0/0","0/0","0/0","0/0","0/0","0/0","0/0","0/0","0/0","0/1","0/1","0/0","0/0","0/0","0/0","0/0","0/0","0/0","0/0","0/0","0/0","0/0","0/0","0/0","0/0","0/0","0/0","0/0","0/0","0/0","0/0","0/0","0/0","0/0","0/0","0/0","0/0","0/0","0/0","0/0","0/0","0/0","0/0","0/0","0/0","0/0","0/0","0/0","0/0","0/0","0/0"
"chr16:18937309_TGCC/T_SMG1","0/0","0/0","0/0","0/0","0/0","0/0","0/0","0/0","0/0","0/1","0/0","0/0","0/0","0/0","0/0","0/0","0/0","0/0","0/0","0/0","0/0","0/0","0/0","0/0","0/0","0/0","0/0","0/0","0/0","0/0","0/0","0/0","0/0","0/0","0/0","0/0","0/0","0/0","0/0","0/0","0/0","0/0","0/0","0/0","0/0","0/0","0/0","0/0","0/0","0/0","0/0","0/0","0/0","0/0","0/0","0/0","0/0","0/0","0/0","0/0","0/0","0/0","0/0","0/0","0/0","0/0","0/0","0/0","0/0","0/0","0/0","0/0","0/0","0/0","0/0","0/0","0/0","0/0","0/0","0/0","0/0","0/0","0/0","0/0","0/0","0/0","0/0","0/0","0/0","0/0","0/0","0/0","0/0","0/0","0/0","0/0","0/0","0/0","0/0","0/0","0/0","0/0","0/0","0/0","0/0","0/0","0/0","0/0","0/0","0/0","0/0","0/0","0/0","0/0","0/0","0/0","0/0","0/0","0/0","0/0","0/0","0/0","0/0","0/0","0/0","0/0","0/0","0/0","0/0","0/0","0/0","0/0","0/0","0/0","0/0","0/0","0/0","0/0","0/0","0/0","0/0","0/0","0/0","0/0","0/0","0/0","0/0","0/0","0/0","0/0","0/0","0/0","0/0"
"chr16:19725705_AT/A_KNOP1","0/0","0/0","0/0","0/0","0/0","0/0","0/0","0/0","0/0","0/0","0/0","0/0","0/0","0/0","0/0","0/0","0/0","0/0","0/0","0/0","0/0","0/0","0/0","0/0","0/0","0/0","0/0","0/0","0/0","0/0","0/0","0/0","0/0","0/0","0/0","0/0","0/1","0/0","0/0","0/0","0/0","0/0","0/0","0/0","0/0","0/0","0/0","0/0","0/0","0/0","0/0","0/0","0/0","0/0","0/0","0/0","0/0","0/0","0/0","0/0","0/0","0/0","0/0","0/0","0/0","0/0","0/0","0/0","0/0","0/0","0/0","0/0","0/0","0/0","0/0","0/0","0/0","0/0","0/0","0/0","0/0","0/0","0/0","0/0","0/0","0/0","0/0","0/0","0/0","0/0","0/0","0/0","0/0","0/0","0/0","0/0","0/0","0/0","0/0","0/0","0/0","0/0","0/0","0/0","0/0","0/0","0/0","0/0","0/0","0/0","0/0","0/0","0/0","0/0","0/0","0/0","0/0","0/0","0/0","0/0","0/0","0/0","0/0","0/0","0/0","0/0","0/0","0/0","0/0","0/0","0/0","0/0","0/0","0/0","0/0","0/0","0/0","0/0","0/0","0/0","0/0","0/0","0/0","0/0","0/0","0/0","0/0","0/0","0/0","0/0","0/0","0/0","0/0"
"chr16:19775217_A/AT_IQCK","0/0","0/0","0/0","0/0","0/0","0/0","0/0","0/0","0/0","0/0","0/0","0/0","0/0","0/0","0/0","0/0","0/0","0/0","0/0","0/0","0/0","0/0","0/0","0/0","0/0","0/1","0/0","0/0","0/0","0/0","0/0","0/0","0/0","0/0","0/0","0/0","0/0","0/0","0/0","0/0","0/0","0/0","0/0","0/0","0/0","0/0","0/0","0/0","0/0","0/0","0/0","0/0","0/0","0/0","0/0","0/0","0/0","0/0","0/0","0/0","0/0","0/0","0/0","0/0","0/0","0/0","0/0","0/0","0/0","0/0","0/0","0/0","0/0","0/0","0/0","0/0","0/0","0/0","0/0","0/0","0/0","0/0","0/0","0/0","0/0","0/0","0/0","0/0","0/0","0/0","0/0","0/0","0/0","0/0","0/0","0/0","0/0","0/0","0/0","0/0","0/0","0/0","0/0","0/0","0/0","0/0","0/0","0/0","0/0","0/0","0/0","0/0","0/0","0/0","0/0","0/0","0/0","0/0","0/0","0/0","0/0","0/0","0/0","0/0","0/0","0/0","0/0","0/0","0/0","0/0","0/0","0/0","0/0","0/0","0/0","0/0","0/0","0/0","0/0","0/0","0/0","0/0","0/0","0/0","0/0","0/0","0/0","0/0","0/0","0/0","0/0","0/0","0/0"
"chr16:24583759_CTG/C_RBBP6","0/0","0/0","0/0","0/0","0/0","0/0","0/0","0/0","0/0","0/0","0/0","0/0","0/0","0/0","0/0","0/0","0/0","0/0","0/0","0/0","0/0","0/0","0/0","0/0","0/0","0/0","0/0","0/0","0/0","0/0","0/0","0/1","0/0","0/0","0/0","0/0","0/0","0/0","0/0","0/0","0/0","0/0","0/0","0/0","0/0","0/0","0/0","0/0","0/0","0/0","0/0","0/0","0/0","0/0","0/0","0/0","0/0","0/0","0/0","0/0","0/0","0/0","0/0","0/0","0/0","0/0","0/0","0/0","0/0","0/0","0/0","0/0","0/0","0/0","0/0","0/0","0/0","0/0","0/0","0/0","0/0","0/0","0/0","0/0","0/0","0/0","0/0","0/0","0/0","0/0","0/0","0/0","0/0","0/0","0/0","0/0","0/0","0/0","0/0","0/0","0/0","0/0","0/0","0/0","0/0","0/0","0/0","0/0","0/0","0/0","0/0","0/0","0/0","0/0","0/0","0/0","0/0","0/0","0/0","0/0","0/0","0/0","0/0","0/0","0/0","0/0","0/0","0/0","0/0","0/0","0/0","0/0","0/0","0/0","0/0","0/0","0/0","0/0","0/0","0/0","0/0","0/0","0/0","0/0","0/0","0/0","0/0","0/0","0/0","0/0","0/0","0/0","0/0"
"chr16:24942179_TG/T_ARHGAP17","0/0","0/0","0/0","0/0","0/0","0/0","0/0","0/0","0/0","0/0","0/0","0/0","0/0","0/0","0/0","0/0","0/0","0/0","0/0","0/0","0/0","0/0","0/0","0/0","0/0","0/0","0/0","0/0","0/0","0/0","0/0","0/0","0/0","0/0","0/0","0/0","0/1","0/0","0/0","0/0","0/0","0/0","0/0","0/0","0/0","0/0","0/0","0/0","0/0","0/0","0/0","0/0","0/0","0/0","0/0","0/0","0/0","0/0","0/0","0/0","0/0","0/0","0/0","0/0","0/0","0/0","0/0","0/0","0/0","0/0","0/0","0/0","0/0","0/0","0/0","0/0","0/0","0/0","0/0","0/0","0/0","0/0","0/0","0/0","0/0","0/0","0/0","0/0","0/0","0/0","0/0","0/0","0/0","0/0","0/0","0/0","0/0","0/0","0/0","0/0","0/0","0/0","0/0","0/0","0/0","0/0","0/0","0/0","0/0","0/0","0/0","0/0","0/0","0/0","0/0","0/0","0/0","0/0","0/0","0/0","0/0","0/0","0/0","0/0","0/0","0/0","0/0","0/0","0/0","0/0","0/0","0/0","0/0","0/0","0/0","0/0","0/0","0/0","0/0","0/0","0/0","0/0","0/0","0/0","0/0","0/0","0/0","0/0","0/0","0/0","0/0","0/0","0/0"
"chr16:25258166_C/CA_ZKSCAN2","0/0","0/0","0/0","0/0","0/0","0/0","0/0","0/0","0/0","0/0","0/0","0/0","0/1","0/0","0/0","0/0","0/0","0/0","0/0","0/0","0/0","0/0","0/0","0/0","0/0","0/0","0/0","0/0","0/0","0/0","0/0","0/0","0/0","0/0","0/0","0/0","0/0","0/0","0/0","0/0","0/0","0/0","0/0","0/0","0/0","0/0","0/0","0/0","0/0","0/0","0/0","0/0","0/0","0/0","0/0","0/0","0/0","0/0","0/0","0/0","0/0","0/0","0/0","0/0","0/0","0/0","0/0","0/0","0/0","0/0","0/0","0/0","0/0","0/0","0/0","0/0","0/0","0/0","0/0","0/0","0/0","0/0","0/0","0/0","0/0","0/0","0/0","0/0","0/0","0/0","0/0","0/0","0/0","0/0","0/0","0/0","0/0","0/0","0/0","0/0","0/0","0/0","0/0","0/0","0/0","0/0","0/0","0/0","0/0","0/0","0/0","0/0","0/0","0/0","0/0","0/0","0/0","0/0","0/0","0/0","0/0","0/0","0/0","0/0","0/0","0/0","0/0","0/0","0/0","0/0","0/0","0/0","0/0","0/0","0/0","0/0","0/0","0/0","0/0","0/0","0/0","0/0","0/0","0/0","0/0","0/0","0/0","0/0","0/0","0/0","0/0","0/0","0/0"
"chr16:28507295_GACAGCCTCAGGCGGGGAGGAGGCTGAA/G_APOBR","0/0","0/0","0/0","0/0","0/0","0/0","0/0","0/0","0/0","0/0","0/0","0/0","0/0","0/0","0/0","0/0","0/0","0/0","0/0","0/0","0/0","0/0","0/0","0/0","0/0","0/0","0/0","0/0","0/0","0/0","0/0","0/0","0/0","0/0","0/0","0/0","0/0","0/0","0/0","0/0","0/0","0/0","0/0","0/0","0/0","0/0","0/0","0/0","0/0","0/0","0/0","0/0","0/0","0/0","0/0","0/0","0/0","0/0","0/0","0/0","0/0","0/0","0/0","0/0","0/0","0/0","0/0","0/0","0/0","0/0","0/0","0/0","0/0","0/0","0/0","0/0","0/0","0/0","0/0","0/0","0/0","0/0","0/0","0/0","0/0","0/0","0/0","0/0","0/0","0/0","0/0","0/0","0/0","0/0","0/0","0/0","0/0","0/0","0/0","0/0","0/0","0/0","0/0","0/0","0/0","0/0","0/0","0/0","0/0","0/0","0/0","0/0","0/0","0/0","0/0","0/0","0/0","0/0","0/0","0/0","0/0","0/0","0/0","0/0","0/0","0/0","0/0","0/0","0/1","0/1","0/1","0/0","0/0","0/0","0/0","0/0","0/0","0/0","0/0","0/0","0/0","0/0","0/0","0/0","0/0","0/0","0/0","0/0","0/0","0/0","0/0","0/0","0/0"
"chr16:29825015_G/C_PRRT2","0/0","0/0","0/0","0/0","0/0","0/0","0/0","0/0","0/0","0/0","0/0","0/0","0/0","0/0","0/0","0/0","0/0","0/0","0/0","0/0","0/0","0/0","0/0","0/0","0/0","0/0","0/0","0/0","0/0","0/0","0/0","0/0","0/0","0/0","0/0","0/0","0/0","0/0","0/0","0/0","0/0","0/0","0/0","0/0","0/0","0/0","0/0","0/0","0/0","0/0","0/0","0/0","0/1","0/0","0/0","0/0","0/0","0/0","0/0","0/0","0/0","0/2","0/0","0/0","0/0","0/0","0/0","0/0","0/0","0/0","0/0","0/0","0/0","0/0","0/0","0/0","0/0","0/0","0/0","0/0","0/0","0/0","0/0","0/0","0/0","0/0","0/0","0/0","0/0","0/0","0/0","0/0","0/0","0/0","0/0","0/0","0/0","0/0","0/0","0/0","0/0","0/0","0/0","0/0","0/0","0/0","0/0","0/0","0/0","0/0","0/0","0/0","0/0","0/0","0/0","0/0","0/0","0/0","0/0","0/0","0/0","0/0","0/0","0/0","0/0","0/0","0/0","0/0","0/0","0/0","0/0","0/0","0/0","0/0","0/0","0/0","0/0","0/0","0/0","0/0","0/0","0/0","0/0","0/0","0/0","0/0","0/0","0/0","0/0","0/0","0/0","0/0","0/0"
"chr16:29912802_G/GGGT_ASPHD1","0/0","0/0","0/0","0/0","0/0","0/0","0/0","0/0","0/0","0/0","0/0","0/0","0/0","0/0","0/0","0/0","0/0","0/0","0/0","0/0","0/0","0/0","0/0","0/1","0/0","0/0","0/0","0/0","0/0","0/0","0/0","0/0","0/0","0/0","0/1","0/0","0/0","0/0","0/0","0/0","0/0","0/0","0/0","0/1","0/0","0/0","0/0","0/1","0/0","0/0","0/1","0/0","0/0","0/0","0/0","0/1","0/0","0/0","0/0","0/0","0/0","0/0","0/0","0/0","0/0","0/0","0/0","0/0","0/0","0/0","0/0","0/0","0/0","0/0","0/0","0/1","0/1","0/0","0/0","0/0","0/0","0/0","0/1","0/0","0/0","0/1","0/1","0/0","0/0","0/0","0/0","0/0","0/0","0/0","0/0","0/0","0/0","0/0","0/1","0/1","0/0","0/0","0/0","1/1","1/1","0/0","0/0","0/0","0/0","0/0","0/0","0/0","0/0","0/0","0/0","0/0","0/0","0/1","0/0","0/1","0/0","0/0","0/0","0/1","0/0","0/0","0/0","0/0","0/1","0/1","0/1","0/1","0/0","0/0","0/0","0/0","0/0","0/0","0/0","0/0","0/0","0/1","0/1","0/0","0/0","0/0","0/0","0/0","0/0","0/0","0/0","0/0","0/0"
"chr16:30012267_TG/T_INO80E","0/0","0/0","0/0","0/0","0/0","0/0","0/0","0/0","0/0","0/0","0/0","0/0","0/0","0/0","0/0","0/0","0/0","0/0","0/0","0/0","0/0","0/0","0/0","0/0","0/0","0/0","0/0","0/0","0/0","0/0","0/0","0/0","0/0","0/0","0/0","0/0","0/1","0/0","0/0","0/0","0/0","0/0","0/0","0/0","0/0","0/0","0/0","0/0","0/0","0/0","0/0","0/0","0/0","0/0","0/0","0/0","0/0","0/0","0/0","0/0","0/0","0/0","0/0","0/0","0/0","0/0","0/0","0/0","0/0","0/0","0/0","0/0","0/0","0/0","0/0","0/0","0/0","0/0","0/0","0/0","0/0","0/0","0/0","0/0","0/0","0/0","0/0","0/0","0/0","0/0","0/0","0/0","0/0","0/0","0/0","0/0","0/0","0/0","0/0","0/0","0/0","0/0","0/0","0/0","0/0","0/0","0/0","0/0","0/0","0/0","0/0","0/0","0/0","0/0","0/0","0/0","0/0","0/0","0/0","0/0","0/0","0/0","0/0","0/0","0/0","0/0","0/0","0/0","0/0","0/0","0/0","0/0","0/0","0/0","0/0","0/0","0/0","0/0","0/0","0/0","0/0","0/0","0/0","0/0","0/0","0/0","0/0","0/0","0/0","0/0","0/0","0/0","0/0"
"chr16:30770515_CCA/C_CCDC189","0/0","0/0","0/0","0/0","0/0","0/0","0/0","0/0","0/0","0/0","0/0","0/0","0/0","0/0","0/0","0/0","0/0","0/0","0/0","0/0","0/0","0/0","0/0","0/0","0/0","0/0","0/0","0/0","0/0","0/0","0/0","0/0","0/0","0/1","0/0","0/0","0/0","0/0","0/0","0/0","0/0","0/0","0/0","0/0","0/0","0/0","0/0","0/0","0/0","0/0","0/0","0/0","0/0","0/0","0/0","0/0","0/0","0/0","0/0","0/0","0/0","0/0","0/0","0/0","0/0","0/0","0/0","0/0","0/0","0/0","0/0","0/0","0/0","0/0","0/0","0/0","0/0","0/0","0/0","0/0","0/0","0/0","0/0","0/0","0/0","0/0","0/0","0/0","0/0","0/0","0/0","0/0","0/0","0/0","0/0","0/0","0/0","0/0","0/0","0/0","0/0","0/0","0/0","0/0","0/0","0/0","0/0","0/0","0/0","0/0","0/0","0/0","0/0","0/0","0/0","0/0","0/0","0/0","0/0","0/0","0/0","0/0","0/0","0/0","0/0","0/0","0/0","0/0","0/0","0/0","0/0","0/0","0/0","0/0","0/0","0/0","0/0","0/0","0/1","0/1","0/1","0/0","0/0","0/0","0/0","0/0","0/0","0/0","0/0","0/0","0/0","0/0","0/0"
"chr16:31098991_TGGG/T_PRSS53","0/0","0/0","0/0","0/0","0/0","0/0","0/1","0/1","0/1","0/0","0/0","0/0","0/0","0/0","0/0","0/0","0/0","0/0","0/0","0/0","0/0","0/0","0/0","0/0","0/0","0/0","0/0","0/0","0/0","0/0","0/0","0/0","0/0","0/0","0/0","0/0","0/0","0/0","0/0","0/0","0/0","0/0","0/0","0/0","0/0","0/0","0/0","0/0","0/0","0/0","0/0","0/0","0/0","0/0","0/0","0/0","0/0","0/0","0/0","0/0","0/0","0/0","0/0","0/0","0/0","0/0","0/0","0/0","0/0","0/0","0/0","0/0","0/0","0/0","0/0","0/0","0/0","0/0","0/0","0/0","0/0","0/0","0/0","0/0","0/0","0/0","0/0","0/0","0/0","0/0","0/0","0/0","0/0","0/0","0/0","0/0","0/0","0/0","0/0","0/0","0/0","0/0","0/0","0/0","0/0","0/0","0/0","0/0","0/0","0/0","0/0","0/0","0/0","0/0","0/0","0/0","0/0","0/0","0/0","0/0","0/0","0/0","0/0","0/0","0/0","0/0","0/0","0/0","0/0","0/0","0/0","0/0","0/0","0/0","0/0","0/0","0/0","0/0","0/0","0/0","0/0","0/0","0/0","0/0","0/0","0/0","0/0","0/0","0/0","0/0","0/0","0/0","0/0"
"chr16:31154930_TCTC/T_PRSS36","0/0","0/0","0/0","0/0","0/0","0/0","0/0","0/0","0/0","0/0","0/0","0/0","0/0","0/0","0/0","0/0","0/0","0/0","0/0","0/0","0/0","0/0","0/0","0/0","0/0","0/0","0/0","0/0","0/0","0/0","0/0","0/0","0/0","0/0","0/0","0/0","0/0","0/0","0/0","0/0","0/0","0/0","0/0","0/0","0/0","0/0","0/0","0/0","0/0","0/0","0/0","0/0","0/0","0/0","0/0","0/0","0/0","0/0","0/0","0/0","0/1","0/0","0/0","0/0","0/0","0/1","0/0","0/0","0/0","0/0","0/1","0/0","0/0","0/0","0/0","0/0","0/0","0/0","0/0","0/0","0/0","0/0","0/0","0/0","0/0","0/0","0/0","0/0","0/0","0/0","0/0","0/0","0/0","0/0","0/0","0/0","0/0","0/0","0/0","0/0","0/0","0/0","0/0","0/0","0/0","0/0","0/0","0/0","0/0","0/0","0/0","0/0","0/0","0/0","0/0","0/0","0/0","0/0","0/0","0/0","0/0","0/0","0/0","0/0","0/0","0/0","0/0","0/0","0/0","0/0","0/0","0/0","0/0","0/0","0/0","0/0","0/0","0/0","0/0","0/0","0/0","0/0","0/0","0/0","0/0","0/0","0/0","0/0","0/0","0/0","0/0","0/0","0/0"
"chr16:31336093_TCAC/T_ITGAM","0/0","0/0","0/0","0/0","0/0","0/0","0/0","0/0","0/0","0/0","0/0","0/1","0/1","0/0","0/0","0/0","0/0","0/0","0/0","0/0","0/0","0/0","0/0","0/0","0/0","0/0","0/0","0/0","0/0","0/0","0/0","0/0","0/0","0/0","0/0","0/0","0/0","0/0","0/0","0/0","0/0","0/0","0/0","0/0","0/0","0/0","0/0","0/0","0/0","0/0","0/0","0/0","0/0","0/0","0/0","0/0","0/0","0/0","0/0","0/0","0/0","0/0","0/0","0/0","0/0","0/0","0/0","0/0","0/0","0/0","0/0","0/0","0/0","0/0","0/0","0/0","0/0","0/0","0/0","0/0","0/0","0/0","0/0","0/0","0/0","0/0","0/0","0/0","0/0","0/0","0/0","0/0","0/0","0/0","0/0","0/0","0/0","0/0","0/0","0/0","0/0","0/0","0/0","0/0","0/0","0/0","0/0","0/0","0/0","0/0","0/0","0/0","0/0","0/0","0/0","0/0","0/0","0/0","0/0","0/0","0/0","0/0","0/0","0/0","0/0","0/0","0/0","0/0","0/0","0/0","0/0","0/0","0/0","0/0","0/0","0/0","0/0","0/0","0/0","0/0","0/0","0/0","0/0","0/0","0/0","0/0","0/0","0/0","0/0","0/0","0/0","0/0","0/0"
"chr16:31427890_G/GGT_ITGAD","0/0","0/0","0/0","0/0","0/0","0/0","0/0","0/0","0/0","0/0","0/0","0/0","0/0","0/0","0/0","0/0","0/0","0/0","0/0","0/0","0/0","0/0","0/0","0/0","0/0","0/0","0/0","0/0","0/0","0/0","0/0","0/0","0/0","0/0","0/0","0/0","0/0","0/0","0/0","0/0","0/0","0/0","0/0","0/0","0/0","0/0","0/0","0/0","0/0","0/0","0/0","0/0","0/0","0/0","0/0","0/0","0/0","0/0","0/0","0/0","0/0","0/0","0/0","0/0","0/0","0/0","0/0","0/0","0/0","0/0","0/0","0/0","0/0","0/0","0/0","0/0","0/0","0/0","0/0","0/0","0/0","0/0","0/0","0/0","0/0","0/0","0/0","0/0","0/0","0/0","0/0","0/0","0/0","0/0","0/0","0/0","0/0","0/1","0/0","0/0","0/0","0/0","0/0","0/0","0/0","0/0","0/0","0/0","0/0","0/0","0/0","0/0","0/0","0/0","0/0","0/0","0/0","0/0","0/0","0/0","0/0","0/0","0/0","0/0","0/0","0/0","0/0","0/0","0/0","0/0","0/0","0/0","0/0","0/0","0/0","0/0","0/0","0/0","0/0","0/0","0/0","0/0","0/0","0/0","0/0","0/0","0/0","0/0","0/0","0/0","0/0","0/0","0/0"
"chr16:31770696_G/GA_ZNF720","1/1","1/1","1/1","0/1","0/0","0/0","1/1","1/1","1/1","1/1","0/1","0/0","0/1","0/1","1/1","0/0","0/1","0/0","0/1","1/1","0/1","0/0","0/0","0/0","0/1","0/0","0/1","0/0","1/1","0/0","0/0","0/1","0/0","0/0","0/1","0/1","0/0","0/1","0/1","0/1","0/0","0/1","0/0","0/1","0/1","0/0","0/1","1/1","0/1","0/1","0/0","0/0","0/0","0/0","0/1","0/1","1/1","0/0","0/1","0/1","1/1","0/0","0/1","0/1","0/1","0/1","0/0","0/0","0/0","0/0","0/1","0/0","0/0","0/1","0/1","0/1","0/1","0/1","0/1","0/1","0/1","0/1","0/0","0/0","0/0","0/0","0/0","0/1","0/1","0/1","1/1","0/0","0/0","0/0","0/0","1/1","0/1","0/1","1/1","1/1","0/0","0/1","0/0","0/1","0/1","0/1","0/1","0/1","0/1","0/1","0/1","0/0","0/0","0/0","0/1","0/0","0/0","1/1","0/0","1/1","0/0","0/0","0/0","1/1","0/1","0/1","0/0","0/0","0/1","0/1","0/1","0/0","0/0","0/0","0/0","0/0","0/0","0/0","1/1","0/1","1/1","0/0","0/0","0/0","0/0","0/0","0/1","0/1","0/1","0/0","0/0","0/0","0/0"
"chr16:47644752_GTCC/G_PHKB","0/0","0/0","0/0","0/0","0/0","0/0","0/0","0/0","0/0","0/0","0/0","0/0","0/0","0/0","0/0","0/0","0/0","0/0","0/0","0/0","0/0","0/0","0/0","0/0","0/0","0/0","0/0","0/0","0/0","0/0","0/0","0/0","0/0","0/0","0/0","0/0","0/0","0/0","0/0","0/0","0/0","0/0","0/0","0/0","0/0","0/0","0/0","0/0","0/0","0/0","0/0","0/0","0/0","0/0","0/0","0/0","0/0","0/0","0/0","0/0","0/0","0/0","0/0","0/0","0/0","0/0","0/0","0/0","0/0","0/0","0/0","0/0","0/0","0/0","0/0","0/0","0/0","0/0","0/0","0/1","0/1","0/0","0/0","0/0","0/0","0/0","0/0","0/0","0/0","0/0","0/0","0/0","0/0","0/0","0/0","0/0","0/0","0/0","0/0","0/0","0/0","0/0","0/0","0/0","0/0","0/0","0/0","0/0","0/0","0/0","0/0","0/0","0/0","0/0","0/0","0/0","0/0","0/0","0/0","0/0","0/0","0/0","0/0","0/0","0/0","0/0","0/0","0/0","0/0","0/0","0/0","0/0","0/0","0/0","0/0","0/0","0/0","0/0","0/0","0/0","0/0","0/0","0/0","0/0","0/0","0/0","0/0","0/0","0/0","0/0","0/0","0/0","0/0"
"chr16:48201497_TTCACGGATTGTGCGCTGGATCAGGGTG/T_ABCC11","0/1","0/1","0/1","0/0","0/0","0/0","0/0","0/0","0/0","0/0","0/0","0/0","0/0","0/0","0/0","0/0","0/0","0/0","0/0","0/0","0/0","0/0","0/0","0/0","0/0","0/0","0/0","0/0","0/0","0/0","0/0","0/0","0/0","0/0","0/0","0/0","0/0","0/0","0/0","0/0","0/0","0/0","0/0","0/0","0/0","0/0","0/0","0/0","0/0","0/0","0/0","0/0","0/0","0/0","0/0","0/0","0/0","0/0","0/0","0/0","0/0","0/0","0/0","0/0","0/0","0/0","0/0","0/0","0/0","0/0","0/0","0/0","0/0","0/0","0/0","0/0","0/0","0/0","0/0","0/0","0/0","0/0","0/0","0/0","0/0","0/0","0/0","0/0","0/0","0/0","0/0","0/0","0/0","0/0","0/0","0/0","0/0","0/0","0/0","0/0","0/0","0/0","0/0","0/0","0/0","0/0","0/0","0/0","0/0","0/0","0/0","0/0","0/0","0/0","0/0","0/0","0/0","0/0","0/0","0/0","0/0","0/0","0/0","0/0","0/0","0/0","0/0","0/0","0/0","0/0","0/0","0/0","0/0","0/0","0/0","0/0","0/0","0/0","0/0","0/0","0/0","0/0","0/0","0/0","0/0","0/0","0/0","0/0","0/0","0/0","0/0","0/0","0/0"
"chr16:54967108_GGCCGCCTCGACGCGCTGCAGGGCC/G_IRX5","0/0","0/0","0/0","0/0","0/0","0/0","0/0","0/0","0/0","0/0","0/0","0/0","0/0","0/0","0/0","0/0","0/0","0/0","0/0","0/0","0/0","0/0","0/0","0/0","0/0","0/0","0/0","0/0","0/0","0/0","0/0","0/0","0/0","0/0","0/0","0/0","0/0","0/0","0/0","0/0","0/0","0/0","0/0","0/0","0/0","0/0","0/0","0/0","0/1","0/0","0/0","0/0","0/0","0/0","0/0","0/0","0/0","0/0","0/0","0/0","0/0","0/0","0/0","0/0","0/0","0/0","0/0","0/0","0/0","0/0","0/0","0/0","0/0","0/0","0/0","0/0","0/0","0/0","0/0","0/0","0/0","0/0","0/0","0/0","0/0","0/0","0/0","0/0","0/0","0/0","0/0","0/0","0/0","0/0","0/0","0/0","0/0","0/0","0/0","0/0","0/0","0/0","0/0","0/0","0/0","0/0","0/0","0/0","0/0","0/0","0/0","0/0","0/0","0/0","0/0","0/0","0/0","0/0","0/0","0/0","0/0","0/0","0/0","0/0","0/0","0/0","0/0","0/0","0/0","0/0","0/0","0/0","0/0","0/0","0/0","0/0","0/0","0/0","0/0","0/0","0/0","0/0","0/0","0/0","0/0","0/0","0/0","0/0","0/0","0/0","0/0","0/0","0/0"
"chr16:55862855_GT/G_CES1","0/0","0/0","0/0","0/0","0/0","0/0","0/0","0/0","0/0","0/0","0/0","0/0","0/0","0/0","0/0","0/0","0/0","0/0","0/0","0/0","0/0","0/0","0/0","0/0","0/0","0/0","0/0","0/0","0/0","0/0","0/0","0/0","0/1","0/0","0/0","0/0","0/0","0/0","0/0","0/0","0/0","0/0","0/0","0/0","0/0","0/0","0/0","0/0","0/0","0/0","0/0","0/0","0/0","0/0","0/0","0/0","0/0","0/0","0/0","0/0","0/0","0/0","0/0","0/0","0/0","0/0","0/0","0/0","0/0","0/0","0/0","0/0","0/0","0/0","0/0","0/0","0/0","0/0","0/0","0/0","0/0","0/0","0/0","0/0","0/0","0/0","0/0","0/0","0/0","0/0","0/0","0/0","0/0","0/0","0/0","0/0","0/0","0/0","0/0","0/0","0/0","0/0","0/0","0/0","0/0","0/0","0/0","0/0","0/0","0/0","0/0","0/0","0/0","0/0","0/0","0/0","0/0","0/0","0/0","0/0","0/0","0/0","0/0","0/0","0/0","0/0","0/0","0/0","0/0","0/0","0/0","0/0","0/0","0/0","0/0","0/0","0/0","0/0","0/0","0/0","0/0","0/0","0/0","0/0","0/0","0/0","0/0","0/0","0/0","0/0","0/0","0/0","0/0"
"chr16:55862859_ACCACAGG/A_CES1","0/0","0/0","0/0","0/0","0/0","0/0","0/0","0/0","0/0","0/0","0/0","0/0","0/0","0/0","0/0","0/0","0/0","0/0","0/0","0/0","0/0","0/0","0/0","0/0","0/0","0/0","0/0","0/0","0/0","0/0","0/0","0/0","0/1","0/0","0/0","0/0","0/0","0/0","0/0","0/0","0/0","0/0","0/0","0/0","0/0","0/0","0/0","0/0","0/0","0/0","0/0","0/0","0/0","0/0","0/0","0/0","0/0","0/0","0/0","0/0","0/0","0/0","0/0","0/0","0/0","0/0","0/0","0/0","0/0","0/0","0/0","0/0","0/0","0/0","0/0","0/0","0/0","0/0","0/0","0/0","0/0","0/0","0/0","0/0","0/0","0/0","0/0","0/0","0/0","0/0","0/0","0/0","0/0","0/0","0/0","0/0","0/0","0/0","0/0","0/0","0/0","0/0","0/0","0/0","0/0","0/0","0/0","0/0","0/0","0/0","0/0","0/0","0/0","0/0","0/0","0/0","0/0","0/0","0/0","0/0","0/0","0/0","0/0","0/0","0/0","0/0","0/0","0/0","0/0","0/0","0/0","0/0","0/0","0/0","0/0","0/0","0/0","0/0","0/0","0/0","0/0","0/0","0/0","0/0","0/0","0/0","0/0","0/0","0/0","0/0","0/0","0/0","0/0"
"chr16:55862867_TG/T_CES1","0/0","0/0","0/0","0/0","0/0","0/0","0/0","0/0","0/0","0/0","0/0","0/0","0/0","0/0","0/0","0/0","0/0","0/0","0/0","0/0","0/0","0/0","0/0","0/0","0/0","0/0","0/0","0/0","0/0","0/0","0/0","0/0","0/1","0/0","0/0","0/0","0/0","0/0","0/0","0/0","0/0","0/0","0/0","0/0","0/0","0/0","0/0","0/0","0/0","0/0","0/0","0/0","0/0","0/0","0/0","0/0","0/0","0/0","0/0","0/0","0/0","0/0","0/0","0/0","0/0","0/0","0/0","0/0","0/0","0/0","0/0","0/0","0/0","0/0","0/0","0/0","0/0","0/0","0/0","0/0","0/0","0/0","0/0","0/0","0/0","0/0","0/0","0/0","0/0","0/0","0/0","0/0","0/0","0/0","0/0","0/0","0/0","0/0","0/0","0/0","0/0","0/0","0/0","0/0","0/0","0/0","0/0","0/0","0/0","0/0","0/0","0/0","0/0","0/0","0/0","0/0","0/0","0/0","0/0","0/0","0/0","0/0","0/0","0/0","0/0","0/0","0/0","0/0","0/0","0/0","0/0","0/0","0/0","0/0","0/0","0/0","0/0","0/0","0/0","0/0","0/0","0/0","0/0","0/0","0/0","0/0","0/0","0/0","0/0","0/0","0/0","0/0","0/0"
"chr16:57060370_CCAG/C_NLRC5","0/0","0/0","0/0","0/0","0/0","0/0","0/0","0/0","0/0","0/0","0/0","0/0","0/0","0/0","0/0","0/0","0/0","0/0","0/0","0/0","0/1","0/0","0/0","0/0","0/0","0/0","0/0","0/0","0/0","0/0","0/0","0/0","0/0","0/0","0/0","0/0","0/0","0/0","0/0","0/0","0/0","0/0","0/0","0/0","0/0","0/0","0/0","0/0","0/0","0/0","0/0","0/0","0/0","0/0","0/0","0/0","0/0","0/0","0/0","0/0","0/0","0/0","0/0","0/0","0/0","0/0","0/0","0/0","0/0","0/0","0/0","0/0","0/0","0/0","0/0","0/0","0/0","0/0","0/0","0/0","0/0","0/0","0/0","0/0","0/0","0/0","0/0","0/0","0/0","0/0","0/0","0/0","0/0","0/0","0/0","0/0","0/0","0/0","0/0","0/0","0/0","0/0","0/0","0/0","0/0","0/0","0/0","0/0","0/0","0/0","0/0","0/0","0/0","0/0","0/0","0/0","0/0","0/0","0/0","0/0","0/0","0/0","0/0","0/0","0/0","0/0","0/0","0/0","0/0","0/0","0/0","0/0","0/0","0/0","0/0","0/0","0/0","0/0","0/0","0/0","0/0","0/0","0/0","0/0","0/0","0/0","0/0","0/0","0/0","0/0","0/0","0/0","0/0"
"chr16:57073702_CA/C_NLRC5","0/0","0/0","0/0","0/0","0/0","0/0","0/0","0/0","0/0","0/0","0/0","0/0","0/0","0/0","0/0","0/0","0/0","0/0","0/0","0/0","0/0","0/0","0/0","0/0","0/0","0/0","0/0","0/0","0/0","0/0","0/0","0/0","0/0","0/0","0/0","0/0","0/1","0/0","0/0","0/0","0/0","0/0","0/0","0/0","0/0","0/0","0/0","0/0","0/0","0/0","0/0","0/0","0/0","0/0","0/0","0/0","0/0","0/0","0/0","0/0","0/0","0/0","0/0","0/0","0/0","0/0","0/0","0/0","0/0","0/0","0/0","0/0","0/0","0/0","0/0","0/0","0/0","0/0","0/0","0/0","0/0","0/0","0/0","0/0","0/0","0/0","0/0","0/0","0/0","0/0","0/0","0/0","0/0","0/0","0/0","0/0","0/0","0/0","0/0","0/0","0/0","0/0","0/0","0/0","0/0","0/0","0/0","0/0","0/0","0/0","0/0","0/0","0/0","0/0","0/0","0/0","0/0","0/0","0/0","0/0","0/0","0/0","0/0","0/0","0/0","0/0","0/0","0/0","0/0","0/0","0/0","0/0","0/0","0/0","0/0","0/0","0/0","0/0","0/0","0/0","0/0","0/0","0/0","0/0","0/0","0/0","0/0","0/0","0/0","0/0","0/0","0/0","0/0"
"chr16:57731884_TGGA/T_DRC7","0/0","0/0","0/0","0/0","0/0","0/0","0/0","0/0","0/0","0/0","0/0","0/0","0/0","0/0","0/0","0/0","0/0","0/0","0/0","0/0","0/0","0/0","0/0","0/0","0/0","0/0","0/0","0/0","0/0","0/0","0/0","0/0","0/0","0/0","0/0","0/0","0/0","0/0","0/0","0/0","0/0","0/0","0/0","0/0","0/0","0/0","0/0","0/0","0/0","0/0","0/0","0/0","0/0","0/0","0/0","0/0","0/0","0/0","0/0","0/0","0/0","0/0","0/0","0/0","0/0","0/0","0/0","0/0","0/0","0/0","0/0","0/0","0/0","0/0","0/0","0/0","0/0","0/0","0/0","0/0","0/0","0/0","0/0","0/0","0/0","0/0","0/0","0/0","0/0","0/0","0/0","0/0","0/0","0/0","0/0","0/0","0/0","0/0","0/0","0/0","0/0","0/0","0/0","0/0","0/0","0/0","0/1","0/0","0/0","0/0","0/0","0/0","0/0","0/0","0/0","0/0","0/0","0/0","0/1","0/0","0/0","0/0","0/0","0/0","0/0","0/0","0/0","0/0","0/0","0/0","0/0","0/0","0/0","0/0","0/0","0/0","0/0","0/0","0/0","0/0","0/0","0/0","0/0","0/0","0/0","0/0","0/0","0/0","0/0","0/0","0/0","0/0","0/0"
"chr16:57847634_A/ATG_LOC388282",".",".",".",".",".","1/1",".","0/0",".",".","1/1",".",".",".","0/0",".",".",".","1/1",".",".",".",".",".",".",".","1/1",".",".",".","0/0",".",".","1/1",".",".",".",".",".",".","0/0",".",".","0/1",".",".",".",".","0/0",".","0/0",".",".",".",".","0/0",".",".",".",".",".",".","1/1",".",".",".","1/1",".",".",".","0/1",".",".",".",".",".",".","1/1",".","0/0",".","0/0",".",".",".",".",".",".",".",".","1/1",".",".",".",".",".","1/1",".",".","0/0",".",".","1/1",".",".","1/1","1/1",".","1/1","1/1",".",".","1/1","1/1","1/1",".",".",".","1/1","1/1",".",".",".",".","1/1",".",".","1/1",".",".",".",".",".",".",".",".",".",".",".","0/0",".",".","1/1",".",".",".",".",".","1/1",".",".",".","."
"chr16:58552314_CTG/C_SETD6","0/0","0/0","0/0","0/0","0/0","0/0","0/0","0/0","0/0","0/0","0/0","0/0","0/0","0/0","0/0","0/0","0/0","0/0","0/0","0/0","0/0","0/0","0/0","0/0","0/0","0/0","0/0","0/0","0/0","0/0","0/0","0/0","0/0","0/0","0/0","0/0","0/0","0/0","0/0","0/0","0/0","0/0","0/0","0/0","0/0","0/0","0/0","0/0","0/0","0/0","0/0","0/0","0/0","0/0","0/0","0/0","0/0","0/0","0/0","0/0","0/0","0/0","0/0","0/0","0/0","0/0","0/0","0/0","0/0","0/0","0/0","0/0","0/0","0/0","0/0","0/0","0/0","0/0","0/0","0/0","0/0","0/1","0/0","0/0","0/0","0/0","0/0","0/0","0/0","0/0","0/0","0/0","0/0","0/0","0/0","0/0","0/0","0/0","0/0","0/0","0/0","0/0","0/0","0/0","0/0","0/0","0/0","0/0","0/0","0/0","0/0","0/0","0/0","0/0","0/0","0/0","0/0","0/0","0/0","0/0","0/0","0/0","0/0","0/0","0/0","0/0","0/0","0/0","0/0","0/0","0/0","0/0","0/0","0/0","0/0","0/0","0/0","0/0","0/0","0/0","0/0","0/0","0/0","0/0","0/0","0/0","0/0","0/0","0/0","0/0","0/0","0/0","0/0"
"chr16:58577315_GA/G_CNOT1","1/1","1/1","0/1",".","1/1","1/1","0/1","0/1","0/1","0/1","0/0","0/1",".","0/1","0/1","0/1","0/0","0/2","0/1","0/0","0/0","0/0","0/0","0/1","0/0","0/1","0/1","0/1","0/1","0/0","0/1","1/1","0/0","0/0","0/1","0/0","0/1","0/1","0/1","0/1","0/0","0/0","0/1","0/0","0/0","0/1","0/0","0/0","0/0","0/1","0/0","0/1","0/1","0/0","0/1","0/2","0/1","0/1","0/0","0/2","0/0","0/1","0/1","0/0","0/0","0/0","0/0","0/1","0/1","0/0","0/0","0/1","0/1","0/0","0/0","0/0","0/0","0/0","0/0","0/0","0/0","0/1","0/0","1/1","0/1","0/0","0/0","1/1","0/1","0/1","0/1","0/1","0/0","0/0","0/0","0/1","0/1","0/1","0/1","0/1","0/0","0/1","0/0","0/1","0/1","0/1","0/1","0/0","0/0","0/1",".","0/0","0/0","0/0","0/1","0/0","0/0","1/1","0/1","0/1","0/1",".","0/0","0/1","0/1","0/1","0/1","0/1","0/0","0/0","0/0","0/0","0/0","0/1","0/0","0/2","0/1",".","0/0","0/1","0/1","0/2","0/0","0/1","0/1","0/1","0/1","0/1","0/1","0/0","0/1","0/1","0/0"
"chr16:66945905_TG/T_CDH16","0/0","0/0","0/0","0/0","0/0","0/0","0/0","0/0","0/0","0/0","0/0","0/0","0/0","0/0","0/0","0/0","0/0","0/0","0/0","0/0","0/0","0/0","0/0","0/0","0/0","0/0","0/0","0/0","0/0","0/0","0/0","0/0","0/0","0/0","0/0","0/0","0/1","0/0","0/0","0/0","0/0","0/0","0/0","0/0","0/0","0/0","0/0","0/0","0/0","0/0","0/0","0/0","0/0","0/0","0/0","0/0","0/0","0/0","0/0","0/0","0/0","0/0","0/0","0/0","0/0","0/0","0/0","0/0","0/0","0/0","0/0","0/0","0/0","0/0","0/0","0/0","0/0","0/0","0/0","0/0","0/0","0/0","0/0","0/0","0/0","0/0","0/0","0/0","0/0","0/0","0/0","0/0","0/0","0/0","0/0","0/0","0/0","0/0","0/0","0/0","0/0","0/0","0/0","0/0","0/0","0/0","0/0","0/0","0/0","0/0","0/0","0/0","0/0","0/0","0/0","0/0","0/0","0/0","0/0","0/0","0/0","0/0","0/0","0/0","0/0","0/0","0/0","0/0","0/0","0/0","0/0","0/0","0/0","0/0","0/0","0/0","0/0","0/0","0/0","0/0","0/0","0/0","0/0","0/0","0/0","0/0","0/0","0/0","0/0","0/0","0/0","0/0","0/0"
"chr16:67037164_TGCCCACC/T_CES4A","0/0","0/0","0/0","0/0","0/0","0/0","0/0","0/0","0/0","0/0","0/0","0/0","0/0","0/0","0/0","0/0","0/0","0/0","0/0","0/0","0/0","0/0","0/0","0/0","0/0","0/0","0/0","0/0","0/0","0/0","0/0","0/0","0/0","0/0","0/0","0/0","0/0","0/0","0/0","0/0","0/0","0/0","0/0","0/0","0/0","0/0","0/0","0/0","0/0","0/0","0/0","0/0","0/0","0/0","0/0","0/0","0/0","0/0","0/0","0/0","0/0","0/0","0/0","0/0","0/0","0/0","0/0","0/0","0/0","0/0","0/0","0/0","0/0","0/0","0/0","0/0","0/0","0/0","0/0","0/0","0/0","0/0","0/0","0/0","0/0","0/0","0/0","0/0","0/0","0/0","0/0","0/0","0/0","0/0","0/0","0/0","0/0","0/1","0/0","0/0","0/0","0/0","0/0","0/0","0/0","0/0","0/0","0/0","0/0","0/0","0/0","0/0","0/0","0/0","0/0","0/0","0/0","0/0","0/0","0/0","0/0","0/0","0/0","0/0","0/0","0/0","0/0","0/0","0/0","0/0","0/0","0/0","0/0","0/0","0/0","0/0","0/0","0/0","0/0","0/0","0/0","0/0","0/0","0/0","0/0","0/0","0/0","0/0","0/0","0/0","0/0","0/0","0/0"
"chr16:67183491_G/GCA_B3GNT9","0/0","0/0","0/0","0/0","0/0","0/0","0/0","0/0","0/0","0/0","0/0","0/0","0/0","0/0","0/0","0/0","0/0","0/0","0/0","0/0","0/0","0/0","0/0","0/0","0/1","0/0","0/0","0/0","0/0","0/0","0/0","0/0","0/0","0/0","0/0","0/0","0/0","0/0","0/0","0/0","0/0","0/0","0/0","0/0","0/0","0/0","0/0","0/0","0/0","0/0","0/0","0/0","0/0","0/0","0/0","0/0","0/0","0/0","0/0","0/0","0/0","0/0","0/0","0/0","0/0","0/0","0/0","0/0","0/0","0/0","0/0","0/0","0/0","0/0","0/0","0/0","0/0","0/0","0/0","0/0","0/0","0/0","0/0","0/0","0/0","0/0","0/0","0/0","0/0","0/0","0/0","0/0","0/0","0/0","0/0","0/0","0/0","0/0","0/0","0/0","0/0","0/0","0/0","0/0","0/0","0/0","0/0","0/0","0/0","0/0","0/0","0/0","0/0","0/0","0/0","0/0","0/0","0/0","0/0","0/0","0/0","0/0","0/0","0/0","0/0","0/0","0/0","0/0","0/0","0/0","0/0","0/0","0/0","0/0","0/0","0/0","0/0","0/0","0/0","0/0","0/0","0/0","0/0","0/0","0/0","0/0","0/0","0/0","0/0","0/0","0/0","0/0","0/0"
"chr16:67229793_ACAG/A_E2F4","0/0","0/0","0/0","0/0","0/0","0/0","0/0","0/0","0/0","0/0","0/0","0/2","0/2","0/0","0/0","0/0","0/4","0/0","0/0","0/0","0/0","0/0","0/0","0/0","0/0","0/0","0/0","0/0","0/0","3/4","0/0","0/0","0/0","0/0","0/0","0/0","0/1","0/0","0/0","0/0","0/0","0/0","0/0","0/0","0/0","0/0","0/0","0/0","0/0","0/0","0/0","0/0","0/0","0/0","0/2","0/0","0/0","0/0","0/0","0/4","0/0","0/4","0/0","0/0","0/0","0/0","0/0","0/0","0/0","0/1","0/0","0/0","0/0","0/0","0/0","0/1","0/0","0/0","0/0","0/0","0/1","0/0","0/0","0/0","0/0","0/0","0/0","0/1","0/0","0/0","0/0","0/0","0/0","0/0","0/0","0/0","0/0","0/0","0/0","0/0","0/0","0/3","0/0","0/0","0/0","0/0","0/0","0/0","0/0","0/3","0/0","0/0","0/0","0/0","0/0","0/0","0/0","0/4","0/0","0/4","0/0","0/0","0/0","0/4","0/0","0/0","0/1","0/1","0/0","0/0","0/0","0/1","0/4","0/0","0/4","0/4","0/0","0/0","0/5","0/5","0/5","0/0","0/0","0/0","0/0","0/0","0/0","0/0","0/0","0/0","0/0","0/0","0/0"
"chr16:67229833_C/CAACAGT_E2F4","0/0","0/0","0/0","0/0","0/0","0/0","0/0","0/0","0/0","0/0","0/0","0/0","0/0","0/0","0/0","0/0","0/0","0/0","0/0","0/0","0/0","0/0","0/0","0/0","0/0","0/0","0/0","0/0","0/0","0/0","0/0","0/0","0/0","0/0","0/0","0/0","0/0","0/0","0/0","0/0","0/0","0/0","0/0","0/0","0/0","0/0","0/0","0/0","0/0","0/0","0/0","0/0","0/0","0/0","0/0","0/0","0/0","0/0","0/0","0/0","0/0","0/0","0/0","0/0","0/0","0/0","0/0","0/0","0/0","0/0","0/0","0/0","0/0","0/0","0/0","0/0","0/0","0/0","0/0","0/0","0/0","0/0","0/0","0/0","0/0","0/0","0/0","0/0","0/0","0/0","0/0","0/0","0/0","0/0","0/0","0/0","0/0","0/0","0/1","0/1","0/0","0/0","0/0","0/0","0/0","0/0","0/0","0/0","0/0","0/0","0/0","0/0","0/0","0/0","0/0","0/0","0/0","0/0","0/0","0/0","0/0","0/0","0/0","0/0","0/0","0/0","0/0","0/0","0/0","0/0","0/0","0/0","0/0","0/0","0/0","0/0","0/0","0/0","0/0","0/0","0/0","0/0","0/0","0/0","0/0","0/0","0/0","0/0","0/0","0/0","0/0","0/0","0/0"
"chr16:67645499_CA/C_CTCF","0/0","0/0","0/0","0/0","0/0","0/0","0/0","0/0","0/0","0/0","0/0","0/0","0/0","0/0","0/0","0/0","0/0","0/0","0/0","0/0","0/0","0/0","0/0","0/0","0/0","0/0","0/0","0/0","0/0","0/0","0/0","0/0","0/0","0/0","0/0","0/0","0/0","0/0","0/0","0/0","0/0","0/0","0/0","0/0","0/0","0/0","0/0","0/0","0/0","0/0","0/0","0/0","0/1","0/0","0/0","0/0","0/0","0/0","0/0","0/0","0/0","0/0","0/0","0/0","0/0","0/0","0/0","0/0","0/0","0/0","0/0","0/0","0/0","0/0","0/0","0/0","0/0","0/0","0/0","0/0","0/0","0/0","0/0","0/0","0/0","0/0","0/0","0/0","0/0","0/0","0/0","0/0","0/0","0/0","0/0","0/0","0/0","0/0","0/0","0/0","0/0","0/0","0/0","0/0","0/0","0/0","0/0","0/0","0/0","0/0","0/0","0/0","0/0","0/0","0/0","0/0","0/0","0/0","0/0","0/0","0/0","0/0","0/0","0/0","0/0","0/0","0/0","0/0","0/0","0/0","0/0","0/0","0/0","0/0","0/0","0/0","0/0","0/0","0/0","0/0","0/0","0/0","0/0","0/0","0/0","0/0","0/0","0/0","0/0","0/0","0/0","0/0","0/0"
"chr16:67876823_ACAGCAGCAG/ACAGCAG_THAP11","0/0","0/0","0/0","0/0","0/0","0/0","0/0","0/0","0/0","0/0","0/1","0/0","0/0","0/0","0/0","0/0","0/0","0/0","0/0","0/0","0/0","0/0","0/0","0/0","0/0","0/0","0/0","0/0","0/0","0/0","0/0","0/2","0/0","0/0","0/0","0/0","0/0","0/0","0/0","0/0","0/0","0/0","0/0","0/0","0/0","0/0","0/0","0/0","0/0","0/0","0/0","0/0","0/0","0/0","0/1","0/0","0/0","0/0","0/0","0/0","0/0","0/0","0/0","0/0","0/0","0/0","0/0","0/0","0/5","0/1","0/0","0/0","0/0","0/0","0/0","0/0","0/0","0/3","0/3","0/0","0/0","0/0","0/0","0/0","0/0","0/0","0/0","0/0","0/0","0/0","0/0","0/0","0/0","0/0","0/0","0/0","0/0","0/0","0/0","0/0","0/0","0/0","0/0","0/0","0/0","0/0","0/0","0/0","0/0","0/0","0/0","0/0","0/0","0/0","0/0","0/1","0/0","0/4","0/5","0/4","0/5","0/5","0/0","0/4","0/0","0/0","0/0","0/0","0/0","0/0","0/0","0/0","0/0","0/0","0/0","0/0","0/0","0/0","0/1","0/1","0/1","0/0","0/0","0/0","0/0","0/0","0/0","0/0","0/0","0/0","0/0","0/1","0/0"
"chr16:67918824_CCGCCGCTGCTGCTGCCGG/C_NRN1L","0/0","0/0","0/0","0/0","0/0","0/0","0/0","0/0","0/0","0/0","0/0","0/0","0/0","0/0","0/0","0/0","0/0","0/0","0/0","0/0","0/0","0/0","0/0","0/0","0/0","0/0","0/0","0/0","0/0","0/0","0/0","0/0","0/0","0/0","0/0","0/0","0/0","0/0","0/0","0/0","0/0","0/0","0/0","0/0","0/0","0/0","0/0","0/0","0/0","0/0","0/0","0/0","0/0","0/0","0/0","0/0","0/0","0/0","0/0","0/0","0/0","0/0","0/0","0/0","0/0","0/0","0/0","0/0","0/0","0/0","0/0","0/0","0/0","0/0","0/0","0/1","0/1","0/0","0/0","0/0","0/0","0/0","0/0","0/0","0/0","0/0","0/0","0/0","0/0","0/0","0/0","0/0","0/0","0/0","0/0","0/0","0/0","0/0","0/0","0/0","0/0","0/0","0/0","0/0","0/0","0/0","0/0","0/0","0/0","0/0","0/0","0/0","0/0","0/0","0/0","0/0","0/0","0/0","0/0","0/0","0/0","0/0","0/0","0/0","0/0","0/0","0/0","0/0","0/0","0/0","0/0","0/0","0/0","0/0","0/0","0/0","0/0","0/0","0/0","0/0","0/0","0/0","0/0","0/0","0/0","0/0","0/0","0/0","0/0","0/0","0/0","0/0","0/0"
"chr16:68002495_GCCCGCCGCTGTC/G_SLC12A4","0/0","0/0","0/0","0/0","0/1","0/1","0/1","0/1","0/1","0/0","0/1","0/0","0/0","0/0","0/0","0/0","0/0","0/1","0/0","0/0","0/0","1/1","0/0","0/0","0/0","0/1","0/0","0/0","0/1","0/0","0/0","0/1","0/0","0/0","0/0","0/0","0/0","0/0","0/0","0/0","0/0","0/0","0/0","0/1","0/0","0/0","0/0","0/0","0/0","0/0","0/0","0/0","0/0","0/0","0/0","0/0","0/0","0/1","0/0","0/1","0/0","0/0","0/0","0/0","0/0","0/0","0/0","0/0","0/0","0/0","0/0","0/0","0/0","0/0","0/0","0/1","0/1","0/0","0/0","0/0","0/0","0/1","0/0","0/0","0/0","0/0","0/0","0/0","0/0","0/0","0/0","0/0","0/0","0/0","0/0","0/0","0/0","0/1","0/0","0/0","0/1","0/0","0/1","0/0","0/0","0/0","0/0","0/0","0/0","0/0","0/0","0/0","0/0","0/0","0/1","0/0","0/0","0/0","0/0","0/0","0/0","0/0","0/0","0/0","0/1","0/1","0/0","0/0","0/0","0/0","0/0","0/0","0/0","0/0","0/0","0/0","0/0","0/0","0/0","0/0","0/0","0/0","0/0","0/0","0/0","0/0","0/0","0/0","0/0","0/0","0/0","0/0","0/0"
"chr16:69117538_GAGA/G_TANGO6","0/0","0/0","0/0","0/0","0/0","0/0","0/0","0/0","0/0","0/0","0/0","0/1","0/1","0/0","0/0","0/0","0/0","0/0","0/0","0/0","0/0","0/0","0/0","0/0","0/0","0/0","0/0","0/0","0/0","0/0","0/0","0/0","0/0","0/0","0/0","0/0","0/0","0/0","0/0","0/0","0/0","0/0","0/0","0/0","0/0","0/0","0/0","0/0","0/0","0/0","0/0","0/0","0/0","0/0","0/0","0/0","0/0","0/0","0/0","0/0","0/0","0/0","0/0","0/0","0/0","0/0","0/0","0/0","0/0","0/0","0/0","0/0","0/0","0/0","0/0","0/0","0/0","0/0","0/0","0/0","0/0","0/0","0/0","0/0","0/0","0/0","0/0","0/0","0/0","0/0","0/0","0/0","0/0","0/0","0/0","0/0","0/0","0/0","0/0","0/0","0/0","0/0","0/0","0/0","0/0","0/0","0/0","0/0","0/0","0/0","0/0","0/0","0/0","0/0","0/0","0/0","0/0","0/0","0/0","0/0","0/0","0/0","0/0","0/0","0/0","0/0","0/0","0/0","0/0","0/0","0/0","0/0","0/0","0/0","0/0","0/0","0/0","0/0","0/0","0/0","0/0","0/0","0/0","0/0","0/0","0/0","0/0","0/0","0/0","0/0","0/0","0/0","0/0"
"chr16:69353398_CTG/C_VPS4A","0/0","0/0","0/0","0/0","0/0","0/0","0/0","0/0","0/0","0/0","0/0","0/0","0/0","0/0","0/0","0/0","0/0","0/0","0/0","0/0","0/0","0/0","0/0","0/0","0/0","0/0","0/0","0/0","0/0","0/0","0/0","0/0","0/0","0/0","0/0","0/0","0/0","0/0","0/0","0/0","0/0","0/0","0/0","0/0","0/0","0/0","0/0","0/0","0/0","0/0","0/0","0/0","0/0","0/0","0/0","0/0","0/0","0/0","0/0","0/0","0/0","0/0","0/0","0/0","0/0","0/0","0/0","0/0","0/0","0/0","0/0","0/0","0/0","0/0","0/0","0/0","0/0","0/0","0/0","0/0","0/0","0/0","0/0","0/0","0/0","0/0","0/0","0/0","0/0","0/0","0/0","0/0","0/0","0/0","0/0","0/0","0/0","0/0","0/0","0/0","0/0","0/0","0/0","0/0","0/0","0/0","0/0","0/0","0/0","0/0","0/0","0/0","0/0","0/0","0/0","0/0","0/0","0/0","0/0","0/0","0/0","0/0","0/0","0/0","0/0","0/1","0/0","0/0","0/0","0/0","0/0","0/0","0/0","0/0","0/0","0/0","0/0","0/0","0/0","0/0","0/0","0/0","0/0","0/0","0/0","0/0","0/0","0/0","0/0","0/0","0/0","0/0","0/0"
"chr16:70896015_GA/G_HYDIN","0/1","0/1","0/1","0/1","0/1","0/1","0/1","0/1","0/1","0/1","0/1","0/1","0/1","0/1","0/1","0/1","0/1","0/1","0/1","0/1","0/1","0/1","0/1","0/1","0/1","0/1","0/1","0/1","0/1","0/1","0/1","0/1","0/1","0/1","0/1","0/1","0/1","0/1","0/1","0/1","0/1","0/1","0/1","0/1","0/1","0/1","0/1","0/1","0/1","0/1","0/1","0/1","0/1","0/1","0/1","0/1","0/1","0/1","0/1","0/1","0/1","0/1","0/1","0/1","0/1","0/1","0/1","0/1","0/1","0/1","0/1","0/1","0/1","0/1","0/1","0/1","0/1","0/1","0/1","0/1","0/1","0/1","0/1","0/1","0/1","0/1","0/1","0/1","0/1","0/1","0/1","0/1","0/1","0/1","0/1","0/1","0/1","0/1","0/1","0/1","0/1","0/1","0/1","0/1","0/1","0/1","0/1","0/1","0/1","0/1","0/1","0/1","0/1","0/1","0/1","0/1","0/1","0/1","0/1","0/1","0/1","0/1","0/1","0/1","0/1","0/1","0/1","0/1","0/1","0/1","0/1","0/1","0/1","0/1","0/1","0/1","0/1","0/1","0/1","0/1","0/1","0/1","0/1","0/1","0/1","0/1","0/1","0/1","0/1","0/1","0/1","0/1","0/1"
"chr16:70954703_GGCGCTCCTTCTCCGT/G_HYDIN","0/1","0/1","0/1","0/1","0/1","0/1","0/1","0/1","0/1","0/1","0/1","0/1","0/1","0/1","0/1","0/1","0/1","0/1","0/1","0/1","0/1","0/1","0/1","0/1","0/1","0/1","0/1","0/1","0/1","0/1","0/1","0/1","0/1","0/1","0/1","0/1","0/1","0/1","0/1","0/1","0/1","0/1","0/1","0/1","0/1","0/1","0/1","0/1","0/1","0/1","0/1","0/1","0/1","0/1","0/1","0/1","0/1","0/1","0/1","0/1","0/1","0/1","0/1","0/1","0/1","0/1","0/1","0/1","0/1","0/1","0/1","0/1","0/1","0/1","0/1","0/1","0/1","0/1","0/1","0/1","0/1","0/1","0/1","0/1","0/1","0/1","0/1","0/1","0/1","0/1","0/1","0/1","0/1","0/1","0/1","0/1","0/1","0/1","0/1","0/1","0/1","0/1","0/1","0/1","0/1","0/1","0/1","0/1","0/1","0/1","0/1","0/1","0/1","0/1","0/1","0/1","0/1","0/1","0/1","0/1","0/1","0/1","0/1","0/1","0/1","0/1","0/1","0/1","0/1","0/1","0/1","0/1","0/1","0/1","0/1","0/1","0/1","0/1","0/1","0/1","0/1","0/1","0/1","0/1","0/1","0/1","0/1","0/1","0/1","0/1","0/1","0/1","0/1"
"chr16:71009141_C/CT_HYDIN","0/0","0/0","0/0","0/0","0/0","0/0","0/0","0/0","0/0","0/0","0/0","0/0","0/0","0/0","0/0","0/0","0/0","0/0","0/0","0/0","0/0","0/0","0/0","0/0","0/0","0/0","0/0","0/0","0/0","0/0","0/0","0/0","0/0","0/0","0/0","0/0","0/0","0/0","0/0","0/1","0/0","0/0","0/0","0/0","0/0","0/0","0/0","0/0","0/0","0/0","0/0","0/0","0/0","0/0","0/0","0/0","0/0","0/0","0/0","0/0","0/0","0/0","0/0","0/0","0/0","0/0","0/0","0/0","0/0","0/0","0/0","0/0","0/0","0/0","0/0","0/0","0/0","0/0","0/0","0/0","0/0","0/0","0/0","0/0","0/0","0/0","0/0","0/0","0/0","0/0","0/0","0/0","0/0","0/0","0/0","0/0","0/0","0/0","0/0","0/0","0/0","0/0","0/0","0/0","0/0","0/0","0/0","0/0","0/0","0/0","0/0","0/0","0/0","0/0","0/0","0/0","0/0","0/0","0/0","0/0","0/0","0/0","0/0","0/0","0/0","0/0","0/0","0/0","0/0","0/0","0/0","0/0","0/0","0/0","0/0","0/0","0/0","0/0","0/0","0/0","0/0","0/0","0/0","0/0","0/0","0/0","0/0","0/0","0/0","0/0","0/0","0/0","0/0"
"chr16:71510045_C/CAA_ZNF19","0/0","0/0","0/0","0/0","0/0","0/0","0/0","0/0","0/0","0/0","0/0","0/0","0/0","0/0","0/0","0/0","0/0","0/0","0/0","0/0","0/0","0/0","0/0","0/0","0/0","0/0","0/0","0/0","0/0","0/0","0/0","0/0","0/0","0/0","0/0","0/0","0/0","0/0","0/0","0/0","0/0","0/0","0/0","0/0","0/1","0/0","0/0","0/0","0/0","0/0","0/0","0/0","0/0","0/0","0/0","0/0","0/0","0/0","0/0","0/0","0/0","0/0","0/0","0/0","0/0","0/0","0/0","0/0","0/0","0/0","0/0","0/0","0/0","0/0","0/0","0/0","0/0","0/0","0/0","0/0","0/0","0/0","0/0","0/0","0/0","0/0","0/0","0/0","0/0","0/0","0/0","0/0","0/0","0/0","0/0","0/0","0/0","0/0","0/0","0/0","0/0","0/0","0/0","0/0","0/0","0/0","0/0","0/0","0/0","0/0","0/0","0/0","0/0","0/0","0/0","0/0","0/0","0/0","0/0","0/0","0/0","0/0","0/0","0/0","0/0","0/0","0/0","0/0","0/0","0/0","0/0","0/0","0/0","0/0","0/0","0/0","0/0","0/0","0/0","0/0","0/0","0/0","0/0","0/0","0/0","0/0","0/0","0/0","0/0","0/0","0/0","0/0","0/0"
"chr16:71571183_GC/G_CHST4","0/0","0/0","0/0","0/0","0/0","0/0","0/0","0/0","0/0","0/0","0/0","0/0","0/0","0/0","0/0","0/0","0/0","0/0","0/0","0/0","0/0","0/1","0/0","0/0","0/0","0/0","0/0","0/0","0/0","0/0","0/0","0/0","0/0","0/0","0/0","0/0","0/0","0/0","0/0","0/0","0/0","0/0","0/0","0/0","0/0","0/0","0/0","0/0","0/0","0/0","0/0","0/0","0/0","0/0","0/0","0/0","0/0","0/0","0/0","0/0","0/0","0/0","0/0","0/0","0/0","0/0","0/0","0/0","0/0","0/0","0/0","0/0","0/0","0/0","0/0","0/0","0/0","0/0","0/0","0/0","0/0","0/0","0/0","0/0","0/0","0/0","0/0","0/0","0/0","0/0","0/0","0/0","0/0","0/0","0/0","0/0","0/0","0/0","0/0","0/0","0/0","0/0","0/0","0/0","0/0","0/0","0/0","0/0","0/0","0/0","0/0","0/0","0/0","0/0","0/0","0/0","0/0","0/0","0/0","0/0","0/0","0/0","0/0","0/0","0/0","0/0","0/0","0/0","0/0","0/0","0/0","0/0","0/0","0/0","0/0","0/0","0/0","0/0","0/0","0/0","0/0","0/0","0/0","0/0","0/0","0/0","0/0","0/0","0/0","0/0","0/0","0/0","0/0"
"chr16:71956511_AATGCCC/A_IST1","0/1","0/1","0/1","0/1","0/1","0/1","0/1","0/1","0/1","0/0","0/1","1/1","0/0","0/0","0/0","0/0","0/0","0/0","0/0","0/0","0/0","0/0","0/1","0/0","0/0","0/0","0/1","1/1","0/1","0/0","0/0","0/0","1/1","0/1","0/1","0/0","0/1","1/1","0/0","0/0","0/0","0/0","0/0","0/0","0/0","0/1","0/0","1/1","0/1","0/1","0/0","0/0","0/1","0/0","0/1","0/0","0/1","0/1","0/1","0/1","0/0","0/0","0/1","0/0","0/0","0/1","0/0","0/0","0/0","0/0","0/1","0/1","0/1","0/0","0/0","0/1","0/1","0/0","0/0","0/1","0/1","0/0","0/0","0/1","0/1","0/1","0/1","0/1","0/1","0/1","0/0","0/1","0/1","0/1","0/1","0/0","0/1","0/0","0/1","0/1","0/0","0/1","0/0","0/0","0/0","0/1","0/1","1/1","1/1","0/1","0/1","0/0","0/0","1/2","0/1","0/0","0/0","0/0","0/1","0/0","0/1","0/1","0/0","0/0","0/1","0/1","1/2","1/2","0/0","0/0","0/0","0/0","0/0","0/0","0/0","0/0","0/0","0/0","0/0","0/0","0/0","0/0","0/0","0/0","0/0","0/0","0/0","0/0","0/0","0/1","0/1","0/1","0/1"
"chr16:71981414_C/CTTTG_PKD1L3","1/1","1/1","1/1","1/1","1/1","1/1","1/1","1/1","1/1","1/1","1/1","1/1","1/1","1/1","0/1","1/1","1/1","1/1","1/1","1/1","1/1","1/1","1/1","1/1","1/1","1/1","1/1","1/1","1/1","1/1","0/1","1/1","1/1","1/1","1/1","1/1","1/1","1/1","1/1","1/1","1/1","1/1","1/1","1/1","1/1","1/1","1/1","1/1","1/1","1/1","1/1","1/1","1/1","1/1","1/1","1/1","1/1","1/1","1/1","1/1","1/1","1/1","1/1","1/1","1/1","0/1","1/1","1/1","1/1","1/1","0/1","1/1","1/1","1/1","1/1","1/1","1/1","1/1","1/1","1/1","1/1","1/1","1/1","1/1","1/1","1/1","1/1","1/1","1/1","1/1","1/1","1/1","1/1","1/1","1/1","1/1","1/1","1/1","1/1","1/1","1/1","1/1","1/1","1/1","1/1","1/1","1/1","1/1","1/1","1/1","1/1","1/1","1/1","1/1","1/1","1/1","1/1","1/1","1/1","1/1","1/1","1/1","1/1","1/1","1/1","1/1","1/1","1/1","1/1","1/1","1/1","1/1","1/1","1/1","1/1","1/1","1/1","1/1","1/1","1/1","1/1","1/1","1/1","0/1","0/1","0/1","1/1","1/1","1/1","1/1","1/1","1/1","1/1"
"chr16:72153874_GC/G_PMFBP1","0/0","0/0","0/0","0/0","0/0","0/0","0/0","0/0","0/0","0/0","0/0","0/0","0/0","0/0","0/0","0/0","0/0","0/0","0/0","0/0","0/0","0/0","0/0","0/0","0/0","0/0","0/0","0/1","0/0","0/0","0/0","0/0","0/0","0/0","0/0","0/0","0/0","0/0","0/0","0/0","0/0","0/0","0/0","0/0","0/0","0/0","0/0","0/0","0/0","0/0","0/0","0/1","0/0","0/0","0/0","0/0","0/0","0/0","0/0","0/0","0/0","0/0","0/1","0/0","0/0","0/0","0/0","0/0","0/0","0/0","0/0","0/0","0/0","0/0","0/0","0/0","0/0","0/0","0/0","0/0","0/0","0/0","0/0","0/0","0/0","0/0","0/0","0/0","0/1","0/1","0/0","0/0","0/0","0/0","0/0","0/0","0/0","0/0","0/0","0/0","0/0","0/0","0/0","0/0","0/0","0/0","0/0","0/0","0/0","0/0","0/0","0/0","0/0","0/0","0/0","0/0","0/0","0/0","0/0","0/0","0/0","0/0","0/0","0/0","0/0","0/0","0/0","0/0","0/0","0/0","0/0","0/0","0/0","0/0","0/0","0/0","0/0","0/0","0/0","0/0","0/0","0/0","0/0","0/0","0/0","0/0","0/0","0/0","0/0","0/0","0/0","0/0","0/0"
"chr16:72821593_AGCCGCCGCCGCC/AGCCGCCGCCGCCGCCGCC_ZFHX3","0/0","0/0","0/0","0/0","0/0","0/0","0/1","0/1","0/1","0/0","0/0","0/0","0/0","0/1","0/0","0/0","0/0","0/2","0/0","0/0","0/2","0/0","0/1","0/2","0/0","0/1","0/0","0/0","0/0","0/1","0/0","0/1","0/4","0/0","0/0","0/1","0/0","0/1","0/0","0/0","0/1","0/0","0/1","0/0","0/1","0/1","0/3","0/0","0/1","0/1","0/0","0/0","0/0","0/0","0/0","0/4","0/0","0/0","0/0","0/0","0/0","0/1","0/0","0/0","0/0","0/3","0/0","0/1","0/1","0/0","0/3","0/5","0/5","0/0","0/0","0/0","0/0","0/0","0/0","0/1","0/1","0/0","0/0","0/0","0/0","0/1","0/1","0/0","0/0","0/0","0/0","0/0","0/0","0/0","0/0","0/0","0/0","0/0","0/0","0/0","0/0","0/0","0/0","0/0","0/0","0/1","0/1","0/0","0/0","0/0","0/0","0/0","0/0","0/0","0/5","0/0","0/0","0/0","0/0","0/0","0/0","0/0","0/0","0/0","0/5","0/5","0/0","0/0","0/0","0/0","0/0","0/1","1/6","0/0","1/6","1/6","0/0","0/0","0/0","0/0","0/0","0/1","0/1","0/0","0/0","0/0","0/1","0/1","0/1","0/0","0/0","0/0","0/0"
"chr16:72822563_T/TTGCTGCTGC_ZFHX3","0/0","0/0","0/0","0/1","0/0","0/0","0/1","0/1","0/1","0/0","0/0","0/0","0/0","0/1","0/0","0/0","0/0","0/0","0/0","0/0","0/1","0/0","0/0","0/0","0/0","0/0","0/0","0/0","0/0","0/0","0/0","0/0","0/0","0/0","0/1","0/0","0/0","0/0","0/0","0/0","0/0","0/0","0/0","0/0","0/0","0/0","0/0","0/0","0/0","0/0","0/0","0/0","0/1","0/0","0/0","0/0","0/0","0/0","0/0","0/0","0/0","0/0","0/0","0/0","0/0","0/0","0/0","0/0","0/0","0/0","0/0","0/0","0/0","0/0","0/0","0/0","0/0","0/0","0/0","0/0","0/0","0/0","0/0","0/0","0/0","0/2","0/2","0/0","0/0","0/0","0/0","0/1","0/1","0/0","0/0","0/0","0/0","0/2","0/0","0/0","0/0","0/0","0/0","0/0","0/0","0/0","0/0","0/0","0/0","0/0","0/1","0/0","0/0","0/0","0/0","0/0","0/0","0/0","0/1","0/0","0/1","0/1","0/0","0/0","0/0","0/0","0/0","0/0","0/0","0/0","0/0","0/0","0/0","0/0","0/0","0/0","0/0","0/0","0/2","0/2","0/2","0/0","0/0","0/0","0/0","0/0","0/0","0/0","0/0","0/0","0/0","0/0","0/0"
"chr16:72829313_G/GT_ZFHX3","0/0","0/0","0/0","0/0","0/0","0/0","0/0","0/0","0/0","0/0","0/0","0/0","0/0","0/0","0/0","0/0","0/0","0/0","0/0","0/0","0/0","0/0","0/0","0/0","0/0","0/0","0/0","0/0","0/0","0/0","0/0","0/0","0/0","0/0","0/0","0/0","0/1","0/0","0/0","0/0","0/0","0/0","0/0","0/0","0/0","0/0","0/0","0/0","0/0","0/0","0/0","0/0","0/0","0/0","0/0","0/0","0/0","0/0","0/0","0/0","0/0","0/0","0/0","0/0","0/0","0/0","0/0","0/0","0/0","0/0","0/0","0/0","0/0","0/0","0/0","0/0","0/0","0/0","0/0","0/0","0/0","0/0","0/0","0/0","0/0","0/0","0/0","0/0","0/0","0/0","0/0","0/0","0/0","0/0","0/0","0/0","0/0","0/0","0/0","0/0","0/0","0/0","0/0","0/0","0/0","0/0","0/0","0/0","0/0","0/0","0/0","0/0","0/0","0/0","0/0","0/0","0/0","0/0","0/0","0/0","0/0","0/0","0/0","0/0","0/0","0/0","0/0","0/0","0/0","0/0","0/0","0/0","0/0","0/0","0/0","0/0","0/0","0/0","0/0","0/0","0/0","0/0","0/0","0/0","0/0","0/0","0/0","0/0","0/0","0/0","0/0","0/0","0/0"
"chr16:72830431_T/TGGGGGTGGA_ZFHX3","0/0","0/0","0/0","0/0","0/0","0/0","0/0","0/0","0/0","0/0","0/0","0/0","0/0","0/0","0/0","0/0","0/1","0/0","0/0","0/0","0/0","0/0","0/0","0/0","0/0","0/0","0/0","0/0","0/0","0/0","0/0","0/0","0/0","0/0","0/0","0/0","0/0","0/0","0/0","0/0","0/0","0/0","0/0","0/0","0/0","0/0","0/0","0/0","0/0","0/0","0/0","0/0","0/0","0/0","0/0","0/0","0/0","0/0","0/0","0/0","0/0","0/0","0/0","0/0","0/0","0/0","0/0","0/0","0/0","0/0","0/0","0/0","0/0","0/0","0/0","0/0","0/0","0/0","0/0","0/0","0/0","0/0","0/0","0/1","0/1","0/0","0/0","0/0","0/0","0/0","0/0","0/0","0/0","0/0","0/0","0/0","0/0","0/0","0/0","0/0","0/0","0/0","0/0","0/0","0/0","0/0","0/0","0/0","0/0","0/0","0/0","0/0","0/0","0/0","0/0","0/0","0/0","0/0","0/0","0/0","0/0","0/0","0/0","0/0","0/0","0/0","0/0","0/0","0/0","0/0","0/0","0/0","0/0","0/0","0/0","0/0","0/0","0/0","0/0","0/0","0/0","0/0","0/0","0/0","0/0","0/0","0/0","0/0","0/0","0/0","0/0","0/0","0/0"
"chr16:72831357_CTTGTTG/C_ZFHX3","0/0","0/0","0/0","0/0","0/0","0/0","0/0","0/0","0/0","0/0","0/0","0/0","0/0","0/1","0/0","0/0","0/0","0/0","0/0","0/0","0/1","0/0","0/1","0/1","0/0","0/1","0/0","0/0","0/0","0/1","0/0","0/0","0/0","0/0","0/0","0/1","0/0","0/0","0/0","0/0","0/1","0/0","0/0","0/0","0/0","0/0","0/1","0/0","0/0","0/0","0/0","0/0","0/0","0/0","0/0","0/0","0/0","0/0","0/0","0/1","0/0","0/0","0/0","0/0","0/0","0/0","0/0","0/0","0/0","0/0","0/0","0/0","0/0","0/0","0/0","0/0","0/0","0/0","0/0","0/1","0/1","0/0","0/0","0/0","0/0","0/0","0/0","0/0","0/0","0/0","0/0","0/0","0/0","0/0","0/0","0/0","0/0","0/0","0/0","0/0","0/0","0/0","0/0","0/0","0/0","0/1","0/1","0/0","0/0","0/0","0/0","0/0","0/0","0/0","0/0","0/1","0/1","0/0","0/0","0/0","0/0","0/0","0/1","0/0","0/0","0/0","0/0","0/0","0/0","0/0","0/0","0/0","0/0","0/0","0/0","0/0","0/0","0/0","0/0","0/1","0/0","0/0","0/0","0/0","0/0","0/0","0/0","0/0","0/0","0/0","0/0","0/0","0/0"
"chr16:75270750_G/GGCCCTGGCATT_BCAR1","0/0","0/0","0/0","0/0","0/0","0/0","0/0","0/0","0/0","0/0","0/0","0/0","0/0","0/0","0/0","0/0","0/0","0/0","0/0","0/0","0/0","0/0","0/0","0/0","0/0","0/0","0/0","0/0","0/0","0/0","0/0","0/0","0/0","0/0","0/0","0/0","0/0","0/0","0/0","0/0","0/0","0/0","0/0","0/0","0/0","0/0","0/0","0/0","0/0","0/0","0/1","0/0","0/0","0/0","0/0","0/0","0/0","0/0","0/0","0/0","0/0","0/0","0/0","0/0","0/0","0/0","0/0","0/0","0/0","0/0","0/0","0/0","0/0","0/0","0/0","0/0","0/0","0/0","0/0","0/0","0/0","0/0","0/1","0/0","0/0","0/0","0/0","0/0","0/0","0/0","0/0","0/0","0/0","0/0","0/0","0/0","0/0","0/0","0/0","0/0","0/0","0/0","0/0","0/0","0/0","0/0","0/0","0/0","0/0","0/0","0/0","0/0","0/0","0/0","0/0","0/0","0/0","0/0","0/0","0/0","0/0","0/0","0/0","0/0","0/0","0/0","0/0","0/0","0/0","0/0","0/0","0/0","0/0","0/0","0/0","0/0","0/0","0/0","0/0","0/0","0/0","0/0","0/0","0/0","0/0","0/0","0/0","0/0","0/0","0/0","0/0","0/0","0/0"
"chr16:75301863_C/CA_BCAR1","0/0","0/0","0/0","0/0","0/0","0/0","0/0","0/0","0/0","0/0","0/0","0/0","0/0","0/0","0/0","0/0","0/0","0/0","0/0","0/0","0/0","0/0","0/0","0/0","0/0","0/0","0/0","0/0","0/0","0/0","0/0","0/0","0/0","0/0","0/0","0/0","0/0","0/0","0/0","0/0","0/0","0/0","0/0","0/0","0/0","0/1","0/0","0/0","0/0","0/0","0/0","0/0","0/0","0/0","0/0","0/0","0/0","0/0","0/0","0/0","0/0","0/0","0/0","0/0","0/0","0/0","0/0","0/0","0/0","0/0","0/0","0/0","0/0","0/0","0/0","0/0","0/0","0/0","0/0","0/0","0/0","0/0","0/0","0/0","0/0","0/0","0/0","0/0","0/0","0/0","0/0","0/0","0/0","0/0","0/0","0/0","0/0","0/0","0/0","0/0","0/0","0/0","0/0","0/0","0/0","0/0","0/0","0/0","0/0","0/0","0/0","0/0","0/0","0/0","0/0","0/0","0/0","0/0","0/0","0/0","0/0","0/0","0/0","0/0","0/0","0/0","0/0","0/0","0/0","0/0","0/0","0/0","0/0","0/0","0/0","0/0","0/0","0/0","0/0","0/0","0/0","0/0","0/0","0/0","0/0","0/0","0/0","0/0","0/0","0/0","0/0","0/0","0/0"
"chr16:76311602_G/GT_CNTNAP4","1/1","1/1","1/1","1/1","1/1","1/1","1/1","1/1","1/1","1/1","1/1","1/1","1/1","1/1","1/1","1/1","1/1","1/1","1/1","1/1","1/1","1/1","1/1","1/1","1/1","1/1","1/1","1/1","1/1","1/1","1/1","1/1","1/1","1/1","1/1","1/1","1/1","1/1","1/1","1/1","1/1","1/1","1/1","1/1","1/1","1/1","1/1","1/1","1/1","1/1","1/1","1/1","1/1","1/1","1/1","1/1","1/1","1/1","1/1","1/1","1/1","1/1","1/1","1/1","1/1","1/1","1/1","1/1","1/1","1/1","1/1","1/1","1/1","1/1","1/1","1/1","1/1","1/1","1/1","1/1","1/1","1/1","1/1","1/1","1/1","1/1","1/1","1/1","1/1","1/1","1/1","1/1","1/1","1/1","1/1","1/1","1/1","1/1","1/1","1/1","1/1","1/1","1/1","1/1","1/1","1/1","1/1","1/1","1/1","1/1","1/1","1/1","1/1","1/1","1/1","1/1","1/1","1/1","1/1","1/1","1/1","1/1","1/1","1/1","1/1","1/1","1/1","1/1","1/1","1/1","1/1","1/1","1/1","1/1","1/1","1/1","1/1","1/1","1/1","1/1","1/1","1/1","1/1","1/1","1/1","1/1","1/1","1/1","1/1","1/1","1/1","1/1","1/1"
"chr16:76486497_AGAG/A_CNTNAP4","0/0","0/0","0/0","0/0","0/0","0/0","0/0","0/0","0/1","0/0","0/0","0/0","0/0","0/0","0/0","0/0","0/0","0/0","0/0","0/0","0/0","0/0","0/0","0/0","0/0","0/0","0/0","0/0","0/0","0/0","0/0","0/0","0/0","0/0","0/0","0/0","0/0","0/0","0/0","0/0","0/0","0/0","0/0","0/0","0/0","0/0","0/0","0/0","0/0","0/0","0/0","0/0","0/0","0/0","0/0","0/0","0/0","0/0","0/0","0/0","0/0","0/0","0/0","0/0","0/0","0/0","0/0","0/0","0/0","0/0","0/0","0/0","0/0","0/0","0/0","0/0","0/0","0/0","0/0","0/0","0/0","0/0","0/0","0/0","0/0","0/0","0/0","0/0","0/0","0/0","0/0","0/0","0/0","0/0","0/0","0/0","0/0","0/0","0/0","0/0","0/0","0/0","0/0","0/0","0/0","0/0","0/0","0/0","0/0","0/0","0/0","0/0","0/0","0/0","0/0","0/0","0/0","0/0","0/0","0/0","0/0","0/0","0/0","0/0","0/0","0/0","0/0","0/0","0/0","0/0","0/0","0/0","0/0","0/0","0/0","0/0","0/0","0/0","0/0","0/0","0/0","0/0","0/0","0/0","0/0","0/0","0/0","0/0","0/0","0/0","0/0","0/0","0/0"
"chr16:79633068_GC/G_MAF","0/0","0/0","0/0","0/0","0/0","0/0","0/0","0/0","0/0","0/0","0/0","0/0","0/0","0/0","0/0","0/0","0/0","0/0","0/0","0/0","0/0","0/0","0/0","0/0","0/0","0/0","0/0","0/0","0/0","0/0","0/0","0/0","0/0","0/0","0/0","0/0","0/1","0/0","0/0","0/0","0/0","0/0","0/0","0/0","0/0","0/0","0/0","0/0","0/0","0/0","0/0","0/0","0/0","0/0","0/0","0/0","0/0","0/0","0/0","0/0","0/0","0/0","0/0","0/0","0/0","0/0","0/0","0/0","0/0","0/0","0/0","0/0","0/0","0/0","0/0","0/0","0/0","0/0","0/0","0/0","0/0","0/0","0/0","0/0","0/0","0/0","0/0","0/0","0/0","0/0","0/0","0/0","0/0","0/0","0/0","0/0","0/0","0/0","0/0","0/0","0/0","0/0","0/0","0/0","0/0","0/0","0/0","0/0","0/0","0/0","0/0","0/0","0/0","0/0","0/0","0/0","0/0","0/0","0/0","0/0","0/0","0/0","0/0","0/0","0/0","0/0","0/0","0/0","0/0","0/0","0/0","0/0","0/0","0/0","0/0","0/0","0/0","0/0","0/0","0/0","0/0","0/0","0/0","0/0","0/0","0/0","0/0","0/0","0/0","0/0","0/0","0/0","0/0"
"chr16:79633359_G/GCCGGCA_MAF","0/0","0/0","0/0","0/0","0/0","0/0","0/0","0/0","0/0","0/0","0/0","0/0","0/0","0/0","0/1","0/0","0/0","0/0","0/0","0/0","0/0","0/0","0/0","0/0","0/0","0/0","0/0","0/0","0/0","0/0","0/0","0/0","0/0","0/0","0/0","0/0","0/0","0/0","0/0","0/0","0/0","0/0","0/0","0/0","0/0","0/0","0/0","0/0","0/0","0/0","0/0","0/0","0/0","0/0","0/0","0/0","0/0","0/0","0/0","0/0","0/0","0/0","0/0","0/0","0/0","0/0","0/0","0/0","0/0","0/0","0/0","0/0","0/0","0/0","0/0","0/0","0/0","0/0","0/0","0/0","0/0","0/0","0/0","0/0","0/0","0/0","0/0","0/0","0/0","0/0","0/0","0/0","0/0","0/0","0/0","0/0","0/0","0/0","0/0","0/0","0/0","0/0","0/0","0/0","0/0","0/0","0/0","0/0","0/0","0/0","0/0","0/0","0/0","0/0","0/0","0/0","0/0","0/0","0/0","0/0","0/0","0/0","0/0","0/0","0/0","0/0","0/0","0/0","0/0","0/0","0/0","0/0","0/0","0/0","0/0","0/0","0/0","0/0","0/0","0/0","0/0","0/0","0/0","0/0","0/0","0/0","0/0","0/0","0/0","0/0","0/0","0/0","0/0"
"chr16:81069489_AGGC/A_ATMIN","0/0",".","0/0",".","0/0","0/0","0/0","0/0","0/0","0/0","0/0","0/0","0/0","0/0","0/0","0/0","0/0","0/0","0/0","0/0","0/0","0/0","0/0","0/0","0/0","0/0","0/0","0/0","0/0","0/0","0/0","0/0","0/0","0/0","0/0","0/0",".","0/0","0/0","0/0","0/0","0/0",".","0/0","0/0","0/0","0/0","0/0","0/0","0/0","0/0","0/0","0/0","0/0","0/0","0/0","0/0","0/0","0/0","0/0","0/0","0/0","0/0","0/0","0/0","0/0","0/0","0/1","0/0","0/0",".","0/0","0/0","0/0","0/0","0/0","0/0","0/0","0/0","0/0","0/0","0/0","0/0","0/0",".","0/0",".","0/0","0/0","0/0","0/0","0/1","0/1","0/0","0/0","0/0","0/0","0/0","0/0","0/0",".","0/0","0/0","0/0","0/0","0/0",".",".","0/0",".","0/0","0/0","0/0","0/0","0/0",".","0/0","0/0","0/0","0/0","0/0","0/0","0/0","0/0","0/0","0/0","0/0","0/0","0/0","0/0","0/0","0/0","0/0","0/0",".",".","0/0","0/0","0/0","0/0","0/0",".","0/0","0/0",".",".","0/0","0/0","0/0","0/0","0/0",".","0/0"
"chr16:81161473_G/GTACTGCCAAGCCTGGGGAAAGC_PKD1L2","0/0","0/0","0/0","0/0","0/0","0/0","0/1","0/1","0/1","1/1","0/1","1/1","0/1","1/1","0/1","0/0","1/1","0/1","1/1","0/0","0/1","0/0","0/1","0/0","0/1","0/1","0/1","0/1","0/1","0/0","0/0","1/1","0/1","1/1","0/0","0/1","0/0","0/0","1/1","0/1","0/1","0/1","0/1","0/1","0/1","0/0","0/1","0/0","1/1","0/1","1/1","0/0","0/1","0/1","0/1","0/1","0/0","0/1","0/1","0/0","0/1","0/1","0/1","0/1","0/1","0/0","0/0","1/1","1/1","0/0","0/0","0/0","0/0","0/1","0/1","0/0","0/0","0/0","0/0","0/0","0/0","0/0","1/1","0/1","0/1","0/1","0/1","1/1","0/1","0/1","0/1","0/0","0/0","0/1","0/1","0/1","1/1","0/0","0/1","0/1","0/0","0/0","0/0","1/1","1/1","0/0","0/0","0/1","0/1","0/0","0/0","0/1","0/1","0/0","0/1","0/1","0/1","0/1","0/0","0/1","0/0","0/0","0/1","0/1","0/1","0/1","0/0","0/0","1/1","1/1","1/1","0/1","0/1","0/1","0/1","0/1","0/1","0/1","1/1","0/1","1/1","0/1","0/1","0/0","0/0","0/0","1/1","1/1","1/1","0/1","0/1","0/1","0/1"
"chr16:81242148_GTT/G_PKD1L2","1/1","1/1","1/1","1/1","1/1","1/1","1/1","1/1","1/1","0/0","1/1","0/1","0/1","1/1","1/1","1/1","1/1","1/1","0/1","1/1","1/1","1/1","0/0","1/1","0/1","1/1","1/1","1/1","1/1","0/1","0/1","0/1","1/1","1/1","1/1","1/1","1/1","1/1","1/1","1/1","1/1","1/1","0/1","1/1","0/1","0/1","1/1","0/0","1/1","0/1","1/1","0/1","1/1","1/1","0/0","0/1","1/1","0/1","1/1","1/1","1/1","1/1","0/1","1/1","1/1","0/1","1/1","1/1","1/1","1/1","0/1","1/1","1/1","1/1","1/1","0/1","0/1","1/1","1/1","0/1","0/1","0/1","1/1","1/1","1/1","1/1","1/1","1/1","1/1","1/1","1/1","1/1","1/1","0/1","0/1","1/1","1/1","0/1","0/1","0/1","0/1","1/1","0/1","0/1","0/1","1/1","1/1","1/1","1/1","1/1","1/1","1/1","1/1","1/1","0/1","1/1","1/1","0/1","1/1","0/1","1/1","1/1","1/1","0/1","0/1","0/1","1/1","1/1","1/1","1/1","1/1","1/1","1/1","1/1","1/1","1/1","1/1","1/1","1/1","0/1","1/1","1/1","1/1","1/1","1/1","1/1","0/1","0/1","0/1","0/1","0/1","0/1","0/1"
"chr16:84224967_G/A_ADAD2","1/1","1/1","1/1","1/1","0/1","0/1","1/1","1/1","1/1","0/1","0/1","0/1","1/1","0/1","1/1","1/1","1/2","0/1","0/1","0/1","0/1","1/1","1/1","0/1","0/1","1/1","1/1","0/1","1/1","1/1","0/1","1/1","0/1","0/1","0/1","1/1","1/1","1/1","1/1","1/1","0/1","1/1","0/1","1/1","1/1","0/0","1/1","0/0","0/1","0/1","0/0","1/1","1/1","1/1","1/1","1/1","0/1","1/1","0/1","1/1","0/2","0/1","0/1","1/1","1/1","1/1","1/1","1/1","1/1","1/1","1/1","0/1","0/1","1/1","1/1","0/0","0/0","0/0","0/0","1/1","1/1","0/1","0/0","1/1","1/1","1/1","1/1","0/0","1/1","1/1","0/1","1/2","1/2","0/0","0/0","0/1","0/0","0/1","1/1","1/1","1/2","0/0","1/2","0/1","0/1","0/1","0/1","1/1","1/1","0/0","1/1","1/1","1/1","0/1","1/1","0/0","0/0","0/1","0/0","0/1","0/0","0/0","0/0","0/1","1/1","1/1","0/1","0/1","1/1","1/1","1/1","0/0","1/2","0/1","1/2","1/1","0/1","0/1","0/1","0/1","0/1","0/0","0/0","0/1","0/1","0/1","1/1","1/1","1/1","0/1","0/1","0/1","0/1"
"chr16:84514302_G/GC_TLDC1","0/0","0/0","0/0","0/0","0/0","0/0","0/0","0/0","0/0","0/0","0/0","0/0","0/0","0/0","0/0","0/0","0/0","0/0","0/0","0/0","0/0","0/0","0/0","0/0","0/0","0/0","0/0","0/0","0/0","0/0","0/0","0/0","0/0","0/0","0/0","0/0","0/0","0/0","0/0","0/0","0/0","0/0","0/0","0/0","0/0","0/0","0/0","0/0","0/0","0/0","0/1","0/0","0/0","0/0","0/0","0/0","0/0","0/0","0/0","0/0","0/0","0/0","0/0","0/0","0/0","0/0","0/0","0/0","0/0","0/0","0/0","0/0","0/0","0/0","0/0","0/0","0/0","0/0","0/0","0/0","0/0","0/0","0/1","0/0","0/0","0/0","0/0","0/0","0/0","0/0","0/0","0/0","0/0","0/0","0/0","0/0","0/0","0/0","0/0","0/0","0/0","0/0","0/0","0/0","0/0","0/0","0/0","0/0","0/0","0/0","0/0","0/0","0/0","0/0","0/0","0/0","0/0","0/0","0/0","0/0","0/0","0/0","0/0","0/0","0/0","0/0","0/0","0/0","0/0","0/0","0/0","0/0","0/0","0/0","0/0","0/0","0/0","0/0","0/0","0/0","0/0","0/0","0/0","0/0","0/0","0/0","0/0","0/0","0/0","0/0","0/0","0/0","0/0"
"chr16:85695114_T/TGCCCGG_GSE1","0/0","0/0","0/0","0/0","0/0","0/0","0/0","0/0","0/0","0/0","0/0","0/0","0/0","0/0","0/0","0/0","0/0","0/0","0/0","0/0","0/0","0/0","0/0","0/0","0/0","0/0","0/0","0/1","0/0","0/0","0/0","0/0","0/0","0/0","0/0","0/0","0/0","0/0","0/0","0/0","0/0","0/0","0/0","0/0","0/0","0/0","0/0","0/0","0/0","0/0","0/0","0/0","0/0","0/0","0/0","0/0","0/0","0/0","0/0","0/0","0/0","0/0","0/0","0/0","0/0","0/0","0/0","0/0","0/0","0/0","0/0","0/0","0/0","0/0","0/0","0/0","0/0","0/0","0/0","0/0","0/0","0/0","0/0","0/0","0/0","0/0","0/0","0/0","0/0","0/0","0/0","0/0","0/0","0/0","0/0","0/0","0/0","0/0","0/0","0/0","0/0","0/0","0/0","0/0","0/0","0/0","0/0","0/0","0/0","0/0","0/0","0/0","0/0","0/0","0/0","0/0","0/0","0/0","0/0","0/0","0/0","0/0","0/0","0/0","0/0","0/0","0/0","0/0","0/0","0/0","0/0","0/0","0/0","0/0","0/0","0/0","0/0","0/0","0/0","0/0","0/0","0/0","0/0","0/0","0/0","0/0","0/0","0/0","0/0","0/0","0/0","0/0","0/0"
"chr16:85701828_C/CA_GSE1","0/0","0/0","0/0","0/0","0/1","0/0","0/0","0/0","0/0","0/0","0/0","0/0","0/0","0/0","0/0","0/0","0/0","0/0","0/0","0/0","0/0","0/0","0/0","0/0","0/0","0/0","0/0","0/0","0/0","0/0","0/0","0/0","0/0","0/0","0/0","0/0","0/0","0/0","0/0","0/0","0/0","0/0","0/0","0/0","0/0","0/0","0/0","0/0","0/0","0/0","0/0","0/0","0/0","0/0","0/0","0/0","0/0","0/0","0/0","0/0","0/0","0/0","0/0","0/0","0/0","0/0","0/0","0/0","0/0","0/0","0/0","0/0","0/0","0/0","0/0","0/0","0/0","0/0","0/0","0/0","0/0","0/0","0/0","0/0","0/0","0/0","0/0","0/0","0/0","0/0","0/0","0/0","0/0","0/0","0/0","0/0","0/0","0/0","0/0","0/0","0/0","0/0","0/0","0/0","0/0","0/0","0/0","0/0","0/0","0/0","0/0","0/0","0/0","0/0","0/0","0/0","0/0","0/0","0/0","0/0","0/0","0/0","0/0","0/0","0/0","0/0","0/0","0/0","0/0","0/0","0/0","0/0","0/0","0/0","0/0","0/0","0/0","0/0","0/0","0/0","0/0","0/0","0/0","0/0","0/0","0/0","0/0","0/0","0/0","0/0","0/0","0/0","0/0"
"chr16:86544210_ACGG/ACGGCGG_FOXF1","0/0","0/0","0/0","0/0","0/0","0/0","0/0","0/0","0/0","0/0","0/0","0/0","0/0","0/0","0/0","0/0","0/0","0/0","0/0","0/0","0/0","0/0","0/0","0/0","0/0","0/0","0/0","0/0","0/0","0/0","0/0","0/0","0/0","0/0","0/0","0/0","0/0","0/0","0/0","0/0","0/0","0/1","0/0","0/0","0/0","0/0","0/0","0/0","0/0","0/0","0/0","0/0","0/0","0/2","0/0","0/0","0/0","0/0","0/0","0/0","0/0","0/0","0/0","0/0","0/0","0/0","0/0","0/0","0/0","0/0","0/2","0/0","0/0","0/0","0/0","0/0","0/0","0/0","0/0","0/0","0/0","0/1","0/0","0/0","0/0","0/2","0/0","0/0","0/0","0/0","0/0","0/0","0/0","0/0","0/0","0/0","0/0","0/0","0/0","0/0","0/0","0/0","0/0","0/0","0/0","0/0","0/0","0/0","0/0","0/0","0/0","0/0","0/0","0/0","0/0","0/0","0/0","0/0","0/0","0/0","0/0","0/0","0/0","0/0","0/0","0/0","0/0","0/0","0/0","0/0","0/0","0/0","0/0","0/0","0/0","0/0","0/0","0/0","0/0","0/0","0/0","0/0","0/0","0/2","0/0","0/0","0/0","0/0","0/0","0/0","0/0","0/0","0/0"
"chr16:87350758_GC/G_C16orf95","0/0","0/0","0/0","0/0","0/0","0/0","0/0","0/0","0/0","0/0","0/0","0/0","0/0","0/0","0/0","0/0","0/0","0/0","0/0","0/0","0/0","0/0","0/0","0/0","0/0","0/0","0/0","0/0","0/0","0/0","0/0","0/0","0/0","0/0","0/0","0/0","0/1","0/0","0/0","0/0","0/0","0/0","0/0","0/0","0/0","0/0","0/0","0/0","0/0","0/0","0/0","0/0","0/0","0/0","0/0","0/0","0/0","0/0","0/0","0/0","0/0","0/0","0/0","0/0","0/0","0/0","0/0","0/0","0/0","0/0","0/0","0/0","0/0","0/0","0/0","0/0","0/0","0/0","0/0","0/0","0/0","0/0","0/0","0/0","0/0","0/0","0/0","0/0","0/0","0/0","0/0","0/0","0/0","0/0","0/0","0/0","0/0","0/0","0/0","0/0","0/0","0/0","0/0","0/0","0/0","0/0","0/0","0/0","0/0","0/0","0/0","0/0","0/0","0/0","0/0","0/0","0/0","0/0","0/0","0/0","0/0","0/0","0/0","0/0","0/0","0/0","0/0","0/0","0/0","0/0","0/0","0/0","0/0","0/0","0/0","0/0","0/0","0/0","0/0","0/0","0/0","0/0","0/0","0/0","0/0","0/0","0/0","0/0","0/0","0/0","0/0","0/0","0/0"
"chr16:87365116_A/ACACATC_FBXO31","0/0","0/0","0/0","0/0","0/0","0/0","0/0","0/0","0/0","0/0","0/0","0/0","0/0","0/0","0/0","0/0","0/0","0/0","0/0","0/0","0/0","0/0","0/0","0/0","0/0","0/0","0/0","0/0","0/0","0/0","0/0","0/1","0/0","0/0","0/0","0/0","0/0","0/0","0/0","0/0","0/0","0/0","0/0","0/0","0/0","0/0","0/0","0/0","0/0","0/0","0/0","0/0","0/0","0/0","0/0","0/0","0/0","0/0","0/0","0/0","0/0","0/0","0/0","0/0","0/0","0/0","0/0","0/0","0/0","0/0","0/0","0/0","0/0","0/0","0/0","0/0","0/0","0/0","0/0","0/0","0/0","0/0","0/0","0/0","0/0","0/0","0/0","0/0","0/0","0/0","0/0","0/0","0/0","0/0","0/0","0/0","0/0","0/0","0/0","0/0","0/0","0/0","0/0","0/0","0/0","0/0","0/0","0/0","0/0","0/0","0/0","0/0","0/0","0/0","0/0","0/0","0/0","0/0","0/0","0/0","0/0","0/0","0/0","0/0","0/0","0/0","0/0","0/0","0/0","0/0","0/0","0/0","0/0","0/0","0/0","0/0","0/0","0/0","0/0","0/0","0/0","0/0","0/0","0/0","0/0","0/0","0/0","0/0","0/0","0/0","0/0","0/0","0/0"
"chr16:87417289_TGCTGGCGGC/T_FBXO31","0/0","0/0","0/0","0/0","0/0","0/0","0/0","0/0","0/0","0/0","0/0","0/0","0/0","0/0","0/0","0/0","0/0","0/0","0/0","0/0","0/0","0/0","0/0","0/0","0/0","0/0","0/0","0/0","0/0","0/0","0/0","0/0","0/0","0/0","0/0","0/0","0/0","0/0","0/0","0/0","0/0","0/0","0/0","0/0","0/0","0/0","0/0","0/0","0/0","0/0","0/0","0/0","0/0","0/0","0/1","0/0","0/0","0/0","0/0","0/0","0/0","0/0","0/0","0/0","0/0","0/0","0/0","0/0","0/0","0/0","0/0","0/0","0/0","0/0","0/0","0/0","0/0","0/0","0/0","0/0","0/0","0/0","0/0","0/0","0/0","0/0","0/0","0/0","0/0","0/0","0/0","0/0","0/0","0/0","0/0","0/0","0/0","0/0","0/0","0/0","0/0","0/0","0/0","0/0","0/0","0/0","0/0","0/0","0/0","0/0","0/0","0/0","0/0","0/0","0/0","0/0","0/0","0/0","0/0","0/0","0/0","0/0","0/0","0/0","0/0","0/0","0/0","0/0","0/0","0/0","0/0","0/0","0/0","0/0","0/0","0/0","0/0","0/0","0/0","0/0","0/0","0/0","0/0","0/0","0/0","0/0","0/0","0/0","0/0","0/0","0/0","0/0","0/0"
"chr16:87417346_G/GGTTTAGAATTTCTTAAGCAAGGGGTGCATTTCCCCAACGGGAACACATGT_FBXO31","0/0","0/0","0/0","0/0","0/0","0/0","0/0","0/0","0/0","0/0","0/0","0/0","0/0","0/0","0/0","0/0","0/0","0/0","0/0","0/0","0/0","0/0","0/0","0/0","0/0","0/0","0/0","0/0","0/0","0/0","0/0","0/1","0/0","0/0","0/0","0/0","0/0","0/0","0/0","0/0","0/0","0/0","0/0","0/0","0/0","0/0","0/0","0/0","0/0","0/0","0/0","0/0","0/0","0/0","0/0","0/0","0/0","0/0","0/0","0/0","0/0","0/0","0/0","0/0","0/0","0/0","0/0","0/0","0/0","0/0","0/0","0/0","0/0","0/0","0/0","0/0","0/0","0/0","0/0","0/0","0/0","0/0","0/0","0/0","0/0","0/0","0/0","0/0","0/0","0/0","0/0","0/0","0/0","0/0","0/0","0/0","0/0","0/0","0/0","0/0","0/0","0/0","0/0","0/0","0/0","0/0","0/0","0/0","0/0","0/0","0/0","0/0","0/0","0/0","0/0","0/0","0/0","0/0","0/0","0/0","0/0","0/0","0/0","0/0","0/0","0/0","0/0","0/0","0/0","0/0","0/0","0/0","0/0","0/0","0/0","0/0","0/0","0/0","0/0","0/0","0/0","0/0","0/0","0/0","0/0","0/0","0/0",".","0/0","0/0","0/0","0/0","0/0"
"chr16:87637893_CCTGCTGCTG/CCTGCTGCTGCTG_JPH3","0/1","0/1","0/1","0/0","0/1","0/1","1/3","1/3","1/3","0/0","0/4","0/1","0/1","0/1","0/0","1/1","0/0","0/0","0/3","0/3","0/0","0/3","0/3","0/0","0/0","0/3","0/3","0/3","0/1","0/2","0/0","0/1","1/1","0/0","0/0","0/3","0/3","0/0","0/0","0/1","0/1","0/1","0/0","0/1","0/1","0/5","0/0","0/0","0/2","0/0","0/0","0/0","0/3","0/1","0/4","0/0","0/3","0/0","0/1","0/0","0/0","0/0","0/1","0/0","0/0","0/4","2/6","0/0","0/0","2/6","0/4","0/3","0/3","0/3","0/3","0/3","0/3","0/0","0/0","0/0","0/0","0/3","0/0","0/0","0/0","0/1","0/1","0/1","0/3","0/3","0/4","0/0","0/0","0/2","0/2","0/4","0/1","0/0","0/0","0/0","0/0","1/4","0/0","0/1","0/1","0/1","0/1","1/1","1/1","1/4","0/0","0/0","0/0","0/1","0/3","0/1","0/1","0/1","0/0","0/1","0/0","0/0","0/1","0/1","0/3","0/3","0/1","0/1","0/0","0/0","0/0","0/0","0/1","0/0","0/1","0/1","0/0","0/0","0/0","0/4","0/0","0/0","0/0","0/0","0/0","0/0","0/0","0/0","0/0","0/1","0/1","0/1","0/1"
"chr16:87678536_TC/T_JPH3","0/0","0/0","0/0","0/0","0/0","0/0","0/0","0/0","0/0","0/0","0/0","0/0","0/0","0/0","0/0","0/0","0/0","0/0","0/0","0/0","0/0","0/0","0/0","0/0","0/0","0/0","0/0","0/0","0/0","0/0","0/0","0/0","0/0","0/0","0/0","0/0","0/1","0/0","0/0","0/0","0/0","0/0","0/0","0/0","0/0","0/0","0/0","0/0","0/0","0/0","0/0","0/0","0/0","0/0","0/0","0/0","0/0","0/0","0/0","0/0","0/0","0/0","0/0","0/0","0/0","0/0","0/0","0/0","0/0","0/0","0/0","0/0","0/0","0/0","0/0","0/0","0/0","0/0","0/0","0/0","0/0","0/0","0/0","0/0","0/0","0/0","0/0","0/0","0/0","0/0","0/0","0/0","0/0","0/0","0/0","0/0","0/0","0/0","0/0","0/0","0/0","0/0","0/0","0/0","0/0","0/0","0/0","0/0","0/0","0/0","0/0","0/0","0/0","0/0","0/0","0/0","0/0","0/0","0/0","0/0","0/0","0/0","0/0","0/0","0/0","0/0","0/0","0/0","0/0","0/0","0/0","0/0","0/0","0/0","0/0","0/0","0/0","0/0","0/0","0/0","0/0","0/0","0/0","0/0","0/0","0/0","0/0","0/0","0/0","0/0","0/0","0/0","0/0"
"chr16:87902898_A/ACGCCCT_SLC7A5","0/0","0/0","0/0","0/0","0/0","0/0","0/0","0/0","0/0","0/0","0/0","0/0","0/0","0/0","0/0","0/0","0/0","0/0","0/0","0/0","0/0","0/0","0/0","0/0","0/0","0/0","0/0","0/0","0/0","0/0","0/0","0/1","0/0","0/0","0/0","0/0","0/0","0/0","0/0","0/0","0/0","0/0","0/0","0/0","0/0","0/0","0/0","0/0","0/0","0/0","0/0","0/0","0/0","0/0","0/0","0/0","0/0","0/0","0/0","0/0","0/0","0/0","0/0","0/0","0/0","0/0","0/0","0/0","0/0","0/0","0/0","0/0","0/0","0/0","0/0","0/0","0/0","0/0","0/0","0/0","0/0","0/0","0/0","0/0","0/0","0/0","0/0","0/0","0/0","0/0","0/0","0/0","0/0","0/0","0/0","0/0","0/0","0/0","0/0","0/0","0/0","0/0","0/0","0/0","0/0","0/0","0/0","0/0","0/0","0/0","0/0","0/0","0/0","0/0","0/0","0/0","0/0","0/0","0/0","0/0","0/0","0/0","0/0","0/0","0/0","0/0","0/0","0/0","0/0","0/0","0/0","0/0","0/0","0/0","0/0","0/0","0/0","0/0","0/0","0/0","0/0","0/0","0/0","0/0","0/0","0/0","0/0","0/0","0/0","0/0","0/0","0/0","0/0"
"chr16:88599695_GGA/G_ZFPM1","1/1","1/1","1/1","1/1","1/1","1/1","1/1","1/1","1/1","1/1","1/1","1/1","1/1","1/1","1/1","1/1","1/1","1/1","1/1","1/1","1/1","1/1","1/1","1/1","1/1","1/1","1/1","1/1","1/1","1/1","1/1","1/1","1/1","1/1","1/1","1/1","1/1","1/1","1/1","1/1","1/1","1/1","1/1","1/1","1/1","1/1","1/1","1/1","1/1","1/1","1/1","1/1","1/1","1/1","1/1","1/1","1/1","1/1","1/1","1/1","1/1","1/1","1/1","1/1","1/1","1/1","1/1","1/1","1/1","1/1","1/1","1/1","1/1","1/1","1/1","1/1","1/1","1/1","1/1","1/1","1/1","1/1","1/1","1/1","1/1","1/1","1/1","1/1","1/1","1/1","1/1","1/1","1/1","1/1","1/1","1/1","1/1","1/1","1/1","1/1","1/1","1/1","1/1","1/1","1/1","1/1","1/1","1/1","1/1","1/1","1/1","1/1","1/1","1/1","1/1","1/1","1/1","1/1","1/1","1/1","1/1","1/1","1/1","1/1","1/1","1/1","1/1","1/1","1/1","1/1","1/1","1/1","1/1","1/1","1/1","1/1","1/1","1/1","1/1","1/1","1/1","1/1","1/1","1/1","1/1","1/1","1/1","1/1","1/1","1/1","1/1","1/1","1/1"
"chr16:88599700_CT/C_ZFPM1","1/1","1/1","1/1","1/1","1/1","1/1","1/1","1/1","1/1","1/1","1/1","1/1","1/1","1/1","1/1","1/1","1/1","1/1","1/1","1/1","1/1","1/1","1/1","1/1","1/1","1/1","1/1","1/1","1/1","1/1","1/1","1/1","1/1","1/1","1/1","1/1","1/1","1/1","1/1","1/1","1/1","1/1","1/1","1/1","1/1","1/1","1/1","1/1","1/1","1/1","1/1","1/1","1/1","1/1","1/1","1/1","1/1","1/1","1/1","1/1","1/1","1/1","1/1","1/1","1/1","1/1","1/1","1/1","1/1","1/1","1/1","1/1","1/1","1/1","1/1","1/1","1/1","1/1","1/1","1/1","1/1","1/1","1/1","1/1","1/1","1/1","1/1","1/1","1/1","1/1","1/1","1/1","1/1","1/1","1/1","1/1","1/1","1/1","1/1","1/1","1/1","1/1","1/1","1/1","1/1","1/1","1/1","1/1","1/1","1/1","1/1","1/1","1/1","1/1","1/1","1/1","1/1","1/1","1/1","1/1","1/1","1/1","1/1","1/1","1/1","1/1","1/1","1/1","1/1","1/1","1/1","1/1","1/1","1/1","1/1","1/1","1/1","1/1","1/1","1/1","1/1","1/1","1/1","1/1","1/1","1/1","1/1","1/1","1/1","1/1","1/1","1/1","1/1"
"chr16:88599702_CTGG/C_ZFPM1","1/1","1/1","1/1","1/1","1/1","1/1","1/1","1/1","1/1","1/1","1/1","1/1","1/1","1/1","1/1","1/1","1/1","1/1","1/1","1/1","1/1","1/1","1/1","1/1","1/1","1/1","1/1","1/1","1/1","1/1","1/1","1/1","1/1","1/1","1/1","1/1","1/1","1/1","1/1","1/1","1/1","1/1","1/1","1/1","1/1","1/1","1/1","1/1","1/1","1/1","1/1","1/1","1/1","1/1","1/1","1/1","1/1","1/1","1/1","1/1","1/1","1/1","1/1","1/1","1/1","1/1","1/1","1/1","1/1","1/1","1/1","1/1","1/1","1/1","1/1","1/1","1/1","1/1","1/1","1/1","1/1","1/1","1/1","1/1","1/1","1/1","1/1","1/1","1/1","1/1","1/1","1/1","1/1","1/1","1/1","1/1","1/1","1/1","1/1","1/1","1/1","1/1","1/1","1/1","1/1","1/1","1/1","1/1","1/1","1/1","1/1","1/1","1/1","1/1","1/1","1/1","1/1","1/1","1/1","1/1","1/1","1/1","1/1","1/1","1/1","1/1","1/1","1/1","1/1","1/1","1/1","1/1","1/1","1/1","1/1","1/1","1/1","1/1","1/1","1/1","1/1","1/1","1/1","1/1","1/1","1/1","1/1","1/1","1/1","1/1","1/1","1/1","1/1"
"chr16:88600654_CCCCCGCGCCCGAGTCGCCGCGGCCCGGAAGCGGAAGCGGAAGCGGCCCCGGCCTCGCCCCTGCGCGCTCGCCCGG/C_ZFPM1","0/0","0/0","0/0","0/0","0/0","0/0","0/0","0/0","0/0","0/0","0/0","0/0","0/0","0/0","0/0","0/0","0/0","0/0","0/1","0/0","0/0","0/0","0/0","0/0","0/0","0/0","0/0","0/0","0/0","0/0","0/0","0/0","0/0","0/0","0/0","0/0","0/0","0/0","0/1","0/0","0/0","0/0","0/0","0/0","0/0","0/0","0/0","0/0","0/0","0/0","0/0","0/0","0/0","0/0","0/0","0/0","0/0","0/0","0/0","0/0","0/0","0/0","0/0","0/0","0/0","0/0","0/0","0/0","0/0","0/0","0/0","0/0","0/0","0/0","0/0","0/0","0/0","0/0","0/0","0/0","0/0","0/0","0/0","0/0","0/0","0/0","0/0","0/0","0/0","0/0","0/0","0/0","0/0","0/0","0/0","0/0","0/0","0/0","0/0","0/0","0/0","0/0","0/1","0/0","0/0","0/0","0/0",".","0/0","0/0","0/0","0/0","0/0","0/0","0/0","0/0","0/0","0/0","0/0","0/1","0/0","0/0","0/0","0/0","0/0","0/0","0/0","0/0","0/0","0/0","0/0",".","0/0","0/0","0/0","0/0","0/0","0/0","0/0","0/0","0/0","0/0","0/0","0/0","0/0","0/0","0/0","0/0","0/0","0/0","0/0","0/0","0/0"
"chr16:88653960_AC/A_ZC3H18","0/0","0/0","0/0","0/0","0/0","0/0","0/0","0/0","0/0","0/0","0/0","0/0","0/0","0/0","0/0","0/0","0/0","0/0","0/0","0/0","0/0","0/0","0/0","0/0","0/0","0/0","0/0","0/0","0/0","0/0","0/0","0/0","0/0","0/0","0/0","0/0","0/0","0/0","0/0","0/0","0/0","0/0","0/0","0/0","0/0","0/0","0/0","0/0","0/1","0/0","0/0","0/0","0/0","0/0","0/0","0/0","0/0","0/0","0/0","0/0","0/0","0/0","0/0","0/0","0/0","0/0","0/0","0/0","0/0","0/0","0/0","0/0","0/0","0/0","0/0","0/0","0/0","0/0","0/0","0/0","0/0","0/0","0/0","0/0","0/0","0/0","0/0","0/0","0/0","0/0","0/0","0/0","0/0","0/0","0/0","0/0","0/0","0/0","0/0","0/0","0/0","0/0","0/0","0/0","0/0","0/0","0/0","0/0","0/0","0/0","0/0","0/0","0/0","0/0","0/0","0/0","0/0","0/0","0/0","0/0","0/0","0/0","0/0","0/0","0/0","0/0","0/0","0/0","0/0","0/0","0/0","0/0","0/0","0/0","0/0","0/0","0/0","0/0","0/0","0/0","0/0","0/0","0/0","0/0","0/0","0/0","0/0","0/0","0/0","0/0","0/0","0/0","0/0"
"chr16:88719716_CAAT/C_MVD","0/0","0/0","0/0","0/0","0/0","0/0","0/0","0/0","0/0","0/0","0/0","0/0","0/0","0/0","0/0","0/0","0/0","0/0","0/0","0/0","0/0","0/0","0/0","0/0","0/0","0/0","0/0","0/0","0/0","0/0","0/0","0/0","0/0","0/0","0/0","0/0","0/0","0/0","0/0","0/0","0/0","0/0","0/0","0/0","0/0","0/0","0/0","0/0","0/0","0/0","0/0","0/0","0/0","0/0","0/0","0/0","0/0","0/0","0/0","0/0","0/0","0/1","0/0","0/0","0/0","0/0","0/0","0/0","0/0","0/0","0/0","0/0","0/0","0/0","0/0","0/0","0/0","0/0","0/0","0/0","0/0","0/0","0/0","0/0","0/0","0/0","0/0","0/0","0/0","0/0","0/0","0/0","0/0","0/0","0/0","0/0","0/0","0/0","0/0","0/0","0/0","0/0","0/0","0/0","0/0","0/0","0/0","0/0","0/0","0/0","0/0","0/0","0/0","0/0","0/0","0/0","0/0","0/0","0/0","0/0","0/0","0/0","0/0","0/0","0/0","0/0","0/0","0/0","0/0","0/0","0/0","0/0","0/0","0/0","0/0","0/0","0/0","0/0","0/0","0/0","0/0","0/0","0/0","0/0","0/0","0/0","0/0","0/0","0/0","0/0","0/0","0/0","0/0"
"chr16:88780634_AGGTGTG/A_CTU2","1/1","1/1","1/1","1/1","1/1","1/1","1/1","1/1","1/1","1/1","1/1","0/1","1/1","1/1","1/1","1/1","0/1","1/1","1/1","1/1","1/1","1/1","1/1","1/1","1/1","0/1","1/1","1/1","0/1","1/1","1/1","1/1","1/1","1/1","0/1","1/1","1/1","1/1","1/1","1/1","0/1","1/1","1/1","1/1","1/1","1/1","0/1","1/1","1/1","1/1","1/1","1/1","1/1","0/1","1/1","1/1","1/1","1/1","1/1","1/1","1/1","1/1","1/1","1/1","1/1","1/1","1/1","1/1","1/1","1/1","1/1","1/1","1/1","1/1","1/1","1/1","1/1","1/1","1/1","1/1","1/1","1/1","1/1","1/1","1/1","1/1","1/1","1/1","1/1","1/1","1/1","0/1","0/1","0/1","0/1","1/1","1/1","1/1","1/1","1/1","1/1","0/1","1/1","1/1","1/1","0/1","0/1","0/1","0/1","0/1","1/1","1/1","1/1","1/1","1/1","1/1","1/1","1/1","1/1","1/1","1/1","1/1","1/1","1/1","1/1","1/1","1/1","1/1","1/1","1/1","1/1","1/1","1/1","0/1","1/1","1/1","0/1","0/1","1/1","1/1","1/1","1/1","1/1","1/1","1/1","1/1","1/1","1/1","1/1","1/1","1/1","1/1","1/1"
"chr16:88787607_CCTT/C_PIEZO1","0/0","0/0","0/0","0/0","0/0","0/0","0/0","0/0","0/0","0/0","0/1","0/0","0/0","0/0","0/0","0/0","0/0","0/0","0/0","0/0","0/0","0/0","0/0","0/0","0/0","0/0","0/0","0/0","0/0","0/0","0/0","0/1","0/0","0/0","0/0","0/0","0/0","0/0","0/0","0/0","0/0","0/0","0/0","0/0","0/0","0/0","0/0","0/0","0/0","0/0","0/0","0/0","0/0","0/0","0/0","0/0","0/0","0/0","0/0","0/0","0/0","0/0","0/0","0/0","0/0","0/0","0/1","0/0","0/0","0/1","0/0","0/0","0/0","0/0","0/0","0/0","0/0","0/0","0/0","0/0","0/0","0/0","0/0","0/0","0/0","0/0","0/0","0/0","0/0","0/0","0/0","0/0","0/0","0/0","0/0","0/0","0/0","0/0","0/0","0/0","0/0","0/1","0/0","0/0","0/0","0/0","0/0","0/1","0/1","0/1","0/0","0/0","0/0","0/0","0/0","0/0","0/0","0/0","0/0","0/0","0/0","0/0","0/0","0/0","0/0","0/0","0/0","0/0","0/0","0/0","0/0","0/0","0/0","0/0","0/0","0/0","0/0","0/0","0/1","0/1","0/1","0/0","0/0","0/0","0/0","0/0","0/0","0/0","0/0","0/1","0/1","0/1","0/1"
"chr16:88789666_G/GCCTGCT_PIEZO1","0/0","0/0","0/0","0/1","0/0","0/0","0/0","0/0","0/0","0/0","0/0","0/0","0/0","0/1","0/0","0/0","0/0","0/0","0/0","0/0","0/0","0/0","0/0","0/0","0/0","0/0","0/1","0/0","0/0","0/0","0/0","0/0","0/0","0/1","0/0","0/0","0/0","0/0","0/0","0/0","0/0","0/0","0/0","0/0","0/0","0/1","0/0","0/1","0/0","0/0","0/0","0/0","0/0","0/0","0/1","0/0","0/0","0/0","0/0","0/0","0/0","0/0","0/0","0/0","0/0","0/0","0/0","0/0","0/0","0/0","0/0","0/0","0/0","0/0","0/0","0/0","0/0","0/0","0/0","0/0","0/0","0/0","0/0","0/0","0/0","0/0","0/0","0/0","0/1","0/1","0/0","0/0","0/0","0/0","0/0","0/0","0/0","0/0","0/0","0/0","0/1","0/0","0/1","0/0","0/0","0/0","0/0","0/0","0/0","0/0","0/1","0/0","0/0","0/1","0/0","0/0","0/0","0/0","0/0","0/0","0/0","0/0","0/0","0/0","0/0","0/0","0/1","0/1","0/0","0/0","0/0","0/1","0/1","0/0","0/1","0/1","0/0","0/0","0/0","0/0","0/0","0/1","0/1","0/0","0/0","0/0","0/0","0/0","0/0","0/1","0/1","0/1","0/1"
"chr16:88876125_GAGA/G_APRT","0/0","0/0","0/0","0/0","0/0","0/0","0/0","0/0","0/0","0/0","0/0","0/0","0/0","0/0","0/0","0/0","0/0","0/0","0/0","0/0","0/0","0/0","0/0","0/0","0/0","0/0","0/0","0/0","0/0","0/0","0/0","0/0","0/0","0/0","0/0","0/0","0/0","0/0","0/0","0/0","0/0","0/0","0/0","0/0","0/0","0/0","0/0","0/0","0/0","0/0","0/0","0/0","0/0","0/0","0/0","0/0","0/0","0/0","0/0","0/0","0/0","0/0","0/0","0/0","0/0","0/0","0/0","0/0","0/0","0/0","0/0","0/0","0/0","0/0","0/0","0/0","0/0","0/0","0/0","0/0","0/0","0/0","0/0","0/0","0/0","0/0","0/0","0/0","0/0","0/0","0/0","0/0","0/0","0/0","0/0","0/0","0/0","0/0","0/0","0/0","0/0","0/0","0/0","0/0","0/0","0/0","0/0","0/0","0/0","0/0","0/0","0/0","0/0","0/0","0/0","0/0","0/0","0/0","0/0","0/0","0/0","0/0","0/0","0/0","0/0","0/0","0/0","0/0","0/0","0/0","0/0","0/0","0/0","0/0","0/0","0/0","0/0","0/0","0/0","0/0","0/0","0/0","0/0","0/1","0/1","0/1","0/0","0/0","0/0","0/0","0/0","0/0","0/0"
"chr16:89264514_GGGGCCCCAAGCTCACACT/G_SLC22A31","0/0","0/0","0/0","0/1","0/0","0/0","0/0","0/0","0/0","0/0","0/0","0/0","0/0","0/0","0/0","0/0","0/0","0/0","0/0","0/0","0/0","0/0","0/0","0/1","0/0","0/0","0/0","0/0","0/0","0/0","0/0","0/1","0/0","0/0","0/0","0/1","0/0","0/0","0/0","0/0","0/0","0/0","0/0","0/0","0/0","0/1","0/0","0/0","0/0","0/0","0/0","0/1","0/1","0/0","0/0","0/0","0/0","0/0","0/0","0/1","0/0","0/0","0/0","0/0","0/0","0/0","0/1","0/0","0/0","0/1","0/0","1/1","1/1","0/0","0/0","0/0","0/0","0/0","0/0","0/0","0/0","0/0","0/0","0/0","0/0","0/0","0/0","0/0","0/0","0/0","0/1","0/1","0/1","0/0","0/0","0/1","0/0","0/1","0/0","0/0","0/0","0/0","0/0","0/0","0/0","0/0","0/0","0/0","0/0","0/0","0/1","0/0","0/0","0/0","0/0","0/1","0/1","0/0","0/0","0/0","0/0","0/0","0/0","0/0","0/0","0/0","0/0","0/0","0/0","0/0","0/0","0/1","0/0","0/0","0/0","0/0","0/0","0/0","0/0","0/0","0/0","0/1","0/1","0/1","0/1","0/1","0/0","0/1","0/1","0/0","0/0","0/0","0/0"
"chr16:89291210_G/GGTGA_ZNF778","1/1","1/1","1/1","1/1","1/1","1/1","1/1","1/1","1/1","1/1","1/1","1/1","0/1","1/1","1/1","1/1","0/0","1/1","1/1","1/1","1/1","1/1","0/1","1/1","0/1","0/0","1/1","1/1","1/1","1/1","1/1","1/1","1/1","0/1","1/1","1/1","1/1","1/1","1/1","1/1","1/1","1/1","1/1","1/1","1/1","1/1","1/1","0/1","1/1","1/1","1/1","1/1","1/1","1/1","1/1","1/1","1/1","1/1","1/1","1/1","0/1","1/1","1/1","0/0","0/0","1/1","1/1","1/1","1/1","1/1","1/1","1/1","1/1","0/1","0/1","1/1","1/1","1/1","1/1","1/1","1/1","1/1","1/1","0/1","0/1","0/1","0/1","0/1","0/1","0/1","1/1","1/1","1/1","1/1","1/1","1/1","0/1","1/1","0/1","0/1","1/1","1/1","1/1","1/1","1/1","1/1","1/1","1/1","1/1","1/1","1/1","1/1","1/1","1/1","0/1","0/1","0/1","1/1","1/1","1/1","1/1","1/1","0/1","1/1","0/1","0/1","1/1","1/1","1/1","1/1","1/1","1/1","0/1","1/1","0/1","0/1","1/1","1/1","0/1","0/1","0/1","1/1","1/1","1/1","1/1","1/1","1/1","1/1","1/1","1/1","1/1","1/1","1/1"
"chr16:89916879_C/CGAG_SPIRE2","0/1","0/1","0/1","0/1","0/0","0/0","0/1","0/1","0/1","1/1","0/1","0/0","0/1","0/0","1/1","0/0","0/0","0/0","0/0","0/1","0/1","0/1","0/1","0/1","0/1","0/0","0/1","1/1","0/0","1/1","0/0","0/0","0/0","0/1","0/0","0/0","0/0","0/0","0/1","0/0","0/0","0/1","0/0","0/0","0/0","0/0","0/0","0/1","0/1","0/0","0/1","0/0","0/1","0/0","0/0","0/0","0/0","0/0","0/0","0/0","0/0","0/0","0/0","0/0","0/0","0/0","0/0","0/0","0/0","0/0","0/0","0/1","0/1","0/1","0/1","0/0","0/0","1/1","1/1","0/0","0/0","0/1","0/1","0/0","0/0","0/0","0/0","0/0","0/1","0/1","0/0","1/1","1/1","0/0","0/0","0/0","0/0","0/0","0/0","0/0","0/1","0/0","0/1","0/0","0/0","0/1","0/1","0/1","0/1","0/0","0/1","0/0","0/0","0/0","0/0","0/0","0/0","0/1","0/1","0/1","0/1","0/1","0/0","0/1","0/0","0/0","0/0","0/0","0/0","0/0","0/0","0/0","0/0","0/0","0/0","0/0","0/0","0/0","0/1","0/1","0/1","0/0","0/0","0/0","0/0","0/0","0/1","0/1","0/1","1/1","1/1","1/1","1/1"
"chr16:89951019_GA/G_TCF25","0/0","0/0","0/0","0/0","0/0","0/0","0/0","0/0","0/0","0/0","0/0","0/0","0/0","0/0","0/0","0/0","0/0","0/0","0/0","0/0","0/0","0/0","0/0","0/0","0/0","0/0","0/0","0/0","0/0","0/0","0/0","0/0","0/0","0/0","0/0","0/0","0/1","0/0","0/0","0/0","0/0","0/0","0/0","0/0","0/0","0/0","0/0","0/0","0/0","0/0","0/0","0/0","0/0","0/0","0/0","0/0","0/0","0/0","0/0","0/0","0/0","0/0","0/0","0/0","0/0","0/0","0/0","0/0","0/0","0/0","0/0","0/0","0/0","0/0","0/0","0/0","0/0","0/0","0/0","0/0","0/0","0/0","0/0","0/0","0/0","0/0","0/0","0/0","0/0","0/0","0/0","0/0","0/0","0/0","0/0","0/0","0/0","0/0","0/0","0/0","0/0","0/0","0/0","0/0","0/0","0/0","0/0","0/0","0/0","0/0","0/0","0/0","0/0","0/0","0/0","0/0","0/0","0/0","0/0","0/0","0/0","0/0","0/0","0/0","0/0","0/0","0/0","0/0","0/0","0/0","0/0","0/0","0/0","0/0","0/0","0/0","0/0","0/0","0/0","0/0","0/0","0/0","0/0","0/0","0/0","0/0","0/0","0/0","0/0","0/0","0/0","0/0","0/0"
"chr17:916382_GTC/G_ABR","0/0","0/0","0/0","0/0","0/0","0/0","0/0","0/0","0/0","0/0","0/0","0/0","0/0","0/0","0/1","0/0","0/0","0/0","0/0","0/0","0/0","0/0","0/0","0/0","0/0","0/0","0/0","0/0","0/0","0/0","0/0","0/0","0/0","0/0","0/0","0/0","0/0","0/0","0/0","0/0","0/0","0/0","0/0","0/0","0/0","0/0","0/0","0/0","0/0","0/0","0/0","0/0","0/0","0/0","0/0","0/0","0/0","0/0","0/0","0/0","0/0","0/0","0/0","0/0","0/0","0/0","0/0","0/0","0/0","0/0","0/0","0/0","0/0","0/0","0/0","0/0","0/0","0/0","0/0","0/0","0/0","0/0","0/0","0/0","0/0","0/0","0/0","0/0","0/0","0/0","0/0","0/0","0/0","0/0","0/0","0/0","0/0","0/0","0/0","0/0","0/0","0/0","0/0","0/0","0/0","0/0","0/0","0/0","0/0","0/0","0/0","0/0","0/0","0/0","0/0","0/0","0/0","0/0","0/0","0/0","0/0","0/0","0/0","0/0","0/0","0/0","0/0","0/0","0/0","0/0","0/0","0/0","0/0","0/0","0/0","0/0","0/0","0/0","0/0","0/0","0/0","0/0","0/0","0/0","0/0","0/0","0/0","0/0","0/0","0/0","0/0","0/0","0/0"
"chr17:1546743_C/CGCA_SCARF1","0/0","0/0","0/0","0/0","0/0","0/0","0/0","0/0","0/0","0/0","0/0","0/0","0/0","0/0","0/0","0/0","0/0","0/0","0/0","0/0","0/0","0/0","0/0","0/0","0/0","0/0","0/0","0/0","0/0","0/0","0/0","0/0","0/0","0/0","0/0","0/0","0/0","0/0","0/0","0/0","0/0","0/0","0/0","0/0","0/0","0/0","0/0","0/0","0/0","0/0","0/0","0/0","0/0","0/0","0/0","0/0","0/0","0/0","0/0","0/0","0/0","0/0","0/0","0/0","0/0","0/0","0/0","0/0","0/0","0/0","0/0","0/0","0/0","0/0","0/0","0/0","0/0","0/0","0/0","0/0","0/0","0/0","0/0","0/0","0/0","0/0","0/0","0/0","0/0","0/0","0/0","0/0","0/0","0/0","0/0","0/0","0/0","0/0","0/0","0/0","0/0","0/0","0/0","0/0","0/0","0/0","0/0","0/0","0/0","0/0","0/0","0/0","0/0","0/1","0/0","0/0","0/0","0/0","0/0","0/0","0/0","0/0",".","0/0","0/0","0/0","0/0","1/1","0/0","0/0","0/0","0/0","0/0","0/0","0/0","0/0","0/0","0/0","0/0","0/0","0/0","0/0","0/0","0/0","0/0","0/0","0/0","0/0","0/0","0/0","0/0","0/0","0/0"
"chr17:1577844_GGCCCAGCCATCTCACTGGCCCGGT/G_PRPF8","0/0","0/0","0/0","0/0","0/0","0/0","0/0","0/0","0/0","0/0","0/0","0/0","0/0","0/0","0/0","0/0","0/0","0/0","0/0","0/0","0/0","0/0","0/0","0/0","0/0","0/0","0/0","0/0","0/0","0/0","0/0","0/0","0/0","0/0","0/0","0/0","0/0","0/0","0/0","0/0","0/0","0/0","0/0","0/0","0/0","0/0","0/0","0/0","0/0","0/0","0/0","0/0","0/0","0/0","0/0","0/0","0/0","0/0","0/0","0/0","0/1","0/0","0/0","0/0","0/0","0/0","0/0","0/0","0/0","0/0","0/0","0/0","0/0","0/0","0/0","0/0","0/0","0/0","0/0","0/0","0/0","0/0","0/0","0/0","0/0","0/0","0/0","0/0","0/0","0/0","0/0","0/0","0/0","0/0","0/0","0/0","0/0","0/0","0/0","0/0","0/0","0/0","0/0","0/0","0/0","0/0","0/0","0/0","0/0","0/0","0/0","0/0","0/0","0/0","0/0","0/0","0/0","0/0","0/0","0/0","0/0","0/0","0/0","0/0","0/0","0/0","0/0","0/0","0/0","0/0","0/0","0/0","0/0","0/0","0/0","0/0","0/0","0/0","0/0","0/0","0/0","0/0","0/0","0/0","0/0","0/0","0/0","0/0","0/0","0/0","0/0","0/0","0/0"
"chr17:1631340_TGAG/T_WDR81","0/1","0/1","0/1","0/0","0/0","0/0","0/0","0/0","0/0","0/0","0/0","0/0","0/0","0/0","0/0","0/0","0/0","0/1","0/0","0/0","0/0","0/0","0/0","0/1","0/0","0/1","0/0","0/1","0/1","0/1","0/0","0/0","0/1","0/0","0/0","1/1","0/1","0/0","0/0","0/0","0/0","0/0","0/1","0/0","0/0","0/1","0/0","0/0","0/1","0/0","0/0","0/1","0/0","0/0","0/0","0/0","0/0","0/0","0/1","1/1","0/0","0/0","0/0","0/0","0/0","0/0","0/0","0/0","0/0","0/0","0/0","0/0","0/0","0/0","0/0","0/0","0/0","0/0","0/0","0/0","0/0","0/0","0/0","1/1","1/1","0/1","0/1","0/0","0/0","0/0","0/1","0/0","0/0","0/1","0/1","0/1","0/0","0/0","0/0","0/0","0/0","0/0","0/0","0/0","0/0","0/1","0/1","0/0","0/0","0/0","0/0","0/1","0/1","0/0","1/1","0/0","0/0","0/1","0/0","0/1","0/0","0/0","0/0","0/1","1/1","1/1","0/0","0/0","0/1","0/1","0/1","0/1","0/0","0/0","0/0","0/0","0/0","0/0","0/0","0/0","0/0","0/1","0/1","0/1","0/1","0/1","0/0","0/0","0/0","0/1","0/1","0/1","0/1"
"chr17:1960404_GGGC/G_HIC1","0/0","0/0","0/0","0/0","0/0","0/0","0/0","0/0","0/0","0/0","0/0","0/0","0/0","0/0","0/0","0/0","0/0","0/0","0/0","0/0","0/0","0/0","0/0","0/0","0/0","0/0","0/0","0/0","0/0","0/0","0/0","0/0","0/0","0/0","0/0","0/0","0/0","0/0","0/0","0/0","0/0","0/0","0/0","0/0","0/0","0/0","0/0","0/0","0/0","0/0","0/0","0/0","0/0","0/0","0/0","0/0","0/0","0/0","0/0","0/0","0/0","0/0","0/0","0/0","0/0","0/0","0/0","0/0","0/0","0/0","0/0","0/0","0/0","0/0","0/0","0/0","0/0","0/0","0/0","0/0","0/0","0/0","0/0","0/0","0/0","0/0","0/0","0/0","0/0","0/0","0/0","0/0","0/0","0/0","0/0","0/0","0/0","0/0","0/0","0/0","0/0","0/0","0/0","0/0","0/0","0/0","0/0","0/0","0/0","0/1","0/0","0/0","0/0","0/0","0/0","0/0","0/0","0/0","0/0","0/0","0/0","0/0","0/0","0/0","0/0","0/0","0/0","0/0","0/0","0/0","0/0","0/0","0/0","0/0","0/0","0/0","0/0","0/0","0/0","0/0","0/0","0/0","0/0","0/0","0/0","0/0","0/0","0/0","0/0","0/0","0/0","0/0","0/0"
"chr17:3594276_TG/T_P2RX5","1/1","1/1","1/1","0/1","0/1","0/1","1/1","1/1","1/1","0/1","1/1","1/1","1/1","1/1","1/1","1/1","1/1","0/1","1/1","1/1","1/1","1/1","1/1","0/1","1/1","1/1","1/1","1/1","1/1","0/1","1/1","1/1","0/1","0/1","1/1","0/1","0/1","1/1","1/1","1/1","0/1","0/1","1/1","1/1","1/1","0/1","1/1","1/1","0/1","1/1","1/1","1/1","0/1","1/1","1/1","1/1","1/1","1/1","0/1","1/1","1/1","0/1","1/1","1/1","1/1","0/1","0/1","1/1","1/1","0/1","0/1","0/1","0/1","1/1","1/1","0/1","0/1","1/1","1/1","1/1","1/1","0/1","1/1","1/1","1/1","0/1","0/1","0/1","1/1","1/1","0/1","1/1","1/1","0/1","0/1","0/1","0/1","1/1","1/1","1/1","0/1","1/1","0/1","1/1","1/1","0/0","0/0","0/1","0/1","1/1","0/1","0/1","0/1","1/1","1/1","1/1","1/1","1/1","0/1","1/1","0/1","0/1","1/1","1/1","1/1","1/1","1/1","1/1","1/1","1/1","1/1","1/1","0/1","1/1","0/1","0/1","1/1","1/1","1/1","0/1","1/1","1/1","1/1","1/1","1/1","1/1","1/1","1/1","1/1","0/1","0/1","0/1","0/1"
"chr17:4402411_G/GCGGCGC_SPNS2","0/0","0/0","0/0","0/0","0/0","0/0","0/0","0/0","0/0",".","0/0","0/0","0/0",".","0/0","0/0","0/0","0/0","0/0","0/0","0/0","0/0","0/0","0/0","0/0","0/0","0/0","0/0","0/0","0/0","0/0","0/0","0/0","0/0","0/0","1/1","0/0","0/0","0/0","0/0","0/0","0/0",".","0/0","0/0","0/0","0/0","0/0","0/0","0/0","0/0","0/0","0/0","0/0","0/0","0/0","0/0","0/0","0/0","0/0","0/0","0/0","0/0","0/0","0/0","0/0","0/0","0/0","0/0","0/0","0/0","0/0","0/0","0/0","0/0","0/0","0/0","0/0","0/0","0/0","0/0","0/0","0/0","0/0","0/0","0/0","0/0","0/0","0/0","0/0","0/0","0/0","0/0","0/0","0/0","0/0","0/0","0/0","0/0","0/0","0/0","0/0","0/0","0/0","0/0","0/0",".","0/0","0/0","0/0","0/0","0/0","0/0","0/0","0/0","0/0","0/0","0/0","0/0","0/0",".","0/0","0/0","0/0","0/0","0/0","0/0","0/0","0/0","0/0","0/0","0/0","0/0","0/0","0/0","0/0","0/0",".","0/0","0/0","0/0","0/0","0/0","0/0","0/0","0/0","0/0","0/0","0/0","0/0","0/0","0/0","0/0"
"chr17:4402553_CCCCCCGGCA/C_SPNS2","0/0","0/0","0/0","0/0","0/0","0/0","0/0","0/0","0/0","0/0","0/0","0/0","0/0","0/0","0/0","0/0","0/0","0/0","0/0","0/0","0/0","0/0","0/0","0/0","0/0","0/0","0/0","0/0","0/0","0/0","0/0","0/0","0/0","0/0","0/0","0/0","0/1","0/0","0/0","0/0","0/0","0/0","0/0","0/0","0/0","0/0","0/0","0/0","0/0","0/0","0/0","0/0","0/0","0/0","0/0","0/0","0/0","0/0","0/0","0/0","0/0","0/0","0/0","0/0","0/0","0/0","0/0","0/0","0/0","0/0","0/0","0/0","0/0","0/0","0/0","0/0","0/0","0/0","0/0","0/0","0/0","0/0","0/0","0/0","0/0","0/0","0/0","0/0","0/0","0/0","0/0","0/0","0/0","0/0","0/0","0/0","0/0","0/0","0/0","0/0","0/0","0/0","0/0","0/0","0/0","0/0","0/0","0/0","0/0","0/0","0/0","0/0","0/0","0/0","0/0","0/0","0/0","0/0","0/0","0/0","0/0","0/0","0/0","0/0","0/0","0/0","0/0","0/0","0/0","0/0","0/0","0/0","0/0","0/0","0/0","0/0","0/0","0/0","0/0","0/0","0/0","0/0","0/0","0/0","0/0","0/0","0/0","0/0","0/0","0/0","0/0","0/0","0/0"
"chr17:4443741_CAGCACACCCAGG/C_MYBBP1A","0/0","0/0","0/0","0/1","0/0","0/0","0/0","0/0","0/0","0/0","0/0","0/0","0/0","0/0","0/0","0/0","0/0","0/0","0/0","0/0","0/0","0/0","0/0","0/0","0/0","0/0","0/0","0/0","0/0","0/0","0/0","0/0","0/0","0/0","0/0","0/0","0/0","0/0","0/0","0/0","0/0","0/0","0/0","0/0","0/0","0/0","0/0","0/0","0/0","0/0","0/0","0/0","0/0","0/0","0/0","0/0","0/0","0/0","0/0","0/0","0/0","0/0","0/0","0/0","0/0","0/0","0/0","0/0","0/0","0/0","0/0","0/0","0/0","0/0","0/0","0/0","0/0","0/0","0/0","0/0","0/0","0/0","0/0","0/0","0/0","0/0","0/0","0/0","0/0","0/0","0/0","0/0","0/0","0/0","0/0","0/0","0/0","0/0","0/0","0/0","0/0","0/0","0/0","0/0","0/0","0/0","0/0","0/0","0/0","0/0","0/1","0/0","0/0","0/0","0/0","0/0","0/0","0/0","0/0","0/0","0/0","0/0","0/0","0/0","0/0","0/0","0/0","0/0","0/0","0/0","0/0","0/0","0/0","0/0","0/0","0/0","0/0","0/0","0/0","0/0","0/0","0/0","0/0","0/0","0/0","0/0","0/0","0/0","0/0","0/0","0/0","0/0","0/0"
"chr17:4575322_GGGAGGCAGAGCT/G_PELP1","0/0","0/0","0/0","0/0","0/0","0/0","0/0","0/0","0/0","0/0","0/0","0/0","0/0","0/0","0/0","0/0","0/0","0/0","0/0","0/0","0/0","0/0","0/0","0/0","0/0","0/0","0/0","0/0","0/0","0/0","0/0","0/0","0/0","0/0","0/0","0/0","0/0","0/0","0/0","0/0","0/0","0/0","0/0","0/0","0/0","0/0","0/0","0/0","0/0","0/0","0/0","0/0","0/0","0/0","0/1","0/0","0/0","0/1","0/0","0/0","0/0","0/0","0/1","0/0","0/0","0/0","0/0","0/0","0/0","0/0","0/0","0/1","0/1","0/0","0/0","0/0","0/0","0/0","0/0","0/0","0/0","0/0","0/0","0/0","0/0","0/0","0/0","0/0","0/0","0/0","0/1","0/0","0/0","0/0","0/0","0/1","0/0","0/0","0/1","0/1","0/1","0/1","0/1","0/0","0/0","0/0","0/0","0/1","0/1","0/1","0/0","0/0","0/0","0/0","0/0","0/0","0/0","0/0","0/0","0/0","0/0","0/0","0/0","0/0","0/0","0/0","0/0","0/0","0/0","0/0","0/0","0/1","0/0","0/0","0/0","0/0","0/0","0/0","0/0","0/0","0/0","0/1","0/1","0/0","0/0","0/0","0/0","0/0","0/0","0/0","0/0","0/0","0/0"
"chr17:4692549_GCA/G_GLTPD2","0/0","0/0","0/0","0/0","0/0","0/0","0/0","0/0","0/0","0/0","0/0","0/0","0/0","0/0","0/1","0/0","0/0","0/0","0/0","0/0","0/0","0/0","0/0","0/0","0/0","0/0","0/0","0/0","0/0","0/0","0/0","0/0","0/0","0/0","0/0","0/0","0/0","0/0","0/0","0/0","0/0","0/0","0/0","0/0","0/0","0/0","0/0","0/0","0/0","0/0","0/0","0/0","0/0","0/0","0/0","0/0","0/0","0/0","0/0","0/0","0/0","0/0","0/0","0/0","0/0","0/0","0/0","0/0","0/0","0/0","0/0","0/0","0/0","0/0","0/0","0/0","0/0","0/0","0/0","0/0","0/0","0/0","0/0","0/0","0/0","0/0","0/0","0/0","0/0","0/0","0/0","0/0","0/0","0/0","0/0","0/0","0/0","0/0","0/0","0/0","0/0","0/0","0/0","0/0","0/0","0/0","0/0","0/0","0/0","0/0","0/0","0/0","0/0","0/0","0/0","0/0","0/0","0/0","0/0","0/0","0/0","0/0","0/0","0/0","0/0","0/0","0/0","0/0","0/0","0/0","0/0","0/0","0/0","0/0","0/0","0/0","0/0","0/0","0/0","0/0","0/0","0/0","0/0","0/0","0/0","0/0","0/0","0/0","0/0","0/0","0/0","0/0","0/0"
"chr17:4784524_GC/G_MINK1","0/0","0/0","0/0","0/0","0/0","0/0","0/0","0/0","0/0","0/0","0/0","0/0","0/0","0/0","0/0","0/0","0/0","0/0","0/0","0/0","0/0","0/0","0/0","0/0","0/0","0/0","0/0","0/0","0/0","0/0","0/0","0/0","0/0","0/0","0/0","0/0","0/1","0/0","0/0","0/0","0/0","0/0","0/0","0/0","0/0","0/0","0/0","0/0","0/0","0/0","0/0","0/0","0/0","0/0","0/0","0/0","0/0","0/0","0/0","0/0","0/0","0/0","0/0","0/0","0/0","0/0","0/0","0/0","0/0","0/0","0/0","0/0","0/0","0/0","0/0","0/0","0/0","0/0","0/0","0/0","0/0","0/0","0/0","0/0","0/0","0/0","0/0","0/0","0/0","0/0","0/0","0/0","0/0","0/0","0/0","0/0","0/0","0/0","0/0","0/0","0/0","0/0","0/0","0/0","0/0","0/0","0/0","0/0","0/0","0/0","0/0","0/0","0/0","0/0","0/0","0/0","0/0","0/0","0/0","0/0","0/0","0/0","0/0","0/0","0/0","0/0","0/0","0/0","0/0","0/0","0/0","0/0","0/0","0/0","0/0","0/0","0/0","0/0","0/0","0/0","0/0","0/0","0/0","0/0","0/0","0/0","0/0","0/0","0/0","0/0","0/0","0/0","0/0"
"chr17:4797361_CG/C_MINK1","0/0","0/0","0/0","0/0","0/0","0/0","0/0","0/0","0/0","0/0","0/0","0/0","0/0","0/0","0/0","0/0","0/0","0/0","0/0","0/0","0/0","0/0","0/0","0/0","0/0","0/0","0/0","0/0","0/0","0/0","0/0","0/0","0/0","0/0","0/0","0/0","0/1","0/0","0/0","0/0","0/0","0/0","0/0","0/0","0/0","0/0","0/0","0/0","0/0","0/0","0/0","0/0","0/0","0/0","0/0","0/0","0/0","0/0","0/0","0/0","0/0","0/0","0/0","0/0","0/0","0/0","0/0","0/0","0/0","0/0","0/0","0/0","0/0","0/0","0/0","0/0","0/0","0/0","0/0","0/0","0/0","0/0","0/0","0/0","0/0","0/0","0/0","0/0","0/0","0/0","0/0","0/0","0/0","0/0","0/0","0/0","0/0","0/0","0/0","0/0","0/0","0/0","0/0","0/0","0/0","0/0","0/0","0/0","0/0","0/0","0/0","0/0","0/0","0/0","0/0","0/0","0/0","0/0","0/0","0/0","0/0","0/0","0/0","0/0","0/0","0/0","0/0","0/0","0/0","0/0","0/0","0/0","0/0","0/0","0/0","0/0","0/0","0/0","0/0","0/0","0/0","0/0","0/0","0/0","0/0","0/0","0/0","0/0","0/0","0/0","0/0","0/0","0/0"
"chr17:4803337_AACCGAAG/A_C17orf107","0/0","0/0","0/0","0/0","0/0","0/0","0/0","0/0","0/0","0/0","0/1","0/0","0/0","0/0","1/1","0/0","0/1","0/0","0/0","0/0","0/0","0/0","0/0","0/0","0/1","0/0","0/0","0/0","0/0","0/0","0/0","0/1","0/0","0/0","0/0","0/0","0/1","0/1","0/0","0/0","0/0","0/0","0/0","0/1","0/0","0/1","0/0","0/0","0/0","0/0","0/0","0/0","0/1","0/1","0/0","0/0","0/0","0/0","0/0","1/1","0/0","0/0","0/0","0/0","0/0","0/0","0/1","0/0","0/0","0/1","0/0","0/0","0/0","0/0","0/0","0/0","0/0","0/1","0/1","0/1","0/1","0/0","0/0","0/0","0/0","0/0","0/0","0/0","0/0","0/0","0/1","0/0","0/0","0/0","0/0","0/1","0/0","0/0","0/0","0/0","0/0","0/0","0/0","0/0","0/0","0/0","0/0","0/0","0/0","0/0","0/0","0/0","0/0","0/0","0/0","0/0","0/0","0/0","0/0","0/0","0/0","0/0","0/0","0/0","0/0","0/0","0/0","0/0","0/0","0/0","0/0","0/0","0/0","0/0","0/0","0/0","0/0","0/0","0/0","0/0","0/0","0/0","0/0","1/1","1/1","1/1","0/1","0/1","0/1","0/0","0/0","0/0","0/0"
"chr17:4837202_ACCACCCCAGAGCCCAC/A_GP1BA","0/0","0/0","0/0","0/0","0/0","0/0","0/0","0/0","0/0","0/1","1/1","0/2","1/1","1/1","1/1","0/1","0/1","2/2","0/1","0/0","1/1","0/1","0/0","0/2","0/2","0/0","0/2","0/0","2/2","2/2","0/2","0/1","2/2","2/2","0/2","0/2","1/1","0/1","0/2","0/2","0/0","0/1","0/1","1/1","0/0","0/1","0/2","2/2","2/2","0/2","0/2","0/0","0/1","0/1","1/1","2/2","0/0","2/2","0/1","1/1","1/1","0/1","2/2","0/2","2/2","0/1","0/1","0/0","0/0","0/1","0/1","2/2","2/2","0/1","0/1","0/1","0/1","0/1","0/1","0/1","0/1","0/2","0/2","0/1","0/1","0/2","0/2","0/2","0/2","0/2","0/2","0/2","2/2","0/1","0/1","0/2","0/2","0/1","0/2","0/2","0/2","0/2","0/2","0/2","0/0","0/1","0/1","0/0","0/0","0/2","0/2","0/2","0/2","0/2","0/2","0/2","0/2","2/2","0/2","2/2","0/2","0/2","0/2","2/2","0/2","0/2","0/0","0/0","0/2","0/2","0/2","0/0","0/1","0/0","0/1","0/1","0/2","0/0","0/1","0/1","0/1","0/0","0/0","1/1","1/1","1/1","0/1","0/1","0/1","0/1","0/1","0/1","0/1"
"chr17:4875737_AG/A_CAMTA2","0/0","0/0","0/0","0/0","0/0","0/0","0/0","0/0","0/0","0/0","0/0","0/0","0/0","0/0","0/0","0/0","0/0","0/0","0/0","0/0","0/0","0/0","0/0","0/0","0/0","0/0","0/0","0/0","0/0","0/0","0/0","0/1","0/0","0/0","0/0","0/0","0/0","0/0","0/0","0/0","0/0","0/0","0/0","0/0","0/0","0/0","0/0","0/0","0/0","0/0","0/0","0/0","0/0","0/0","0/0","0/0","0/0","0/0","0/0","0/0","0/0","0/0","0/0","0/0","0/0","0/0","0/0","0/0","0/0","0/0","0/0","0/0","0/0","0/0","0/0","0/0","0/0","0/0","0/0","0/0","0/0","0/0","0/0","0/0","0/0","0/0","0/0","0/0","0/0","0/0","0/0","0/0","0/0","0/0","0/0","0/0","0/0","0/0","0/0","0/0","0/0","0/0","0/0","0/0","0/0","0/0","0/0","0/0","0/0","0/0","0/0","0/0","0/0","0/0","0/0","0/0","0/0","0/0","0/0","0/0","0/0","0/0","0/0","0/0","0/0","0/0","0/0","0/0","0/0","0/0","0/0","0/0","0/0","0/0","0/0","0/0","0/0","0/0","0/0","0/0","0/0","0/0","0/0","0/0","0/0","0/0","0/0","0/0","0/0","0/0","0/0","0/0","0/0"
"chr17:5290963_CT/C_NUP88","0/0","0/0","0/0","0/0","0/0","0/0","0/0","0/0","0/0","0/0","0/0","0/0","0/0","0/0","0/0","0/0","0/0","0/0","0/0","0/0","0/0","0/0","0/0","0/0","0/0","0/0","0/0","0/0","0/0","0/0","0/0","0/0","0/0","0/0","0/0","0/0","0/1","0/0","0/0","0/0","0/0","0/0","0/0","0/0","0/0","0/0","0/0","0/0","0/0","0/0","0/0","0/0","0/0","0/0","0/0","0/0","0/0","0/0","0/0","0/0","0/0","0/0","0/0","0/0","0/0","0/0","0/0","0/0","0/0","0/0","0/0","0/0","0/0","0/0","0/0","0/0","0/0","0/0","0/0","0/0","0/0","0/0","0/0","0/0","0/0","0/0","0/0","0/0","0/0","0/0","0/0","0/0","0/0","0/0","0/0","0/0","0/0","0/0","0/0","0/0","0/0","0/0","0/0","0/0","0/0","0/0","0/0","0/0","0/0","0/0","0/0","0/0","0/0","0/0","0/0","0/0","0/0","0/0","0/0","0/0","0/0","0/0","0/0","0/0","0/0","0/0","0/0","0/0","0/0","0/0","0/0","0/0","0/0","0/0","0/0","0/0","0/0","0/0","0/0","0/0","0/0","0/0","0/0","0/0","0/0","0/0","0/0","0/0","0/0","0/0","0/0","0/0","0/0"
"chr17:5463201_TC/T_NLRP1","0/0","0/0","0/0","0/0","0/0","0/0","0/0","0/0","0/0","0/0","0/0","0/0","0/0","0/0","0/0","0/0","0/0","0/0","0/0","0/0","0/0","0/0","0/0","0/0","0/0","0/0","0/0","0/0","0/0","0/0","0/0","0/0","0/0","0/0","0/0","0/0","0/0","0/0","0/0","0/0","0/0","0/0","0/0","0/0","0/0","0/0","0/0","0/0","0/0","0/0","0/0","0/0","0/0","0/0","0/0","0/0","0/0","0/0","0/0","0/0","0/0","0/0","0/0","0/0","0/0","0/0","0/0","0/0","0/0","0/0","0/0","0/0","0/0","0/0","0/0","0/0","0/0","0/0","0/0","0/0","0/0","0/0","0/0","0/0","0/0","0/0","0/0","0/0","0/0","0/0","0/0","0/0","0/0","0/0","0/0","0/0","0/0","0/0","0/0","0/0","0/0","0/0","0/0","0/0","0/0","0/0","0/0","0/0","0/0","0/0","0/0","0/0","0/0","0/0","0/1","0/0","0/0","0/0","0/0","0/0","0/0","0/0","0/0","0/0","0/0","0/0","0/0","0/0","0/0","0/0","0/0","0/0","0/0","0/0","0/0","0/0","0/0","0/0","0/0","0/0","0/0","0/0","0/0","0/0","0/0","0/0","0/0","0/0","0/0","0/0","0/0","0/0","0/0"
"chr17:6555546_C/CG_C17orf100","1/1","1/1","1/1","1/1","1/1","1/1","1/1","1/1","1/1","1/1","1/1","1/1","1/1","1/1","1/1","1/1","1/1","1/1","1/1","1/1","1/1","1/1","1/1","1/1","1/1","1/1","1/1","1/1","1/1","1/1","1/1","1/1","1/1","1/1","1/1","1/1","1/1","1/1","1/1","1/1","1/1","1/1","1/1","1/1","1/1","1/1","1/1","1/1","1/1","1/1","1/1","1/1","1/1","1/1","1/1","1/1","1/1","1/1","1/1","1/1","1/1","1/1","1/1","1/1","1/1","1/1","1/1","1/1","1/1","1/1","1/1","1/1","1/1","1/1","1/1","1/1","1/1","1/1","1/1","1/1","1/1","1/1","1/1","1/1","1/1","1/1","1/1","1/1","1/1","1/1","1/1","1/1","1/1","1/1","1/1","1/1","1/1","1/1","1/1","1/1","1/1","1/1","1/1","1/1","1/1","1/1","1/1","1/1","1/1","1/1","1/1","1/1","1/1","1/1","1/1","1/1","1/1","1/1","1/1","1/1","1/1","1/1","1/1","1/1","1/1","1/1","1/1","1/1","1/1","1/1","1/1","1/1","1/1","1/1","1/1","1/1","1/1","1/1","1/1","1/1","1/1","1/1","1/1","1/1","1/1","1/1","1/1","1/1","1/1","1/1","1/1","1/1","1/1"
"chr17:6927990_A/AG_BCL6B","0/0","0/0","0/0","0/0","0/0","0/0","0/0","0/0","0/0","0/1","0/0","0/0","0/0","0/0","0/0","0/0","0/0","0/0","0/0","0/0","0/0","0/0","0/0","0/0","0/0","0/0","0/0","0/0","0/0","0/0","0/0","0/0","0/0","0/0","0/0","0/0","0/0","0/0","0/0","0/0","0/0","0/0","0/0","0/0","0/0","0/0","0/0","0/0","0/0","0/0","0/0","0/0","0/0","0/0","0/0","0/0","0/0","0/0","0/0","0/0","0/0","0/0","0/0","0/0","0/0","0/0","0/0","0/0","0/0","0/0","0/0","0/0","0/0","0/0","0/0","0/0","0/0","0/0","0/0","0/0","0/0","0/0","0/0","0/0","0/0","0/0","0/0","0/0","0/0","0/0","0/0","0/0","0/0","0/0","0/0","0/0","0/0","0/0","0/0","0/0","0/0","0/0","0/0","0/0","0/0","0/0","0/0","0/0","0/0","0/0","0/0","0/0","0/0","0/0","0/0","0/0","0/0","0/0","0/0","0/0","0/0","0/0","0/0","0/0","0/0","0/0","0/0","0/0","0/0","0/0","0/0","0/0","0/0","0/0","0/0","0/0","0/0","0/0","0/0","0/0","0/0","0/0","0/0","0/0","0/0","0/0","0/0","0/0","0/0","0/0","0/0","0/0","0/0"
"chr17:6928019_C/CCAG_BCL6B","1/1","1/1","0/1","1/1","0/1","1/1","0/1","0/1","0/1","0/1","1/1","1/1","0/1","0/1","1/1","1/1","1/1","0/1","1/1","0/0","0/1","0/1","1/1","1/1","1/1","1/1","0/1","0/1","1/1","0/1","0/1","0/1","0/1","0/1","0/1","1/1","1/1","1/1","0/1","0/1","1/2","1/1","0/1","1/1","1/1","1/1","0/1","0/1","0/1","0/1","0/1","0/1","0/1","0/1","1/1","0/1","1/1","0/1","0/1","1/1","1/1","1/1","1/1","1/1","1/1","0/1","1/1","1/1","1/1","1/1","1/1","1/1","1/1","1/1","1/1","0/1","0/1","0/1","0/1","1/1","1/1","1/1","0/1","1/1","0/1","1/1","0/1","1/1","1/1","1/1","1/1","1/1","1/1","0/1","1/1","1/1","1/1","0/1","1/1","1/1","1/1","1/1","1/1","1/1","0/1","0/1","0/1","1/1","1/1","1/1","1/1","1/1","1/1","1/1","0/1","0/1","0/1","0/1","1/1","0/1","0/1","1/1","0/1","0/1","0/1","0/1","1/1","1/1","1/1","1/1","1/1","1/1","0/1","0/1","0/1","0/1","0/1","0/1","1/1","1/1","1/1","0/1","1/1","1/1","0/1","1/1","0/1","0/1","0/1","0/1","0/1","0/1","0/1"
"chr17:7572941_GC/G_TP53","0/0","0/0","0/0","0/0","0/0","0/0","0/0","0/0","0/0","0/0","0/1","0/0","0/0","0/0","0/0","0/0","0/0","0/0","0/0","0/0","0/0","0/0","0/0","0/0","0/0","0/0","0/0","0/0","0/0","0/0","0/0","0/0","0/0","0/0","0/0","0/0","0/0","0/0","0/0","0/1","0/0","0/0","0/0","0/0","0/0","0/0","0/0","0/0","0/0","0/0","0/0","0/0","0/0","0/0","0/0","0/0","0/0","0/0","0/0","0/0","0/0","0/0","0/0","0/0","0/0","0/0","0/0","0/0","0/0","0/0","0/0","0/0","0/0","0/0","0/0","0/0","0/0","0/0","0/0","0/0","0/0","0/0","0/0","0/0","0/0","0/0","0/0","0/0","0/0","0/0","0/0","0/0","0/0","0/0","0/0","0/0","0/0","0/0","0/0","0/0","0/0","0/0","0/0","0/0","0/0","0/0","0/0","0/0","0/0","0/0","0/0","0/0","0/0","0/0","0/0","0/0","0/0","0/0","0/0","0/0","0/0","0/0","0/0","0/0","0/0","0/0","0/0","0/0","0/0","0/0","0/0","0/0","0/0","0/0","0/0","0/0","0/0","0/0","0/0","0/0","0/0","0/0","0/0","0/0","0/0","0/0","0/0","0/0","0/0","0/0","0/0","0/0","0/0"
"chr17:7576862_G/GA_TP53","0/0","0/0","0/0","0/0","0/0","0/0","0/0","0/0","0/0","0/0","0/0","0/0","0/0","0/0","0/0","0/0","0/0","0/1","0/0","0/0","0/0","0/0","0/0","0/0","0/0","0/0","0/0","0/0","0/0","0/0","0/0","0/0","0/0","0/0","0/0","0/0","0/0","0/0","0/0","0/0","0/0","0/0","0/0","0/0","0/0","0/0","0/0","0/0","0/0","0/0","0/0","0/0","0/0","0/0","0/0","0/0","0/0","0/0","0/0","0/0","0/0","0/0","0/0","0/0","0/0","0/0","0/0","0/0","0/0","0/0","0/0","0/0","0/0","0/0","0/0","0/0","0/0","0/0","0/0","0/0","0/0","0/0","0/0","0/0","0/0","0/0","0/0","0/0","0/0","0/0","0/0","0/0","0/0","0/0","0/0","0/0","0/0","0/0","0/0","0/0","0/0","0/0","0/0","0/0","0/0","0/0","0/0","0/0","0/0","0/0","0/0","0/0","0/0","0/0","0/0","0/0","0/0","0/0","0/0","0/0","0/0","0/0","0/0","0/0","0/0","0/0","0/0","0/0","0/0","0/0","0/0","0/0","0/0","0/0","0/0","0/0","0/0","0/0","0/0","0/0","0/0","0/0","0/0","0/0","0/0","0/0","0/0","0/0","0/0","0/0","0/0","0/0","0/0"
"chr17:7577140_TC/T_TP53","0/0","0/0","0/0","0/0","0/0","0/0","0/0","0/0","0/0","0/0","0/0","0/0","0/0","0/0","0/0","0/0","0/0","0/0","0/0","0/0","0/0","0/0","0/0","0/0","0/0","0/0","0/0","0/0","0/0","0/0","0/0","0/0","0/0","0/0","0/0","0/0","0/0","0/0","0/0","0/0","0/0","0/0","0/0","0/0","0/0","0/0","0/0","0/0","0/0","0/0","0/0","0/0","0/0","0/0","0/0","0/0","0/0","0/0","0/0","0/0","0/0","0/0","0/0","0/0","0/0","0/0","0/0","0/0","0/0","0/0","0/0","0/0","0/0","0/0","0/0","0/0","0/0","0/0","0/0","0/0","0/0","0/0","0/0","0/0","0/0","0/0","0/0","0/0","0/0","0/0","0/0","0/0","0/0","0/0","0/0","0/0","0/0","0/0","0/0","0/0","0/0","0/0","0/0","0/0","0/0","0/0","0/0","0/0","0/0","0/0","0/0","0/0","0/0","0/0","0/0","0/0","0/0","0/0","0/0","0/0","0/0","0/0","0/0","0/0","0/0","0/0","0/0","0/0","0/0","0/0","0/0","0/0","0/0","0/0","0/0","0/1","0/0","0/0","0/0","0/0","0/0","0/0","0/0","0/0","0/0","0/0","0/0","0/0","0/0","0/0","0/0","0/0","0/0"
"chr17:7577506_C/CT_TP53","0/0","0/0","0/0","0/0","0/0","0/0","0/0","0/0","0/0","0/0","0/0","0/0","0/0","0/1","0/0","0/0","0/0","0/0","0/0","0/0","0/0","0/0","0/0","0/0","0/0","0/0","0/0","0/0","0/0","0/0","0/0","0/0","0/0","0/0","0/0","0/0","0/0","0/0","0/0","0/0","0/0","0/0","0/0","0/0","0/0","0/0","0/0","0/0","0/0","0/0","0/0","0/0","0/0","0/0","0/0","0/0","0/0","0/0","0/0","0/0","0/0","0/0","0/0","0/0","0/0","0/0","0/0","0/0","0/0","0/0","0/0","0/0","0/0","0/0","0/0","0/0","0/0","0/0","0/0","0/0","0/0","0/0","0/0","0/0","0/0","0/0","0/0","0/0","0/0","0/0","0/0","0/0","0/0","0/0","0/0","0/0","0/2","0/0","0/0","0/0","0/0","0/0","0/0","0/0","0/0","0/0","0/0","0/0","0/0","0/0","0/0","0/0","0/0","0/0","0/0","0/0","0/0","0/0","0/0","0/0","0/0","0/0","0/0","0/0","0/0","0/0","0/0","0/0","0/0","0/0","0/0","0/0","0/0","0/0","0/0","0/0","0/0","0/0","0/0","0/0","0/0","0/0","0/0","0/0","0/0","0/0","0/0","0/0","0/0","0/0","0/0","0/0","0/0"
"chr17:7577508_TCCA/T_TP53","0/0","0/0","0/0","0/0","0/0","0/0","0/0","0/0","0/0","0/0","0/0","0/0","0/0","0/0","0/0","0/0","0/0","0/0","0/0","0/0","0/0","0/0","0/0","0/0","0/0","0/0","0/0","0/0","0/0","0/0","0/0","0/0","0/0","0/0","0/0","0/0","0/0","0/0","0/0","0/0","0/0","0/0","0/0","0/0","0/0","0/0","0/0","0/0","0/0","0/0","0/0","0/0","0/0","0/0","0/0","0/0","0/0","0/0","0/0","0/0","0/0","0/0","0/0","0/0","0/0","0/0","0/0","0/0","0/0","0/0","0/0","0/0","0/0","0/0","0/0","0/0","0/0","0/0","0/0","0/0","0/0","0/0","0/0","0/0","0/0","0/0","0/0","0/0","0/0","0/0","0/0","0/0","0/0","0/0","0/0","0/0","0/0","0/0","0/0","0/0","0/0","0/0","0/0","0/0","0/0","0/0","0/0","0/0","0/0","0/0","0/0","0/0","0/0","0/0","0/0","0/0","0/0","0/0","0/0","0/0","0/0","0/0","0/0","0/0","0/0","0/0","0/0","0/0","0/1","0/0","0/0","0/0","0/0","0/0","0/0","0/0","0/0","0/0","0/0","0/0","0/0","0/0","0/0","0/0","0/0","0/0","0/0","0/0","0/0","0/0","0/0","0/0","0/0"
"chr17:7577512_GTGTGA/G_TP53","0/0","0/0","0/0","0/0","0/0","0/0","0/0","0/0","0/0","0/0","0/0","0/0","0/0","0/0","0/0","0/0","0/0","0/0","0/0","0/0","0/0","0/0","0/0","0/0","0/0","0/0","0/0","0/0","0/0","0/0","0/0","0/0","0/0","0/0","0/0","0/0","0/0","0/0","0/0","0/0","0/0","0/0","0/0","0/0","0/0","0/0","0/0","0/0","0/0","0/0","0/0","0/0","0/0","0/0","0/0","0/0","0/0","0/0","0/0","0/0","0/0","0/0","0/0","0/0","0/0","0/0","0/0","0/0","0/0","0/0","0/0","0/0","0/0","0/0","0/0","0/0","0/0","0/0","0/0","0/0","0/0","0/0","0/0","0/0","0/0","0/0","0/0","0/0","0/0","0/0","0/0","0/0","0/0","0/0","0/0","0/0","0/0","0/0","0/0","0/0","0/0","0/0","0/0","0/0","0/0","0/0","0/0","0/0","0/0","0/0","0/0","0/0","0/0","0/0","0/0","0/0","0/0","0/0","0/0","0/0","0/0","0/0","0/0","0/0","0/0","0/0","0/0","0/0","0/1","0/0","0/0","0/0","0/0","0/0","0/0","0/0","0/0","0/0","0/0","0/0","0/0","0/0","0/0","0/0","0/0","0/0","0/0","0/0","0/0","0/0","0/0","0/0","0/0"
"chr17:7577594_A/ACAGTCAGAGCCAAC_TP53","0/0","0/0","0/0","0/0","0/0","0/0","0/0","0/0","0/0","0/0","0/0","0/0","0/0","0/0","0/0","0/0","0/0","0/0","0/0","0/0","0/0","0/0","0/0","0/0","0/0","0/0","0/0","0/0","0/0","0/0","0/0","0/0","0/0","0/0","0/0","0/0","0/0","0/0","0/0","0/0","0/0","0/0","0/0","0/0","0/0","0/0","0/0","0/0","0/0","0/0","0/0","0/0","0/0","0/0","0/0","0/0","0/0","0/0","0/0","0/0","0/0","0/0","0/0","0/0","0/0","0/0","0/0","0/0","0/0","0/0","0/0","0/0","0/0","0/0","0/0","0/0","0/0","0/0","0/0","0/0","0/0","0/0","0/0","0/0","0/0","0/0","0/0","0/0","0/0","0/0","0/0","0/0","0/0","0/0","0/0","0/0","0/0","0/0","0/0","0/0","0/0","0/0","0/0","0/0","0/0","0/0","0/0","0/0","0/0","0/0","0/0","0/0","0/0","0/0","0/0","0/0","0/0","0/0","0/0","0/0","0/0","0/0","0/0","0/0","0/0","0/0","0/0","0/0","0/0","0/0","0/0","0/0","0/0","0/0","0/0","0/0","0/0","0/0","0/1","0/0","0/0","0/0","0/0","0/0","0/0","0/0","0/0","0/0","0/0","0/0","0/0","0/0","0/0"
"chr17:7578249_AT/A_TP53","0/0","0/0","0/0","0/0","0/0","0/0","0/0","0/0","0/0","0/0","0/0","0/0","0/0","0/0","0/0","0/0","0/0","0/0","0/0","0/0","0/0","0/0","0/0","0/0","0/0","0/0","0/0","0/0","0/0","0/0","0/0","0/0","0/0","0/0","0/0","0/0","0/0","0/0","0/0","0/0","0/0","0/0","0/0","0/0","0/0","0/0","0/0","0/0","0/0","0/0","0/0","0/0","0/0","0/0","0/0","0/0","0/0","0/0","0/0","0/0","0/0","0/0","0/0","0/0","0/0","0/0","0/0","0/0","0/0","0/0","0/0","0/0","0/0","0/0","0/0","0/0","0/0","0/0","0/0","0/0","0/0","0/0","0/0","0/0","0/0","0/0","0/0","0/0","0/0","0/0","0/0","0/0","0/0","0/0","0/0","0/0","0/0","0/0","0/0","0/0","0/0","0/0","0/0","0/0","0/0","0/0","0/0","0/0","0/0","0/0","0/0","0/0","0/0","0/0","0/0","0/1","0/0","0/0","0/0","0/0","0/0","0/0","0/0","0/0","0/0","0/0","0/0","0/0","0/0","0/0","0/0","0/0","0/0","0/0","0/0","0/0","0/0","0/0","0/0","0/0","0/0","0/0","0/0","0/0","0/0","0/0","0/0","0/0","0/0","0/0","0/0","0/0","0/0"
"chr17:7578259_ACT/A_TP53","0/0","0/0","0/0","0/0","0/0","0/0","0/0","0/0","0/0","0/0","0/0","0/0","0/0","0/0","0/0","0/0","0/0","0/0","0/0","0/0","0/0","0/0","0/0","0/0","0/0","0/0","0/0","0/0","0/0","0/0","0/0","0/0","0/0","0/0","0/0","0/0","0/0","0/0","0/0","0/0","0/1","0/0","0/0","0/0","0/0","0/0","0/0","0/0","0/0","0/0","0/0","0/0","0/0","0/0","0/0","0/0","0/0","0/0","0/0","0/0","0/0","0/0","0/0","0/0","0/0","0/0","0/0","0/0","0/0","0/0","0/0","0/0","0/0","0/0","0/0","0/0","0/0","0/0","0/0","0/0","0/0","0/0","0/0","0/0","0/0","0/0","0/0","0/0","0/0","0/0","0/0","0/0","0/0","0/0","0/0","0/0","0/0","0/0","0/0","0/0","0/0","0/0","0/0","0/0","0/0","0/0","0/0","0/0","0/0","0/0","0/0","0/0","0/0","0/0","0/0","0/0","0/0","0/0","0/0","0/0","0/0","0/0","0/0","0/0","0/0","0/0","0/0","0/0","0/0","0/0","0/0","0/0","0/0","0/0","0/0","0/0","0/0","0/0","0/0","0/0","0/0","0/0","0/0","0/0","0/0","0/0","0/0","0/0","0/0","0/0","0/0","0/0","0/0"
"chr17:7578396_GT/G_TP53","0/0","0/0","0/0","0/0","0/0","0/0","0/0","0/0","0/0","0/0","0/0","0/0","0/0","0/0","0/1","0/0","0/0","0/0","0/0","0/0","0/0","0/0","0/0","0/0","0/0","0/0","0/0","0/0","0/0","0/0","0/0","0/0","0/0","0/0","0/0","0/0","0/0","0/0","0/0","0/0","0/0","0/0","0/0","0/0","0/0","0/0","0/0","0/0","0/0","0/0","0/0","0/0","0/0","0/0","0/0","0/0","0/0","0/0","0/0","0/0","0/0","0/0","0/0","0/0","0/0","0/0","0/0","0/0","0/0","0/0","0/0","0/0","0/0","0/0","0/0","0/0","0/0","0/0","0/0","0/0","0/0","0/0","0/0","0/0","0/0","0/0","0/0","0/0","0/0","0/0","0/0","0/0","0/0","0/0","0/0","0/0","0/0","0/0","0/0","0/0","0/0","0/0","0/0","0/0","0/0","0/0","0/0","0/0","0/0","0/0","0/0","0/0","0/0","0/0","0/0","0/0","0/0","0/0","0/0","0/0","0/0","0/0","0/0","0/0","0/0","0/0","0/0","0/0","0/0","0/0","0/0","0/0","0/0","0/0","0/0","0/0","0/0","0/0","0/0","0/0","0/0","0/0","0/0","0/0","0/0","0/0","0/0","0/0","0/0","0/0","0/0","0/0","0/0"
"chr17:7578474_CGGGGGTGT/C_TP53","0/0","0/0","0/0","0/0","0/0","0/0","0/0","0/0","0/0","0/0","0/0","0/0","0/0","0/0","0/0","0/0","0/0","0/0","0/1","0/0","0/0","0/0","0/0","0/0","0/0","0/0","0/0","0/0","0/0","0/0","0/0","0/0","0/0","0/0","0/0","0/0","0/0","0/0","0/0","0/0","0/0","0/0","0/0","0/0","0/0","0/0","0/0","0/0","0/0","0/0","0/0","0/0","0/0","0/0","0/0","0/0","0/0","0/0","0/0","0/0","0/0","0/0","0/0","0/0","0/0","0/0","0/0","0/0","0/0","0/0","0/0","0/0","0/0","0/0","0/0","0/0","0/0","0/0","0/0","0/0","0/0","0/0","0/0","0/0","0/0","0/0","0/0","0/0","0/0","0/0","0/0","0/0","0/0","0/0","0/0","0/0","0/0","0/0","0/0","0/0","0/0","0/0","0/0","0/0","0/0","0/0","0/0","0/0","0/0","0/0","0/0","0/2","0/0","0/0","0/0","0/0","0/0","0/0","0/0","0/0","0/0","0/3","0/0","0/0","0/0","0/0","0/0","0/0","0/0","0/0","0/0","0/0","0/0","0/0","0/0","0/0","0/0","0/0","0/0","0/0","0/0","0/0","0/0","0/0","0/0","0/0","0/0","0/0","0/0","0/0","0/0","0/0","0/0"
"chr17:7578534_CT/C_TP53","0/0","0/0","0/0","0/0","0/0","0/0","0/0","0/0","0/0","0/0","0/0","0/0","0/0","0/0","0/0","0/0","0/0","0/0","0/0","0/0","0/0","0/0","0/0","0/0","0/0","0/0","0/0","0/1","0/0","0/0","0/0","0/0","0/0","0/0","0/0","0/0","0/0","0/0","0/0","0/0","0/0","0/0","0/0","0/0","0/0","0/0","0/0","0/0","0/0","0/0","0/0","0/0","0/0","0/0","0/0","0/0","0/0","0/0","0/0","0/0","0/0","0/0","0/0","0/0","0/0","0/0","0/0","0/0","0/0","0/0","0/0","0/0","0/0","0/0","0/0","0/0","0/0","0/0","0/0","0/0","0/0","0/0","0/0","0/0","0/0","0/0","0/0","0/0","0/0","0/0","0/0","0/0","0/0","0/0","0/0","0/0","0/0","0/0","0/0","0/0","0/0","0/0","0/0","0/0","0/0","0/0","0/0","0/0","0/0","0/0","0/0","0/0","0/0","0/0","0/0","0/0","0/0","0/0","0/0","0/0","0/0","0/0","0/0","0/0","0/0","0/0","0/0","0/0","0/0","0/0","0/0","0/0","0/0","0/0","0/0","0/0","0/0","0/0","0/0","0/0","0/0","0/0","0/0","0/0","0/0","0/0","0/0","0/0","0/0","0/0","0/0","0/0","0/0"
"chr17:7579470_CG/C_TP53","0/0","0/0","0/0","0/0","0/0","0/0","0/0","0/0","0/0","0/0","0/0","0/0","0/0","0/0","0/0","0/0","0/0","0/0","0/0","0/0","0/0","0/0","0/0","0/0","0/0","0/0","0/0","0/0","0/0","0/0","0/0","0/0","0/0","0/0","0/0","0/0","0/0","0/0","0/0","0/0","0/0","0/0","0/0","0/0","0/0","0/0","0/0","0/0","0/0","0/0","0/0","0/0","0/0","0/0","0/0","0/0","0/0","0/0","0/0","0/0","0/0","0/0","0/0","0/0","0/0","0/0","0/0","0/0","0/0","0/0","0/0","0/0","0/0","0/0","0/0","0/0","0/0","0/0","0/0","0/0","0/0","0/0","0/0","0/0","0/0","0/0","0/0","0/0","0/0","0/0","0/0","0/0","0/0","0/0","0/0","0/0","0/0","0/0","0/0","0/0","0/0","0/0","0/0","0/0","0/0","0/0","0/0","0/0","0/0","0/0","0/0","0/0","0/0","0/0","0/0","0/0","0/0","0/0","0/0","0/0","0/0","0/0","0/0","0/0","0/0","0/1","0/0","0/0","0/0","0/0","0/0","0/0","0/0","0/0","0/0","0/0","0/0","0/0","0/0","0/0","0/0","0/0","0/0","0/0","0/0","0/0","0/0","0/0","0/0","0/0","0/0","0/0","0/0"
"chr17:7579584_AG/A_TP53","0/0","0/0","0/0","0/0","0/0","0/0","0/0","0/0","0/0","0/0","0/0","0/0","0/0","0/0","0/0","0/0","0/0","0/0","0/0","0/0","0/0","0/0","0/0","0/0","0/0","0/0","0/0","0/0","0/0","0/0","0/0","0/0","0/0","0/0","0/0","0/0","0/0","0/0","0/0","0/0","0/0","0/0","0/0","0/0","0/0","0/0","0/0","0/0","0/0","0/0","0/0","0/0","0/0","0/0","0/1","0/0","0/0","0/0","0/0","0/0","0/0","0/0","0/0","0/0","0/0","0/0","0/0","0/0","0/0","0/0","0/0","0/0","0/0","0/0","0/0","0/0","0/0","0/0","0/0","0/0","0/0","0/0","0/0","0/0","0/0","0/0","0/0","0/0","0/0","0/0","0/0","0/0","0/0","0/0","0/0","0/0","0/0","0/0","0/0","0/0","0/0","0/0","0/0","0/0","0/0","0/0","0/0","0/0","0/0","0/0","0/0","0/0","0/0","0/0","0/0","0/0","0/0","0/0","0/0","0/0","0/0","0/0","0/0","0/0","0/0","0/0","0/0","0/0","0/0","0/0","0/0","0/0","0/0","0/0","0/0","0/0","0/0","0/0","0/0","0/0","0/0","0/0","0/0","0/0","0/0","0/0","0/0","0/0","0/0","0/0","0/0","0/0","0/0"
"chr17:7606714_T/TG_WRAP53","0/0","0/0","0/0","0/0","0/0","0/0","0/0","0/0","0/0","0/0","0/0","0/0","0/0","0/0","0/0","0/0","0/0","0/0","0/0","0/0","0/0","0/0","0/0","0/0","0/0","0/0","0/0","0/0","0/0","0/0","0/1","0/0","0/0","0/0","0/0","0/0","0/0","0/0","0/0","0/0","0/0","0/0","0/0","0/0","0/0","0/0","0/0","0/0","0/0","0/0","0/0","0/0","0/0","0/0","0/0","0/0","0/0","0/0","0/0","0/0","0/0","0/0","0/0","0/0","0/0","0/0","0/0","0/0","0/0","0/0","0/0","0/0","0/0","0/0","0/0","0/0","0/0","0/0","0/0","0/0","0/0","0/0","0/0","0/0","0/0","0/0","0/0","0/0","0/0","0/0","0/0","0/0","0/0","0/0","0/0","0/0","0/0","0/0","0/0","0/0","0/0","0/0","0/0","0/0","0/0","0/0","0/0","0/0","0/0","0/0","0/0","0/0","0/0","0/0","0/0","0/0","0/0","0/0","0/0","0/0","0/0","0/0","0/0","0/0","0/0","0/0","0/0","0/0","0/0","0/0","0/0","0/0","0/0","0/0","0/0","0/0","0/0","0/0","0/0","0/0","0/0","0/0","0/0","0/0","0/0","0/0","0/0","0/0","0/0","0/0","0/0","0/0","0/0"
"chr17:7646596_CT/C_DNAH2","0/0","0/0","0/0","0/0","0/0","0/0","0/0","0/0","0/0","0/0","0/0","0/0","0/0","0/0","0/0","0/0","0/0","0/0","0/0","0/0","0/0","0/0","0/0","0/0","0/0","0/0","0/0","0/0","0/0","0/0","0/0","0/1","0/0","0/0","0/0","0/0","0/0","0/0","0/0","0/0","0/0","0/0","0/0","0/1","0/0","0/0","0/0","0/0","0/0","0/0","0/0","0/0","0/0","0/0","0/0","0/0","0/0","0/0","0/0","0/0","0/0","0/0","0/0","0/0","0/0","0/0","0/0","0/0","0/0","0/0","0/0","0/0","0/0","0/0","0/0","0/0","0/0","0/0","0/0","0/0","0/0","0/0","0/0","0/0","0/0","0/0","0/0","0/0","0/0","0/0","0/0","0/0","0/0","0/0","0/0","0/0","0/0","0/0","0/0","0/0","0/1","0/0","0/0","0/0","0/0","0/0","0/0","0/0","0/0","0/0","0/0","0/0","0/0","0/0","0/0","0/0","0/0","0/0","0/0","0/0","0/0","0/0","0/0","0/0","0/0","0/0","0/0","0/0","0/0","0/0","0/0","0/0","0/0","0/0","0/0","0/0","0/0","0/0","0/0","0/0","0/0","0/0","0/0","0/0","0/0","0/0","0/0","0/0","0/0","0/0","0/0","0/0","0/0"
"chr17:7751858_TCACCACCAC/TCAC_KDM6B","0/1","0/1","0/1","0/0","0/1","0/1","0/1","0/1","0/1","0/0","1/2","0/1","0/0","0/0","0/1","0/0","0/1","0/1","0/0","0/0","0/1","0/1","0/0","0/0","0/0","0/0","0/1","0/0","0/0","0/0","0/1","0/0","0/1","0/1","0/0","0/1","0/0","0/0","0/2","0/0","0/0","1/1","0/0","0/1","0/1","0/0","0/0","0/0","0/0","0/0","0/1","0/1","0/0","0/1","0/1","1/1","0/0","1/1","0/1","0/0","0/0","0/0","0/0","0/0","0/0","0/0","0/0","0/1","0/1","0/0","0/0","0/0","0/0","0/1","0/1","0/1","0/1","0/0","0/0","0/0","0/0","0/0","0/1","0/0","0/0","0/0","0/0","0/1","0/0","0/0","0/0","0/1","0/1","0/1","0/1","0/0","0/1","0/1","0/1","0/1","0/0","0/0","0/0","0/1","0/1","0/0","0/0","0/1","0/1","0/0","0/0","0/0","0/0","0/0","0/0","0/0","0/0","0/0","0/0","0/0","0/0","0/0","0/0","0/0","0/0","0/0","0/0","0/0","0/1","0/1","0/1","0/0","0/1","0/1","0/1","0/1","0/1","0/1","0/1","0/1","0/1","0/0","0/0","0/0","0/0","0/0","0/0","0/0","0/0","0/1","0/1","0/1","0/1"
"chr17:7752531_ACAGAAGGAGCAT/A_KDM6B","0/0","0/0","0/0","0/0","0/0","0/0","0/0","0/0","0/0","0/0","0/0","0/0","0/0","0/0","0/0","0/0","0/0","0/0","0/0","0/0","0/0","0/0","0/0","0/0","0/1","0/0","0/0","0/0","0/0","0/0","0/0","0/0","0/0","0/0","0/0","0/0","0/0","0/0","0/0","0/0","0/0","0/0","0/0","0/0","0/0","0/0","0/0","0/0","0/0","0/0","0/0","0/0","0/0","0/0","0/0","0/0","0/0","0/0","0/0","0/1","0/0","0/0","0/1","0/0","0/0","0/0","0/0","0/0","0/0","0/0","0/0","0/0","0/0","0/0","0/0","0/0","0/0","0/0","0/0","0/0","0/0","0/0","0/0","0/0","0/0","0/0","0/0","0/0","0/0","0/0","0/1","0/0","0/0","0/0","0/0","0/1","0/0","0/0","0/0","0/0","0/0","0/0","0/0","0/0","0/0","0/0","0/0","0/0","0/0","0/0","0/0","0/0","0/0","0/0","0/0","0/0","0/0","0/0","0/1","0/0","0/1","0/1","0/0","0/0","0/0","0/0","0/0","0/0","0/0","0/0","0/0","0/0","0/0","0/0","0/0","0/0","0/0","0/0","0/0","0/0","0/0","0/0","0/0","0/0","0/0","0/0","0/0","0/0","0/0","0/0","0/0","0/0","0/0"
"chr17:7788145_CGAG/C_CHD3","0/0","0/0","0/0","0/0","0/0","0/0","0/1","0/0","0/0","0/0","0/1","0/0","0/0","0/0","0/0","0/0","0/0","0/0","0/0","0/0","0/0","0/1","0/0","0/0","0/0","0/0","0/0","0/0","0/0","0/0","0/0","0/0","0/0","0/0","0/0","0/0","0/0","0/0","0/0","0/0","0/0","0/0","0/0","0/0","0/0","0/0","0/0","0/0","0/0","0/0","0/0","0/1","0/0","0/0","0/0","0/0","0/0","0/0","0/0","0/0","0/0","0/0","0/0","0/0","0/0","0/0","0/0","0/0","0/0","0/0","0/0","0/0","0/0","0/0","0/1","0/0","0/0","0/0","0/0","0/0","0/0","0/0","0/1","0/0","0/0","0/0","0/0","0/0","0/1","0/0","0/0","0/0","0/0","0/0","0/0","0/0","0/0","0/0","0/0","0/0","0/0","0/0","0/0","0/0","0/0","0/0","0/0","0/0","0/0","0/0","0/0","0/0","0/0","0/0","0/0","0/0","0/0","0/0","0/0","0/0","0/0","0/0","0/0","0/0","0/0","0/0","0/0","0/0","0/0","0/0","0/0","0/0","0/0","0/0","0/0","0/0","0/0","0/0","0/1","0/0","0/0","0/0","0/0","0/0","0/0","0/0","0/0","0/0","0/0","0/0","0/0","0/0","0/0"
"chr17:7798702_TG/T_CHD3","0/0","0/0","0/0","0/0","0/0","0/0","0/0","0/0","0/0","0/0","0/0","0/0","0/0","0/0","0/0","0/0","0/0","0/0","0/0","0/0","0/0","0/0","0/0","0/0","0/0","0/0","0/0","0/0","0/0","0/0","0/0","0/0","0/0","0/0","0/0","0/0","0/1","0/0","0/0","0/0","0/0","0/0","0/0","0/0","0/0","0/0","0/0","0/0","0/0","0/0","0/0","0/0","0/0","0/0","0/0","0/0","0/0","0/0","0/0","0/0","0/0","0/0","0/0","0/0","0/0","0/0","0/0","0/0","0/0","0/0","0/0","0/0","0/0","0/0","0/0","0/0","0/0","0/0","0/0","0/0","0/0","0/0","0/0","0/0","0/0","0/0","0/0","0/0","0/0","0/0","0/0","0/0","0/0","0/0","0/0","0/0","0/0","0/0","0/0","0/0","0/0","0/0","0/0","0/0","0/0","0/0","0/0","0/0","0/0","0/0","0/0","0/0","0/0","0/0","0/0","0/0","0/0","0/0","0/0","0/0","0/0","0/0","0/0","0/0","0/0","0/0","0/0","0/0","0/0","0/0","0/0","0/0","0/0","0/0","0/0","0/0","0/0","0/0","0/0","0/0","0/0","0/0","0/0","0/0","0/0","0/0","0/0","0/0","0/0","0/0","0/0","0/0","0/0"
"chr17:7836433_CG/C_CNTROB","0/0","0/0","0/0","0/0","0/0","0/0","0/0","0/0","0/0","0/0","0/0","0/0","0/0","0/0","0/0","0/0","0/0","0/0","0/0","0/0","0/0","0/0","0/0","0/0","0/0","0/0","0/0","0/0","0/0","0/0","0/0","0/0","0/0","0/0","0/0","0/0","0/1","0/0","0/0","0/0","0/0","0/0","0/0","0/0","0/0","0/0","0/0","0/0","0/0","0/0","0/0","0/0","0/0","0/0","0/0","0/0","0/0","0/0","0/0","0/0","0/0","0/0","0/0","0/0","0/0","0/0","0/0","0/0","0/0","0/0","0/0","0/0","0/0","0/0","0/0","0/0","0/0","0/0","0/0","0/0","0/0","0/0","0/0","0/0","0/0","0/0","0/0","0/0","0/0","0/0","0/0","0/0","0/0","0/0","0/0","0/0","0/0","0/0","0/0","0/0","0/0","0/0","0/0","0/0","0/0","0/0","0/0","0/0","0/0","0/0","0/0","0/0","0/0","0/0","0/0","0/0","0/0","0/0","0/0","0/0","0/0","0/0","0/0","0/0","0/0","0/0","0/0","0/0","0/0","0/0","0/0","0/0","0/0","0/0","0/0","0/0","0/0","0/0","0/0","0/0","0/0","0/0","0/0","0/0","0/0","0/0","0/0","0/0","0/0","0/0","0/0","0/0","0/0"
"chr17:8025078_TG/T_HES7","0/0","0/0","0/0","0/0","0/0","0/0","0/0","0/0","0/0","0/0","0/0","0/0","0/0","0/0","0/0","0/0","0/0","0/0","0/0","0/0","0/0","0/0","0/0","0/0","0/0","0/0","0/0","0/0","0/0","0/0","0/0","0/0","0/0","0/0","0/0","0/0","0/1","0/0","0/0","0/0","0/0","0/0","0/0","0/0","0/0","0/0","0/0","0/0","0/0","0/0","0/0","0/0","0/0","0/0","0/0","0/0","0/0","0/0","0/0","0/0","0/0","0/0","0/0","0/0","0/0","0/0","0/0","0/0","0/0","0/0","0/0","0/0","0/0","0/0","0/0","0/0","0/0","0/0","0/0","0/0","0/0","0/0","0/0","0/0","0/0","0/0","0/0","0/0","0/0","0/0","0/0","0/0","0/0","0/0","0/0","0/0","0/0","0/0","0/0","0/0","0/0","0/0","0/0","0/0","0/0","0/0","0/0","0/0","0/0","0/0","0/0","0/0","0/0","0/0","0/0","0/0","0/0","0/0","0/0","0/0","0/0","0/0","0/0","0/0","0/0","0/0","0/0","0/0","0/0","0/0","0/0","0/0","0/0","0/0","0/0","0/0","0/0","0/0","0/0","0/0","0/0","0/0","0/0","0/0","0/0","0/0","0/0","0/0","0/0","0/0","0/0","0/0","0/0"
"chr17:8167584_GC/G_PFAS","0/0","0/0","0/0","0/0","0/0","0/0","0/0","0/0","0/0","0/0","0/0","0/0","0/0","0/0","0/0","0/0","0/0","0/0","0/0","0/0","0/0","0/0","0/0","0/0","0/0","0/0","0/0","0/0","0/0","0/0","0/0","0/0","0/0","0/0","0/0","0/0","0/1","0/0","0/0","0/0","0/0","0/0","0/0","0/0","0/0","0/0","0/0","0/0","0/0","0/0","0/0","0/0","0/0","0/0","0/0","0/0","0/0","0/0","0/0","0/0","0/0","0/0","0/0","0/0","0/0","0/0","0/0","0/0","0/0","0/0","0/0","0/0","0/0","0/0","0/0","0/0","0/0","0/0","0/0","0/0","0/0","0/0","0/0","0/0","0/0","0/0","0/0","0/0","0/0","0/0","0/0","0/0","0/0","0/0","0/0","0/0","0/0","0/0","0/0","0/0","0/0","0/0","0/0","0/0","0/0","0/0","0/0","0/0","0/0","0/0","0/0","0/0","0/0","0/0","0/0","0/0","0/0","0/0","0/0","0/0","0/0","0/0","0/0","0/0","0/0","0/0","0/0","0/0","0/0","0/0","0/0","0/0","0/0","0/0","0/0","0/0","0/0","0/0","0/0","0/0","0/0","0/0","0/0","0/0","0/0","0/0","0/0","0/0","0/0","0/0","0/0","0/0","0/0"
"chr17:8725214_A/AG_PIK3R6","1/1","1/1","1/1","1/1","1/1","1/1","1/1","1/1","1/1","1/1","1/1","1/1","1/1","1/1","1/1","1/1","1/1","1/1","1/1","1/1","1/1","1/1","1/1","1/1","1/1","1/1","1/1","1/1","1/1","1/1","1/1","1/1","1/1","1/1","1/1","1/1","1/1","1/1","1/1","1/1","1/1","1/1","1/1","1/1","1/1","1/1","1/1","1/1","1/1","1/1","1/1","1/1","1/1","1/1","1/1","1/1","1/1","1/1","1/1","1/1","1/1","1/1","1/1","1/1","1/1","1/1","1/1","1/1","1/1","1/1","1/1","1/1","1/1","1/1","1/1","1/1","1/1","1/1","1/1","1/1","1/1","1/1","1/1","1/1","1/1","1/1","1/1","1/1","1/1","1/1","1/1","1/1","1/1","1/1","1/1","1/1","1/1","1/1","1/1","1/1","1/1","1/1","1/1","1/1","1/1","1/1","1/1","1/1","1/1","1/1","1/1","1/1","1/1","1/1","1/1","1/1","1/1","1/1","1/1","1/1","1/1","1/1","1/1","1/1","1/1","1/1","1/1","1/1","1/1","1/1","1/1","1/1","1/1","1/1","1/1","1/1","1/1","1/1","1/1","1/1","1/1","1/1","1/1","1/1","1/1","1/1","1/1","1/1","1/1","1/1","1/1","1/1","1/1"
"chr17:11881815_AGTT/A_ZNF18","0/0","0/0","0/0","0/0","0/0","0/0","0/0","0/0","0/0","0/0","0/0","0/0","0/0","0/0","0/0","0/0","0/0","0/0","0/0","0/0","0/0","0/0","0/0","0/0","0/0","0/0","0/0","0/0","0/0","0/0","0/0","0/0","0/0","0/0","0/0","0/0","0/1","0/0","0/0","0/0","0/0","0/0","0/0","0/0","0/0","0/0","0/0","0/0","0/0","0/0","0/0","0/0","0/0","0/0","0/0","0/0","0/0","0/0","0/0","0/0","0/0","0/0","0/0","0/0","0/0","0/0","0/0","0/0","0/0","0/0","0/0","0/0","0/0","0/0","0/0","0/0","0/0","0/0","0/0","0/0","0/0","0/0","0/0","0/0","0/0","0/0","0/0","0/0","0/0","0/0","0/0","0/0","0/0","0/0","0/0","0/0","0/0","0/0","0/0","0/0","0/0","0/0","0/0","0/1","0/1","0/0","0/0","0/0","0/0","0/0","0/0","0/0","0/0","0/0","0/0","0/0","0/0","0/0","0/0","0/0","0/0","0/0","0/0","0/0","0/0","0/0","0/0","0/0","0/0","0/0","0/0","0/0","0/0","0/0","0/0","0/0","0/0","0/0","0/0","0/0","0/0","0/0","0/0","0/0","0/0","0/0","0/0","0/0","0/0","0/0","0/0","0/0","0/0"
"chr17:12647691_CCAG/C_MYOCD","0/0","0/0","0/0","0/0","0/0","0/0","0/0","0/0","0/0","0/0","0/0","0/0","0/0","0/0","0/0","0/0","0/0","0/0","0/0","0/0","0/0","0/0","0/0","0/0","0/0","0/0","0/0","0/0","0/0","0/0","0/0","0/0","0/0","0/0","0/0","0/0","0/0","0/0","0/0","0/0","0/0","0/0","0/0","0/0","0/0","0/0","0/0","0/0","0/0","0/0","0/0","0/0","0/0","0/0","0/0","0/0","0/0","0/0","0/0","0/0","0/0","0/0","0/0","0/0","0/0","0/0","0/0","0/0","0/0","0/0","0/0","0/0","0/0","0/0","0/0","0/0","0/0","0/0","0/0","0/0","0/0","0/0","0/0","0/0","0/0","0/0","0/0","0/0","0/0","0/0","0/0","0/0","0/0","0/0","0/0","0/0","0/0","0/0","0/0","0/0","0/0","0/0","0/0","0/0","0/0","0/0","0/0","0/1","0/0","0/0","0/0","0/0","0/0","0/0","0/0","0/0","0/0","0/0","0/0","0/0","0/0","0/0","0/0","0/0","0/0","0/0","0/0","0/0","0/0","0/0","0/0","0/0","0/0","0/0","0/0","0/0","0/0","0/0","0/0","0/0","0/0","0/0","0/0","0/0","0/0","0/0","0/0","0/0","0/0","0/0","0/0","0/0","0/0"
"chr17:12893472_A/AGAGCACCGCCCTCTGACATGACACCGCCCATCCTGCCTCGCGTGTAC_ARHGAP44","0/0","0/0","0/0","0/0","0/0","0/0","0/0","0/0","0/0","0/0","0/0","0/0","0/0","0/0","0/1","0/0","0/0","0/0","0/0","0/0","0/0","0/0","0/0","0/0","0/0","0/0","0/0","0/0","0/0","0/0","0/0","0/0","0/0","0/0","0/0","0/0","0/0","0/0","0/0","0/0","0/0","0/0","0/0","0/0","0/0","0/0","0/0","0/0","0/0","0/0","0/0","0/0","0/0","0/0","0/0","0/0","0/0","0/0","0/0","0/0","0/0","0/0","0/0","0/0","0/0","0/0","0/0","0/0","0/0","0/0","0/0","0/0","0/0","0/0","0/0","0/0","0/0","0/0","0/0","0/0","0/0","0/0","0/0","0/0","0/0","0/0","0/0","0/0","0/0","0/0","0/0","0/0","0/0","0/0","0/0","0/0","0/0","0/0","0/0","0/0","0/0","0/0","0/0","0/0","0/0","0/0","0/0","0/0","0/0","0/0","0/0","0/0","0/0","0/0","0/0","0/0","0/0","0/0","0/0","0/0","0/0","0/0","0/0","0/0","0/0","0/0","0/0","0/0","0/0","0/0","0/0","0/0","0/0","0/0","0/0","0/0","0/0","0/0","0/0","0/0","0/0","0/0","0/0","0/0","0/0","0/0","0/0","0/0","0/0","0/0","0/0","0/0","0/0"
"chr17:15878109_CCAA/C_ADORA2B","0/0","0/0","0/0","0/0","0/1","0/1","0/0","0/0","0/0","0/1","0/0","0/0","0/0","0/0","0/0","0/0","0/0","0/0","0/0","0/0","0/0","0/0","0/0","0/0","0/1","0/0","0/0","0/1","0/0","0/0","0/0","0/0","0/0","0/0","0/1","0/0","0/0","0/0","0/0","0/0","0/0","0/0","0/0","0/0","0/0","0/0","0/0","0/0","0/0","0/0","0/0","0/0","0/0","0/0","0/0","0/0","0/0","0/0","0/0","0/1","0/0","0/0","0/1","0/0","0/0","0/0","0/1","0/0","0/0","0/1","0/0","0/0","0/0","0/0","0/0","0/0","0/0","0/0","0/0","0/0","0/0","0/0","0/0","0/1","0/1","0/1","0/1","0/0","0/1","0/1","0/0","0/0","0/0","0/0","0/0","0/0","0/0","0/0","0/0","0/0","0/0","0/0","0/0","0/1","0/1","0/0","0/0","0/0","0/0","0/0","0/0","0/0","0/0","0/0","0/1","0/0","0/0","0/0","0/1","0/0","0/1","0/1","0/0","0/0","0/1","0/1","0/0","0/0","0/0","0/0","0/0","0/0","0/0","0/0","0/0","0/0","0/0","0/0","0/0","0/0","0/0","0/0","0/0","0/0","0/0","0/0","0/0","0/0","0/0","0/0","0/0","0/0","0/0"
"chr17:15884427_CAT/C_ZSWIM7","0/0","0/0","0/0","0/0","0/0","0/0","0/0","0/0","0/0","0/1","0/0","0/0","0/0","0/0","0/0","0/0","0/0","0/0","0/0","0/0","0/0","0/0","0/0","0/0","0/0","0/0","0/0","0/0","0/0","0/0","0/0","0/0","0/0","0/0","0/0","0/0","0/0","0/0","0/0","0/0","0/0","0/0","0/0","0/0","0/0","0/0","0/0","0/0","0/0","0/0","0/0","0/0","0/0","0/0","0/0","0/0","0/0","0/0","0/0","0/0","0/0","0/0","0/0","0/0","0/0","0/0","0/0","0/0","0/0","0/0","0/0","0/0","0/0","0/0","0/0","0/0","0/0","0/0","0/0","0/0","0/0","0/0","0/0","0/0","0/0","0/0","0/0","0/0","0/0","0/0","0/0","0/0","0/0","0/0","0/0","0/0","0/0","0/0","0/0","0/0","0/0","0/0","0/0","0/0","0/0","0/0","0/0","0/0","0/0","0/0","0/0","0/0","0/0","0/0","0/0","0/0","0/0","0/0","0/0","0/0","0/0","0/0","0/0","0/0","0/0","0/0","0/0","0/0","0/0","0/0","0/0","0/0","0/0","0/0","0/0","0/0","0/0","0/0","0/0","0/0","0/0","0/0","0/0","0/0","0/0","0/0","0/0","0/0","0/0","0/0","0/0","0/0","0/0"
"chr17:16256468_TCGG/T_CENPV","0/0","0/0","0/0","0/0","0/0","0/0","0/0","0/0","0/0","0/0","0/0","0/0","0/0","0/0","0/0","0/0","0/0","0/0","0/0","0/0","0/0","0/0","0/0","0/0","0/0","0/0","0/0","0/0","0/0","0/0","0/0","0/0","0/0","0/0","0/0","0/0","0/0","0/0","0/0","0/0","0/0","0/0","0/0","0/0","0/0","0/0","0/0","0/0","0/0","0/0","0/0","0/0","0/0","0/0","0/0","0/1","0/0","0/0","0/0","0/0","0/0","0/0","0/0","0/0","0/0","0/0","0/0","0/0","0/0","0/0","0/0","0/0","0/0","0/0","0/0","0/0","0/0","0/0","0/0","0/0","0/0","0/0","0/0","0/0","0/0","0/1","0/0","0/0","0/0","0/0","0/0","0/0","0/0","0/0","0/0","0/0","0/0","0/0","0/0","0/0","0/0","0/0","0/0","0/0","0/0","0/0","0/0","0/0","0/0","0/0","0/0","0/0","0/0","0/0","0/0","0/0","0/0","0/0","0/0","0/0","0/0","0/0","0/0","0/0","0/0","0/0","0/0","0/0","0/0","0/0","0/0","0/0","0/0","0/0","0/0","0/0","0/0","0/0","0/0","0/0","0/0","0/0","0/0","0/0","0/0","0/0","0/0","0/0","0/0","0/0","0/0","0/0","0/0"
"chr17:16256663_C/CGGCCGCGGAGGCCGCGGGGGCCGCGGAGGCCGCGGG_CENPV","0/0","0/0","0/0","0/0",".","0/0","0/0","0/0","0/0","0/0","0/0","0/0",".","0/0","0/0","0/0","0/0","0/0","0/0","0/0","0/0","0/0","0/0","0/0","0/0","0/0","0/0","0/0","0/0","0/0","0/0","0/0","0/0","0/0","0/0","0/0","0/0","0/0","0/0",".","0/0","0/0","0/0","0/0","0/0","0/0","0/0","0/0","0/0","0/0","0/0","0/0","0/0","0/0","0/0","0/0","0/0","0/0","0/0","0/0","0/0","0/0","0/0","0/0","0/0","0/0","1/1","0/0","0/0","1/1",".","0/0","0/0","0/0","0/0","0/0",".","0/0","0/0",".","0/0","0/0","0/0","0/0","0/0","0/0","0/0",".","0/0","0/0","0/0","0/0","0/0","0/0","0/0","0/0","0/0","0/0","0/0","0/0","0/0","0/0","0/0","0/0","0/0","0/0","0/0",".","0/0","0/0","0/0","0/0","0/0","0/0","0/0","0/0","0/0","0/0","0/0","0/0","0/0","0/0","0/0","0/0","0/0","0/0","0/0","0/0","0/0",".","0/0","0/0","0/0","0/0",".",".","0/0","0/0","0/0","0/0","0/0","0/0","0/0","0/0","0/0","0/0",".","0/0","0/0","0/0","0/0",".","0/0"
"chr17:16256686_G/GCGGAGGCCC_CENPV","0/1","1/1","1/1","0/0",".","1/1","0/0","1/1","1/1","1/1","0/0","1/1",".","1/1","0/1","1/1","1/1","0/0","0/0","1/1","1/1","1/1","0/1","1/1","1/1","0/1","1/1","1/1","1/1","0/1","1/1","1/1","1/1","1/1","1/1","0/1","1/1","1/1",".","1/1","0/1","0/0","1/1","1/1","0/1","0/1",".","0/0","1/1",".","0/1","1/1","0/1","1/1","1/1","1/1","0/0","1/1","1/1","1/1","0/1","1/1","1/1","1/1","1/1","1/1","0/0",".","0/0","0/0","1/1","0/1","0/0","1/1","1/1","1/1","1/1","1/1","1/1","1/1","1/1","0/0","0/1","1/1","1/1","1/1","1/1",".","1/1","1/1","1/1","0/1","0/1","1/1","0/1","1/1","1/1","1/1","0/0","0/1","0/0","1/1","0/1","0/1","1/1","1/1",".",".","1/1",".","0/0","0/1","0/1","0/0",".","1/1","1/1",".","1/1","1/1","0/0","1/1","1/1",".","1/1","0/1","1/1","1/1","1/1","1/1","1/1","1/1",".","1/1","1/1","1/1","0/0",".","1/1","0/0","0/0","1/1","1/1","0/1","0/1","0/0","1/1",".","1/1","1/1","1/1","1/1","1/1"
"chr17:16326171_T/TC_TRPV2","0/0","0/0","0/0","0/0","0/0","0/0","0/0","0/0","0/0","0/0","0/0","0/0","0/0","0/0","0/0","0/0","0/0","0/0","0/0","0/0","0/0","0/0","0/0","0/0","0/0","0/0","0/0","0/0","0/0","0/0","0/0","0/0","0/0","0/0","0/0","0/0","0/0","0/0","0/1","0/0","0/0","0/0","0/0","0/0","0/0","0/0","0/0","0/0","0/0","0/0","0/0","0/0","0/0","0/0","0/0","0/0","0/0","0/0","0/0","0/0","0/0","0/0","0/0","0/0","0/0","0/0","0/0","0/0","0/0","0/0","0/0","0/0","0/0","0/0","0/0","0/0","0/0","0/0","0/0","0/0","0/0","0/0","0/0","0/0","0/0","0/0","0/0","0/0","0/0","0/0","0/0","0/0","0/0","0/0","0/0","0/0","0/0","0/0","0/0","0/0","0/0","0/0","0/0","0/0","0/0","0/0","0/0","0/0","0/0","0/0","0/0","0/0","0/0","0/0","0/0","0/0","0/0","0/0","0/0","0/0","0/0","0/0","0/0","0/0","0/0","0/0","0/0","0/0","0/0","0/0","0/0","0/0","0/0","0/0","0/0","0/0","0/0","0/0","0/0","0/0","0/0","0/0","0/0","0/0","0/0","0/0","0/0","0/0","0/0","0/0","0/0","0/0","0/0"
"chr17:16525791_AG/A_ZNF624","0/0","0/0","0/0","0/0","0/0","0/0","0/0","0/0","0/0","0/0","0/0","0/0","0/0","0/0","0/0","0/0","0/0","0/0","0/0","0/0","0/0","0/0","0/0","0/0","0/0","0/0","0/0","0/0","0/0","0/0","0/0","0/0","0/0","0/0","0/0","0/0","0/0","0/0","0/0","0/0","0/0","0/0","0/0","0/0","0/0","0/0","0/0","0/0","0/0","0/0","0/0","0/0","0/0","0/0","0/0","0/0","0/0","0/0","0/0","0/0","0/0","0/0","0/0","0/0","0/0","0/0","0/0","0/0","0/0","0/0","0/0","0/0","0/0","0/0","0/0","0/0","0/0","0/0","0/0","0/0","0/0","0/0","0/0","0/0","0/0","0/0","0/0","0/0","0/1","0/1","0/0","0/0","0/0","0/0","0/0","0/0","0/0","0/0","0/0","0/0","0/0","0/0","0/0","0/0","0/0","0/0","0/0","0/0","0/0","0/0","0/0","0/0","0/0","0/0","0/0","0/0","0/0","0/0","0/0","0/0","0/0","0/0","0/0","0/0","0/0","0/0","0/0","0/0","0/0","0/0","0/0","0/0","0/0","0/0","0/0","0/0","0/0","0/0","0/0","0/0","0/0","0/0","0/0","0/0","0/0","0/0","0/0","0/0","0/0","0/0","0/0","0/0","0/0"
"chr17:16527226_AT/A_ZNF624","0/0","0/0","0/0","0/0","0/0","0/0","0/0","0/0","0/0","0/0","0/0","0/0","0/0","0/0","0/0","0/0","0/0","0/0","0/0","0/0","0/0","0/0","0/0","0/0","0/0","0/0","0/0","0/0","0/0","0/0","0/0","0/0","0/0","0/0","0/0","0/0","0/1","0/0","0/0","0/0","0/0","0/0","0/0","0/0","0/0","0/0","0/0","0/0","0/0","0/0","0/0","0/0","0/0","0/0","0/0","0/0","0/0","0/0","0/0","0/0","0/0","0/0","0/0","0/0","0/0","0/0","0/0","0/0","0/0","0/0","0/0","0/0","0/0","0/0","0/0","0/0","0/0","0/0","0/0","0/0","0/0","0/0","0/0","0/0","0/0","0/0","0/0","0/0","0/0","0/0","0/0","0/0","0/0","0/0","0/0","0/0","0/0","0/0","0/0","0/0","0/0","0/0","0/0","0/0","0/0","0/0","0/0","0/0","0/0","0/0","0/0","0/0","0/0","0/0","0/0","0/0","0/0","0/0","0/0","0/0","0/0","0/0","0/0","0/0","0/0","0/0","0/0","0/0","0/0","0/0","0/0","0/0","0/0","0/0","0/0","0/0","0/0","0/0","0/0","0/0","0/0","0/0","0/0","0/0","0/0","0/0","0/0","0/0","0/0","0/0","0/0","0/0","0/0"
"chr17:17039561_CCAGCAG/C_MPRIP","1/2","2/2","2/2","2/2","2/2","2/2","2/2","2/2","2/2","2/2","1/2","2/2","2/2","1/2","2/2","2/2","1/2","1/2","2/2","2/2","2/2","2/2","2/2","1/2","2/2","1/2","2/2","2/2","1/2","2/2","2/2","1/2","1/2","1/2","2/2","1/2","0/2","1/2","2/2","2/2","2/3","2/2","2/2","1/2","1/2","2/2","2/2","1/2","2/2","1/2","1/2","1/2","1/2","1/2","1/2","2/2","2/2","2/2","2/2","2/2","2/2","2/2","0/2","1/2","2/2","2/2","2/2","2/2","2/2","2/2","2/2","2/2","2/2","1/2","1/2","2/2","2/2","1/2","1/2","2/2","2/2","1/2","1/2","2/2","2/2","2/2","2/2","1/2","1/2","1/2","2/2","2/2","2/2","2/2","2/2","2/2","1/2","2/2","2/2","2/2","2/2","1/2","2/2","1/2","1/2","2/2","2/2","1/2","1/2","2/2","2/2","1/2","1/2","2/2","2/2","2/2","2/2","2/2","2/2","2/2","2/2","2/2","2/2","1/2","2/2","2/2","2/2","2/2","2/2","2/2","2/2","2/2","1/2","2/2","1/2","1/2","2/2","2/2","2/2","1/2","1/2","1/2","2/2","1/2","1/2","1/2","2/2","2/2","2/2","2/2","2/2","2/2","2/2"
"chr17:17046026_TCCAGCGACACACG/T_MPRIP","0/0","0/0","0/0","0/0","0/0","0/0","0/0","0/0","0/0","0/0","0/0","0/0","0/0","0/0","0/0","1/1","0/0","0/0","0/0","0/0","0/0","0/0","0/0","0/0","0/0","0/0","0/0","0/0","0/0","0/0","0/0","0/0","0/0","0/0","0/0","0/0","0/0","0/0","0/0","0/0","0/0","0/0","0/0","0/0","0/0","0/0","0/0","0/0","0/0","0/0","0/0","0/0","0/0","0/0","0/0","0/0","0/0","0/0","0/0","0/0","0/0","0/0","0/0","0/0","0/0","0/0","0/0","0/0","0/0","0/0","0/0","0/0","0/0","0/0","0/0","0/0","0/0","0/0","0/0","0/0","0/0","0/0","0/0","0/0","0/0","0/0","0/0","0/0","0/0","0/0","0/0","0/0","0/0","0/0","0/0","0/0","0/0","0/0","0/0","0/0","0/0","0/0","0/0","0/0","0/0","0/0","0/0","0/0",".","0/0","0/0","0/0","0/0","0/0","0/0","0/0","0/0","0/0","0/0","0/0","0/0","0/0","0/0","0/0","0/0","0/0","0/0","0/0","0/0","0/0","0/0","0/0","0/0","0/0","0/0","0/0","0/0","0/0","0/0","0/0","0/0","0/0","0/0","0/0","0/0","0/0","0/0","0/0","0/0","0/0","0/0","0/0","0/0"
"chr17:17697093_CCAGCAGCAG/C_RAI1",".",".",".","0/0",".",".","0/0","0/0","0/0",".",".",".","0/0","0/0",".",".",".","0/0","0/0",".","0/1",".",".",".",".",".",".",".",".",".",".",".",".",".",".",".",".",".",".",".",".","0/1",".",".",".",".","0/2",".","0/1",".",".",".",".","0/1",".",".",".",".",".","0/1",".",".",".",".",".",".",".",".",".",".",".",".",".",".",".",".",".",".",".","0/1","0/1",".",".",".",".",".",".",".",".",".",".",".",".","0/0","0/0",".",".",".",".",".",".",".",".",".",".",".",".",".",".",".","0/0",".",".",".",".",".",".",".",".",".",".",".",".",".",".",".",".",".",".",".",".",".",".",".",".",".",".",".",".","0/0",".",".",".","0/0","0/0","0/0","0/1","0/1","0/1","0/0","0/0","0/0","0/0"
"chr17:17697098_AGC/A_RAI1","1/1","1/1","1/1","0/1","1/1","1/1","0/1","0/1","0/1","1/1","1/1","1/1","0/1","0/1","1/1","1/1","1/1","0/1","0/1","1/1","0/2","1/1","1/1","1/1","1/1","1/1","1/1","1/1","1/1","1/1","1/1","1/1","1/1","1/1","1/1","1/1","1/1","1/1","1/1","1/1","1/1","0/1","1/1","1/1","1/1","1/1","0/0","1/1","0/1","1/1","1/1","1/1","0/1","0/1","1/1","1/1","1/1","1/1","1/1","0/1","1/1","1/1","1/1","1/1","1/1","1/1","1/1","1/1","1/1","1/1","1/1","1/1","1/1","1/1","1/1","1/1","1/1","1/1","1/1","0/1","0/1","1/1","1/1","1/1","1/1","1/1","1/1","1/1","1/1","1/1","1/1","1/1","1/1","0/1","0/1","1/1","1/1","0/1","1/1","1/1","1/1","1/1","1/1","1/1","1/1","0/1","0/1","1/1","1/1","1/1","0/1","1/1","1/1","1/1","1/1","1/1","1/1","1/1","1/1","1/1","1/1","1/1","1/1","1/1","1/1","1/1","1/1","1/1","1/1","1/1","1/1","1/1","1/1","1/1","1/1","1/1","1/1","1/1","1/1","0/1","1/1","1/1","1/1","0/1","0/1","0/1","0/1","0/1","0/1","0/1","0/1","0/1","0/1"
"chr17:17697101_AGCAGCAG/ACAG_RAI1","2/2","2/2","2/2","0/2","2/2","2/2","0/2","0/2","0/2","2/2","2/2","2/2","0/2","0/2","2/2","2/2","2/2","0/2","0/2","2/2","0/3","1/2","2/2","2/2","2/2","2/2","2/2","2/2","2/2","2/2","2/2","2/2","2/2","2/2","2/2","2/2","1/2","2/2","2/2","2/2","2/2","0/2","2/2","2/2","2/2","2/2","0/0","2/2","0/2","2/2","2/2","2/2","0/2","0/2","2/2","2/2","2/2","2/2","2/2","0/2","2/2","2/2","2/2","2/2","2/2","2/2","2/2","2/2","1/2","2/2","2/2","2/2","2/2","1/2","2/2","2/2","2/2","2/2","2/2","0/2","0/2","2/2","2/2","2/2","2/2","1/2","2/2","1/2","2/2","2/2","2/2","2/2","2/2","0/2","0/2","2/2","2/2","0/2","2/2","2/2","2/2","2/2","2/2","2/2","2/2","0/2","0/2","2/2","2/2","2/2","0/2","2/2","2/2","1/2","2/2","2/2","2/2","2/2","1/2","2/2","2/2","2/2","2/2","2/2","2/2","2/2","2/2","2/2","2/2","2/2","2/2","2/2","2/2","2/2","2/2","2/2","2/2","2/2","2/2","0/2","2/2","2/2","2/2","0/2","0/2","0/2","0/2","0/2","0/2","0/2","0/2","0/2","0/2"
"chr17:17719601_CA/C_SREBF1","0/0","0/0","0/0","0/0","0/0","0/0","0/0","0/0","0/0","0/0","0/0","0/0","0/0","0/0","0/0","0/0","0/0","0/0","0/0","0/0","0/0","0/0","0/0","0/0","0/0","0/0","0/0","0/0","0/0","0/0","0/0","0/0","0/0","0/0","0/0","0/0","0/0","0/0","0/0","0/0","0/0","0/0","0/0","0/0","0/0","0/0","0/0","0/0","0/0","0/0","0/0","0/0","0/0","0/0","0/0","0/0","0/0","0/0","0/0","0/0","0/0","0/0","0/0","0/0","0/1","0/0","0/0","0/0","0/0","0/0","0/0","0/0","0/0","0/0","0/0","0/0","0/0","0/0","0/0","0/0","0/0","0/0","0/0","0/0","0/0","0/0","0/0","0/0","0/0","0/0","0/0","0/0","0/0","0/0","0/0","0/0","0/0","0/0","0/0","0/0","0/0","0/0","0/0","0/0","0/0","0/0","0/0","0/0","0/0","0/0","0/0","0/0","0/0","0/0","0/0","0/0","0/0","0/0","0/0","0/0","0/0","0/0","0/0","0/0","0/0","0/0","0/0","0/0","0/0","0/0","0/0","0/0","0/0","0/0","0/0","0/0","0/0","0/0","0/0","0/0","0/0","0/0","0/0","0/0","0/0","0/0","0/0","0/0","0/0","0/0","0/0","0/0","0/0"
"chr17:18205578_CT/C_TOP3A","0/0","0/0","0/0","0/0","0/0","0/0","0/0","0/0","0/0","0/0","0/0","0/0","0/0","0/0","0/0","0/0","0/0","0/0","0/0","0/0","0/0","0/0","0/0","0/0","0/0","0/0","0/0","0/0","0/0","0/0","0/0","0/0","0/0","0/0","0/0","0/0","0/0","0/0","0/0","0/0","0/0","0/0","0/0","0/0","0/0","0/0","0/0","0/0","0/0","0/0","0/0","0/0","0/0","0/0","0/0","0/0","0/0","0/0","0/0","0/0","0/0","0/0","0/0","0/0","0/0","0/0","0/0","0/0","0/0","0/0","0/0","0/0","0/0","0/0","0/0","0/0","0/0","0/0","0/0","0/0","0/0","0/0","0/0","0/0","0/0","0/0","0/0","0/0","0/0","0/0","0/0","0/0","0/0","0/0","0/0","0/1","0/0","0/0","0/0","0/0","0/0","0/0","0/0","0/0","0/0","0/0","0/0","0/0","0/0","0/0","0/0","0/0","0/0","0/0","0/0","0/0","0/0","0/0","0/0","0/0","0/0","0/0","0/0","0/0","0/0","0/0","0/0","0/0","0/0","0/0","0/0","0/0","0/0","0/0","0/0","0/0","0/0","0/0","0/0","0/0","0/0","0/0","0/0","0/0","0/0","0/0","0/0","0/0","0/0","0/0","0/0","0/0","0/0"
"chr17:18576347_GCGC/G_ZNF286B","0/0","0/0","0/0","0/0","0/0","0/0","0/0","0/0","0/0","0/0","0/0","0/0","0/0","0/0","0/0","0/0","0/0","0/0","0/1","0/0","0/0","0/0","0/0","0/0","0/0","0/0","0/0","0/0","0/0","0/0","0/0","0/0","0/0","0/0","0/1","0/0","0/0","0/0","0/0","0/0","0/0","0/0","0/0","0/0","0/0","0/0","0/0","0/0","0/0","0/0","0/0","0/0","0/0","0/0","0/0","0/0","0/0","0/0","0/0","0/0","0/0","0/0","0/0","0/0","0/0","0/0","0/0","0/0","0/0","0/0","0/0","0/0","0/0","0/0","0/0","0/0","0/0","0/0","0/0","0/0","0/0","0/0","0/0","0/0","0/0","0/0","0/0","0/0","0/0","0/0","0/0","0/0","0/0","0/0","0/0","0/0","0/0","0/0","0/0","0/0","0/0","0/0","0/0","0/0","0/0","0/0","0/0","0/0","0/0","0/0","0/0","0/0","0/0","0/0","0/0","0/0","0/0","0/0","0/0","0/0","0/0","0/0","0/0","0/0","0/0","0/0","0/0","0/0","0/0","0/0","0/0","0/0","0/0","0/0","0/0","0/0","0/0","0/0","0/0","0/0","0/0","0/0","0/0","0/0","0/0","0/0","0/0","0/0","0/0","0/0","0/0","0/0","0/0"
"chr17:18874685_C/CGGT_FAM83G","0/0","0/0","0/0","0/1","1/1","1/1","0/1","0/1","0/1","1/1","1/1","0/1","0/1","1/1","1/1","1/1","1/1","0/0","1/1","0/0","0/1","1/1","0/1","0/1","0/0","0/1","0/1","0/1","1/1","1/1","0/1","0/1","0/1","1/1","1/1","1/1","1/1","1/1","0/0","0/0","0/1","0/1","0/1","1/1","0/1","1/1","1/1","1/1","0/1","0/1","1/1","1/1","0/1","0/1","0/1","0/1","0/1","1/1","1/1","1/1","1/1","0/1","1/1","0/1","0/1","0/1","0/1","0/1","0/1","0/1","0/1","0/1","0/1","0/1","0/1","0/1","0/1","0/1","0/1","0/1","0/1","0/0","1/1","0/1","0/1","0/1","0/1","0/0","0/1","0/1","1/1","0/0","0/0","0/1","0/1","1/1","0/0","0/0","1/1","1/1","0/0","0/1","0/0","0/1","0/1","0/1","0/1","0/0","0/0","0/1","0/1","0/1","0/1","0/1","1/1","0/0","0/0","0/1","0/1","0/1","0/1","0/1","0/0","0/1","1/1","1/1","0/1","0/1","0/1","0/1","0/1","1/1","0/1","0/1","0/1","0/1","0/1","0/1","0/1","0/1","0/1","1/1","1/1","1/1","1/1","1/1","0/1","0/1","0/1","0/1","0/1","0/1","0/1"
"chr17:19452961_T/TA_SLC47A1","0/0","0/0","0/0","0/0","0/0","0/0","0/0","0/0","0/0","0/0","0/0","0/0","0/0","0/0","0/0","0/0","0/0","0/0","0/0","0/0","0/0","0/0","0/0","0/0","0/0","0/0","0/0","0/0","0/0","0/0","0/0","0/0","0/0","0/0","0/0","0/0","0/0","0/0","0/0","0/0","0/0","0/0","0/0","0/0","0/0","0/0","0/0","0/0","0/0","0/0","0/0","0/0","0/0","0/0","0/0","0/0","0/0","0/0","0/0","0/0","0/0","0/0","0/0","0/1","0/1","0/0","0/0","0/0","0/0","0/0","0/0","0/0","0/0","0/0","0/0","0/0","0/0","0/0","0/0","0/0","0/0","0/0","0/0","0/0","0/0","0/0","0/0","0/0","0/0","0/0","0/0","0/0","0/0","0/0","0/0","0/0","0/0","0/0","0/0","0/0","0/0","0/0","0/0","0/0","0/0","0/0","0/0","0/0","0/0","0/0","0/0","0/0","0/0","0/0","0/0","0/0","0/0","0/0","0/0","0/0","0/0","0/0","0/0","0/0","0/0","0/0","0/0","0/0","0/0","0/0","0/0","0/0","0/0","0/0","0/0","0/0","0/0","0/0","0/0","0/0","0/0","0/0","0/0","0/0","0/0","0/0","0/0","0/0","0/0","0/0","0/0","0/0","0/0"
"chr17:20108049_TGAG/T_SPECC1","0/0","0/0","0/0","0/1","0/0","0/0","0/0","0/0","0/0","0/0","0/0","0/0","0/0","0/0","0/0","0/0","0/0","0/0","0/0","0/0","0/0","0/1","0/0","0/1","0/0","0/0","0/0","0/0","0/0","0/1","0/0","0/0","0/0","0/0","0/0","0/0","0/0","0/0","0/0","0/0","0/0","0/0","0/0","0/0","0/1","0/1","0/0","0/0","0/0","0/1","0/0","0/0","0/0","0/0","0/0","0/0","0/1","1/1","0/0","0/0","0/0","0/1","0/1","0/0","0/0","0/0","0/0","0/0","0/0","0/0","0/0","0/0","0/0","0/0","0/0","0/0","0/0","0/0","0/0","0/0","0/0","0/0","0/0","0/0","0/0","0/0","0/0","0/0","0/0","0/0","0/1","0/0","0/0","0/0","0/0","0/1","0/0","0/0","0/0","0/0","0/0","0/0","0/0","0/1","0/1","0/0","0/0","0/0","0/0","0/0","0/1","0/0","0/0","0/0","0/0","0/0","0/0","0/0","0/0","0/0","0/0","0/0","0/0","0/0","0/0","0/0","0/0","0/0","0/0","0/0","0/0","0/0","0/0","0/0","0/0","0/0","0/0","0/0","0/0","0/0","0/0","0/0","0/0","0/0","0/0","0/0","0/0","0/0","0/0","0/0","0/0","0/0","0/0"
"chr17:20108262_TA/T_SPECC1","0/0","0/0","0/0","0/0","0/0","0/0","0/0","0/0","0/0","0/0","0/0","0/0","0/0","0/0","0/0","0/0","0/0","0/0","0/0","0/0","0/0","0/0","0/0","0/0","0/0","0/0","0/0","0/0","0/0","0/0","0/0","0/0","0/0","0/0","0/0","0/0","0/1","0/0","0/0","0/0","0/0","0/0","0/0","0/0","0/0","0/0","0/0","0/0","0/0","0/0","0/0","0/0","0/0","0/0","0/0","0/0","0/0","0/0","0/0","0/0","0/0","0/0","0/0","0/0","0/0","0/0","0/0","0/0","0/0","0/0","0/0","0/0","0/0","0/0","0/0","0/0","0/0","0/0","0/0","0/0","0/0","0/0","0/0","0/0","0/0","0/0","0/0","0/0","0/0","0/0","0/0","0/0","0/0","0/0","0/0","0/0","0/0","0/0","0/0","0/0","0/0","0/0","0/0","0/0","0/0","0/0","0/0","0/0","0/0","0/0","0/0","0/0","0/0","0/0","0/0","0/0","0/0","0/0","0/0","0/0","0/0","0/0","0/0","0/0","0/0","0/1","0/0","0/0","0/0","0/0","0/0","0/0","0/0","0/0","0/0","0/0","0/0","0/0","0/0","0/0","0/0","0/0","0/0","0/0","0/0","0/0","0/0","0/0","0/0","0/0","0/0","0/0","0/0"
"chr17:21156530_G/GC_NATD1","1/1","1/1","1/1","1/1",".","1/1","1/1","1/1","1/1","1/1","1/1","1/1","1/1","1/1","1/1","1/1","1/1","1/1","1/1","1/1","1/1","1/1","1/1","1/1","1/1","1/1","1/1","1/1","1/1","1/1","1/1","1/1","1/1","1/1","1/1","1/1","1/1","1/1","1/1","1/1","1/1","1/1","1/1","1/1","1/1","1/1",".","1/1","1/1","1/1","1/1","1/1","1/1","1/1","1/1","1/1","1/1","1/1","1/1","1/1","1/1","1/1","1/1","1/1","1/1","1/1","1/1","1/1","1/1","1/1","1/1","1/1","1/1","1/1","1/1","1/1","1/1","1/1","1/1","1/1","1/1","1/1","1/1","1/1","1/1","1/1","1/1","1/1","1/1","1/1","1/1","1/1","1/1","1/1","1/1","1/1","1/1","1/1","1/1","1/1","1/1","1/1","1/1","1/1","1/1","1/1","1/1","1/1","1/1","1/1","1/1",".","1/1","1/1","1/1","1/1","1/1","1/1","1/1","1/1","1/1","1/1","1/1","1/1","1/1","1/1","1/1","1/1","1/1","1/1","1/1","1/1","1/1","1/1","1/1","1/1","1/1","1/1","1/1","1/1","1/1","1/1","1/1","1/1","1/1","1/1","1/1","1/1","1/1","1/1","1/1","1/1","1/1"
"chr17:21319650_CGAG/C_KCNJ12_KCNJ18","0/1","0/1","0/1","0/1","0/1","0/1","0/1","0/1","0/1","0/1","0/1","0/1","0/1","0/1","0/1","0/1","0/1","0/1","0/1","0/1","0/1","0/1","0/1","0/1","0/1","0/1","0/1","0/1","0/1","0/1","0/1","0/1","0/1","0/1","0/1","0/1","0/1","0/1","0/1","0/1","0/1","0/1","0/1","0/1","0/1","0/1","0/1","0/1","0/1","0/1","0/1","0/1","0/1","0/1","0/1","0/1","0/1","0/1","0/1","0/1","0/1","0/1","0/1","0/1","0/1","0/1","0/1","0/1","0/1","0/1","0/1","0/1","0/1","0/1","0/1","0/1","0/1","0/1","0/1","0/1","0/1","0/1","0/1","0/1","0/1","0/1","0/1","0/1","0/1","0/1","0/1","0/1","0/1","0/1","0/1","0/1","0/1","0/1","0/1","0/1","0/1","0/1","0/1","0/1","0/1","0/1","0/1","0/1","0/1","0/1","0/1","0/1","0/1","0/1","0/1","0/1","0/1","0/1","0/1","0/1","0/1","0/1","0/1","0/1","0/1","0/1","0/1","0/1","0/1","0/1","0/1","0/1","0/1","0/1","0/1","0/1","0/1","0/1","0/1","0/1","0/1","0/1","0/1","0/1","0/1","0/1","0/1","0/1","0/1","0/1","0/1","0/1","0/1"
"chr17:26684390_G/GC_POLDIP2","1/1","1/1","1/1","1/1","1/1","1/1","1/1","1/1","1/1","1/1","1/1","1/1","1/1","1/1","1/1","1/1","1/1","1/1","1/1","1/1","1/1","1/1","1/1","1/1","1/1","1/1","1/1","1/1","1/1","1/1","1/1","1/1","1/1","1/1","1/1","1/1","1/1","1/1","1/1","1/1","1/1","1/1","1/1","1/1","1/1","1/1","1/1","1/1","1/1","1/1","1/1","1/1","1/1","1/1","1/1","1/1","1/1","1/1","1/1","1/1","1/1","1/1","1/1","1/1","1/1","1/1","1/1","1/1","1/1","1/1","1/1","1/1","1/1","1/1","1/1","1/1","1/1","1/1","1/1","1/1","1/1","1/1","1/1","1/1","1/1","1/1","1/1","1/1","1/1","1/1","1/1","1/1","1/1","1/1","1/1","1/1","1/1","1/1","1/1","1/1","1/1",".","1/1","1/1","1/1","1/1","1/1","1/1","1/1","1/1","1/1","1/1","1/1","1/1","1/1","1/1","1/1","1/1","1/1","1/1","1/1","1/1","1/1","1/1","1/1","1/1","1/1","1/1","1/1","1/1","1/1","1/1","1/1","1/1","1/1","1/1","1/1","1/1","1/1","1/1","1/1",".","1/1","1/1","1/1",".","1/1","1/1","1/1","1/1","1/1","1/1","1/1"
"chr17:26699195_C/CG_SARM1","1/1","1/1","1/1","1/1","1/1","1/1","1/1","1/1","1/1","1/1","1/1","1/1","1/1","1/1","1/1","1/1","1/1","1/1","1/1","1/1","1/1","1/1","1/1","1/1","1/1","1/1","1/1","1/1","1/1","1/1","1/1","1/1","1/1","1/1","1/1","1/1","1/1","1/1","1/1","1/1","1/1","1/1","1/1","1/1","1/1","1/1","1/1","1/1","1/1","1/1","1/1","1/1","1/1","1/1","1/1","1/1","1/1","1/1","1/1","1/1","1/1","1/1","1/1","1/1","1/1","1/1","1/1","1/1","1/1","1/1","1/1","1/1","1/1","1/1","1/1","1/1","1/1","1/1","1/1","1/1","1/1","1/1","1/1","1/1","1/1","1/1","1/1","1/1","1/1","1/1","1/1","1/1","1/1","1/1","1/1","1/1","1/1","1/1","1/1","1/1","1/1","1/1","1/1","1/1","1/1","1/1","1/1","1/1","1/1","1/1","1/1","1/1","1/1","1/1","1/1","1/1","1/1","1/1","1/1","1/1","1/1","1/1","1/1","1/1","1/1","1/1","1/1","1/1","1/1","1/1","1/1","1/1","1/1","1/1","1/1","1/1","1/1","1/1","1/1","1/1","1/1","1/1","1/1","1/1","1/1","1/1","1/1","1/1","1/1","1/1","1/1","1/1","1/1"
"chr17:26699199_G/GC_SARM1","1/1","1/1","1/1","1/1","1/1","1/1","1/1","1/1","1/1","1/1","1/1","1/1","1/1","1/1","1/1","1/1","1/1","1/1","1/1","1/1","1/1","1/1","1/1","1/1","1/1","1/1","1/1","1/1","1/1","1/1","1/1","1/1","1/1","1/1","1/1","1/1","1/1","1/1","1/1","1/1","1/1","1/1","1/1","1/1","1/1","1/1","1/1","1/1","1/1","1/1","1/1","1/1","1/1","1/1","1/1","1/1","1/1","1/1","1/1","1/1","1/1","1/1","1/1","1/1","1/1","1/1","1/1","1/1","1/1","1/1","1/1","1/1","1/1","1/1","1/1","1/1","1/1","1/1","1/1","1/1","1/1","1/1","1/1","1/1","1/1","1/1","1/1","1/1","1/1","1/1","1/1","1/1","1/1","1/1","1/1","1/1","1/1","1/1","1/1","1/1","1/1","1/1","1/1","1/1","1/1","1/1","1/1","1/1","1/1","1/1","1/1","1/1","1/1","1/1","1/1","1/1","1/1","1/1","1/1","1/1","1/1","1/1","1/1","1/1","1/1","1/1","1/1","1/1","1/1","1/1","1/1","1/1","1/1","1/1","1/1","1/1","1/1","1/1","1/1","1/1","1/1","1/1","1/1","1/1","1/1","1/1","1/1","1/1","1/1","1/1","1/1","1/1","1/1"
"chr17:26699205_GA/G_SARM1","1/1","1/1","1/1","1/1","1/1","1/1","1/1","1/1","1/1","1/1","1/1","1/1","1/1","1/1","1/1","1/1","1/1","1/1","1/1","1/1","1/1","1/1","1/1","1/1","1/1","1/1","1/1","1/1","1/1","1/1","1/1","1/1","1/1","1/1","1/1","1/1","1/1","1/1","1/1","1/1","1/1","1/1","1/1","1/1","1/1","1/1","1/1","1/1","1/1","1/1","1/1","1/1","1/1","1/1","1/1","1/1","1/1","1/1","1/1","1/1","1/1","1/1","1/1","1/1","1/1","1/1","1/1","1/1","1/1","1/1","1/1","1/1","1/1","1/1","1/1","1/1","1/1","1/1","1/1","1/1","1/1","1/1","1/1","1/1","1/1","1/1","1/1","1/1","1/1","1/1","1/1","1/1","1/1","1/1","1/1","1/1","1/1","1/1","1/1","1/1","1/1","1/1","1/1","1/1","1/1","1/1","1/1","1/1","1/1","1/1","1/1","1/1","1/1","1/1","1/1","1/1","1/1","1/1","1/1","1/1","1/1","1/1","1/1","1/1","1/1","1/1","1/1","1/1","1/1","1/1","1/1","1/1","1/1","1/1","1/1","1/1","1/1","1/1","1/1","1/1","1/1","1/1","1/1","1/1","1/1","1/1","1/1","1/1","1/1","1/1","1/1","1/1","1/1"
"chr17:26699367_G/GC_SARM1","1/1","1/1","1/1","1/1","1/1","1/1","1/1","1/1","1/1","1/1","1/1","1/1","1/1","1/1","1/1","1/1","1/1","1/1","1/1","1/1","1/1","1/1","1/1","1/1","1/1","1/1","1/1","1/1","1/1","1/1","1/1","1/1","1/1","1/1","1/1","1/1","1/1","1/1","1/1","1/1","1/1","1/1","1/1","1/1","1/1","1/1","1/1","1/1","1/1","1/1","1/1","1/1","1/1","1/1","1/1","1/1","1/1","1/1","1/1","1/1","1/1","1/1","1/1","1/1","1/1","1/1","1/1","1/1","1/1","1/1","1/1","1/1","1/1","1/1","1/1","1/1","1/1","1/1","1/1","1/1","1/1","1/1","1/1","1/1","1/1","1/1","1/1","1/1","1/1","1/1","1/1","1/1","1/1","1/1","1/1","1/1","1/1","1/1","1/1","1/1","1/1","1/1","1/1","1/1","1/1","1/1","1/1","1/1","1/1","1/1","1/1","1/1","1/1","1/1","1/1","1/1","1/1","1/1","1/1","1/1","1/1","1/1","1/1","1/1","1/1","1/1","1/1","1/1","1/1","1/1","1/1","1/1","1/1","1/1","1/1","1/1","1/1","1/1","1/1","1/1","1/1","1/1","1/1","1/1","1/1","1/1","1/1","1/1","1/1","1/1","1/1","1/1","1/1"
"chr17:26708298_A/AGC_SARM1","1/1","1/1","1/1","1/1","1/1","1/1","1/1","1/1","1/1","1/1","1/1","1/1","1/1","1/1","1/1","1/1","1/1","1/1","1/1","1/1","1/1","1/1","1/1","1/1","1/1","1/1","1/1","1/1","1/1","1/1","1/1","1/1","1/1","1/1","1/1","1/1","1/1","1/1","1/1","1/1","1/1","1/1","1/1","1/1","1/1","1/1","1/1","1/1","1/1","1/1","1/1","1/1","1/1","1/1","1/1","1/1","1/1","1/1","1/1","1/1","1/1","1/1","1/1","1/1","1/1","1/1","1/1","1/1","1/1","1/1","1/1","1/1","1/1","1/1","1/1","1/1","1/1","1/1","1/1","1/1","1/1","1/1","1/1","1/1","1/1","1/1","1/1","1/1","1/1","1/1","1/1","1/1","1/1","1/1","1/1","1/1","1/1","1/1","1/1","1/1","1/1","1/1","1/1","1/1","1/1","1/1","1/1","1/1","1/1","1/1","1/1","1/1","1/1","1/1","1/1","1/1","1/1","1/1","1/1","1/1","1/1","1/1","1/1","1/1","1/1","1/1","1/1","1/1","1/1","1/1","1/1","1/1","1/1","1/1","1/1","1/1","1/1","1/1","1/1","1/1","1/1","1/1","1/1","1/1","1/1","1/1","1/1","1/1","1/1","1/1","1/1","1/1","1/1"
"chr17:26708302_GGT/G_SARM1","1/1","1/1","1/1","1/1","1/1","1/1","1/1","1/1","1/1","1/1","1/1","1/1","1/1","1/1","1/1","1/1","1/1","1/1","1/1","1/1","1/1","1/1","1/1","1/1","1/1","1/1","1/1","1/1","1/1","1/1","1/1","1/1","1/1","1/1","1/1","1/1","1/1","1/1","1/1","1/1","1/1","1/1","1/1","1/1","1/1","1/1","1/1","1/1","1/1","1/1","1/1","1/1","1/1","1/1","1/1","1/1","1/1","1/1","1/1","1/1","1/1","1/1","1/1","1/1","1/1","1/1","1/1","1/1","1/1","1/1","1/1","1/1","1/1","1/1","1/1","1/1","1/1","1/1","1/1","1/1","1/1","1/1","1/1","1/1","1/1","1/1","1/1","1/1","1/1","1/1","1/1","1/1","1/1","1/1","1/1","1/1","1/1","1/1","1/1","1/1","1/1","1/1","1/1","1/1","1/1","1/1","1/1","1/1","1/1","1/1","1/1","1/1","1/1","1/1","1/1","1/1","1/1","1/1","1/1","1/1","1/1","1/1","1/1","1/1","1/1","1/1","1/1","1/1","1/1","1/1","1/1","1/1","1/1","1/1","1/1","1/1","1/1","1/1","1/1","1/1","1/1","1/1","1/1","1/1","1/1","1/1","1/1","1/1","1/1","1/1","1/1","1/1","1/1"
"chr17:27030629_T/TG_PROCA1","0/0","0/0","0/0","0/0","0/0","0/0","0/0","0/0","0/0","0/0","0/0","0/0","0/1","0/0","0/0","0/0","0/0","0/0","0/0","0/0","0/0","0/0","0/0","0/0","0/0","0/0","0/0","0/0","0/0","0/0","0/0","0/0","0/0","0/0","0/0","0/0","0/0","0/0","0/0","0/0","0/0","0/0","0/0","0/0","0/0","0/0","0/0","0/0","0/0","0/0","0/0","0/0","0/0","0/0","0/0","0/0","0/0","0/0","0/0","0/0","0/0","0/0","0/0","0/0","0/0","0/0","0/0","0/1","0/1","0/0","0/0","0/0","0/0","0/1","0/1","0/0","0/0","0/0","0/0","0/0","0/0","0/0","0/0","0/0","0/0","0/0","0/0","0/0","0/0","0/0","0/0","0/0","0/0","0/0","0/0","0/0","0/0","0/0","0/1","0/1","0/0","0/0","0/0","0/1","0/1","0/0","0/0","0/0","0/0","0/0","0/0","0/0","0/0","0/0","0/0","0/0","0/0","0/0","0/0","0/0","0/0","0/0","0/0","0/0","0/0","0/0","0/0","0/0","0/0","0/0","0/0","0/0","0/0","0/0","0/0","0/0","0/0","0/0","0/0","0/0","0/0","0/0","0/0","0/0","0/0","0/0","0/0","0/0","0/0","0/0","0/0","0/0","0/0"
"chr17:27613578_C/CA_NUFIP2","0/0","0/0","0/0","0/0","0/0","0/0","0/0","0/0","0/0","0/0","0/0","0/0","0/0","0/0","0/0","0/0","0/0","0/0","0/0","0/0","0/0","0/0","0/0","0/0","0/0","0/0","0/0","0/0","0/0","0/0","0/0","0/0","0/0","0/0","0/0","0/0","0/0","0/0","0/0","0/0","0/0","0/0","0/0","0/0","0/0","0/0","0/0","0/0","0/0","0/0","0/0","0/0","0/0","0/0","0/0","0/0","0/0","0/0","0/0","0/0","0/0","0/0","0/0","0/0","0/0","0/0","0/0","0/0","0/0","0/0","0/0","0/0","0/0","0/0","0/0","0/0","0/0","0/0","0/0","0/0","0/0","0/0","0/0","0/0","0/0","0/0","0/0","0/0","0/1","0/0","0/0","0/0","0/0","0/0","0/0","0/0","0/0","0/0","0/0","0/0","0/0","0/0","0/0","0/0","0/0","0/0","0/0","0/0","0/0","0/0","0/0","0/0","0/0","0/0","0/0","0/0","0/0","0/0","0/0","0/0","0/0","0/0","0/0","0/0","0/0","0/0","0/0","0/0","0/0","0/0","0/0","0/0","0/0","0/0","0/0","0/0","0/0","0/0","0/0","0/0","0/0","0/0","0/0","0/0","0/0","0/0","0/0","0/0","0/0","0/0","0/0","0/0","0/0"
"chr17:28506148_G/GA_NSRP1","0/0","0/0","0/0","0/0","0/0","0/0","0/0","0/0","0/0","0/0","0/0","0/0","0/0","0/0","0/0","0/0","0/0","0/0","0/0","0/0","0/0","0/0","0/0","0/0","0/0","0/0","0/0","0/0","0/0","0/0","0/0","0/0","0/0","0/0","0/0","0/0","0/0","0/0","0/1","0/0","0/0","0/0","0/0","0/0","0/0","0/0","0/0","0/0","0/0","0/0","0/0","0/0","0/0","0/0","0/0","0/0","0/0","0/0","0/0","0/0","0/0","0/0","0/0","0/0","0/0","0/0","0/0","0/0","0/0","0/0","0/0","0/0","0/0","0/0","0/0","0/0","0/0","0/0","0/0","0/0","0/0","0/0","0/0","0/0","0/0","0/0","0/0","0/0","0/0","0/0","0/0","0/0","0/0","0/0","0/0","0/0","0/0","0/0","0/0","0/0","0/0","0/0","0/0","0/0","0/0","0/0","0/0","0/0","0/0","0/0","0/0","0/0","0/0","0/0","0/0","0/0","0/0","0/0","0/0","0/0","0/0","0/0","0/0","0/0","0/0","0/0","0/0","0/0","0/0","0/0","0/0","0/0","0/0","0/0","0/0","0/0","0/0","0/0","0/0","0/0","0/0","0/0","0/0","0/0","0/0","0/0","0/0","0/0","0/0","0/0","0/0","0/0","0/0"
"chr17:29161955_ACAATGT/A_ATAD5","0/1","0/1","0/1","0/0","0/1","0/1","0/1","0/1","0/1","0/0","0/0","0/0","0/0","0/0","0/0","0/0","0/0","0/0","0/0","0/0","0/0","0/0","0/0","0/1","0/0","0/0","1/1","0/0","1/1","0/1","0/0","0/0","0/0","0/0","0/0","0/0","0/0","0/0","0/1","0/0","0/1","0/0","0/0","0/0","0/0","0/0","0/0","0/0","0/0","0/0","0/0","0/0","0/0","0/0","0/0","0/0","0/0","0/0","0/0","0/0","0/0","0/0","1/1","0/0","0/0","0/0","0/0","0/0","0/0","0/0","0/0","0/1","0/1","0/0","0/0","0/0","0/0","0/0","0/0","0/0","0/0","0/1","0/0","0/0","0/0","0/0","0/0","0/1","0/0","0/0","0/0","0/0","0/0","0/0","0/0","0/0","0/1","0/0","0/0","0/0","0/1","0/0","0/1","0/1","0/1","0/0","0/0","0/0","0/0","0/0","0/0","0/0","0/0","0/0","0/0","0/0","0/0","0/0","0/0","0/0","0/0","0/0","0/0","0/0","0/0","0/0","0/0","0/0","0/0","0/0","0/0","0/0","0/0","0/0","0/0","0/0","0/0","0/0","0/0","0/0","0/0","0/0","0/0","0/0","0/0","0/0","0/1","0/1","0/1","0/0","0/0","0/0","0/0"
"chr17:29219768_AT/A_ATAD5","0/0","0/0","0/0","0/0","0/0","0/0","0/0","0/0","0/0","0/0","0/0","0/0","0/0","0/0","0/0","0/0","0/0","0/0","0/0","0/0","0/0","0/0","0/0","0/0","0/0","0/0","0/0","0/0","0/0","0/0","0/0","0/0","0/0","0/0","0/0","0/0","0/1","0/0","0/0","0/0","0/0","0/0","0/0","0/0","0/0","0/0","0/0","0/0","0/0","0/0","0/0","0/0","0/0","0/0","0/0","0/0","0/0","0/0","0/0","0/0","0/0","0/0","0/0","0/0","0/0","0/0","0/0","0/0","0/0","0/0","0/0","0/0","0/0","0/0","0/0","0/0","0/0","0/0","0/0","0/0","0/0","0/0","0/0","0/0","0/0","0/0","0/0","0/0","0/0","0/0","0/0","0/0","0/0","0/0","0/0","0/0","0/0","0/0","0/0","0/0","0/0","0/0","0/0","0/0","0/0","0/0","0/0","0/0","0/0","0/0","0/0","0/0","0/0","0/0","0/0","0/0","0/0","0/0","0/0","0/0","0/0","0/0","0/0","0/0","0/0","0/0","0/0","0/0","0/0","0/0","0/0","0/0","0/0","0/0","0/0","0/0","0/0","0/0","0/0","0/0","0/0","0/0","0/0","0/0","0/0","0/0","0/0","0/0","0/0","0/0","0/0","0/0","0/0"
"chr17:29758897_C/CG_RAB11FIP4","0/0","0/0","0/0","0/0","0/0","0/0","0/0","0/0","0/0","0/0","0/0","0/0","0/0","0/0","0/0","0/0","0/0","0/0","0/0","0/0","0/0","0/0","0/0","0/0","0/0","0/0","0/0","0/0","0/0","0/0","0/0","0/1","0/0","0/0","0/0","0/0","0/0","0/0","0/0","0/0","0/0","0/0","0/0","0/0","0/0","0/0","0/0","0/0","0/0","0/0","0/0","0/0","0/0","0/0","0/0","0/0","0/0","0/0","0/0","0/0","0/0","0/0","0/0","0/0","0/0","0/0","0/0","0/0","0/0","0/0","0/0","0/0","0/0","0/0","0/0","0/0","0/0","0/0","0/0","0/0","0/0","0/0","0/0","0/0","0/0","0/0","0/0","0/0","0/0","0/0","0/0","0/0","0/0","0/0","0/0","0/0","0/0","0/0","0/0","0/0","0/0","0/0","0/0","0/0","0/0","0/0","0/0","0/0","0/0","0/0","0/0","0/0","0/0","0/0","0/0","0/0","0/0","0/0","0/0","0/0","0/0","0/0","0/0","0/0","0/0","0/0","0/0","0/0","0/0","0/0","0/0","0/0","0/0","0/0","0/0","0/0","0/0","0/0","0/0","0/0","0/0","0/0","0/0","0/0","0/0","0/0","0/0","0/0","0/0","0/0","0/0","0/0","0/0"
"chr17:33434458_T/TTA_RAD51D","0/0","0/0","0/0","0/0","0/0","0/0","0/0","0/0","0/0","0/0","0/0","0/0","0/0","0/0","0/1","0/0","0/0","0/0","0/0","0/0","0/0","0/0","0/0","0/0","0/0","0/0","0/0","0/0","0/0","0/0","0/0","0/0","0/0","0/0","0/0","0/0","0/0","0/0","0/0","0/0","0/0","0/0","0/0","0/0","0/0","0/0","0/0","0/0","0/0","0/0","0/0","0/0","0/0","0/0","0/0","0/0","0/0","0/0","0/0","0/0","0/0","0/0","0/0","0/0","0/0","0/0","0/0","0/0","0/0","0/0","0/0","0/0","0/0","0/0","0/0","0/0","0/0","0/0","0/0","0/0","0/0","0/0","0/0","0/0","0/0","0/0","0/0","0/0","0/0","0/0","0/0","0/0","0/0","0/0","0/0","0/0","0/0","0/0","0/0","0/0","0/0","0/0","0/0","0/0","0/0","0/0","0/0","0/0","0/0","0/0","0/0","0/0","0/0","0/0","0/0","0/0","0/0","0/0","0/0","0/0","0/0","0/0","0/0","0/0","0/0","0/0","0/0","0/0","0/0","0/0","0/0","0/0","0/0","0/0","0/0","0/0","0/0","0/0","0/0","0/0","0/0","0/0","0/0","0/0","0/0","0/0","0/0","0/0","0/0","0/0","0/0","0/0","0/0"
"chr17:33592318_T/TC_SLFN5","0/0","0/0","0/0","0/0","0/0","0/0","0/0","0/0","0/0","0/0","0/0","0/0","0/0","0/0","0/0","0/0","0/0","0/0","0/0","0/0","0/0","0/0","0/0","0/0","0/0","0/0","0/0","0/0","0/0","0/0","0/0","0/0","0/0","0/0","0/0","0/0","0/0","0/0","0/0","0/0","0/0","0/0","0/0","0/0","0/0","0/0","0/0","0/1","0/0","0/0","0/0","0/0","0/0","0/0","0/0","0/0","0/0","0/0","0/0","0/0","0/0","0/0","0/0","0/0","0/0","0/0","0/0","0/0","0/0","0/0","0/0","0/0","0/0","0/0","0/0","0/0","0/0","0/0","0/0","0/0","0/0","0/0","0/0","0/0","0/0","0/0","0/0","0/0","0/0","0/0","0/0","0/0","0/0","0/0","0/0","0/0","0/0","0/0","0/0","0/0","0/0","0/0","0/0","0/0","0/0","0/0","0/0","0/0","0/0","0/0","0/0","0/0","0/0","0/0","0/0","0/0","0/0","0/0","0/0","0/0","0/0","0/0","0/0","0/0","0/0","0/0","0/0","0/0","0/0","0/0","0/0","0/0","0/0","0/0","0/0","0/0","0/0","0/0","0/0","0/0","0/0","0/0","0/0","0/0","0/0","0/0","0/0","0/0","0/0","0/0","0/0","0/0","0/0"
"chr17:33806841_AG/A_SLFN12L","0/1","0/1","0/1","0/0","0/0","0/0","0/0","0/0","0/0","0/0","0/1","0/1","0/0","0/0","0/0","0/0","0/0","0/0","0/1","0/0","0/0","0/0","0/0","0/0","0/0","0/0","0/0","0/1","0/0","0/1","0/0","0/0","0/0","0/0","0/1","0/0","0/1","0/0","0/0","0/1","0/1","0/0","0/0","0/0","0/0","0/0","0/0","0/1","0/1","0/1","0/0","0/0","0/0","0/0","0/0","0/1","0/0","0/0","0/0","0/0","0/0","0/0","0/0","0/0","0/0","0/0","0/0","0/1","0/1","0/0","0/0","0/0","0/0","0/1","0/1","0/0","0/0","0/0","0/0","0/1","0/1","0/0","0/0","0/1","0/1","0/0","0/0","0/0","0/1","0/1","0/0","0/0","0/0","0/0","0/0","0/0","0/0","0/0","0/0","0/0","1/1","0/0","1/1","0/0","0/0","0/0","0/0","0/1","0/1","0/0","0/0","0/0","0/0","0/0","0/0","0/0","0/0","0/0","0/0","0/0","0/0","0/0","0/0","0/0","0/0","0/0","0/0","0/0","0/0","0/0","0/0","0/0","0/1","0/0","0/1","0/1","0/0","0/0","0/0","0/0","0/0","0/0","0/0","0/0","0/0","0/0","0/1","0/1","0/1","0/0","0/0","0/0","0/0"
"chr17:34091523_CGA/C_C17orf50","0/0","0/0","0/0","0/0","0/0","0/0","0/0","0/0","0/0","0/0","0/0","0/0","0/0","0/0","0/1","0/0","0/0","0/0","0/0","0/0","0/1","0/0","0/0","0/0","0/0","0/0","0/0","0/0","0/0","0/0","0/0","0/0","0/0","0/0","0/0","0/0","0/0","0/0","0/0","0/0","0/0","0/0","0/0","0/0","0/0","0/0","0/0","0/0","0/0","0/0","0/0","0/0","0/0","0/0","0/0","0/0","0/0","0/0","0/1","0/0","0/0","0/0","0/0","0/0","0/1","0/0","0/0","0/0","0/0","0/0","0/0","0/0","0/0","0/0","0/0","0/0","0/0","0/0","0/0","0/0","0/0","0/0","0/0","0/0","0/0","0/0","0/0","0/0","0/0","0/0","0/0","0/0","0/0","0/0","0/0","0/0","0/0","0/0","0/1","0/1","0/0","0/0","0/0","0/0","0/0","0/0","0/0","0/0","0/0","0/0","0/0","0/0","0/0","0/0","0/0","0/0","0/0","0/0","0/0","0/0","0/0","0/0","0/0","0/0","0/0","0/0","0/0","0/0","0/0","0/0","0/0","0/0","0/0","0/0","0/0","0/0","0/0","0/0","0/0","0/0","0/0","0/0","0/0","0/1","0/1","0/1","0/0","0/0","0/0","0/1","0/1","0/1","0/1"
"chr17:34100350_G/GC_MMP28","1/1","1/1","1/1","1/1","1/1","1/1","1/1","1/1","1/1","1/1","1/1","1/1","1/1","1/1","1/1","1/1","1/1","1/1","1/1","1/1","1/1","1/1","1/1","1/1","1/1","1/1","1/1","1/1","1/1","1/1","1/1","1/1","1/1","1/1","1/1","1/1","1/1","1/1","1/1","1/1","1/1","1/1","1/1","1/1","1/1","1/1","1/1","1/1","1/1","1/1","1/1","1/1","1/1","1/1","1/1","1/1","1/1","1/1","1/1","1/1","1/1","1/1","1/1","1/1","1/1","1/1","1/1","1/1","1/1","1/1","1/1","1/1","1/1","1/1","1/1","1/1","1/1","1/1","1/1","1/1","1/1","1/1","1/1","1/1","1/1","1/1","1/1","1/1","1/1","1/1","1/1","1/1","1/1","1/1","1/1","1/1","1/1","1/1","1/1","1/1","1/1","1/1","1/1","1/1","1/1","1/1","1/1","1/1","1/1","1/1","1/1","1/1","1/1","1/1","1/1","1/1","1/1","1/1","1/1","1/1","1/1","1/1","1/1","1/1","1/1","1/1","1/1","1/1","1/1","1/1","1/1","1/1","1/1","1/1","1/1","1/1","1/1","1/1","1/1","1/1","1/1","1/1","1/1","1/1","1/1","1/1","1/1","1/1","1/1","1/1","1/1","1/1","1/1"
"chr17:34182099_G/GT_HEATR9","0/0","0/0","0/0","0/0","0/0","0/0","0/0","0/0","0/0","0/0","0/0","0/0","0/0","0/0","0/0","0/0","0/1","0/0","0/0","0/0","0/0","0/0","0/0","0/0","0/0","0/0","0/0","0/0","0/0","0/0","0/0","0/0","0/0","0/0","0/0","0/0","0/0","0/0","0/0","0/0","0/0","0/0","0/0","0/0","0/0","0/0","0/0","0/0","0/1","0/0","0/0","0/0","0/0","0/0","0/0","0/0","0/0","0/0","0/0","0/0","0/0","0/0","0/0","0/0","0/0","0/0","0/0","0/0","0/0","0/0","0/0","0/0","0/0","0/0","0/0","0/0","0/0","0/0","0/0","0/0","0/0","0/0","0/0","0/0","0/0","0/0","0/0","0/0","0/1","0/1","0/0","0/0","0/0","0/0","0/0","0/0","0/0","0/0","0/0","0/0","0/1","0/0","0/1","0/0","0/0","0/0","0/0","0/0","0/0","0/0","0/0","0/0","0/0","0/0","0/0","0/0","0/0","0/0","0/0","0/0","0/0","0/0","0/0","0/0","0/0","0/0","0/0","0/0","0/0","0/0","0/0","0/0","0/0","0/0","0/0","0/0","0/0","0/0","0/0","0/0","0/0","0/0","0/0","0/0","0/0","0/0","0/0","0/0","0/0","0/0","0/0","0/0","0/0"
"chr17:34199292_AG/A_CCL5","0/0","0/0","0/0","0/0","0/0","0/0","0/0","0/0","0/0","0/0","0/0","0/0","0/0","0/0","0/0","0/0","0/1","0/0","0/0","0/0","0/0","0/0","0/0","0/0","0/0","0/0","0/0","0/0","0/0","0/0","0/0","0/0","0/0","0/0","0/0","0/0","0/0","0/0","0/0","0/0","0/0","0/0","0/0","0/0","0/0","0/0","0/0","0/0","0/0","0/0","0/0","0/0","0/0","0/0","0/0","0/0","0/0","0/0","0/0","0/0","0/0","0/0","0/0","0/0","0/0","0/0","0/0","0/0","0/0","0/0","0/0","0/0","0/0","0/0","0/0","0/0","0/0","0/0","0/0","0/0","0/0","0/0","0/0","0/0","0/0","0/0","0/0","0/0","0/0","0/0","0/0","0/0","0/0","0/0","0/0","0/0","0/0","0/0","0/0","0/0","0/0","0/0","0/0","0/0","0/0","0/0","0/0","0/0","0/0","0/0","0/0","0/0","0/0","0/0","0/0","0/0","0/0","0/0","0/0","0/0","0/0","0/0","0/0","0/0","0/0","0/0","0/0","0/0","0/0","0/0","0/0","0/0","0/0","0/0","0/0","0/0","0/0","0/0","0/0","0/0","0/0","0/0","0/0","0/0","0/0","0/0","0/0","0/0","0/0","0/0","0/0","0/0","0/0"
"chr17:36508662_GAGC/G_SOCS7","0/0","0/0","0/0","0/0","0/0","0/0","0/0","0/0","0/0","0/0","0/0","0/0","0/0","0/0","0/0","0/0","0/0","0/0","0/0","0/0","0/0","0/0","0/0","0/0","0/0","0/0","0/0","0/0","0/0","0/0","0/1","0/0","0/0","0/0","0/0","0/0","0/0","0/0","0/0","0/0","0/0","0/0","0/0","0/0","0/0","0/0","0/0","0/0","0/0","0/0","0/0","0/0","0/0","0/0","0/0","0/0","0/0","0/0","0/0","0/0","0/0","0/0","0/0","0/0","0/0","0/0","0/0","0/0","0/0","0/0","0/0","0/0","0/0","0/0","0/0","0/0","0/0","0/0","0/0","0/0","0/0","0/0","0/0","0/0","0/0","0/0","0/0","0/0","0/0","0/0","0/0","0/0","0/0","0/0","0/0","0/0","0/0","0/0","0/0","0/0","0/0","0/0","0/0","0/0","0/0","0/0","0/0","0/0","0/0","0/0","0/0","0/0","0/0","0/0","0/0","0/0","0/0","0/0","0/0","0/0","0/0","0/0","0/0","0/0","0/0","0/0","0/0","0/0","0/0","0/0","0/0","0/0","0/0","0/0","0/0","0/0","0/0","0/0","0/0","0/0","0/0","0/0","0/0","0/0","0/0","0/0","0/0","0/0","0/0","0/0","0/0","0/0","0/0"
"chr17:36878952_TCTC/T_MLLT6","0/0","0/0","0/0","0/0","0/0","0/0","0/0","0/0","0/0","0/0","0/0","0/0","0/0","0/0","0/0","0/0","0/0","0/0","0/0","0/0","0/0","0/0","0/0","0/0","0/0","0/0","0/0","0/0","0/0","0/0","0/0","0/0","0/0","0/0","0/0","0/0","0/0","0/0","0/0","0/0","0/0","0/0","0/0","0/0","0/0","0/0","0/0","0/0","0/0","0/0","0/0","0/0","0/0","0/0","0/0","0/0","0/0","0/0","0/0","0/0","0/0","0/0","0/0","0/0","0/0","0/0","0/0","0/0","0/0","0/0","0/0","0/0","0/0","0/0","0/0","0/0","0/0","0/0","0/0","0/0","0/0","0/0","0/0","0/0","0/0","0/0","0/0","0/0","0/0","0/0","0/0","0/0","0/0","0/0","0/0","0/0","0/0","0/0","0/0","0/0","0/0","0/0","0/0","0/0","0/0","0/0","0/0","0/0","0/0","0/0","0/0","0/0","0/0","0/0","0/0","0/0","0/0","0/0","0/0","0/0","0/0","0/0","0/0","0/0","0/0","0/0","0/0","0/0","0/0","0/0","0/0","0/0","0/0","0/1","0/0","0/0","0/1","0/1","0/0","0/0","0/0","0/0","0/0","0/0","0/0","0/0","0/0","0/0","0/0","0/0","0/0","0/0","0/0"
"chr17:37563894_CTA/C_MED1","0/0","0/0","0/0","0/0","0/0","0/0","0/0","0/0","0/0","0/0","0/0","0/0","0/0","0/0","0/0","0/0","0/0","0/0","0/0","0/0","0/0","0/0","0/0","0/0","0/0","0/0","0/0","0/0","0/0","0/0","0/0","0/0","0/0","0/0","0/0","0/0","0/0","0/0","0/0","0/0","0/0","0/0","0/0","0/0","0/0","0/0","0/0","0/0","0/0","0/0","0/0","0/0","0/0","0/0","0/0","0/0","0/0","0/0","0/0","0/0","0/0","0/0","0/0","0/0","0/0","0/0","0/0","0/0","0/0","0/0","0/0","0/0","0/0","0/0","0/0","0/0","0/0","0/0","0/0","0/0","0/0","0/0","0/0","0/0","0/0","0/0","0/0","0/0","0/0","0/0","0/0","0/0","0/0","0/0","0/0","0/0","0/0","0/0","0/0","0/0","0/0","0/0","0/0","0/0","0/0","0/0","0/0","0/0","0/0","0/0","0/0","0/0","0/0","0/0","0/0","0/0","0/0","0/0","0/0","0/0","0/0","0/0","0/0","0/0","0/0","0/1","0/0","0/0","0/0","0/0","0/0","0/0","0/0","0/0","0/0","0/0","0/0","0/0","0/0","0/0","0/0","0/0","0/0","0/0","0/0","0/0","0/0","0/0","0/0","0/0","0/0","0/0","0/0"
"chr17:38519336_TGGC/T_GJD3","0/0","0/0","0/0","0/0","0/0","0/0","0/0","0/0","0/0","0/0","0/0","0/0","0/0","0/0","0/0","0/0","0/0","0/0","0/0","0/0","0/0","0/0","0/0","0/0","0/0","0/0","0/0","0/0","0/0","0/0","0/0","0/0","0/0","0/0","0/0","0/0","0/0","0/0","0/0","0/0","0/0","0/0","0/0","0/0","0/0","0/0","0/0","0/0","0/0","0/0","0/0","0/0","0/0","0/0","0/0","0/0","0/1","0/0","0/0","0/0","0/0","0/0","0/0","0/0","0/0","0/0","0/0","0/0","0/0","0/0","0/0","0/0","0/0","0/0","0/0","0/0","0/0","0/0","0/0","0/0","0/0","0/0","0/0","0/0","0/0","0/0","0/0","0/0","0/0","0/0","0/0","0/0","0/0","0/0","0/0","0/0","0/0","0/0","0/0","0/0","0/0","0/0","0/0","0/0","0/0","0/0","0/0","0/0","0/0","0/0","0/0","0/0","0/0","0/0","0/0","0/0","0/0","0/0","0/0","0/0","0/0","0/0","0/0","0/0","0/0","0/0","0/0","0/0","0/0","0/0","0/0","0/0","0/0","0/0","0/0","0/0","0/0","0/0","0/0","0/0","0/0","0/0","0/0","0/0","0/0","0/0","0/0","0/0","0/0","0/0","0/0","0/0","0/0"
"chr17:38640773_CT/C_TNS4","0/0","0/0","0/0","0/0","0/0","0/0","0/0","0/0","0/0","0/0","0/0","0/0","0/0","0/0","0/0","0/0","0/0","0/0","0/0","0/0","0/0","0/0","0/0","0/0","0/0","0/0","0/0","0/0","0/0","0/0","0/0","0/0","0/0","0/0","0/0","0/0","0/1","0/0","0/0","0/0","0/0","0/0","0/0","0/0","0/0","0/0","0/0","0/0","0/0","0/0","0/0","0/0","0/0","0/0","0/0","0/0","0/0","0/0","0/0","0/0","0/0","0/0","0/0","0/0","0/0","0/0","0/0","0/0","0/0","0/0","0/0","0/0","0/0","0/0","0/0","0/0","0/0","0/0","0/0","0/0","0/0","0/0","0/0","0/0","0/0","0/0","0/0","0/0","0/0","0/0","0/0","0/0","0/0","0/0","0/0","0/0","0/0","0/0","0/0","0/0","0/0","0/0","0/0","0/0","0/0","0/0","0/0","0/0","0/0","0/0","0/0","0/0","0/0","0/0","0/0","0/0","0/0","0/0","0/0","0/0","0/0","0/0","0/0","0/0","0/0","0/0","0/0","0/0","0/0","0/0","0/0","0/0","0/0","0/0","0/0","0/0","0/0","0/0","0/0","0/0","0/0","0/0","0/0","0/0","0/0","0/0","0/0","0/0","0/0","0/0","0/0","0/0","0/0"
"chr17:38858134_CA/C_KRT24","0/0","0/0","0/0","0/0","1/1","1/1","1/1","1/1","1/1","1/1","1/1","1/1","0/1","1/1","1/1","0/1","0/1","0/1","0/1","0/0","0/1","0/0","0/1","0/1","0/1","1/1","1/1","1/1","1/1","1/1","0/0","0/1","1/1","0/1","0/1","0/0","0/1","0/1","0/1","0/1","0/1","1/1","1/1","1/1","0/1","1/1","0/1","0/0","0/0","0/1","1/1","1/1","1/1","0/1","0/1","0/1","0/1","1/1","0/1","0/0","0/1","0/0","0/1","0/1","0/1","0/1","0/1","0/1","0/1","0/1","0/1","0/1","0/1","0/1","0/1","0/1","0/1","1/1","1/1","1/1","1/1","0/1","1/1","0/1","0/1","0/1","0/1","0/1","1/1","1/1","0/0","0/1","0/1","0/1","0/1","0/0","0/1","0/0","0/0","0/0","0/1","1/1","0/1","0/0","0/0","0/1","0/1","0/1","0/1","1/1","0/0","0/1","0/1","0/1","1/1","1/1","1/1","1/1","0/1","1/1","0/1","0/1","1/1","1/1","1/1","1/1","0/1","0/1","0/1","0/1","0/1","0/0","0/0","1/1","0/0","0/0","1/1","1/1","0/1","0/1","0/1","0/0","0/0","1/1","1/1","1/1","1/1","1/1","1/1","0/1","0/1","0/1","0/1"
"chr17:38975103_A/AGCTGCCGCCGCCGTATCCGCCGCCGGAGCT_KRT10","0/0","0/0","0/0","0/1","0/0","0/0","0/0","0/0","0/1","0/0","0/2","0/0","0/0","0/2","0/0","0/1","0/0","0/0","0/0","0/0","0/0","0/0","1/2","0/0","0/2","0/0","0/0","0/1","0/0","0/0","1/1","0/0","0/2","1/1","0/0","0/0","0/0","1/1","0/0","0/0","0/0","0/0","0/1","0/0","0/2","0/0","0/1","0/1","0/0","0/1","1/1","0/2","0/1","0/0","0/2","0/1","0/2","0/0","0/0","0/0","0/0","0/0","1/2","0/1","0/1","0/1","0/0","0/0","0/0","0/0","0/1","0/0","0/0","0/1","0/1","1/1","0/1","0/1","0/1","0/1","1/2","0/0","1/2","0/0","0/0","0/0","0/0","0/0","0/1","0/1","0/0","0/2","0/2","0/0","0/0","0/2","0/0","1/1","0/1","0/1","0/1","0/0","0/1","0/2","0/2","0/1","0/1","0/1","0/1","0/0","0/1","0/0","0/0","0/0","0/1","0/0","0/2","0/0","0/0","0/0","0/2","0/0","0/2","0/0","0/1","0/1","0/0","0/0","0/0","0/0","0/0","0/0","0/0","0/2","0/0","0/0","0/0","0/0","2/2","0/2","0/2","0/0","0/0","0/2","0/0","0/2","0/0","0/0","0/0","0/2","0/0","0/0","0/2"
"chr17:38975119_TCCGCCGCCGGAGCTGCTG/T_KRT10","0/0","0/0","0/0","0/0","0/0","0/0","0/0","0/0","0/0","0/0","0/0","0/0","0/0","0/0","0/0","0/0","0/0","0/0","0/0","0/0","0/0","0/0","0/0","0/0","0/0","0/0","0/0","0/0","0/0","0/0","0/0","0/0","0/0","0/0","0/0","0/0","0/0","0/0","0/0","0/0","0/0","0/0","0/0","0/0","0/0","0/0","0/0","0/0","0/0","0/0","0/0","0/0","0/1","0/0","0/0","0/0","0/0","0/0","0/0","0/0","0/0","0/0","0/0","0/0","0/0","0/0","0/0","0/0","0/0","0/0","0/0","0/0","0/0","0/0","0/0","0/0","0/0","0/0","0/0","0/0","0/0","0/0","0/0","0/0","0/0","0/0","0/0","0/0","0/0","0/0","0/0","0/0","0/0","0/0","0/0","0/0","0/0","0/0","0/0","0/0","0/0","0/0","0/0","0/0","0/0","0/0","0/0","0/0","0/0","0/0","0/0","0/0","0/0","0/0","0/0","0/0","0/0","0/0","0/0","0/0","0/0","0/0","0/0","0/0","0/0","0/0","0/0","0/0","0/0","0/0","0/0","0/0","0/0","0/0","0/0","0/0","0/0","0/0","0/0","0/0","0/0","0/0","0/0","0/0","0/0","0/0","0/0","0/0","0/0","0/0","0/0","0/0","0/0"
"chr17:38975137_G/GCCGCCGCCGTAT_KRT10","0/0","0/0","0/0","0/0","0/0","0/0","0/0","0/0","0/1","0/0","0/0","0/0","0/0","0/0","0/0","0/0","0/0","0/0","0/0","0/0","0/0","0/0","0/0","0/0","0/0","0/0","0/0","0/0","0/0","0/0","0/0","0/0","0/0","0/0","0/0","0/0","0/0","0/0","0/0","0/0","0/0","0/0","0/0","0/0","0/0","0/0","0/0","0/0","0/0","0/0","0/0","0/0","0/2","0/0","0/0","0/0","0/0","0/0","0/0","0/0","0/0","0/0","0/0","0/0","0/0","0/0","0/0","0/0","0/0","0/0","0/0","0/0","0/0","0/0","0/0","0/0","0/0","0/0","0/0","0/0","0/0","0/0","0/0","0/0","0/0","0/0","0/0","0/0","0/0","0/0","0/0","0/0","0/0","0/0","0/0","0/0","0/0","0/0","0/0","0/0","0/1","0/0","0/0","0/0","0/0","0/0","0/0","0/0","0/0","0/0","0/0","0/0","0/0","0/0","0/0","0/0","0/0","0/0","0/0","0/0","0/0","0/0","0/0","0/0","0/0","0/0","0/0","0/0","0/0","0/0","0/0","0/0","0/0","0/0","0/0","0/0","0/0","0/0","0/0","0/0","0/0","0/0","0/0","0/0","0/0","0/0","0/0","0/1","0/0","0/0","0/0","0/0","0/0"
"chr17:38975143_GCCGGAGCTGCCGCCC/G_KRT10","0/0","0/0","0/1","0/0","0/0","0/0","0/0","0/0","0/0","0/0","0/0","0/0","0/1","0/0","0/0","0/0","0/0","0/0","0/0","0/0","0/0","0/0","0/0","0/0","0/0","0/0","0/0","0/0","0/0","0/0","0/0","0/0","0/0","0/0","0/0","0/0","0/0","0/0","0/0","0/0","0/0","0/0","0/0","0/0","0/0","0/0","0/0","0/0","0/0","0/0","0/0","0/0","0/0","0/0","0/0","0/0","0/0","0/0","0/0","0/0","0/0","0/0","0/0","0/0","0/0","0/0","0/0","0/0","0/0","0/0","0/0","0/0","0/0","0/0","0/0","0/0","0/0","0/0","0/0","0/0","0/0","0/0","0/0","0/0","0/0","0/0","0/0","0/0","0/0","0/0","0/0","0/0","0/0","0/0","0/0","0/0","0/0","0/0","0/0","0/0","0/0","0/0","0/0","0/0","0/0","0/0","0/0","0/0","0/0","0/0","0/0","0/0","0/0","0/0","0/0","0/1","0/0","0/0","0/0","0/0","0/0","0/1","0/0","0/0","0/0","0/0","0/0","0/0","0/0","0/0","0/0","0/0","0/0","0/0","0/0","0/0","0/0","0/0","0/0","0/0","0/0","0/0","0/0","0/0","0/0","0/0","0/0","0/0","0/1","0/0","0/1","0/0","0/0"
"chr17:38975148_AGC/A_KRT10","0/1","0/1","0/3","0/0","0/0","0/0","0/0","0/0","0/2","0/0","0/0","0/0","0/3","0/0","0/0","0/0","0/0","0/0","0/0","0/0","0/0","0/0","0/0","0/0","0/0","0/0","0/0","0/0","0/0","0/0","0/0","0/0","0/0","0/0","0/0","0/0","0/0","0/0","0/0","0/1","0/0","0/0","0/0","0/0","0/0","0/0","0/0","0/0","0/0","0/0","0/0","0/0","0/0","0/0","0/0","0/0","0/0","0/0","0/0","0/0","0/0","0/0","0/0","0/0","0/0","0/0","0/0","0/0","0/0","0/0","0/0","0/0","0/0","0/0","0/0","0/0","0/0","0/0","0/0","0/0","0/0","0/0","0/0","0/0","0/0","0/0","0/0","0/0","0/0","0/0","0/1","0/0","0/0","0/0","0/0","0/0","0/0","0/0","0/0","0/0","0/0","0/0","0/0","0/0","0/0","0/0","0/0","0/0","0/0","0/0","0/0","0/0","0/0","0/0","0/0","0/3","0/0","0/0","0/0","0/0","0/0","0/3","0/0","0/0","0/0","0/0","0/0","0/0","0/0","0/0","0/0","0/0","0/0","0/0","0/0","0/0","0/0","0/0","0/0","0/0","0/0","0/0","0/0","0/0","0/0","0/0","0/1","0/2","0/3","0/0","0/3","0/1","0/0"
"chr17:38975151_TG/T_KRT10","0/1","0/1","0/2","0/0","0/0","0/0","0/0","0/0","0/0","0/0","0/0","0/0","0/2","0/0","0/0","0/0","0/0","0/0","0/0","0/0","0/0","0/0",".","0/0","0/0","0/0","0/0","0/0","0/0","0/0","0/0","0/0","0/0",".","0/0","0/0","0/0",".","0/0","0/1","0/0","0/0","0/0","0/0","0/0","0/0","0/0","0/0","0/0","0/0","0/0","0/0","0/0","0/0","0/0","0/0","0/0","0/0","0/0","0/0","0/0","0/0",".","0/0","0/0","0/0","0/0","0/0","0/0","0/0","0/0","0/0","0/0","0/0","0/0","0/0","0/0","0/0","0/0","0/0",".","0/0",".","0/0","0/0","0/0","0/0","0/0","0/0","0/0","0/1","0/0","0/0","0/0","0/0","0/0","0/0","0/0","0/0","0/0","0/0","0/0",".","0/0","0/0","0/0","0/0","0/0","0/0","0/0","0/0","0/0","0/0","0/0","0/0","0/2","0/0","0/0","0/0","0/0","0/0","0/2","0/0","0/0","0/0","0/0","0/0","0/0","0/0","0/0","0/0","0/0","0/0","0/0","0/0","0/0","0/0","0/0","0/0","0/0","0/0","0/0","0/0","0/0","0/0","0/0","0/1","0/0","0/2","0/0","0/2","0/1","0/0"
"chr17:38975163_AGCCGCCGCC/A_KRT10","0/0","0/0","0/0","0/0","0/0","0/0","0/0","0/0","0/0","0/0","0/0","0/0","0/1","0/0","0/0","0/0","0/0","0/0","0/0","0/0","0/0","0/0",".","0/0","0/0","0/0","0/0","0/0","0/0","0/0","0/0","0/0","0/0",".","0/0","0/0","0/0","0/0","0/0","0/2","0/0","0/0","0/0","0/0","0/0","0/0","0/0","0/0","0/0","0/0","0/0","0/0","0/0","0/0","0/0","0/0","0/0","0/0","0/0","0/0","0/0","0/0",".","0/0","0/0","0/0","0/0","0/0","0/0","0/0","0/0","0/0","0/0","0/0","0/0","0/0","0/0","0/0","0/0","0/0",".","0/0","0/0","0/0","0/0","0/0","0/0","0/0","0/0","0/0","0/0","0/0","0/0","0/0","0/0","0/0","0/0","0/0","0/0","0/0","0/0","0/0","0/0","0/0","0/0","0/0","0/0","0/0","0/0","0/0","0/0","0/0","0/0","0/0","0/0","0/1","0/0","0/0","0/0","0/0","0/0","0/1","0/0","0/0","0/0","0/0","0/0","0/0","0/0","0/0","0/0","0/0","0/0","0/0","0/0","0/0","0/0","0/0","0/0","0/0","0/0","0/0","0/0","0/0","0/0","0/0","0/0","0/3","0/1","0/0","0/1","0/0","0/0"
"chr17:38975251_GCCGCCGCCGGAGCTT/G_KRT10","0/1","0/1","0/1","0/0","0/0","0/0","0/1","0/0","0/0","0/0","0/1","0/1","0/1","0/0","0/0","0/0","0/1","0/0","0/0","0/0","0/0","0/0","0/1","0/0","0/1","0/0","0/0","0/0","0/0","0/0","0/0","0/0","0/1","0/0","0/0","0/0","0/0","0/0","0/0","0/0","0/0","0/0","0/1","0/1","0/1","0/1","0/0","0/1","0/1","0/1","0/1","0/1","0/0","0/1","0/0","0/1","0/1","0/0","0/0","0/0","0/0","0/0","0/1","0/0","0/0","0/0","0/0","0/0","0/0","0/0","0/0","0/0","0/0","0/0","0/0","0/0","0/0","0/0","0/0","0/1","0/1","0/0","0/1","0/0","0/0","0/0","0/0","0/0","0/1","0/1","0/1","0/1","0/1","0/0","0/0","0/1","0/0","0/0","0/0","0/0","0/1","0/1","0/1","0/1","0/1","0/0","0/0","0/0","0/0","0/1","0/0","0/0","0/0","0/0","0/0","0/1","0/1","0/0","0/1","0/0","0/1","0/1","0/1","0/0","0/0","0/0","0/0","0/0","0/0","0/0","0/0","0/0","0/0","0/1","0/0","0/0","0/1","0/1","1/1","0/1","1/1","0/0","0/0","0/1","0/1","0/0","0/0","0/0","0/0","0/1","0/1","0/1","0/1"
"chr17:38975307_TGCCGCCGTGGCC/T_KRT10","0/0","0/0","0/0","0/0","1/1","1/1","0/0","0/0","0/0","0/1","0/1","0/1","0/0","0/0","0/1","0/0","0/0","0/1","0/1","0/0","0/1","1/1","0/0","0/1","0/1","0/1","0/1","0/0","0/0","1/1","0/0","1/1","0/0","0/0","0/1","0/1","1/1","0/0","1/1","0/1","0/1","0/0","0/0","0/0","0/1","0/1","0/1","0/0","0/0","0/1","0/0","0/0","0/0","0/1","0/1","0/1","0/1","0/1","1/1","1/1","0/1","0/1","0/0","0/0","0/0","0/1","1/1","0/1","0/1","1/1","0/1","0/1","0/1","0/1","0/1","0/0","0/0","0/1","0/1","0/0","0/0","0/1","0/0","1/1","1/1","0/0","0/0","0/1","0/1","0/1","0/0","0/1","0/1","0/1","0/1","0/0","0/1","0/0","0/1","0/1","0/0","0/0","0/0","0/1","0/1","0/0","0/0","0/1","0/1","0/0","0/0","1/1","1/1","0/1","0/1","0/0","0/0","0/1","0/0","0/1","0/0","0/0","0/0","0/1","0/1","0/1","0/1","0/1","0/1","0/1","0/1","0/1","0/1","0/1","0/1","0/1","0/1","0/1","0/0","0/2","0/0","0/1","0/1","0/1","0/1","0/1","0/0","0/0","0/0","0/0","0/0","0/0","0/0"
"chr17:38978765_ATCC/A_KRT10","0/0","0/0","0/0","0/0","0/0","0/0","0/0","0/0","0/0","0/0","0/0","0/0","0/0","0/0","0/0","0/0","0/0","0/0","0/0","0/0","0/0","0/0","0/0","0/0","0/0","0/0","0/0","0/0","0/0","0/0","0/0","0/0","0/0","0/0","0/0","0/0","0/0","0/0","0/0","0/0","0/0","0/0","0/0","0/0","0/0","0/0","0/0","0/0","0/0","0/0","0/0","0/0","0/0","0/0","0/0","0/0","0/0","0/0","0/0","0/0","0/0","0/0","0/0","0/0","0/0","0/0","0/0","0/0","0/0","0/0","0/0","0/0","0/0","0/0","0/0","0/0","0/0","0/0","0/0","0/0","0/0","0/0","0/0","0/0","0/0","0/0","0/0","0/0","0/0","0/0","0/0","0/0","0/0","0/0","0/0","0/0","0/0","0/0","0/0","0/0","0/0","0/0","0/0","0/0","0/0","0/0","0/0","0/1","0/0","0/0","0/0","0/0","0/0","0/0","0/0","0/0","0/0","0/0","0/0","0/1","0/0","0/0","0/0","0/1","0/0","0/0","0/0","0/0","0/0","0/0","0/0","0/0","0/0","0/0","0/0","0/0","0/0","0/0","0/0","0/0","0/0","0/0","0/0","0/0","0/0","0/0","0/0","0/0","0/0","0/0","0/0","0/0","0/0"
"chr17:38991050_ACTT/A_TMEM99","0/0","0/0","0/0","0/0","0/0","0/0","0/0","0/0","0/0","0/0","0/0","0/0","0/0","0/0","0/0","0/0","0/0","0/0","0/0","0/0","0/0","0/0","0/0","0/0","0/0","0/0","0/0","0/0","0/0","0/0","0/0","0/0","0/0","0/0","0/0","0/0","0/0","0/0","0/0","0/0","0/0","0/0","0/1","0/0","0/0","0/0","0/0","0/0","0/0","0/0","0/0","0/0","0/0","0/0","0/0","0/0","0/0","0/0","0/0","0/0","0/0","0/0","0/0","0/0","0/0","0/0","0/0","0/0","0/0","0/0","0/0","0/0","0/0","0/0","0/0","0/0","0/0","0/0","0/0","0/0","0/0","0/0","0/0","0/0","0/0","0/0","0/0","0/0","0/0","0/0","0/0","0/0","0/0","0/0","0/0","0/0","0/0","0/0","0/0","0/0","0/0","0/0","0/0","0/0","0/0","0/0","0/0","0/0","0/0","0/0","0/0","0/0","0/0","0/0","0/0","0/0","0/0","0/0","0/0","0/0","0/0","0/0","0/0","0/0","0/0","0/0","0/0","0/0","0/0","0/0","0/0","0/0","0/0","0/0","0/0","0/0","0/0","0/0","0/0","0/0","0/0","0/0","0/0","0/0","0/0","0/0","0/0","0/0","0/0","0/0","0/0","0/0","0/0"
"chr17:39221827_GCC/G_KRTAP2-4","0/0","0/0","0/0","0/0","0/0","0/0","0/0","0/0","0/0","0/0","0/0","0/0","0/0","0/0","0/0","0/0","0/0","0/0","0/0","0/0","0/0","0/0","0/0","0/0","0/0","0/0","0/0","0/0","0/0","0/0","0/0","0/0","0/1","0/0","0/0","0/0","0/0","0/0","0/0","0/0","0/0","0/0","0/0","0/0","0/0","0/0","0/0","0/0","0/0","0/0","0/0","0/0","0/0","0/0","0/0","0/0","0/0","0/0","0/0","0/0","0/0","0/0","0/0","0/0","0/0","0/0","0/0","0/0","0/0","0/0","0/0","0/0","0/0","0/0","0/0","0/0","0/0","0/0","0/0","0/0","0/0","0/0","0/0","0/0","0/0","0/0","0/0","0/0","0/0","0/0","0/0","0/0","0/0","0/0","0/0","0/0","0/0","0/0","0/0","0/0","0/0","0/0","0/0","0/0","0/0","0/0","0/0","0/0","0/0","0/0","0/0","0/0","0/0","0/0","0/0","0/0","0/0","0/0","0/0","0/0","0/0","0/0","0/0","0/0","0/0","0/0","0/0","0/0","0/0","0/0","0/0","0/0","0/0","0/0","0/0","0/0","0/0","0/0","0/0","0/0","0/0","0/0","0/0","0/0","0/0","0/0","0/0","0/0","0/0","0/0","0/0","0/0","0/0"
"chr17:39254335_A/AT_KRTAP4-8","0/0","0/0","0/0","0/1","0/1","0/1","0/0","0/0","0/0","0/1","0/1","1/1","0/0","0/1","0/1","0/1","1/1","0/0","0/1","0/0","0/0","0/1","0/0","0/1","0/0","0/0","1/1","0/1","0/0","0/0","0/0","0/1","0/1","0/0","0/1","0/0","1/1","0/1","0/1","1/1","1/1","0/1","0/1","0/1","0/1","1/1","0/0","0/0","0/0","0/1","0/1","0/1","1/1","1/1","0/1","0/1","1/1","0/0","0/1","0/0","0/1","0/0","0/0","1/1","1/1","0/0","0/0","0/1","0/1","0/0","0/0","0/1","0/1","0/1","0/1","0/0","0/0","1/1","1/1","0/1","0/1","0/1","0/1","1/1","1/1","0/0","0/0","0/1","1/1","1/1","0/0","1/1","1/1","0/1","0/1","0/0","0/1","0/0","1/1","1/1","0/0","0/0","0/0","0/0","0/0","1/1","1/1","0/1","0/1","0/0","0/1","1/1","1/1","0/1","1/1","0/0","0/0","0/0","0/0","0/0","0/0","0/0","0/0","0/0","1/1","1/1","0/1","0/1","0/1","0/1","0/1","0/0","0/1","0/1","0/1","0/1","0/1","0/1","0/0","0/0","0/0","0/0","0/0","0/0","0/0","0/0","0/0","0/0","0/0","0/1","0/1","0/1","0/1"
"chr17:39296170_GAC/G_KRTAP4-6","0/0","0/0","0/0","0/0","0/0","0/0","0/0","0/0","0/0","0/0","0/0","0/0","0/0","0/0","0/0","0/0","0/0","0/0","0/0","0/0","0/0","0/0","0/0","0/0","0/0","0/0","0/0","0/0","0/0","0/0","0/0","0/0","0/0","0/0","0/0","0/0","0/0","0/0","0/0","0/0","0/0","0/0","0/0","0/1","0/0","0/0","0/0","0/0","0/0","0/0","0/0","0/0","0/0","0/0","0/0","0/0","0/0","0/0","0/0","0/0","0/0","0/0","0/0","0/0","0/0","0/0","0/0","0/0","0/0","0/0","0/0","0/0","0/0","0/0","0/0","0/0","0/0","0/0","0/0","0/0","0/0","0/0","0/0","0/0","0/0","0/0","0/0","0/0","0/0","0/0","0/0","0/0","0/0","0/0","0/0","0/0","0/0","0/0","0/0","0/0","0/0","0/0","0/0","0/0","0/0","0/0","0/0","0/0","0/0","0/0","0/0","0/0","0/0","0/0","0/0","0/0","0/0","0/0","0/0","0/0","0/0","0/0","0/0","0/0","0/0","0/0","0/0","0/0","0/0","0/0","0/0","0/0","0/0","0/0","0/0","0/0","0/0","0/0","0/0","0/0","0/0","0/0","0/0","0/0","0/0","0/0","0/0","0/0","0/0","0/0","0/0","0/0","0/0"
"chr17:39340795_ACGGCAGCAGCTGGACATACCACAGCTGGGGTGGCAGGTGGTCTGACAGCAGAGTGGG/A_KRTAP4-1","0/0","1/1","0/0","0/0","0/0","0/0","0/0","1/1","0/0","1/1","1/1","1/1","1/1","0/1","1/1","1/1","1/1","1/1","1/1","1/1","1/1","1/1","1/1","1/1","1/1","1/1","1/1","1/1","1/1","1/1","1/1","1/1","1/1","1/1","0/1","1/1","1/1","1/1","1/1","1/1","0/1","1/1","1/1","1/1","1/1","1/1","1/1","1/1","1/1","1/1","0/1","1/1","1/1","1/1","1/1","0/1","1/1","1/1","1/1","1/1","1/1","1/1","1/1","1/1","1/1","1/1","1/1","1/1","1/1","1/1","1/1","1/1","1/1","1/1","1/1","1/1","1/1","1/1","1/1","1/1","1/1","0/1","0/1","1/1","1/1","1/1","1/1","1/1","1/1","1/1","1/1","1/1","1/1","1/1","1/1","1/1","1/1","1/1","0/1","0/1","1/1","1/1","1/1","1/1","1/1","0/0","0/0","1/1","1/1","1/1","1/1","1/1","1/1","0/1","1/1","1/1","1/1","1/1","1/1","1/1","1/1","1/1","1/1","1/1","1/1","0/1","0/1","0/1","1/1","1/1","1/1","1/1","1/1","1/1","1/1","1/1","1/1","1/1","1/1","1/1","1/1","1/1","1/1","1/1","1/1","1/1","1/1","0/1","1/1","1/1","1/1","1/1","1/1"
"chr17:39458573_TGTACAGATGGTTG/T_KRTAP29-1","1/1","1/1","1/1","0/1","1/1","1/1","0/1","0/1","0/1","0/0","1/1","0/1","0/1","0/0","0/1","0/0","0/0","0/0","0/0","1/1","0/1","0/0","0/1","0/0","0/0","0/1","0/0","0/0","0/1","0/0","0/1","0/1","0/0","0/1","1/1","0/0","0/0","0/0","0/0","0/1","0/0","0/0","0/1","0/1","0/1","0/0","0/0","1/1","1/1","0/0","0/0","0/1","0/0","0/0","0/0","0/1","0/0","0/1","0/0","1/1","0/0","0/1","0/0","0/0","0/0","0/0","0/0","0/1","0/1","0/0","0/0","0/1","0/1","0/0","0/0","0/1","0/1","0/0","0/0","0/1","0/1","0/0","0/0","0/0","0/0","0/1","0/1","0/0","0/0","0/0","1/1","0/1","0/1","0/1","0/1","1/1","0/0","0/1","0/0","0/0","0/0","0/1","0/0","0/0","0/0","0/0","0/0","0/1","0/1","0/1","0/1","0/0","0/0","0/1","0/0","0/1","0/1","1/1","0/1","1/1","0/1","0/1","0/1","1/1","0/0","0/0","0/1","0/1","0/1","0/1","0/1","0/1","0/1","0/0","0/1","0/1","0/0","0/0","1/1","0/1","1/1","0/1","0/1","0/0","0/0","0/0","0/1","0/1","0/1","0/0","0/0","0/0","0/0"
"chr17:39657611_C/CT_KRT13","0/0","0/0","0/0","0/0","0/0","0/0","0/0","0/0","0/0","0/0","0/0","0/1","0/0","0/0","0/0","0/0","0/0","0/0","0/0","0/0","0/0","0/0","0/0","0/1","0/0","0/0","0/0","0/0","0/0","0/0","0/0","0/0","0/0","0/0","0/0","0/0","0/0","0/0","0/0","0/0","0/0","0/0","0/0","0/0","0/0","0/0","0/0","0/0","0/0","0/0","0/0","0/0","0/0","0/0","0/0","0/0","0/0","0/0","0/0","0/0","0/0","0/0","0/0","0/0","0/0","0/0","0/0","0/0","0/0","0/0","0/0","0/0","0/0","0/0","0/0","0/0","0/0","0/0","0/0","0/0","0/0","0/0","0/0","0/1","0/1","0/0","0/0","0/0","0/0","0/0","0/0","0/0","0/0","0/0","0/0","0/0","0/0","0/0","0/0","0/0","0/0","0/0","0/0","0/0","0/0","0/0","0/0","0/0","0/0","0/0","0/0","0/1","0/1","0/0","0/0","0/0","0/0","0/0","0/0","0/0","0/0","0/0","0/0","0/0","0/0","0/0","0/0","0/0","0/0","0/0","0/0","0/0","0/1","0/0","0/1","0/1","0/0","0/0","0/0","0/0","0/0","0/0","0/0","0/0","0/0","0/0","0/0","0/0","0/0","0/0","0/0","0/0","0/0"
"chr17:39967941_CAGA/C_P3H4","0/0","0/0","0/0","0/0","0/0","0/0","0/0","0/0","0/0","0/0","0/0","0/0","0/0","0/0","0/0","0/0","0/0","0/0","0/0","0/0","0/0","0/0","0/0","0/0","0/0","0/0","0/0","0/0","0/0","0/0","0/0","0/0","0/0","0/0","0/0","0/0","0/0","0/0","0/0","0/0","0/0","0/0","0/0","0/0","0/0","0/0","0/0","0/0","0/0","0/0","0/0","0/0","0/0","0/0","0/0","0/0","0/0","0/0","0/0","0/0","0/0","0/0","0/0","0/0","0/0","0/0","0/0","0/0","0/0","0/0","0/0","0/0","0/0","0/0","0/0","0/0","0/0","0/0","0/0","0/0","0/0","0/0","0/0","0/0","0/0","0/0","0/0","0/0","0/0","0/0","0/0","0/0","0/0","0/0","0/0","0/0","0/0","0/0","0/0","0/0","0/0","0/0","0/0","0/0","0/0","0/0","0/0","0/0","0/0","0/0","0/0","0/0","0/0","0/0","0/0","0/0","0/0","0/0","0/1","0/0","0/1","0/1","0/0","0/0","0/0","0/0","0/0","0/0","0/0","0/0","0/0","0/0","0/0","0/0","0/0","0/0","0/0","0/0","0/0","0/0","0/0","0/0","0/0","0/0","0/0","0/0","0/0","0/0","0/0","0/0","0/0","0/0","0/0"
"chr17:40034417_ACT/A_ACLY","0/0","0/0","0/0","0/0","0/0","0/0","0/0","0/0","0/0","0/0","0/0","0/0","0/0","0/0","0/0","0/0","0/0","0/0","0/0","0/0","0/0","0/0","0/0","0/0","0/0","0/0","0/0","0/0","0/0","0/0","0/0","0/0","0/0","0/0","0/0","0/0","0/0","0/0","0/0","0/0","0/0","0/0","0/0","0/0","0/0","0/0","0/0","0/0","0/0","0/0","0/0","0/0","0/0","0/0","0/0","0/0","0/0","0/0","0/0","0/0","0/0","0/0","0/0","0/0","0/0","0/0","0/0","0/0","0/0","0/0","0/0","0/0","0/0","0/0","0/0","0/0","0/0","0/0","0/0","0/0","0/0","0/0","0/0","0/0","0/0","0/0","0/0","0/0","0/0","0/0","0/0","0/0","0/0","0/0","0/0","0/0","0/0","0/0","0/0","0/0","0/0","0/0","0/0","0/0","0/0","0/0","0/0","0/0","0/0","0/0","0/0","0/0","0/0","0/0","0/1","0/0","0/0","0/0","0/0","0/0","0/0","0/0","0/0","0/0","0/1","0/1","0/0","0/0","0/0","0/0","0/0","0/0","0/0","0/0","0/0","0/0","0/0","0/0","0/0","0/0","0/0","0/0","0/0","0/0","0/0","0/0","0/0","0/0","0/0","0/0","0/0","0/0","0/0"
"chr17:40034421_C/CTT_ACLY","0/0","0/0","0/0","0/0","0/0","0/0","0/0","0/0","0/0","0/0","0/0","0/0","0/0","0/0","0/0","0/0","0/0","0/0","0/0","0/0","0/0","0/0","0/0","0/0","0/0","0/0","0/0","0/0","0/0","0/0","0/0","0/0","0/0","0/0","0/0","0/0","0/0","0/0","0/0","0/0","0/0","0/0","0/0","0/0","0/0","0/0","0/0","0/0","0/0","0/0","0/0","0/0","0/0","0/0","0/0","0/0","0/0","0/0","0/0","0/0","0/0","0/0","0/0","0/0","0/0","0/0","0/0","0/0","0/0","0/0","0/0","0/0","0/0","0/0","0/0","0/0","0/0","0/0","0/0","0/0","0/0","0/0","0/0","0/0","0/0","0/0","0/0","0/0","0/0","0/0","0/0","0/0","0/0","0/0","0/0","0/0","0/0","0/0","0/0","0/0","0/0","0/0","0/0","0/0","0/0","0/0","0/0","0/0","0/0","0/0","0/0","0/0","0/0","0/0","0/1","0/0","0/0","0/0","0/0","0/0","0/0","0/0","0/0","0/0","0/1","0/1","0/0","0/0","0/0","0/0","0/0","0/0","0/0","0/0","0/0","0/0","0/0","0/0","0/0","0/0","0/0","0/0","0/0","0/0","0/0","0/0","0/0","0/0","0/0","0/0","0/0","0/0","0/0"
"chr17:40336500_GGCA/G_HCRT","0/0","0/0","0/0","0/0","0/0","0/0","0/0","0/0","0/0","0/0","0/0","0/0","0/0","0/0","0/0","0/0","0/0","0/0","0/0","0/0","0/0","0/1","0/0","0/0","0/0","0/0","0/0","0/0","0/0","0/0","0/0","0/0","0/0","0/0","0/0","0/0","0/0","0/0","0/0","0/0","0/0","0/0","0/0","0/0","0/0","0/0","0/0","0/0","0/0","0/0","0/0","0/0","0/0","0/0","0/0","0/0","0/0","0/0","0/0","0/0","0/0","0/0","0/0","0/0","0/0","0/0","0/0","0/0","0/0","0/0","0/0","0/0","0/0","0/0","0/0","0/0","0/0","0/0","0/0","0/0","0/0","0/0","0/0","0/0","0/0","0/0","0/0","0/0","0/0","0/0","0/0","0/0","0/0","0/0","0/0","0/0","0/0","0/0","0/0","0/0","0/0","0/0","0/0","0/0","0/0","0/0","0/0","0/0","0/0","0/0","0/0","0/0","0/0","0/0","0/0","0/0","0/0","0/0","0/0","0/0","0/0","0/0","0/0","0/0","0/0","0/0","0/0","0/0","0/0","0/0","0/0","0/0","0/0","0/0","0/0","0/0","0/0","0/0","0/0","0/0","0/0","0/0","0/0","0/0","0/0","0/0","0/0","0/0","0/0","0/0","0/0","0/0","0/0"
"chr17:40345559_GGCA/G_GHDC","0/0","0/0","0/0","0/0","0/0","0/0","0/0","0/0","0/0","0/0","0/0","0/0","0/0","0/0","0/0","0/0","0/0","0/0","0/0","0/0","0/0","0/0","0/0","0/0","0/0","0/0","0/0","0/0","0/0","0/0","0/0","0/0","0/0","0/0","0/0","0/0","0/0","0/0","0/0","0/1","0/0","0/0","0/0","0/0","0/0","0/0","0/0","0/0","0/0","0/0","0/0","0/0","0/0","0/0","0/0","0/0","0/0","0/0","0/0","0/0","0/0","0/0","0/0","0/0","0/0","0/0","0/0","0/0","0/0","0/0","0/0","0/0","0/0","0/0","0/0","0/0","0/0","0/0","0/0","0/0","0/0","0/0","0/0","0/0","0/0","0/0","0/0","0/0","0/0","0/0","0/0","0/0","0/0","0/0","0/0","0/0","0/0","0/0","0/0","0/0","0/0","0/0","0/0","0/0","0/0","0/0","0/0","0/0","0/0","0/0","0/0","0/1","0/0","0/0","0/0","0/0","0/0","0/0","0/0","0/0","0/0","0/0","0/0","0/0","0/0","0/0","0/0","0/0","0/0","0/0","0/1","0/0","0/0","0/0","0/0","0/0","0/0","0/0","0/0","0/0","0/0","0/0","0/0","0/0","0/0","0/0","0/0","0/0","0/0","0/0","0/1","0/0","0/0"
"chr17:40825490_AC/A_PLEKHH3","0/0","0/0","0/0","0/0","0/0","0/0","0/0","0/0","0/0","0/0","0/0","0/0","0/0","0/0","0/0","0/0","0/0","0/0","0/0","0/0","0/0","0/0","0/0","0/0","0/0","0/0","0/0","0/0","0/0","0/0","0/0","0/0","0/0","0/0","0/0","0/0","0/1","0/0","0/0","0/0","0/0","0/0","0/0","0/0","0/0","0/0","0/0","0/0","0/0","0/0","0/0","0/0","0/0","0/0","0/0","0/0","0/0","0/0","0/0","0/0","0/0","0/0","0/0","0/0","0/0","0/0","0/0","0/0","0/0","0/0","0/0","0/0","0/0","0/0","0/0","0/0","0/0","0/0","0/0","0/0","0/0","0/0","0/0","0/0","0/0","0/0","0/0","0/0","0/0","0/0","0/0","0/0","0/0","0/0","0/0","0/0","0/0","0/0","0/0","0/0","0/0","0/0","0/0","0/0","0/0","0/0","0/0","0/0","0/0","0/0","0/0","0/0","0/0","0/0","0/0","0/0","0/0","0/0","0/0","0/0","0/0","0/0","0/0","0/0","0/0","0/0","0/0","0/0","0/0","0/0","0/0","0/0","0/0","0/0","0/0","0/0","0/0","0/0","0/0","0/0","0/0","0/0","0/0","0/0","0/0","0/0","0/0","0/0","0/0","0/0","0/0","0/0","0/0"
"chr17:40913286_TCGCTCCGGGTGGAGCGCGCCGGCGGCCCGCGTCTCCCTAGGACCCGAGTCGGGCGGCCGGCAG/T_RAMP2","0/0","0/0","0/0","0/0","0/0","0/0","0/0","0/0","0/0","0/0","0/0","0/0","0/0","0/0","0/0","0/0","0/0","0/0","0/0","0/0","0/0","0/0","0/0","0/0","0/1","0/0","0/0","0/0","0/0","0/0","0/0","0/0","0/0","0/0","0/0","0/0","0/0","0/0","0/0","0/0","0/0","0/0","0/0","0/0","0/0","0/0","0/0","0/0","0/0","0/0","0/0","0/0","0/0","0/0","0/0","0/0","0/0","0/0","0/0","0/0","0/0","0/0","0/0","0/0","0/0","0/0","0/0","0/0","0/0","0/0","0/0","0/0","0/0","0/1","0/0","0/0","0/0","0/0","0/0","0/0","0/0","0/0","0/0","0/0","0/0","0/0",".","0/0","0/0","0/0","0/0","0/0","0/0","0/0","0/0","0/0","0/0","0/0","0/0","0/0","0/0","0/0","0/0","0/0","0/0","0/0","0/0","0/0","0/0","0/0","0/0","0/0","0/0","0/0","0/0","0/0","0/0","0/1","0/0","0/0","0/0","0/0","0/0","0/0","0/0","0/0","0/0","0/0","0/0","0/0","0/0","0/0","0/0","0/0","0/0","0/0","0/0","0/0","0/0","0/0","0/0","0/0","0/0","0/0","0/0","0/0","0/0","0/0","0/0","0/0","0/0","0/0","0/0"
"chr17:41168323_CCTT/C_VAT1","0/0","0/0","0/0","0/0","0/0","0/0","0/0","0/0","0/0","0/0","0/0","0/0","0/0","0/0","0/0","0/0","0/0","0/0","0/0","0/0","0/0","0/0","0/0","0/0","0/0","0/0","0/0","0/0","0/0","0/0","0/0","0/0","0/0","0/0","0/0","0/0","0/0","0/0","0/0","0/0","0/0","0/0","0/0","0/0","0/0","0/0","0/0","0/0","0/0","0/0","0/0","0/0","0/0","0/0","0/0","0/0","0/0","0/0","0/0","0/0","0/0","0/0","0/0","0/0","0/0","0/0","0/0","0/0","0/0","0/0","0/0","0/0","0/0","0/0","0/0","0/0","0/0","0/1","0/0","0/0","0/0","0/0","0/0","0/0","0/0","0/0","0/0","0/0","0/0","0/0","0/0","0/0","0/0","0/0","0/0","0/0","0/0","0/0","0/0","0/0","0/0","0/0","0/0","0/0","0/0","0/0","0/0","0/0","0/0","0/0","0/0","0/0","0/0","0/0","0/0","0/0","0/0","0/0","0/0","0/0","0/0","0/0","0/0","0/0","0/0","0/0","0/0","0/0","0/0","0/0","0/0","0/0","0/0","0/0","0/0","0/0","0/0","0/0","0/0","0/0","0/0","0/0","0/0","0/0","0/0","0/0","0/0","0/0","0/0","0/0","0/0","0/0","0/0"
"chr17:41174210_AGGC/A_VAT1","0/0","0/0","0/0","0/0","0/0","0/0","0/0","0/0","0/0","0/0","0/0","0/0","0/0","0/0","0/0","0/0","0/0","0/0","0/0","0/0","0/0","0/0","0/0","0/0","0/0","0/0","0/0","0/0","0/0","0/0","0/0","0/0","0/0","0/0","0/0","0/0","0/0","0/0","0/0","0/0","0/0","0/0","0/0","0/0","0/0","0/0","0/0","0/0","0/0","0/0","0/0","0/0","0/0","0/0","0/0","0/0","0/0","0/0","0/0","0/0","0/0","0/0","0/0","0/0","0/0","0/0","0/0","0/0","0/0","0/0","0/0","0/0","0/0","0/0","0/0","0/0","0/0","0/0","0/1","0/0","0/0","0/0","0/0","0/0","0/0","0/0","0/0","0/0","0/0","0/0","0/0","0/0","0/0","0/0","0/0","0/0","0/0","0/0","0/0","0/0","0/0","0/0","0/0","0/0","0/0","0/0","0/0","0/0","0/0","0/0","0/0","0/0","0/0","0/0","0/0","0/0","0/0","0/0","0/0","0/0","0/0","0/0","0/0","0/0","0/0","0/0","0/0","0/0","0/0","0/0","0/0","0/0","0/0","0/0","0/0","0/0","0/0","0/0","0/0","0/0","0/0","0/0","0/0","0/0","0/0","0/0","0/0","0/0","0/0","0/0","0/0","0/0","0/0"
"chr17:41244557_ATTTTTCTTACATTTAGT/A_BRCA1","0/0","0/0","0/0","0/0","0/0","0/0","0/0","0/0","0/0","0/0","0/0","0/0","0/0","0/0","0/0","0/0","0/0","0/0","0/0","0/0","0/0","0/0","0/0","0/0","0/0","0/0","0/0","0/0","0/0","0/0","0/0","0/0","0/1","0/0","0/0","0/0","0/0","0/0","0/0","0/0","0/0","0/0","0/0","0/0","0/0","0/0","0/0","0/0","0/0","0/0","0/0","0/0","0/0","0/0","0/0","0/0","0/0","0/0","0/0","0/0","0/0","0/0","0/0","0/0","0/0","0/0","0/0","0/0","0/0","0/0","0/0","0/0","0/0","0/0","0/0","0/0","0/0","0/0","0/0","0/0","0/0","0/0","0/0","0/0","0/0","0/0","0/0","0/0","0/0","0/0","0/0","0/0","0/0","0/0","0/0","0/0","0/0","0/0","0/0","0/0","0/0","0/0","0/0","0/0","0/0","0/0","0/0","0/0","0/0","0/0","0/0","0/0","0/0","0/0","0/0","0/0","0/0","0/0","0/0","0/0","0/0","0/0","0/0","0/0","0/0","0/0","0/0","0/0","0/0","0/0","0/0","0/0","0/0","0/0","0/0","0/0","0/0","0/0","0/0","0/0","0/0","0/0","0/0","0/0","0/0","0/0","0/0","0/0","0/0","0/0","0/0","0/0","0/0"
"chr17:41860578_AG/A_C17orf105","0/0","0/0","0/0","0/0","0/0","0/0","0/0","0/0","0/0","0/0","0/0","0/0","0/0","0/0","0/0","0/0","0/0","0/0","0/0","0/0","0/0","0/0","0/0","0/0","0/0","0/0","0/0","0/0","0/0","0/0","0/0","0/0","0/0","0/0","0/0","0/0","0/0","0/0","0/0","0/0","0/0","0/0","0/0","0/0","0/0","0/0","0/0","0/0","0/0","0/0","0/0","0/0","0/0","0/0","0/0","0/0","0/0","0/0","0/0","0/0","0/0","0/0","0/0","0/0","0/0","0/0","0/0","0/0","0/0","0/0","0/0","0/0","0/0","0/0","0/0","0/0","0/0","0/0","0/0","0/0","0/0","0/0","0/0","0/0","0/0","0/0","0/0","0/0","0/0","0/0","0/0","0/0","0/0","0/0","0/0","0/0","0/0","0/0","0/0","0/0","0/0","0/0","0/0","0/0","0/0","0/0","0/0","0/0","0/0","0/0","0/0","0/0","0/0","0/0","0/0","0/0","0/0","0/0","0/0","0/0","0/0","0/0","0/0","0/0","0/0","0/0","0/0","0/0","0/0","0/0","0/0","0/0","0/0","0/0","0/0","0/0","0/0","0/0","0/0","0/0","0/0","0/0","0/0","0/0","0/0","0/0","0/1","0/1","0/1","0/0","0/0","0/0","0/0"
"chr17:43192549_T/TC_PLCD3","1/1","1/1","1/1","1/1","1/1","1/1","1/1","1/1","1/1","1/1","1/1","1/1","1/1","1/1","1/1","1/1","1/1","1/1","1/1","1/1","1/1","1/1","1/1","1/1","1/1","1/1","1/1","1/1","1/1","1/1","1/1","1/1","1/1","1/1","1/1","1/1","1/1","1/1","1/1","1/1","1/1","1/1","1/1","1/1","1/1","1/1","1/1","1/1","1/1","1/1","1/1","1/1","1/1","1/1","1/1","1/1","1/1","1/1","1/1","1/1","1/1","1/1","1/1","1/1","1/1","1/1","1/1","1/1","1/1","1/1","1/1","1/1","1/1","1/1","1/1","1/1","1/1","1/1","1/1","1/1","1/1","1/1","1/1","1/1","1/1","1/1","1/1","1/1","1/1","1/1","1/1","1/1","1/1","1/1","1/1","1/1","1/1","1/1","1/1","1/1","1/1","1/1","1/1","1/1","1/1","1/1","1/1","1/1","1/1","1/1","1/1","1/1","1/1","1/1","1/1","1/1","1/1","1/1","1/1","1/1","1/1","1/1","1/1","1/1","1/1","1/1","1/1","1/1","1/1","1/1","1/1","1/1","1/1","1/1","1/1","1/1","1/1","1/1","1/1","1/1","1/1","1/1","1/1","1/1","1/1","1/1","1/1","1/1","1/1","1/1","1/1","1/1","1/1"
"chr17:43192759_ATCC/A_PLCD3","0/0","0/0","0/0","0/0","0/0","0/0","0/0","0/0","0/0","0/0","0/0","0/0","0/0","0/0","0/0","0/0","0/0","0/1","0/0","0/0","0/0","0/0","0/0","0/0","0/0","0/0","0/0","0/0","0/0","0/0","0/0","0/0","0/0","0/0","0/0","0/0","0/0","0/0","0/0","0/0","0/0","0/0","0/0","0/0","0/0","0/0","0/0","0/0","0/0","0/0","0/0","0/0","0/0","0/0","0/0","0/0","0/0","0/0","0/0","0/0","0/0","0/0","0/0","0/0","0/0","0/0","0/0","0/0","0/0","0/0","0/0","0/0","0/0","0/0","0/0","0/0","0/0","0/0","0/0","0/0","0/0","0/0","0/0","0/0","0/0","0/0","0/0","0/0","0/0","0/0","0/0","0/0","0/0","0/0","0/0","0/0","0/0","0/0","0/0","0/0","0/0","0/0","0/0","0/0","0/0","0/0","0/0","0/0","0/0","0/0","0/0","0/0","0/0","0/0","0/0","0/0","0/0","0/0","0/0","0/0","0/0","0/0","0/0","0/0","0/0","0/0","0/0","0/0","0/0","0/0","0/0","0/0","0/0","0/0","0/0","0/1","0/0","0/0","0/0","0/0","0/0","0/1","0/0","0/0","0/0","0/0","0/0","0/0","0/0","0/0","0/0","0/0","0/0"
"chr17:43319434_TCCG/T_FMNL1","0/0","0/0","0/0","0/0","0/1","0/1","0/1","0/1","0/1","0/0","0/1","0/0","0/0","0/0","0/0","0/0","0/0","0/0","0/0","0/0","0/1","0/0","0/0","0/0","0/0","0/0","0/0","0/1","0/0","0/0","0/0","0/0","0/0","0/0","0/0","1/1","0/0","0/1","0/0","0/1","0/0","0/1","0/0","0/0","0/1","0/1","0/0","0/0","0/1","0/0","0/0","0/1","0/0","0/0","0/0","0/1","0/1","0/0","0/0","0/0","0/0","0/0","0/0","0/1","0/1","0/0","0/0","0/0","0/0","0/0","0/0","0/0","0/0","0/0","0/0","0/0","0/0","0/1","0/1","0/0","0/0","0/1","0/0","0/0","0/0","0/0","0/0","0/0","0/0","0/0","1/1","0/1","0/1","0/0","0/0","1/1","0/0","0/0","0/0","0/0","0/0","0/1","0/0","0/1","0/1","0/0","0/0","0/0","0/0","0/1","0/0","0/0","0/0","0/0","0/0","0/0","0/0","0/1","0/0","0/1","0/0","0/0","0/1","0/1","0/0","0/0","0/0","0/0","0/0","0/0","0/0","0/0","0/0","0/0","0/0","0/0","0/0","0/0","0/1","0/1","0/1","0/0","0/0","0/0","0/0","0/0","0/0","0/0","0/0","0/1","0/1","0/1","0/1"
"chr17:43351857_ACCCAAGGCCCTTCT/A_MAP3K14","0/0","0/0","0/0","0/0","0/0","0/0","0/0","0/0","0/0","0/0","0/0","0/0","0/0","0/0","0/0","0/0","0/0","0/0","0/0","0/0","0/0","0/0","0/0","0/0","0/0","0/0","0/0","0/0","0/0","0/0","0/0","0/0","0/0","0/0","0/0","0/0","0/1","0/0","0/0","0/0","0/0","0/0","0/0","0/0","0/0","0/0","0/0","0/0","0/0","0/0","0/0","0/0","0/0","0/0","0/0","0/0","0/0","0/0","0/0","0/0","0/0","0/0","0/0","0/0","0/0","0/0","0/0","0/0","0/0","0/0","0/0","0/0","0/0","0/0","0/0","0/0","0/0","0/0","0/0","0/0","0/0","0/0","0/0","0/0","0/0","0/0","0/0","0/0","0/0","0/0","0/0","0/0","0/0","0/0","0/0","0/0","0/0","0/0","0/0","0/0","0/0","0/0","0/0","0/0","0/0","0/0","0/0","0/0","0/0","0/0","0/0","0/0","0/0","0/0","0/0","0/0","0/0","0/0","0/0","0/0","0/0","0/0","0/0","0/0","0/0","0/0","0/0","0/0","0/0","0/0","0/0","0/0","0/0","0/0","0/0","0/0","0/0","0/0","0/0","0/0","0/0","0/0","0/0","0/0","0/0","0/0","0/0","0/0","0/0","0/0","0/0","0/0","0/0"
"chr17:43364293_C/CG_MAP3K14","1/1","1/1","1/1","1/1","1/1","1/1","1/1","1/1","1/1","1/1","1/1","1/1","1/1","1/1","1/1","1/1","1/1","1/1","1/1","1/1","1/1","1/1","1/1","1/1","1/1","1/1","1/1","1/1","1/1","1/1","1/1","1/1","1/1","1/1","1/1","1/1","1/1","1/1","1/1","1/1","1/1","1/1","1/1","1/1","1/1","1/1","1/1","1/1","1/1","1/1","1/1","1/1","1/1","1/1","1/1","1/1","1/1","1/1","1/1","1/1","1/1","1/1","1/1","1/1","1/1","1/1","1/1","1/1","1/1","1/1","1/1","1/1","1/1","1/1","1/1","1/1","1/1","1/1","1/1","1/1","1/1","1/1","1/1","1/1","1/1","1/1","1/1","1/1","1/1","1/1","1/1","1/1","1/1","1/1","1/1","1/1","1/1","1/1","1/1","1/1","1/1","1/1","1/1","1/1","1/1","1/1","1/1","1/1","1/1","1/1","1/1","1/1","1/1","1/1","1/1","1/1","1/1","1/1","1/1","1/1","1/1","1/1","1/1","1/1","1/1","1/1","1/1","1/1","1/1","1/1","1/1","1/1","1/1","1/1","1/1","1/1","1/1","1/1","1/1","1/1","1/1","1/1","1/1","1/1","1/1","1/1","1/1","1/1","1/1","1/1","1/1","1/1","1/1"
"chr17:43923722_CT/C_SPPL2C","0/0","0/0","0/0","0/0","0/0","0/0","0/0","0/0","0/0","0/0","0/0","0/0","0/0","0/0","0/0","0/0","0/0","0/0","0/0","0/0","0/0","0/0","0/0","0/0","0/0","0/0","0/0","0/0","0/0","0/0","0/0","0/0","0/0","0/0","0/0","0/0","0/0","0/0","0/0","0/0","0/0","0/0","0/0","0/0","0/0","0/0","0/0","0/0","0/0","0/0","0/0","0/0","0/0","0/1","0/0","0/0","0/0","0/0","0/0","0/0","0/0","0/0","0/0","0/0","0/0","0/0","0/0","0/0","0/0","0/0","0/0","0/0","0/0","0/0","0/0","0/0","0/0","0/0","0/0","0/0","0/0","0/0","0/0","0/0","0/0","0/0","0/0","0/0","0/0","0/0","0/0","0/0","0/0","0/0","0/0","0/0","0/0","0/0","0/0","0/0","0/0","0/0","0/0","0/0","0/0","0/0","0/0","0/0","0/0","0/0","0/0","0/0","0/0","0/0","0/0","0/0","0/0","0/0","0/0","0/0","0/0","0/0","0/0","0/0","0/0","0/0","0/0","0/0","0/0","0/0","0/0","0/0","0/0","0/0","0/0","0/0","0/0","0/0","0/0","0/0","0/0","0/0","0/0","0/0","0/0","0/0","0/0","0/0","0/0","0/0","0/0","0/0","0/0"
"chr17:45438886_CAGTG/C_EFCAB13","0/1","0/1","0/1","0/1","0/1","0/1","0/0","0/0","0/0","0/0","0/0","1/1","1/1","1/1","0/0","0/0","0/1","0/0","0/1","0/1","0/0","0/1","0/0","0/0","0/0","0/1","0/0","0/1","0/1","0/0","0/0","0/1","0/0","0/0","0/1","0/1","0/0","0/0","0/0","0/0","0/1","1/1","0/0","0/0","0/1","0/0","0/0","0/1","0/0","0/0","0/1","0/0","0/1","0/0","0/1","0/0","0/1","0/0","0/0","0/0","0/0","0/0","0/1","0/1","0/1","0/0","0/0","0/1","0/1","0/0","0/0","0/1","0/1","0/0","0/0","0/0","0/0","0/1","0/1","0/0","0/0","0/1","0/1","0/0","0/0","0/0","0/0","0/1","0/1","0/1","0/1","0/1","0/1","0/1","0/1","0/1","0/1","1/1","0/0","0/0","0/0","0/0","0/0","0/1","0/1","0/1","0/1","0/0","0/0","0/0","0/1","0/1","0/1","0/0","0/0","0/0","0/0","0/1","0/0","0/1","0/0","0/0","0/0","0/1","0/0","0/0","0/0","0/0","0/1","0/1","0/1","0/1","0/1","0/1","0/1","0/1","0/1","0/1","0/0","0/0","0/0","0/1","0/1","0/0","0/0","0/0","1/1","1/1","1/1","0/0","0/0","0/0","0/0"
"chr17:46115072_C/CG_COPZ2","1/1","1/1","1/1","1/1","1/1","1/1","1/1","1/1","1/1","1/1","1/1","1/1","1/1","1/1","1/1","1/1","1/1","1/1","1/1","1/1","1/1","1/1","1/1","1/1","1/1","1/1","1/1","1/1","0/1","1/1","1/1","1/1","1/1","1/1","1/1","1/1","1/1","1/1","1/1","1/1","1/1","1/1","1/1","1/1","1/1","1/1","1/1","1/1","1/1","1/1","1/1","1/1","1/1","1/1","1/1","1/1","1/1","1/1","1/1","1/1","1/1","1/1","1/1","1/1","1/1","1/1","1/1","1/1","1/1","1/1","1/1","1/1","0/1","1/1","1/1","1/1","1/1","1/1","1/1","1/1","1/1","1/1","1/1","1/1","1/1","0/1","1/1","1/1","1/1","1/1","1/1","1/1","1/1","1/1","1/1","1/1","1/1","1/1","1/1","1/1","1/1","1/1","1/1","1/1","1/1","1/1","1/1","1/1","1/1","1/1","1/1","1/1","1/1","1/1","1/1","1/1","1/1","1/1","1/1","1/1","1/1","1/1","1/1","1/1","1/1","1/1","1/1","1/1","1/1","1/1","1/1",".","1/1","0/1","1/1","1/1","1/1","1/1","1/1","1/1","1/1","1/1","1/1","1/1","1/1","1/1","1/1","1/1","1/1","0/1","1/1","0/1","1/1"
"chr17:46115084_T/TGG_COPZ2","1/1","1/1","1/1","1/1","1/1","1/1","1/1","1/1","1/1","1/1","1/1","1/1","1/1","1/1","1/1","1/1","1/1","1/1","1/1","1/1","1/1","1/1","1/1","1/1","1/1","1/1","1/1","1/1","0/1","1/1","1/1","1/1","1/1","1/1","1/1","1/1","1/1","1/1","1/1","1/1","1/1","1/1","1/1","1/1","1/1","1/1","1/1","1/1","1/1","1/1","1/1","1/1","1/1","1/1","1/1","1/1","1/1","1/1","1/1","1/1","1/1","1/1","1/1","1/1","1/1","1/1","1/1","1/1","1/1","1/1","1/1","1/1","0/1","1/1","1/1","1/1","1/1","1/1","1/1","1/1","1/1","1/1","1/1","1/1","1/1","0/1","1/1","1/1","1/1","1/1","1/1","1/1","1/1","1/1","1/1","1/1","1/1","1/1","1/1","1/1","1/1","1/1","1/1","1/1","1/1","1/1","1/1","1/1","1/1","1/1","1/1","1/1","1/1","1/1","1/1","1/1","1/1","1/1","1/1","1/1","1/1","1/1","1/1","1/1","1/1","1/1","1/1","1/1","1/1","1/1","1/1",".","1/1","0/1","1/1","1/1","1/1","1/1","1/1","1/1","1/1","1/1","1/1","1/1","1/1","1/1","1/1","1/1","1/1","0/1","1/1","0/1","1/1"
"chr17:46115122_A/AG_COPZ2","1/1","1/1","1/1","1/1","1/1","1/1","1/1","1/1","1/1","1/1","1/1","1/1",".","1/1","1/1","1/1","1/1","1/1","1/1","1/1","1/1","1/1","1/1","1/1","1/1","1/1","1/1","1/1","0/1","1/1","1/1","1/1","1/1","1/1","1/1","1/1","1/1","1/1","1/1","1/1","1/1","1/1","1/1","1/1","1/1","1/1","1/1","1/1","1/1","1/1","1/1","1/1","1/1","1/1","1/1","1/1","1/1","1/1","1/1","1/1","1/1","1/1","0/1","1/1","1/1","1/1","1/1","1/1","1/1","1/1","1/1","1/1","0/1","1/1","1/1","1/1","1/1","1/1","1/1","1/1","1/1","1/1","1/1","1/1","1/1","0/1","1/1","1/1","1/1","1/1","1/1","1/1","1/1","1/1","1/1","1/1","1/1","1/1","1/1","1/1","1/1","1/1","1/1","1/1","1/1","1/1","1/1","1/1","1/1","1/1","1/1","1/1","1/1","1/1","1/1","1/1","1/1","1/1","1/1","1/1","1/1","1/1","1/1","1/1","1/1",".","1/1","1/1","1/1","1/1","1/1","1/1","1/1","0/1","1/1","1/1","1/1","1/1","1/1","1/1","1/1","1/1","1/1","1/1","1/1","1/1","1/1","1/1","1/1","0/1","1/1","0/1","1/1"
"chr17:46801722_T/TG_PRAC2","0/0","0/0","0/0","0/0","0/0","0/0","0/0","0/0","0/0","0/0","0/0","0/0","0/0","0/0","0/0","0/0","0/0","0/0","0/0","0/0","0/0","0/0","0/0","0/0","0/0","0/0","0/0","0/0","0/0","0/1","0/0","0/0","0/0","0/0","0/0","0/0","0/0","0/0","0/0","0/0","0/0","0/0","0/0","0/0","0/0","0/0","0/0","0/0","0/0","0/0","0/0","0/0","0/0","0/0","0/0","0/0","0/0","0/0","0/0","0/0","0/0","0/0","0/0","0/0","0/0","0/0","0/0","0/0","0/0","0/0","0/0","0/0","0/0","0/0","0/0","0/0","0/0","0/0","0/0","0/0","0/0","0/0","0/0","0/0","0/0","0/0","0/0","0/0","0/0","0/0","0/0","0/0","0/0","0/0","0/0","0/0","0/0","0/0","0/0","0/0","0/0","0/0","0/0","0/0","0/0","0/0","0/0","0/0","0/0","0/0","0/0","0/0","0/0","0/0","0/0","0/0","0/0","0/0","0/0","0/0","0/0","0/0","0/0","0/0","0/0","0/0","0/0","0/0","0/0","0/0","0/0","0/0","0/0","0/0","0/0","0/0","0/0","0/0","0/0","0/0","0/0","0/0","0/0","0/0","0/0","0/0","0/0","0/0","0/0","0/0","0/0","0/0","0/0"
"chr17:46847423_TGGTGGATTCTGG/T_TTLL6","0/0","0/0","0/0","0/0","0/0","0/0","0/0","0/0","0/0","0/0","0/0","0/0","0/0","0/0","0/0","0/0","0/0","0/0","0/0","0/0","0/0","0/0","0/0","0/0","0/0","0/0","0/0","0/0","0/0","0/0","0/0","0/0","0/0","0/0","0/0","0/0","0/0","0/0","0/0","0/0","0/0","0/0","0/0","0/0","0/0","0/0","0/1","0/0","0/0","0/0","0/0","0/0","0/0","0/0","0/0","0/0","0/0","0/0","0/0","0/0","0/0","0/0","0/0","0/0","0/0","0/0","0/0","0/0","0/0","0/0","0/0","0/0","0/0","0/0","0/0","0/0","0/0","0/0","0/0","0/0","0/0","0/0","0/0","0/0","0/0","0/0","0/0","0/0","0/0","0/0","0/0","0/0","0/0","0/0","0/0","0/0","0/0","0/0","0/0","0/0","0/0","0/0","0/0","0/0","0/0","0/0","0/0","0/0","0/0","0/0","0/0","0/0","0/0","0/0","0/0","0/0","0/0","0/0","0/0","0/0","0/0","0/0","0/0","0/0","0/0","0/0","0/0","0/0","0/0","0/0","0/0","0/0","0/0","0/0","0/0","0/0","0/0","0/0","0/0","0/0","0/0","0/0","0/0","0/0","0/0","0/0","0/0","0/0","0/0","0/0","0/0","0/0","0/0"
"chr17:46877051_CA/C_TTLL6","0/0","0/0","0/0","0/0","0/0","0/0","0/0","0/0","0/0","0/0","0/0","0/0","0/0","0/0","0/0","0/0","0/0","0/0","0/0","0/0","0/0","0/0","0/0","0/0","0/0","0/0","0/0","0/0","0/0","0/0","0/0","0/0","0/0","0/0","0/1","0/0","0/0","0/0","0/0","0/0","0/0","0/0","0/0","0/0","0/0","0/0","0/0","0/0","0/0","0/0","0/0","0/0","0/0","0/0","0/0","0/0","0/0","0/0","0/0","0/0","0/0","0/0","0/0","0/0","0/0","0/0","0/0","0/0","0/0","0/0","0/0","0/0","0/0","0/0","0/0","0/0","0/0","0/0","0/0","0/0","0/0","0/0","0/0","0/0","0/0","0/0","0/0","0/0","0/0","0/0","0/0","0/0","0/0","0/0","0/0","0/0","0/0","0/0","0/0","0/0","0/0","0/0","0/0","0/0","0/0","0/0","0/0","0/0","0/0","0/0","0/0","0/0","0/0","0/0","0/0","0/0","0/0","0/0","0/0","0/0","0/0","0/0","0/0","0/0","0/0","0/0","0/0","0/0","0/0","0/0","0/0","0/0","0/0","0/0","0/0","0/0","0/0","0/0","0/0","0/0","0/0","0/0","0/0","0/0","0/0","0/0","0/0","0/0","0/0","0/0","0/0","0/0","0/0"
"chr17:47841337_C/CG_FAM117A","0/0",".","0/0","0/0",".","0/0",".","0/0","0/0","0/0","0/0",".","0/0","0/0","0/0","0/0",".","0/0","0/0","0/0","0/0","0/0","0/0","0/0","0/0","0/0","0/0","0/0","0/0",".",".","0/0","0/0",".","0/0","0/0",".","0/0","0/0","0/0",".","0/0","0/0","0/0","0/0","0/0","0/0","0/0","0/0","0/0","0/0","0/0","0/0","0/0","0/0","0/0","0/0","0/0","0/0","0/0",".","0/1","0/0","0/0","0/0","0/0","0/0","0/0",".","0/0","0/0","0/0","0/0","0/0","0/0","0/0","0/0","0/0","0/0","0/0","0/0","0/0","0/0","0/0",".","0/0","0/0","0/0","0/0","0/0","0/0","0/0","0/0",".","0/0","0/0","0/0",".","0/0","0/0","0/0","0/0","0/0","0/0","0/0","0/0","0/0","0/0","0/0",".","0/0","0/0","0/0","0/0","0/0","0/0","0/0",".",".","0/0","0/0","0/0","0/0","0/0","0/0","0/0","0/0","0/0","0/0","0/0","0/0",".",".","0/0","0/0","0/0","0/0","0/0","0/0","0/0",".","0/0","0/0","0/0","0/0","0/0","0/0","0/0","0/0","0/0","0/0","0/0","0/0"
"chr17:47921418_TCACTCACCTCC/T_TAC4","0/0","0/0","0/0","0/0","0/1","0/1","0/0","0/0","0/0","0/0","0/0","0/0","0/0","0/0","0/0","0/0","0/0","0/0","0/0","0/0","0/1","0/0","0/0","0/0","0/0","0/0","0/0","0/0","0/0","0/0","0/0","0/0","0/0","0/1","0/0","0/0","0/0","0/0","0/1","0/0","0/0","0/0","0/0","0/0","0/0","0/0","0/0","0/0","0/0","0/0","0/0","0/0","0/0","0/0","0/0","0/0","0/0","0/0","0/0","0/1","0/0","0/0","0/0","0/0","0/0","0/0","0/1","0/0","0/0","0/1","0/0","0/0","0/0","0/0","0/0","0/0","0/0","0/0","0/0","0/0","0/0","0/0","0/0","0/0","0/0","0/1","0/1","0/0","0/0","0/0","0/0","0/0","0/0","0/0","0/0","0/0","0/0","0/0","0/0","0/0","0/0","0/0","0/0","0/0","0/0","0/0","0/0","0/0","0/0","0/0","0/0","0/0","0/0","0/0","0/0","0/1","0/1","0/1","0/0","0/1","0/0","0/0","0/1","0/1","0/0","0/0","0/0","0/0","0/0","0/0","0/0","0/0","0/0","0/0","0/0","0/0","0/0","0/0","0/0","0/0","0/0","0/0","0/0","0/0","0/0","0/0","0/0","0/0","0/0","0/0","0/0","0/0","0/0"
"chr17:47924562_GC/G_FLJ45513","0/0","0/0","0/0","0/0","0/0","0/0","0/0","0/0","0/0","0/0","0/0","0/0","0/0","0/0","0/0","0/0","0/0","0/0","0/0","0/0","0/0","0/0","0/0","0/0","0/0","0/0","0/0","0/0","0/0","0/0","0/0","0/0","0/0","0/0","0/0","0/0","0/1","0/0","0/0","0/0","0/0","0/0","0/0","0/0","0/0","0/0","0/0","0/0","0/0","0/0","0/0","0/0","0/0","0/0","0/0","0/0","0/0","0/0","0/0","0/0","0/0","0/0","0/0","0/0","0/0","0/0","0/0","0/0","0/0","0/0","0/0","0/0","0/0","0/0","0/0","0/0","0/0","0/0","0/0","0/0","0/0","0/0","0/0","0/0","0/0","0/0","0/0","0/0","0/0","0/0","0/0","0/0","0/0","0/0","0/0","0/0","0/0","0/0","0/0","0/0","0/0","0/0","0/0","0/0","0/0","0/0","0/0","0/0","0/0","0/0","0/0","0/0","0/0","0/0","0/0","0/0","0/0","0/0","0/0","0/0","0/0","0/0","0/0","0/0","0/0","0/0","0/0","0/0","0/0","0/0","0/0","0/0","0/0","0/0","0/0","0/0","0/0","0/0","0/0","0/0","0/0","0/0","0/0","0/0","0/0","0/0","0/0","0/0","0/0","0/0","0/0","0/0","0/0"
"chr17:48183468_T/TG_PDK2","0/0","0/0","0/0","0/0","0/0","0/0","0/0","0/0","0/0","0/0","0/0","0/0","0/0","0/0","0/0","0/0","0/0","0/0","0/0","0/0","0/0","0/0","0/0","0/0","0/0","0/0","0/0","0/0","0/0","0/0","0/0","0/0","0/0","0/0","0/0","0/0","0/1","0/0","0/0","0/0","0/0","0/0","0/0","0/0","0/0","0/0","0/0","0/0","0/0","0/0","0/0","0/0","0/0","0/0","0/0","0/0","0/0","0/0","0/0","0/0","0/0","0/0","0/0","0/0","0/0","0/0","0/0","0/0","0/0","0/0","0/0","0/0","0/0","0/0","0/0","0/0","0/0","0/0","0/0","0/0","0/0","0/0","0/0","0/0","0/0","0/0","0/0","0/0","0/0","0/0","0/0","0/0","0/0","0/0","0/0","0/0","0/0","0/0","0/0","0/0","0/0","0/0","0/0","0/0","0/0","0/0","0/0","0/0","0/0","0/0","0/0","0/0","0/0","0/0","0/0","0/0","0/0","0/0","0/0","0/0","0/0","0/0","0/0","0/0","0/0","0/0","0/0","0/0","0/0","0/0","0/0","0/0","0/0","0/0","0/0","0/0","0/0","0/0","0/0","0/0","0/0","0/0","0/0","0/0","0/0","0/0","0/0","0/0","0/0","0/0","0/0","0/0","0/0"
"chr17:48227384_G/GGC_PPP1R9B","1/1","1/1","1/1","1/1","1/1","1/1","1/1","1/1","1/1","1/1","1/1","1/1","1/1","1/1","1/1","1/1","1/1","1/1","1/1","1/1","1/1","1/1","1/1","1/1","1/1","1/1","1/1","1/1","1/1","1/1","1/1","1/1","1/1","1/1","1/1","1/1","1/1","1/1","1/1","1/1","1/1","1/1","1/1","1/1","1/1","1/1","1/1","1/1","1/1","1/1","1/1","1/1","1/1","1/1","1/1","1/1","1/1","1/1","1/1","1/1","1/1","1/1","1/1","1/1","1/1","1/1","1/1","1/1","1/1","1/1","1/1","1/1","1/1","1/1","1/1","1/1","1/1","1/1","1/1","1/1","1/1","1/1","1/1","1/1","1/1","1/1","1/1","1/1","1/1","1/1","1/1","1/1","1/1","1/1","1/1","1/1","1/1","1/1","1/1","1/1","1/1","1/1","1/1","1/1","1/1","1/1","1/1","1/1","1/1","1/1","1/1","1/1","1/1","1/1","1/1","1/1","1/1","1/1","1/1","1/1","1/1","1/1","1/1","1/1","1/1","1/1","1/1","1/1","1/1","1/1","1/1","1/1","1/1","1/1","1/1","1/1","1/1","1/1","1/1","1/1","1/1","1/1","1/1","1/1","1/1","1/1","1/1","1/1","1/1","1/1","1/1","1/1","1/1"
"chr17:48227403_G/GGC_PPP1R9B","1/1","1/1","1/1","1/1","1/1","1/1","1/1","1/1","1/1","1/1","1/1","1/1","1/1","1/1","1/1","1/1","1/1","1/1","1/1","1/1","1/1","1/1","1/1","1/1","1/1","1/1","1/1","1/1","1/1","1/1","1/1","1/1","1/1","1/1","1/1","1/1","1/1","1/1","1/1","1/1","1/1","1/1","1/1","1/1","1/1","1/1","1/1","1/1","1/1","1/1","1/1","1/1","1/1","1/1","1/1","1/1","1/1","1/1","1/1","1/1","1/1","1/1","1/1","1/1","1/1","1/1","1/1","1/1","1/1","1/1","1/1","1/1","1/1","1/1","1/1","1/1","1/1","1/1","1/1","1/1","1/1","1/1","1/1","1/1","1/1","1/1","1/1","1/1","1/1","1/1","1/1","1/1","1/1","1/1","1/1","1/1","1/1","1/1","1/1","1/1","1/1","1/1","1/1","1/1","1/1","1/1","1/1","1/1","1/1","1/1","1/1","1/1","1/1","1/1","1/1","1/1","1/1","1/1","1/1","1/1","1/1","1/1","1/1","1/1","1/1","1/1","1/1","1/1","1/1","1/1","1/1","1/1","1/1","1/1","1/1","1/1","1/1","1/1","1/1","1/1","1/1","1/1","1/1","1/1","1/1","1/1","1/1","1/1","1/1","1/1","1/1","1/1","1/1"
"chr17:48433966_AC/A_XYLT2","0/0","0/0","0/0","0/0","0/0","0/0","0/0","0/0","0/0","0/0","0/0","0/0","0/0","0/0","0/0","0/0","0/0","0/0","0/0","0/0","0/0","0/0","0/0","0/0","0/0","0/0","0/0","0/0","0/0","0/0","0/0","0/0","0/0","0/0","0/0","0/0","0/1","0/0","0/0","0/0","0/0","0/0","0/0","0/0","0/0","0/0","0/0","0/0","0/0","0/0","0/0","0/0","0/0","0/0","0/0","0/0","0/0","0/0","0/0","0/0","0/0","0/0","0/0","0/0","0/0","0/0","0/0","0/0","0/0","0/0","0/0","0/0","0/0","0/0","0/0","0/0","0/0","0/0","0/0","0/0","0/0","0/0","0/0","0/0","0/0","0/0","0/0","0/0","0/0","0/0","0/0","0/0","0/0","0/0","0/0","0/0","0/0","0/0","0/0","0/0","0/0","0/0","0/0","0/0","0/0","0/0","0/0","0/0","0/0","0/0","0/0","0/0","0/0","0/0","0/0","0/0","0/0","0/0","0/0","0/0","0/0","0/0","0/0","0/0","0/0","0/0","0/0","0/0","0/0","0/0","0/0","0/0","0/0","0/0","0/0","0/0","0/0","0/0","0/0","0/0","0/0","0/0","0/0","0/0","0/0","0/0","0/0","0/0","0/0","0/0","0/0","0/0","0/0"
"chr17:48452978_A/AAGC_EME1","0/0","0/0","0/0","0/0","0/0","0/0","0/1","0/1","0/1","0/0","0/0","0/0","0/1","0/1","0/0","0/0","0/0","0/1","0/0","0/0","0/0","0/0","0/1","0/0","0/0","0/0","0/1","0/1","0/1","0/0","0/0","0/0","0/0","0/0","0/0","0/0","0/1","0/0","0/1","0/0","0/0","0/0","0/0","0/1","0/0","0/0","0/0","0/0","0/1","0/0","0/0","0/1","0/1","0/0","0/0","0/0","0/0","0/0","0/1","0/0","0/0","0/0","0/0","0/0","0/0","0/0","0/0","0/1","0/1","0/0","0/0","0/1","0/1","0/1","0/1","0/0","0/0","0/0","0/0","0/0","0/0","0/0","0/0","0/0","0/0","0/0","0/0","0/0","0/0","0/0","0/1","0/0","0/0","0/0","0/0","0/1","0/0","0/0","0/0","0/0","0/1","0/1","0/1","0/0","0/0","0/0","0/0","0/0","0/0","0/1","0/0","0/0","0/0","0/0","0/0","0/0","0/0","0/0","0/0","0/0","0/0","0/0","0/0","0/0","0/0","0/0","0/0","0/0","0/0","0/0","0/0","0/0","0/1","0/0","0/1","0/1","0/0","0/0","0/0","0/0","0/0","0/0","0/0","0/0","0/0","0/0","0/0","0/0","0/0","0/0","0/0","0/0","0/0"
"chr17:48460505_TAGC/T_LRRC59","0/0","0/0","0/0","0/0","0/0","0/0","0/0","0/0","0/0","0/0","0/0","0/0","0/0","0/0","0/0","0/0","0/0","0/0","0/0","0/0","0/0","0/0","0/0","0/0","0/0","0/0","0/0","0/0","0/0","0/0","0/1","0/0","0/0","0/0","0/0","0/0","0/0","0/0","0/0","0/0","0/0","0/0","0/0","0/0","0/0","0/0","0/0","0/0","0/0","0/0","0/0","0/0","0/0","0/0","0/0","0/0","0/0","0/0","0/0","0/0","0/0","0/0","0/0","0/0","0/0","0/0","0/0","0/1","0/0","0/0","0/0","0/0","0/0","0/0","0/0","0/0","0/0","0/0","0/0","0/0","0/0","0/0","0/0","0/0","0/0","0/0","0/0","0/0","0/0","0/0","0/0","0/0","0/0","0/0","0/0","0/0","0/0","0/0","0/0","0/0","0/0","0/0","0/0","0/0","0/0","0/0","0/0","0/0","0/0","0/0","0/0","0/0","0/0","0/0","0/0","0/0","0/0","0/0","0/0","0/0","0/0","0/0","0/0","0/0","0/0","0/0","0/0","0/0","0/0","0/0","0/0","0/0","0/0","0/0","0/0","0/0","0/0","0/0","0/0","0/0","0/0","0/0","0/0","0/0","0/0","0/0","0/0","0/0","0/0","0/0","0/0","0/0","0/0"
"chr17:48777220_G/GTCA_ANKRD40","0/0","0/0","0/0","0/0","0/0","0/0","0/0","0/0","0/0","0/0","0/0","0/0","0/0","0/0","0/0","0/0","0/0","0/0","0/0","0/0","0/0","0/0","0/0","0/0","0/0","0/0","0/0","0/0","0/0","0/0","0/0","0/0","0/0","0/1","0/0","0/0","0/0","0/0","0/0","0/0","0/0","0/0","0/0","0/0","0/0","0/0","0/0","0/0","0/0","0/0","0/0","0/0","0/1","0/0","0/0","0/0","0/0","0/0","0/0","0/0","0/0","0/0","0/0","0/0","0/0","0/0","0/0","0/0","0/0","0/0","0/0","0/0","0/0","0/0","0/0","0/0","0/0","0/0","0/0","0/0","0/0","0/0","0/0","0/0","0/0","0/0","0/0","0/0","0/0","0/0","0/0","0/0","0/0","0/0","0/0","0/0","0/0","0/0","0/0","0/0","0/0","0/0","0/0","0/0","0/0","0/0","0/0","0/0","0/0","0/0","0/0","0/0","0/0","0/0","0/0","0/0","0/0","0/0","0/0","0/0","0/0","0/0","0/0","0/0","0/0","0/0","0/0","0/0","0/0","0/0","0/0","0/0","0/0","0/0","0/0","0/0","0/0","0/0","0/0","0/0","0/0","0/0","0/0","0/0","0/0","0/0","0/0","0/0","0/0","0/0","0/0","0/0","0/0"
"chr17:49067093_T/TA_SPAG9","0/0","0/0","0/0","0/0","0/0","0/0","0/0","0/0","0/0","0/0","0/0","0/0","0/0","0/0","0/0","0/0","0/0","0/0","0/0","0/0","0/0","0/0","0/0","0/0","0/0","0/0","0/0","0/0","0/0","0/0","0/0","0/0","0/0","0/0","0/0","0/0","0/0","0/0","0/0","0/0","0/0","0/0","0/0","0/0","0/0","0/0","0/0","0/0","0/0","0/0","0/0","0/0","0/0","0/0","0/0","0/0","0/0","0/0","0/0","0/0","0/0","0/0","0/0","0/0","0/0","0/0","0/0","0/0","0/0","0/0","0/0","0/0","0/0","0/0","0/0","0/0","0/0","0/0","0/0","0/0","0/0","0/0","0/0","0/0","0/0","0/0","0/0","0/0","0/0","0/0","0/0","0/0","0/0","0/0","0/0","0/0","0/0","0/0","0/0","0/0","0/0","0/0","0/0","0/0","0/0","0/0","0/0","0/0","0/0","0/0","0/0","0/0","0/0","0/0","0/0","0/0","0/0","0/0","0/0","0/0","0/0","0/0","0/0","0/0","0/0","0/0","0/0","0/0","0/0","0/0","0/0","0/0","0/0","0/0","0/0","0/0","0/0","0/0","0/0","0/0","0/0","0/0","0/0","0/1","0/0","0/0","0/0","0/0","0/0","0/0","0/0","0/0","0/0"
"chr17:53398037_T/TG_HLF","0/0","0/0","0/0","0/0","0/0","0/0","0/0","0/0","0/0","0/0","0/0","0/0","0/0","0/0","0/0","0/0","0/0","0/0","0/0","0/0","0/0","0/1","0/0","0/0","0/0","0/0","0/0","0/0","0/0","0/0","0/0","0/0","0/0","0/0","0/0","0/0","0/0","0/0","0/0","0/0","0/0","0/0","0/0","0/0","0/0","0/0","0/0","0/0","0/0","0/0","0/0","0/0","0/0","0/0","0/0","0/0","0/0","0/0","0/0","0/0","0/0","0/0","0/0","0/0","0/0","0/0","0/0","0/0","0/0","0/0","0/0","0/0","0/0","0/0","0/0","0/0","0/0","0/0","0/0","0/0","0/0","0/0","0/0","0/0","0/0","0/0","0/0","0/0","0/0","0/0","0/0","0/0","0/0","0/0","0/0","0/0","0/0","0/0","0/0","0/0","0/0","0/0","0/0","0/0","0/0","0/0","0/0","0/0","0/0","0/0","0/0","0/0","0/0","0/0","0/0","0/0","0/0","0/0","0/0","0/0","0/0","0/0","0/0","0/0","0/0","0/0","0/0","0/0","0/0","0/0","0/0","0/0","0/0","0/0","0/0","0/0","0/0","0/0","0/0","0/0","0/0","0/0","0/0","0/0","0/0","0/0","0/0","0/0","0/0","0/0","0/0","0/0","0/0"
"chr17:55822569_AT/A_CCDC182","0/0","0/0","0/0","0/0","0/0","0/0","0/0","0/0","0/0","0/0","0/0","0/0","0/0","0/0","0/0","0/0","0/0","0/0","0/0","0/0","0/0","0/0","0/0","0/0","0/0","0/0","0/0","0/0","0/0","0/0","0/0","0/1","0/0","0/0","0/0","0/0","0/0","0/0","0/0","0/0","0/0","0/0","0/0","0/0","0/0","0/0","0/0","0/0","0/0","0/0","0/0","0/0","0/0","0/0","0/0","0/0","0/0","0/0","0/0","0/0","0/0","0/0","0/0","0/0","0/0","0/0","0/0","0/0","0/0","0/0","0/0","0/0","0/0","0/0","0/0","0/0","0/0","0/0","0/0","0/0","0/0","0/0","0/0","0/0","0/0","0/0","0/0","0/0","0/0","0/0","0/0","0/0","0/0","0/0","0/0","0/0","0/0","0/0","0/0","0/0","0/0","0/0","0/0","0/0","0/0","0/0","0/0","0/0","0/0","0/0","0/0","0/0","0/0","0/0","0/0","0/0","0/0","0/0","0/0","0/0","0/0","0/0","0/0","0/0","0/0","0/0","0/0","0/0","0/0","0/0","0/0","0/0","0/0","0/0","0/0","0/0","0/0","0/0","0/0","0/0","0/0","0/0","0/0","0/0","0/0","0/0","0/0","0/0","0/0","0/0","0/0","0/0","0/0"
"chr17:56056604_TTGC/TTGCTGC_VEZF1","0/0","0/0","0/0","0/0","0/0","0/0","0/0","0/1","0/1","0/0","0/0","0/0","0/0","0/0","0/0","0/0","0/2","0/0","0/0","0/0","0/0","0/0","0/0","0/0","0/0","0/0","0/0","0/0","0/0","0/0","0/0","0/0","0/0","0/0","0/1","0/1","0/3","0/0","0/0","0/0","0/1","0/0","0/0","0/0","0/0","0/0","0/0","0/0","0/0","0/0","0/2","0/0","0/0","0/0","0/1","0/0","0/0","0/0","0/0","0/0","0/0","0/0","0/0","0/0","0/0","0/0","0/0","0/0","0/3","0/0","0/0","0/0","0/0","0/3","0/3","0/0","0/0","0/0","0/0","0/0","0/0","0/0","0/2","0/0","0/0","0/0","0/0","0/0","0/0","0/0","0/0","0/0","0/0","0/1","0/1","0/0","0/0","0/0","0/0","0/0","0/0","0/0","0/0","0/0","0/0","0/0","0/0","0/1","0/1","0/0","0/0","0/0","0/0","0/0","0/0","0/0","0/0","0/0","0/0","0/0","0/0","0/0","0/0","0/0","0/0","0/0","0/0","0/0","0/0","0/0","0/0","0/0","0/1","0/0","0/1","0/1","0/0","0/0","0/0","0/0","0/0","0/0","0/0","0/0","0/0","0/0","0/3","0/0","0/0","0/0","0/0","0/0","0/0"
"chr17:56060673_CA/C_VEZF1","0/0","0/0","0/0","0/0","0/0","0/0","0/0","0/0","0/0","0/0","0/0","0/0","0/0","0/0","0/0","0/0","0/0","0/0","0/0","0/0","0/0","0/0","0/0","0/0","0/0","0/0","0/0","0/0","0/0","0/0","0/0","0/1","0/0","0/0","0/0","0/0","0/0","0/0","0/0","0/0","0/0","0/0","0/0","0/0","0/0","0/0","0/0","0/0","0/0","0/0","0/0","0/0","0/0","0/0","0/0","0/0","0/0","0/0","0/0","0/0","0/0","0/0","0/0","0/0","0/0","0/0","0/0","0/0","0/0","0/0","0/0","0/0","0/0","0/0","0/0","0/0","0/0","0/0","0/0","0/0","0/0","0/0","0/0","0/0","0/0","0/0","0/0","0/0","0/0","0/0","0/0","0/0","0/0","0/0","0/0","0/0","0/0","0/0","0/0","0/0","0/0","0/0","0/0","0/0","0/0","0/0","0/0","0/0","0/0","0/0","0/0","0/0","0/0","0/0","0/0","0/0","0/0","0/0","0/0","0/0","0/0","0/0","0/0","0/0","0/0","0/0","0/0","0/0","0/0","0/0","0/0","0/0","0/0","0/0","0/0","0/0","0/0","0/0","0/0","0/0","0/0","0/0","0/0","0/0","0/0","0/0","0/0","0/0","0/0","0/0","0/0","0/0","0/0"
"chr17:56386403_GC/G_BZRAP1","0/0","0/0","0/0","0/0","0/0","0/0","0/0","0/0","0/0","0/0","0/0","0/0","0/0","0/0","0/0","0/0","0/0","0/0","0/0","0/0","0/0","0/0","0/0","0/0","0/0","0/0","0/0","0/0","0/0","0/0","0/0","0/0","0/0","0/0","0/0","0/0","0/1","0/0","0/0","0/0","0/0","0/0","0/0","0/0","0/0","0/0","0/0","0/0","0/0","0/0","0/0","0/0","0/0","0/0","0/0","0/0","0/0","0/0","0/0","0/0","0/0","0/0","0/0","0/0","0/0","0/0","0/0","0/0","0/0","0/0","0/0","0/0","0/0","0/0","0/0","0/0","0/0","0/0","0/0","0/0","0/0","0/0","0/0","0/0","0/0","0/0","0/0","0/0","0/0","0/0","0/0","0/0","0/0","0/0","0/0","0/0","0/0","0/0","0/0","0/0","0/0","0/0","0/0","0/0","0/0","0/0","0/0","0/0","0/0","0/0","0/0","0/0","0/0","0/0","0/0","0/0","0/0","0/0","0/0","0/0","0/0","0/0","0/0","0/0","0/0","0/0","0/0","0/0","0/0","0/0","0/0","0/0","0/0","0/0","0/0","0/0","0/0","0/0","0/0","0/0","0/0","0/0","0/0","0/0","0/0","0/0","0/0","0/0","0/0","0/0","0/0","0/0","0/0"
"chr17:56389683_CT/C_BZRAP1","0/0","0/0","0/0","0/0","0/0","0/0","0/0","0/0","0/0","0/0","0/0","0/0","0/0","0/0","0/0","0/0","0/0","0/0","0/0","0/0","0/0","0/0","0/0","0/0","0/0","0/0","0/0","0/0","0/0","0/0","0/0","0/0","0/0","0/0","0/0","0/0","0/0","0/0","0/0","0/0","0/0","0/0","0/0","0/1","0/0","0/0","0/0","0/0","0/0","0/0","0/0","0/0","0/0","0/0","0/0","0/0","0/0","0/0","0/0","0/0","0/0","0/0","0/0","0/0","0/0","0/0","0/0","0/0","0/0","0/0","0/0","0/0","0/0","0/0","0/0","0/0","0/0","0/0","0/0","0/0","0/0","0/0","0/0","0/0","0/0","0/0","0/0","0/0","0/0","0/0","0/0","0/0","0/0","0/0","0/0","0/0","0/0","0/0","0/0","0/0","0/0","0/0","0/0","0/0","0/0","0/0","0/0","0/0","0/0","0/0","0/0","0/0","0/0","0/0","0/0","0/0","0/0","0/0","0/0","0/0","0/0","0/0","0/0","0/0","0/0","0/0","0/0","0/0","0/0","0/0","0/0","0/0","0/0","0/0","0/0","0/0","0/0","0/0","0/0","0/0","0/0","0/0","0/0","0/0","0/0","0/0","0/0","0/0","0/0","0/0","0/0","0/0","0/0"
"chr17:56833457_G/GGAACCC_PPM1E","0/1","0/1","0/1","0/1","0/1","0/1","1/1","1/1","1/1","0/1","1/1","0/1","0/1","1/1","1/1","0/1","0/1","1/1","0/0","0/1","1/1","0/1","0/1","0/1","0/1","0/1","0/0","1/1","0/0","0/1","0/1","0/1","0/0","1/1","0/0","0/0","0/0","0/1","0/1","0/1","0/1","0/1","0/1","1/1","0/0","0/1","0/1","1/1","0/0","0/0","1/1","0/1","0/0","0/1","0/1","0/1","0/1","0/1","0/1","0/1","1/1","0/1","1/1","0/1","0/1","0/1","0/1","0/0","0/0","0/1","0/1","1/1","1/1","1/1","1/1","0/1","0/1","0/0","0/0","1/1","1/1","0/0","1/1","0/1","0/1","0/0","0/0","1/1","0/0","0/0","0/1","0/1","0/1","0/1","0/1","0/1","1/1","1/1","0/0","0/0","1/1","1/1","1/1","1/1","1/1","0/1","0/1","0/1","0/1","1/1","0/1","1/1","1/1","1/1","0/0","0/0","0/0","0/0","1/1","0/0","1/1","1/1","0/0","0/0","0/0","0/0","1/1","1/1","0/1","0/1","0/1","0/1","0/1","0/0","0/1","0/1","0/0","0/0","1/1","0/1","1/1","0/1","0/1","1/1","1/1","1/1","0/1","0/1","0/1","1/1","1/1","1/1","1/1"
"chr17:56833643_TGAG/T_PPM1E","0/0","0/0","0/0","0/0","0/0","0/0","0/0","0/0","0/0","0/0","0/0","0/0","0/0","0/0","0/0","0/0","0/0","0/0","0/0","0/0","0/0","0/0","0/0","0/0","0/0","0/0","0/0","0/0","0/0","0/0","0/0","0/0","0/0","0/0","0/0","0/0","0/0","0/0","0/0","0/0","0/0","0/0","0/0","0/0","0/0","0/0","0/0","0/0","0/0","0/0","0/0","0/0","0/0","0/0","0/0","0/0","0/0","0/0","0/0","0/0","0/0","0/0","0/0","0/0","0/0","0/0","0/0","0/0","0/0","0/0","0/0","0/0","0/0","0/0","0/0","0/0","0/0","0/0","0/0","0/0","0/0","0/1","0/0","0/0","0/0","0/0","0/0","0/0","0/0","0/0","0/0","0/0","0/0","0/0","0/0","0/0","0/0","0/0","0/0","0/0","0/0","0/0","0/0","0/0","0/0","0/0","0/0","0/0","0/0","0/0","0/0","0/0","0/0","0/0","0/0","0/0","0/0","0/0","0/0","0/0","0/0","0/0","0/0","0/0","0/0","0/0","0/0","0/0","0/0","0/0","0/0","0/0","0/0","0/0","0/0","0/0","0/0","0/0","0/0","0/0","0/0","0/0","0/0","0/0","0/0","0/0","0/0","0/0","0/0","0/0","0/0","0/0","0/0"
"chr17:59793339_T/TA_BRIP1","0/0","0/0","0/0","0/0","0/0","0/0","0/0","0/0","0/0","0/0","0/0","0/0","0/0","0/0","0/0","0/0","0/0","0/0","0/0","0/0","0/0","0/0","0/0","0/0","0/0","0/0","0/0","0/0","0/0","0/0","0/0","0/0","0/0","0/0","0/0","0/0","0/0","0/0","0/0","0/0","0/0","0/0","0/0","0/0","0/0","0/0","0/0","0/0","0/0","0/0","0/0","0/0","0/0","0/0","0/0","0/0","0/0","0/0","0/0","0/0","0/0","0/0","0/1","0/0","0/0","0/0","0/0","0/0","0/0","0/0","0/0","0/0","0/0","0/0","0/0","0/0","0/0","0/0","0/0","0/0","0/0","0/0","0/0","0/0","0/0","0/0","0/0","0/0","0/0","0/0","0/0","0/0","0/0","0/0","0/0","0/0","0/0","0/0","0/0","0/0","0/0","0/0","0/0","0/0","0/0","0/0","0/0","0/0","0/0","0/0","0/0","0/0","0/0","0/0","0/0","0/0","0/0","0/0","0/0","0/0","0/0","0/0","0/0","0/0","0/0","0/0","0/0","0/0","0/0","0/0","0/0","0/0","0/0","0/0","0/0","0/0","0/0","0/0","0/0","0/0","0/0","0/0","0/0","0/0","0/0","0/0","0/0","0/0","0/0","0/0","0/0","0/0","0/0"
"chr17:61488895_AAAG/A_TANC2","0/0","0/0","0/0","0/0","0/0","0/0","0/0","0/0","0/0","0/0","0/0","0/0","0/0","0/0","0/0","0/0","0/0","0/0","0/0","0/0","0/0","0/0","0/0","0/0","0/0","0/0","0/0","0/0","0/0","0/0","0/0","0/0","0/0","0/0","0/0","0/0","0/1","0/0","0/0","0/0","0/0","0/0","0/0","0/0","0/0","0/0","0/0","0/0","0/0","0/0","0/0","0/0","0/0","0/0","0/0","0/0","0/0","0/0","0/0","0/0","0/0","0/0","0/0","0/0","0/0","0/0","0/0","0/0","0/0","0/0","0/0","0/0","0/0","0/0","0/0","0/0","0/0","0/0","0/0","0/0","0/0","0/0","0/0","0/0","0/0","0/0","0/0","0/0","0/0","0/0","0/0","0/0","0/0","0/0","0/0","0/0","0/0","0/0","0/0","0/0","0/0","0/0","0/0","0/0","0/0","0/0","0/0","0/0","0/0","0/0","0/0","0/0","0/0","0/0","0/0","0/0","0/0","0/0","0/0","0/0","0/0","0/0","0/0","0/0","0/0","0/0","0/0","0/0","0/0","0/0","0/0","0/0","0/0","0/0","0/0","0/0","0/0","0/0","0/0","0/0","0/0","0/0","0/0","0/0","0/0","0/0","0/0","0/0","0/0","0/0","0/0","0/0","0/0"
"chr17:61498875_AT/A_TANC2","0/0","0/0","0/0","0/0","0/0","0/0","0/0","0/0","0/0","0/0","0/0","0/0","0/0","0/0","0/0","0/0","0/0","0/0","0/0","0/0","0/0","0/0","0/0","0/0","0/0","0/0","0/0","0/0","0/0","0/0","0/0","0/0","0/0","0/0","0/0","0/0","0/0","0/0","0/0","0/0","0/0","0/0","0/0","0/0","0/0","0/0","0/0","0/0","0/0","0/0","0/0","0/0","0/0","0/0","0/0","0/0","0/0","0/0","0/0","0/0","0/0","0/0","0/0","0/0","0/0","0/0","0/0","0/0","0/0","0/0","0/0","0/0","0/0","0/0","0/0","0/0","0/0","0/0","0/0","0/0","0/0","0/0","0/1","0/0","0/0","0/0","0/0","0/0","0/0","0/0","0/0","0/0","0/0","0/0","0/0","0/0","0/0","0/0","0/0","0/0","0/0","0/0","0/0","0/0","0/0","0/0","0/0","0/0","0/0","0/0","0/0","0/0","0/0","0/0","0/0","0/0","0/0","0/0","0/0","0/0","0/0","0/0","0/0","0/0","0/0","0/0","0/0","0/0","0/0","0/0","0/0","0/0","0/0","0/0","0/0","0/0","0/0","0/0","0/0","0/0","0/0","0/0","0/0","0/0","0/0","0/0","0/0","0/0","0/0","0/0","0/0","0/0","0/0"
"chr17:62028996_CCTT/C_SCN4A","0/0","0/0","0/0","0/0","0/0","0/0","0/0","0/0","0/0","0/0","0/0","0/0","0/0","0/0","0/0","0/0","0/0","0/0","0/0","0/0","0/0","0/0","0/0","0/0","0/0","0/0","0/0","0/0","0/0","0/0","0/0","0/0","0/0","0/0","0/0","0/0","0/0","0/0","0/0","0/0","0/0","0/0","0/0","0/0","0/0","0/0","0/0","0/0","0/0","0/0","0/0","0/0","0/0","0/0","0/0","0/0","0/0","0/0","0/0","0/0","0/0","0/0","0/0","0/0","0/0","0/0","0/0","0/0","0/0","0/0","0/0","0/0","0/0","0/0","0/0","0/0","0/0","0/0","0/0","0/0","0/0","0/0","0/0","0/0","0/0","0/0","0/0","0/0","0/0","0/0","0/0","0/0","0/0","0/0","0/0","0/0","0/0","0/0","0/0","0/0","0/0","0/0","0/0","0/0","0/0","0/0","0/0","0/0","0/0","0/0","0/0","0/0","0/0","0/0","0/0","0/0","0/0","0/0","0/0","0/0","0/0","0/0","0/0","0/0","0/0","0/0","0/0","0/0","0/0","0/0","0/0","0/0","0/0","0/0","0/0","0/0","0/0","0/0","0/1","0/1","0/1","0/0","0/0","0/0","0/0","0/0","0/0","0/0","0/0","0/0","0/0","0/0","0/0"
"chr17:63530041_C/CT_AXIN2","0/0","0/0","0/0","0/0","0/0","0/0","0/0","0/0","0/0","0/0","0/0","0/0","0/0","0/0","0/0","0/0","0/0","0/0","0/0","0/0","0/0","0/0","0/0","0/0","0/0","0/0","0/0","0/0","0/0","0/0","0/0","0/0","0/0","0/0","0/0","0/0","0/1","0/0","0/0","0/0","0/0","0/0","0/0","0/0","0/0","0/0","0/0","0/0","0/0","0/0","0/0","0/0","0/0","0/0","0/0","0/0","0/0","0/0","0/0","0/0","0/0","0/0","0/0","0/0","0/0","0/0","0/0","0/0","0/0","0/0","0/0","0/0","0/0","0/0","0/0","0/0","0/0","0/0","0/0","0/0","0/0","0/0","0/0","0/0","0/0","0/0","0/0","0/0","0/0","0/0","0/0","0/0","0/0","0/0","0/0","0/0","0/0","0/0","0/0","0/0","0/0","0/0","0/0","0/0","0/0","0/0","0/0","0/0","0/0","0/0","0/0","0/0","0/0","0/0","0/0","0/0","0/0","0/0","0/0","0/0","0/0","0/0","0/0","0/0","0/0","0/0","0/0","0/0","0/0","0/0","0/0","0/0","0/0","0/0","0/0","0/0","0/0","0/0","0/0","0/0","0/0","0/0","0/0","0/0","0/0","0/0","0/0","0/0","0/0","0/0","0/0","0/0","0/0"
"chr17:63685279_AT/A_CEP112","0/0","0/0","0/0","0/0","0/0","0/0","0/0","0/0","0/0","0/0","0/0","0/0","0/0","0/0","0/0","0/0","0/0","0/0","0/0","0/0","0/0","0/0","0/0","0/0","0/0","0/0","0/0","0/0","0/0","0/0","0/0","0/0","0/0","0/0","0/0","0/0","0/1","0/0","0/0","0/0","0/0","0/0","0/0","0/0","0/0","0/0","0/0","0/0","0/0","0/0","0/0","0/0","0/0","0/0","0/0","0/0","0/0","0/0","0/0","0/0","0/0","0/0","0/0","0/0","0/0","0/0","0/0","0/0","0/0","0/0","0/0","0/0","0/0","0/0","0/0","0/0","0/0","0/0","0/0","0/0","0/0","0/0","0/0","0/0","0/0","0/0","0/0","0/0","0/0","0/0","0/0","0/0","0/0","0/0","0/0","0/0","0/0","0/0","0/0","0/0","0/0","0/0","0/0","0/0","0/0","0/0","0/0","0/0","0/0","0/0","0/0","0/0","0/0","0/0","0/0","0/0","0/0","0/0","0/0","0/0","0/0","0/0","0/0","0/0","0/0","0/0","0/0","0/0","0/0","0/0","0/0","0/0","0/0","0/0","0/0","0/0","0/0","0/0","0/0","0/0","0/0","0/0","0/0","0/0","0/0","0/0","0/0","0/0","0/0","0/0","0/0","0/0","0/0"
"chr17:65822266_CGAG/C_BPTF","0/0","0/0","0/0","0/0","0/0","0/0","0/0","0/0","0/0","0/1","0/0","0/0","0/0","0/0","0/0","0/0","0/0","0/2","0/0","0/0","0/0","0/0","0/0","0/0","0/0","0/0","0/0","0/0","0/0","0/0","0/0","0/0","0/0","0/0","0/0","0/0","0/0","0/0","0/0","0/0","0/0","0/0","0/0","0/0","0/0","0/0","0/0","0/0","0/0","0/0","0/0","0/0","0/0","0/0","0/0","0/0","0/0","0/0","0/0","0/0","0/0","0/0","0/0","0/0","0/0","0/0","0/0","0/0","0/0","0/0","0/0","0/0","0/0","0/0","0/0","0/0","0/0","0/0","0/0","0/0","0/0","0/0","0/0","0/0","0/0","0/0","0/0","0/0","0/0","0/0","0/0","0/0","0/0","0/0","0/0","0/0","0/0","0/0","0/0","0/0","0/0","0/0","0/0","0/0","0/0","0/0","0/0","0/0","0/0","0/0","0/0","0/0","0/0","0/1","0/0","0/0","0/0","0/0","0/0","0/0","0/0","0/0","0/0","0/0","0/0","0/0","0/0","0/0","0/0","0/0","0/0","0/0","0/0","0/0","0/0","0/0","0/0","0/0","0/0","0/0","0/0","0/0","0/0","0/0","0/0","0/0","0/0","0/0","0/0","0/0","0/0","0/0","0/0"
"chr17:65908142_TA/T_BPTF","0/0","0/0","0/0","0/0","0/0","0/0","0/0","0/0","0/0","0/0","0/0","0/0","0/0","0/0","0/0","0/0","0/0","0/0","0/0","0/0","0/0","0/0","0/0","0/0","0/0","0/0","0/0","0/0","0/0","0/0","0/0","0/1","0/0","0/0","0/0","0/0","0/0","0/0","0/0","0/0","0/0","0/0","0/0","0/0","0/0","0/0","0/0","0/0","0/0","0/0","0/0","0/0","0/0","0/0","0/0","0/0","0/0","0/0","0/0","0/0","0/0","0/0","0/0","0/0","0/0","0/0","0/0","0/0","0/0","0/0","0/0","0/0","0/0","0/0","0/0","0/0","0/0","0/0","0/0","0/0","0/0","0/0","0/0","0/0","0/0","0/0","0/0","0/0","0/0","0/0","0/0","0/0","0/0","0/0","0/0","0/0","0/0","0/0","0/0","0/0","0/0","0/0","0/0","0/0","0/0","0/0","0/0","0/0","0/0","0/0","0/0","0/0","0/0","0/0","0/0","0/0","0/0","0/0","0/0","0/0","0/0","0/0","0/0","0/0","0/0","0/0","0/0","0/0","0/0","0/0","0/0","0/0","0/0","0/0","0/0","0/0","0/0","0/0","0/0","0/0","0/0","0/0","0/0","0/0","0/0","0/0","0/0","0/0","0/0","0/0","0/0","0/0","0/0"
"chr17:67145190_TGA/T_ABCA10","0/0","0/0","0/0","0/0","0/0","0/0","0/1","0/1","0/1","0/0","0/0","0/0","0/1","0/0","0/0","0/0","0/0","0/0","0/1","0/0","0/0","0/1","0/0","0/1","0/0","0/0","0/0","0/0","0/0","0/0","0/1","0/0","0/0","0/0","0/0","0/1","0/0","0/0","0/0","0/1","0/0","0/0","1/1","0/0","0/1","0/0","0/0","0/0","0/0","0/1","0/0","0/0","0/1","0/1","0/1","0/0","0/0","0/0","0/0","0/0","0/0","0/1","0/0","0/0","0/0","0/1","0/0","0/0","0/0","0/0","0/1","0/1","0/1","0/0","0/0","0/1","0/1","0/0","0/0","0/0","0/0","0/0","0/0","0/0","0/0","0/1","0/1","0/0","0/0","0/0","0/1","0/1","0/1","0/0","0/0","0/1","0/0","0/1","0/1","0/1","0/1","0/0","0/1","0/0","0/0","0/0","0/0","0/0","0/0","0/0","0/0","0/1","0/1","0/0","0/1","0/0","0/0","0/0","0/0","0/0","0/0","0/0","0/0","0/0","0/1","0/1","0/0","0/0","0/0","0/0","0/0","0/0","0/0","0/0","0/0","0/0","0/0","0/0","0/0","0/0","0/0","0/0","0/0","0/0","0/0","0/0","0/0","0/0","0/0","0/0","0/0","0/0","0/0"
"chr17:67190536_AACAG/A_ABCA10","0/0","0/0","0/0","0/0","0/0","0/0","0/1","0/1","0/1","0/0","0/0","0/0","0/1","0/0","0/0","0/0","0/0","0/0","0/1","0/0","0/0","0/1","0/0","0/1","0/0","0/0","0/0","0/0","0/0","0/0","0/1","0/0","0/0","0/0","0/0","0/1","0/0","0/0","0/0","0/1","0/0","0/0","1/1","0/0","0/1","0/0","0/0","0/0","0/0","0/1","0/0","0/0","0/1","0/1","0/1","0/0","0/0","0/0","0/0","0/0","0/0","0/1","0/0","0/0","0/0","0/1","0/0","0/0","0/0","0/0","0/1","0/1","0/1","0/0","0/0","0/1","0/1","0/0","0/0","0/0","0/0","0/0","0/0","0/0","0/0","0/1","0/1","0/0","0/0","0/0","0/1","0/1","0/1","0/0","0/0","0/1","0/0","0/1","0/1","0/1","0/1","0/0","0/1","0/0","0/0","0/0","0/0","0/0","0/0","0/0","0/0","0/1","0/1","0/0","0/1","0/0","0/0","0/0","0/0","0/0","0/0","0/0","0/0","0/0","0/1","0/1","0/0","0/0","0/0","0/0","0/0","0/0","0/0","0/0","0/0","0/0","0/0","0/0","0/0","0/0","0/0","0/0","0/0","0/0","0/0","0/0","0/0","0/0","0/0","0/0","0/0","0/0","0/0"
"chr17:67302911_AT/A_ABCA5","0/0","0/0","0/0","0/0","0/0","0/0","0/0","0/0","0/0","0/0","0/0","0/0","0/0","0/0","0/0","0/0","0/0","0/0","0/0","0/0","0/0","0/0","0/0","0/0","0/0","0/0","0/0","0/0","0/0","0/0","0/0","0/0","0/0","0/0","0/0","0/0","0/1","0/0","0/0","0/0","0/0","0/0","0/0","0/0","0/0","0/0","0/0","0/0","0/0","0/0","0/0","0/0","0/0","0/0","0/0","0/0","0/0","0/0","0/0","0/0","0/0","0/0","0/0","0/0","0/0","0/0","0/0","0/0","0/0","0/0","0/0","0/0","0/0","0/0","0/0","0/0","0/0","0/0","0/0","0/0","0/0","0/0","0/0","0/0","0/0","0/0","0/0","0/0","0/0","0/0","0/0","0/0","0/0","0/0","0/0","0/0","0/0","0/0","0/0","0/0","0/0","0/0","0/0","0/0","0/0","0/0","0/0","0/0","0/0","0/0","0/0","0/0","0/0","0/0","0/0","0/0","0/0","0/0","0/0","0/0","0/0","0/0","0/0","0/0","0/0","0/0","0/0","0/0","0/0","0/0","0/0","0/0","0/0","0/0","0/0","0/0","0/0","0/0","0/0","0/0","0/0","0/0","0/0","0/0","0/0","0/0","0/0","0/0","0/0","0/0","0/0","0/0","0/0"
"chr17:71205858_ATGC/A_FAM104A","0/0","0/0","0/0","0/0","0/0","0/0","0/0","0/0","0/0","0/0","0/0","0/0","0/0","0/0","0/0","0/0","0/0","0/0","0/0","0/0","0/0","0/0","0/0","0/0","0/0","0/0","0/0","0/0","0/0","0/0","0/0","0/1","0/0","0/0","0/0","0/0","0/1","0/0","0/0","0/0","0/0","0/0","0/0","0/0","0/0","0/1","0/0","0/0","0/0","0/0","0/0","0/0","0/0","0/0","0/0","0/0","0/0","0/0","0/0","0/0","0/0","0/0","0/0","0/0","0/0","0/0","0/0","0/0","0/0","0/0","0/0","0/0","0/0","0/0","0/0","0/0","0/0","0/0","0/1","0/0","0/0","0/0","0/0","0/0","0/0","0/0","0/0","0/0","0/0","0/0","0/0","0/0","0/0","0/0","0/0","0/0","0/0","0/0","0/0","0/0","0/0","0/0","0/0","0/0","0/0","0/0","0/0","0/0","0/0","0/0","0/0","0/0","0/0","0/0","0/0","0/0","0/0","0/0","0/0","0/0","0/0","0/0","0/0","0/0","0/0","0/0","0/0","0/0","0/0","0/0","0/0","0/0","0/0","0/0","0/0","0/0","0/0","0/0","0/0","0/0","0/0","0/0","0/0","0/0","0/0","0/0","0/0","0/0","0/0","0/0","0/0","0/0","0/0"
"chr17:71752500_C/CT_LOC100134391",".",".",".",".",".",".",".","1/1",".",".",".",".",".",".",".",".",".",".",".","1/1",".",".","1/1",".",".",".",".",".",".",".",".","1/1",".",".",".",".",".",".",".",".",".",".",".","1/1",".",".",".",".","1/1",".",".",".",".",".",".",".",".",".",".",".",".",".",".",".",".",".","1/1",".",".",".",".",".",".",".",".",".",".",".","1/1",".",".",".",".",".",".",".",".",".",".",".",".",".",".",".",".",".",".",".",".",".",".",".",".",".",".",".",".","1/1",".",".",".",".",".",".",".",".","1/1",".",".",".",".",".","1/1",".","1/1",".",".",".",".",".",".",".",".",".",".",".",".",".",".",".","1/1",".",".",".",".",".",".",".","1/1",".",".",".","."
"chr17:72348256_GC/G_KIF19","0/0","0/0","0/0","0/0","0/0","0/0","0/0","0/0","0/0","0/0","0/0","0/0","0/0","0/0","0/0","0/0","0/0","0/0","0/0","0/0","0/0","0/0","0/0","0/0","0/0","0/0","0/0","0/0","0/0","0/0","0/0","0/0","0/0","0/0","0/0","0/0","0/0","0/0","0/0","0/0","0/0","0/1","0/0","0/0","0/0","0/0","0/0","0/0","0/0","0/0","0/0","0/0","0/0","0/0","0/0","0/0","0/0","0/0","0/0","0/0","0/0","0/0","0/0","0/0","0/0","0/0","0/0","0/0","0/0","0/0","0/0","0/0","0/0","0/0","0/0","0/0","0/0","0/0","0/0","0/0","0/0","0/0","0/0","0/0","0/0","0/0","0/0","0/0","0/0","0/0","0/0","0/0","0/0","0/0","0/0","0/0","0/0","0/0","0/0","0/0","0/0","0/0","0/0","0/0","0/0","0/0","0/0","0/0","0/0","0/0","0/0","0/0","0/0","0/0","0/0","0/0","0/0","0/0","0/0","0/0","0/0","0/0","0/0","0/0","0/0","0/0","0/0","0/0","0/0","0/0","0/0","0/0","0/0","0/0","0/0","0/0","0/0","0/0","0/0","0/0","0/0","0/0","0/0","0/0","0/0","0/0","0/0","0/0","0/0","0/0","0/0","0/0","0/0"
"chr17:72769038_C/CA_NAT9","0/0","0/0","0/0","0/0","0/0","0/0","0/0","0/0","0/0","0/0","0/0","0/0","0/0","0/0","0/0","0/0","0/0","0/0","0/0","0/0","0/0","0/0","0/0","0/0","0/0","0/0","0/0","0/0","0/0","0/0","0/0","0/0","0/0","0/0","0/0","0/0","0/0","0/0","0/0","0/0","0/0","0/0","0/0","0/0","0/0","0/0","0/0","0/0","0/0","0/0","0/0","0/0","0/0","0/0","0/0","0/0","0/1","0/0","0/0","0/0","0/0","0/0","0/0","0/0","0/0","0/0","0/0","0/0","0/0","0/0","0/0","0/0","0/0","0/0","0/0","0/0","0/0","0/0","0/0","0/0","0/0","0/0","0/0","0/0","0/0","0/0","0/0","0/0","0/0","0/0","0/0","0/0","0/0","0/0","0/0","0/0","0/0","0/0","0/0","0/0","0/0","0/0","0/0","0/0","0/0","0/0","0/0","0/0","0/0","0/0","0/0","0/0","0/0","0/0","0/0","0/0","0/0","0/0","0/0","0/0","0/0","0/0","0/0","0/0","0/0","0/0","0/0","0/0","0/0","0/0","0/0","0/0","0/0","0/0","0/0","0/0","0/0","0/0","0/0","0/0","0/0","0/0","0/0","0/0","0/0","0/0","0/0","0/0","0/0","0/0","0/0","0/0","0/0"
"chr17:72839130_A/AGCTCCGGGG_GRIN2C","0/0","0/0","0/0","1/1","1/1","1/1","0/0","0/0","0/0","1/1","0/1","1/1","1/1","0/1","0/1","2/2","1/1","0/0","0/1","1/1","0/0","1/1","0/0","1/1","1/1","0/1","1/1","1/1","0/1","1/1","1/1","0/1","1/1","0/0","1/1","0/1","1/1","1/1","1/1","1/1","1/1","0/1","0/0","1/1","1/1","1/1","1/1","1/1","0/0","1/1","1/1","0/0","1/1","1/1","1/1","1/1","0/1","1/1","1/1","1/1","1/1","1/1","1/1","1/1","1/1","0/1","1/1","0/1","0/1","1/1","0/1","0/1","0/1","1/1","1/1","1/1","1/1","0/1","0/1","1/1","1/1","0/0","1/1","0/1","0/0","1/1","1/1","1/1","1/1","1/1","0/1","1/1","1/1","1/1","1/1","0/1","1/1","0/1","1/1","1/1","1/1","0/0","1/1","0/0","0/0","1/1","1/1","1/1","1/1","0/0","1/1","1/1","1/1","1/1","0/1","1/1","1/1","0/1","1/1","0/1","1/1","1/1","1/1","0/1","0/1","1/1","1/1","1/1","0/0","0/0","0/0","0/1","1/1","0/1","1/1","1/1","0/1","0/1","0/1","0/1","0/1","0/1","0/1","0/1","0/0","0/1","1/1","1/1","1/1","1/1","1/1","1/1","1/1"
"chr17:72888749_GCA/G_FADS6","0/0","0/0","0/0","0/0","0/0","0/0","0/0","0/0","0/0","0/0","0/0","0/0","0/0","0/0","0/0","0/0","0/0","0/0","0/0","0/0","0/0","0/0","0/1","0/0","0/0","0/0","0/0","0/0","0/0","0/0","0/0","0/0","0/0","0/0","0/0","0/0","0/0","0/0","0/0","0/0","0/0","0/0","0/0","0/0","0/0","0/0","0/0","0/0","0/0","0/0","0/0","0/0","0/0","0/0","0/0","0/0","0/0","0/0","0/0","0/0","0/0","0/0","0/0","0/0","0/0","0/0","0/0","0/0","0/0","0/0","0/0","0/0","0/0","0/0","0/0","0/0","0/0","0/0","0/0","0/0","0/0","0/0","0/0","0/0","0/0","0/0","0/0","0/0","0/0","0/0","0/0","0/0","0/0","0/0","0/0","0/0","0/0","0/0","0/0","0/0","0/0","0/0","0/0","0/0","0/0","0/0","0/0","0/0","0/0","0/0","0/0","0/0","0/0","0/0","0/0","0/0","0/0","0/0","0/0","0/0","0/0","0/0","0/0","0/0","0/0","0/0","0/0","0/0","0/0","0/0","0/0","0/0","0/0","0/0","0/0","0/0","0/0","0/0","0/0","0/0","0/0","0/0","0/0","0/0","0/0","0/0","0/0","0/0","0/0","0/0","0/0","0/0","0/0"
"chr17:72889649_C/CGGTTCCATGGGCTCCGTAGGTTCCATGGGCTCCGTAGGTTCCATGGGCTCCGTAGGTTCCATGGGCTCCGTA_FADS6","0/0","0/0","0/0","0/0","0/0","0/0","0/0","0/0","0/0","0/0","0/0","0/0","0/0","0/0","0/1","0/0","0/0","0/0",".","0/0","0/0","0/0","0/0","0/0","0/0","0/0","0/0","0/0","0/0","0/0","0/0","0/0","0/0","0/0","0/0","0/0","0/0","0/0","0/0","0/0","0/0","0/0","0/0","0/0","0/0","0/0","0/0","0/0","0/0","0/0","0/0","0/0",".","0/0","0/0","0/0",".","0/0","0/0","0/0","0/0","0/0","0/0","0/0","0/0","0/0","0/0",".","0/0","0/0","0/0","0/0","0/0","0/0","0/0","0/0",".","0/0","0/0","0/0","0/0","0/0","0/0","0/0",".","0/0","0/0","0/0","0/0","0/0","0/0","0/0","0/0","0/0","0/0","0/0","0/0","0/0","0/0",".","0/0","0/0","0/0","0/0","0/0","0/0","0/0",".","0/0","0/0","0/0","0/0","0/0",".","0/0","0/0","0/0","0/0","0/0","0/0","0/0","0/0","0/0","0/0","0/0","0/0","0/0","0/0","0/0",".","0/0","0/0",".","0/0","0/0","0/0","0/0","0/0","0/0",".","0/0","0/0","0/0","0/0","0/0","0/0","0/0","0/0","0/0","0/0","0/0","0/0","0/0"
"chr17:73512644_G/GGAGCCCGAGCCC_TSEN54","0/1","0/1","0/1","0/0","0/0","0/0","0/0","0/0","0/0","0/0","0/0","0/0","0/0","0/0","0/0","0/0","0/0","0/0","0/0","0/0","0/0","0/0","0/0","0/0","0/0","0/0","0/0","0/0","0/0","0/0","0/0","0/0","0/0","0/0","0/0","0/0","0/0","0/0","0/0","0/0","0/0","0/0","0/0","0/0","0/0","0/0","0/0","0/0","0/0","0/0","0/0","0/0","0/0","0/0","0/0","0/0","0/0","0/0","0/0","0/0","0/0","0/0","0/0","0/0","0/0","0/0","0/0","0/0","0/0","0/0","0/0","0/0","0/0","0/0","0/0","0/0","0/0","0/0","0/0","0/0","0/0","0/0","0/0","0/0","0/0","0/0","0/0","0/0","0/0","0/0","0/0","0/0","0/0","0/0","0/0","0/0","0/0","0/0","0/0","0/0","0/0","0/0","0/0","0/0","0/0","0/0","0/0","0/0","0/0","0/0","0/0","0/0","0/0","0/0","0/0","0/0","0/0","0/0","0/0","0/0","0/0","0/0","0/0","0/0","0/0","0/0",".","0/0","0/0","0/0","0/0","0/0","0/0","0/0","0/0","0/0","0/0","0/0","0/0","0/0","0/0","0/0","0/0","0/0","0/0","0/0","0/0","0/0","0/0","0/0","0/0","0/0","0/0"
"chr17:73570736_CA/C_LLGL2","0/0","0/0","0/0","0/0","0/0","0/0","0/0","0/0","0/0","0/0","0/0","0/0","0/0","0/0","0/0","0/0","0/1","0/0","0/0","0/0","0/0","0/0","0/0","0/0","0/0","0/0","0/0","0/0","0/0","0/0","0/0","0/0","0/0","0/0","0/0","0/0","0/0","0/0","0/0","0/0","0/0","0/0","0/0","0/0","0/0","0/0","0/0","0/0","0/0","0/0","0/0","0/0","0/0","0/0","0/0","0/0","0/0","0/0","0/0","0/0","0/0","0/0","0/0","0/0","0/0","0/0","0/0","0/0","0/0","0/0","0/0","0/0","0/0","0/0","0/0","0/0","0/0","0/0","0/0","0/0","0/0","0/0","0/0","0/0","0/0","0/0","0/0","0/0","0/0","0/0","0/0","0/0","0/0","0/0","0/0","0/0","0/0","0/0","0/0","0/0","0/0","0/0","0/0","0/0","0/0","0/0","0/0","0/0","0/0","0/0","0/0","0/0","0/0","0/0","0/0","0/0","0/0","0/0","0/0","0/0","0/0","0/0","0/0","0/0","0/0","0/0","0/0","0/0","0/0","0/0","0/0","0/0","0/0","0/0","0/0","0/0","0/0","0/0","0/0","0/0","0/0","0/0","0/0","0/0","0/0","0/0","0/0","0/0","0/0","0/0","0/0","0/0","0/0"
"chr17:73584818_C/CG_MYO15B","0/0",".","0/0","0/0",".",".","0/0","0/0","0/0",".",".",".","0/0","0/0",".","0/0",".",".",".","0/0","0/0",".","0/0",".","0/0","0/0",".","0/0",".",".","0/0",".",".","0/0","0/0","0/0","0/0",".",".",".",".",".",".",".","0/0","0/0",".",".","0/0",".","0/0","0/0","0/0",".","0/0","0/0",".","0/0",".",".","0/0",".",".",".",".",".",".",".",".","1/1",".","0/0",".","0/0",".","0/0","0/0","0/0","0/0","0/0",".","0/0",".",".",".",".",".",".","0/0",".",".","0/0",".",".",".",".","0/0","0/0","0/0",".",".","0/0","0/0","1/1","0/1","1/1","1/1",".",".","0/0","0/0","0/0","0/0","0/0","0/0",".","0/0",".",".","0/0","0/1",".",".","0/0",".",".",".","0/0",".",".",".",".",".","0/0",".",".",".","0/0","0/0","1/1",".",".","0/0",".","0/0",".",".",".",".","0/0",".","0/0","."
"chr17:73585273_TGGCTGCGGCGGCGGCTGC/T_MYO15B","0/0","0/0","0/0","0/0","0/0",".","0/0","0/0","0/0","0/0","0/0","0/0",".","0/0",".","0/0","0/0","0/0","0/0","0/0",".","0/0","0/0","0/0","0/0","0/0","0/0","0/0",".","0/1","0/0","0/0","0/0","0/0",".","0/1","0/0","0/0",".","0/0","0/0","0/0","0/0","0/0","0/0","0/0","0/0","0/0","0/0","0/0","0/0","0/0",".","0/0",".","0/0","0/0","0/0","0/0","0/0","0/0","0/0","0/0","0/1","0/0","0/0","0/1","0/0",".","0/0","0/0","0/0","0/0","0/0",".","0/0","0/0","0/0","0/0","0/0","0/0",".","0/0",".","0/0",".","0/0","0/0","0/0","0/0","0/0","0/0","0/0","1/1","1/1","0/0","0/0","0/0","0/0","0/0",".",".","0/0","0/1","0/0","1/1",".","0/0","0/0","0/0","0/0",".",".","0/0","0/0","0/0","0/0","0/0","0/0","0/0",".",".","0/0","0/0","0/0","0/0","0/0","0/0",".","0/0","0/0","0/0","0/0","0/0","0/1","0/0","0/0","0/0","0/0","0/0","1/1",".","0/0","0/0","0/0","0/0","0/0","0/0","0/0",".",".","0/0","0/0"
"chr17:73585401_CAAGGGGCGGGGCCGCGGGAAAGCGGAT/C_MYO15B","0/0","0/0","0/0","0/0","0/0",".","0/0","0/0","0/0",".","0/0","0/0",".","0/0","0/1","0/0","0/0","0/0","0/0","0/0",".","0/0","0/0","0/0","0/0","0/0","0/0","0/0",".","0/0","0/0","0/0","0/0",".","0/0","0/0","0/0","0/0","0/0","0/1","0/0","0/0","0/0","0/0","0/0","0/0","0/0","0/0","0/0","0/0","0/0","0/0","0/0","0/1","0/0","0/0","0/0","0/0","0/0","0/0","0/0","0/0","0/0","0/0","0/1","0/0","0/0","0/1","0/0","0/1","0/0","0/0","0/0","0/0","0/0","0/0","0/0","0/0","0/0","0/0","0/0","0/0","0/0","0/0","0/0","0/0","0/0",".","0/0","0/0",".","0/0","0/0","1/1","1/1","0/0","0/0","0/0","0/0","0/0","0/0","0/0","0/0",".","0/0","1/1","1/1","0/0","0/0","0/0","0/0","0/1",".",".","0/0","0/0","0/0","0/0","0/0","0/0",".","0/0","0/0","0/0","0/0","0/0","0/0","0/0","0/0","0/0","0/0","0/0",".","0/0","0/0",".","0/0","0/0",".","0/0","0/0","0/0","0/0","0/0","0/0","0/0","0/0","0/0","0/0","0/0","0/0","0/0","0/0"
"chr17:73585453_GACGAGGGTCGGGGCCGCGGGAAAGCGGACGAAGGGCGGGGCCACGAGCGAGGGT/G_MYO15B","0/0","0/0","0/0","0/0","0/0",".","0/0","0/0","0/0",".",".","0/0",".","0/0","0/0",".","0/0","0/0","0/0","0/0","0/0",".","0/0","0/0","0/0","0/0","0/0","0/0","0/0","0/0","0/0","0/0","0/0",".","0/0","0/0","0/0","0/0","0/0",".","0/0","0/0","0/0","0/0",".","0/0","0/0","0/0","0/0","0/0","0/0","0/0","0/0","0/0","0/0","0/0","0/0","0/0","0/0","0/0","0/0","0/0","0/0","0/0","0/0","0/0","0/0","0/0","0/0","0/0","0/0","0/0","0/0","0/0","0/0","0/0",".","0/0","0/0","0/1","0/1","0/0","0/0","0/0","0/0","0/0","0/0",".","0/0","0/0","0/0","1/1","0/0","0/0","0/0","0/0","0/0","0/0","0/0","0/0",".","0/0","0/0","0/0","0/0","0/0","0/0","0/0","0/0","0/0","0/0","0/0","0/0",".","0/0",".","0/0","0/0","0/0","0/0","0/0","0/0","0/0",".","0/0","0/0","1/1","0/0","0/0","0/0","0/0","0/0","0/0","0/0","0/0","0/0","0/0","0/0","0/0","0/0","0/0",".","1/1","0/0","0/0","0/0","0/0","0/0","0/0","0/0","0/0","0/0","0/0"
"chr17:73585542_GCGGGGTCACGAGAGAGGTGACGAGGGC/G_MYO15B","0/0",".","0/0",".","0/0",".","0/0","0/0","0/0","0/0",".","0/0","0/0","0/0","0/0","0/0","0/0","0/0",".","0/0","0/0","0/0","0/0","0/0","0/0","0/0","0/0","0/0","0/0","0/0","0/0","0/0","0/0",".","0/0","0/0","0/0","0/0","0/0","0/0","0/0","0/0","0/0","0/0",".","0/0","0/0","0/0","0/0","0/0","0/0","0/0","0/0","0/1","0/0","0/0","0/0","0/0","0/0","0/0","0/0","0/0","0/0",".","0/0","0/0","0/0","0/0","0/0","0/0","0/0","0/0","0/0","0/0","0/0","0/0",".","0/0","0/0","0/0","0/0","0/0","0/0","0/0",".","0/0",".","0/0","0/0","0/0","0/0","0/0","0/0","0/0",".","0/0","0/0",".","0/0","0/0",".","0/0","0/0","0/0","0/0","0/0",".","0/0","0/0","0/0","0/0","0/0","0/0","0/0","0/0",".","0/0","0/0","0/0","0/0","0/0","0/0","0/0",".","0/0","0/0","0/0","0/0",".",".",".","0/0","0/0",".","0/0","0/0","0/0",".","0/0","0/0","0/0",".","0/0","0/0","0/0","0/0","0/0","0/0","0/0","0/0","0/0","0/0","0/0"
"chr17:73585548_TCACGAGAGAGGTGACGAGGGCCGGGAC/CCACGAGAGAGGTGACGAGGGCCGGGAC_MYO15B","0/0",".","0/0",".","0/0",".","0/0","0/0","0/0","0/0",".","0/0","0/0","0/0","1/1","0/0","0/0",".","0/0","0/0","0/0",".","0/0","0/0","0/0","0/0","0/0","0/0",".","0/1","0/0","0/0","0/2",".","0/0",".","0/0","0/0","0/0","0/0","0/0","0/0","0/0","0/0",".","0/0","0/0","0/0","0/0","0/0",".","0/0","0/0","0/2","0/0","0/0","0/0","0/0","0/0","0/0","0/0","0/0","0/0",".","0/0","0/0","0/0","1/1","0/0","0/0","0/0","0/0","0/0","0/0","0/0","0/0",".","0/0","0/0","0/0","0/0","0/0","0/0","0/0",".","0/0",".","0/0","0/0","0/0","0/0","0/0","0/0",".",".","0/0","0/0",".","0/0","0/0",".","0/0","0/0",".",".",".",".","0/0","0/0","0/0","0/0","0/0","0/0","0/0","0/0",".","0/0","0/0","0/0","0/0",".",".","0/0",".",".","0/0","0/0","0/0",".",".",".","0/0","0/1",".","0/0","0/0","0/0",".",".","0/1",".",".","0/0","0/0","0/0","0/0","0/0","0/0","0/0","0/0","0/0","0/0","0/0"
"chr17:73592568_CTG/C_MYO15B","0/0","0/0","0/0","0/0","0/0","0/0","0/0","0/0","0/0","0/0","0/0","0/0","0/0","0/0","0/0","0/0","0/0","0/0","0/0","0/0","0/0","0/0","0/0","0/0","0/0","0/0","0/0","0/0","0/0","0/0","0/0","0/0","0/0","0/0","0/0","0/0","0/0","0/0","0/0","0/0","0/0","0/0","0/0","0/0","0/0","0/0","0/0","0/0","0/0","0/0","0/0","0/0","0/0","0/0","0/0","0/0","0/0","0/0","0/0","0/0","0/0","0/0","0/0","0/0","0/0","0/0","0/0","0/0","0/0","0/0","0/0","0/0","0/0","0/0","0/0","0/1","0/1","0/0","0/0","0/0","0/0","0/0","0/0","0/0","0/0","0/0","0/0","0/0","0/0","0/0","0/0","0/0","0/0","0/0","0/0","0/0","0/0","0/1","0/0","0/0","0/0","0/0","0/0","0/0","0/0","0/0","0/0","0/0","0/0","0/0","0/0","0/0","0/0","0/0","0/0","0/0","0/0","0/0","0/0","0/0","0/0","0/0","0/0","0/0","0/0","0/0","0/0","0/0","0/0","0/0","0/0","0/0","0/0","0/0","0/0","0/0","0/0","0/0","0/0","0/0","0/0","0/0","0/0","0/0","0/0","0/0","0/0","0/0","0/0","0/0","0/0","0/0","0/0"
"chr17:73612461_CAGG/C_MYO15B","0/0","0/0","0/0","0/0","0/0","0/0","0/0","0/0","0/0","0/0","0/0","0/0","0/0","0/0","0/0","0/0","0/0","0/0","0/1","0/0","0/0","0/0","0/2","0/0","0/0","0/0","0/0","0/1","0/0","0/0","0/0","0/0","0/0","0/0","0/0","0/0","0/0","0/0","0/0","0/0","0/2","0/0","0/0","0/0","0/0","0/0","0/0","0/0","0/0","0/0","0/0","0/0","0/0","0/0","0/2","0/0","0/0","0/0","0/0","0/0","0/0","0/0","0/0","0/0","0/0","0/0","0/0","0/0","0/0","0/0","0/0","0/0","0/0","0/0","0/0","0/1","0/1","0/0","0/0","0/0","0/0","0/0","0/0","0/0","0/0","0/0","0/0","0/0","0/0","0/0","0/1","0/0","0/0","0/0","0/0","0/1","0/0","0/0","0/0","0/0","0/0","0/0","0/0","0/0","0/0","0/0","0/0","0/0","0/0","0/0","0/0","0/0","0/0","0/0","0/0","0/2","0/2","0/0","0/0","0/0","0/0","0/0","0/2","0/0","0/0","0/0","0/0","0/0","0/0","0/0","0/0","0/0","0/0","0/0","0/0","0/0","0/0","0/0","0/1","0/0","0/0","0/0","0/0","0/0","0/0","0/0","0/0","0/0","0/1","0/0","0/0","0/0","0/0"
"chr17:73612642_A/AT_MYO15B","1/1","1/1","1/1","1/1","1/1","1/1","1/1","1/1","1/1","1/1","1/1","1/1","1/1","1/1","1/1","1/1","1/1","1/1","1/1","1/1","1/1","1/1","1/1","1/1","1/1","1/1","1/1","1/1","1/1","1/1","1/1","1/1","1/1","1/1","1/1","1/1","1/1","1/1","1/1","1/1","1/1","1/1","1/1","1/1","1/1","1/1","1/1","1/1","1/1","1/1","1/1","1/1","1/1","1/1","1/1","1/1","1/1","1/1","1/1","1/1","1/1","1/1","1/1","1/1","1/1","1/1","1/1","1/1","1/1","1/1","1/1","1/1","1/1","1/1","1/1","1/1","1/1","1/1","1/1","1/1","1/1","1/1","1/1","1/1","1/1","1/1","1/1","1/1","1/1","1/1","1/1","1/1","1/1","1/1","1/1","1/1","1/1","1/1","1/1","1/1","1/1","1/1","1/1","1/1","1/1","1/1","1/1","1/1","1/1","1/1","1/1","1/1","1/1","1/1","1/1","1/1","1/1","1/1","1/1","1/1","1/1","1/1","1/1","1/1","1/1","1/1","1/1","1/1","1/1","1/1","1/1","1/1","1/1","1/1","1/1","1/1","1/1","1/1","1/1","1/1","1/1","1/1","1/1","1/1","1/1","1/1","1/1","1/1","1/1","1/1","1/1","1/1","1/1"
"chr17:73620133_G/GC_MYO15B","0/0","0/0","0/0","0/0","0/0","0/0","0/0","0/0","0/0","0/0","0/0","0/0","0/0","0/0","0/0","0/0","0/0","0/0","0/0","0/0","0/0","0/0","0/0","0/0","0/0","0/0","0/0","0/0","0/0","0/0","0/0","0/0","0/0","0/0","0/0","0/0","0/0","0/0","0/0","0/0","0/0","0/0","0/0","0/0","0/0","0/0","0/0","0/0","0/0","0/0","0/0","0/0","0/0","0/0","0/0","0/0","0/0","0/0","0/0","0/0","0/0","0/0","0/0","0/0","0/0","0/0","0/0","0/0","0/0","0/0","0/0","0/0","0/0","0/0","0/0","0/0","0/0","0/0","0/0","0/0","0/0","0/0","0/0","0/0","0/0","0/0","0/0","0/0","0/0","0/0","0/0","0/0","0/0","0/0","0/0","0/0","0/0","0/0","0/0","0/0","0/0","0/0","0/0","0/0","0/0","0/0","0/0","0/0","0/0","0/0","0/0","0/0","0/0","0/0","0/0","0/1","0/1","0/0","0/0","0/0","0/0","0/0","0/1","0/0","0/0","0/0","0/0","0/0","0/0","0/0","0/0","0/0","0/0","0/0","0/0","0/0","0/0","0/0","0/0","0/0","0/0","0/0","0/0","0/0","0/0","0/0","0/0","0/0","0/0","0/0","0/0","0/0","0/0"
"chr17:73892750_T/TCGGGGC_TRIM65","0/0","0/0","0/0","0/0","0/0","0/0","0/0","0/0","0/0","0/0","0/0","0/0","0/0","0/0","0/0","0/0","0/0","0/0","0/0","0/0","0/0","0/0","0/0","0/0","0/0","0/0","0/0","0/0","0/0","0/0","0/0","0/0","0/0","0/0","0/0","0/1","0/0","0/0","0/0","0/0","0/0","0/0","0/0","0/0","0/0","0/0","0/0","0/0","0/0","0/0","0/0","0/0","0/0","0/0","0/0","0/0","0/0","0/0","0/0","0/0","0/0","0/0","0/0","0/0","0/0","0/0","0/0","0/0","0/0","0/0","0/0","0/0","0/0","0/0","0/0","0/0","0/0","0/0","0/0","0/0","0/0","0/0","0/0","0/0","0/0","0/0","0/0","0/0","0/0","0/0","0/0","0/0","0/0","0/0","0/0","0/0","0/0","0/0","0/0","0/0","0/0","0/0","0/0","0/0","0/0","0/0","0/0","0/0","0/0","0/0","0/0","0/0","0/0","0/0","0/0","0/0","0/0","0/0","0/0","0/0","0/0","0/0","0/0","0/0","0/0","0/0","0/0","0/0","0/0","0/0","0/0","0/0","0/0","0/0","0/0","0/0","0/0","0/0","0/0","0/0","0/0","0/0","0/0","0/0","0/0","0/0","0/0","0/0","0/0","0/0","0/0","0/0","0/0"
"chr17:73923579_AGACGGAAGT/A_FBF1","0/0","0/0","0/0","0/0","0/0","0/0","0/0","0/0","0/0","0/0","0/0","0/0","0/0","0/0","0/0","0/0","0/0","0/0","0/0","0/0","0/0","0/0","0/0","0/0","0/1","0/0","0/0","0/0","0/0","0/0","0/0","0/0","0/0","0/1","0/0","0/0","0/0","0/0","0/0","0/0","0/0","0/0","0/0","0/0","0/0","0/0","0/0","0/0","0/1","0/0","0/0","0/0","0/0","0/0","0/0","0/0","0/0","0/0","0/0","0/0","0/0","0/0","0/0","0/0","0/0","0/0","0/0","0/0","0/0","0/0","0/0","0/0","0/0","0/0","0/0","0/0","0/0","0/0","0/0","0/0","0/0","0/0","0/0","0/0","0/0","0/0","0/0","0/0","0/0","0/0","0/0","0/0","0/0","0/0","0/0","0/0","0/0","0/0","0/0","0/0","0/0","0/0","0/0","0/0","0/0","0/0","0/0","0/0","0/0","0/0","0/0","0/0","0/0","0/0","0/0","0/0","0/0","0/0","0/0","0/0","0/0","0/0","0/0","0/0","0/0","0/0","0/0","0/0","0/0","0/0","0/0","0/0","0/0","0/0","0/0","0/0","0/0","0/0","0/0","0/0","0/0","0/0","0/0","0/0","0/0","0/0","0/0","0/0","0/0","0/0","0/0","0/0","0/0"
"chr17:74625785_C/CA_ST6GALNAC1","0/0","0/0","0/0","0/0","0/0","0/0","0/0","0/0","0/0","0/0","0/0","0/0","0/0","0/0","0/0","0/0","0/0","0/0","0/0","0/0","0/0","0/0","0/0","0/0","0/0","0/0","0/0","0/0","0/0","0/0","0/0","0/0","0/0","0/0","0/0","0/0","0/0","0/0","0/0","0/0","0/0","0/0","0/0","0/0","0/0","0/0","0/0","0/0","0/0","0/0","0/0","0/0","0/0","0/0","0/0","0/0","0/0","0/0","0/0","0/0","0/0","0/0","0/0","0/0","0/0","0/0","0/0","0/0","0/0","0/0","0/0","0/0","0/0","0/0","0/0","0/0","0/0","0/0","0/0","0/0","0/0","0/0","0/0","0/0","0/0","0/0","0/0","0/0","0/0","0/0","0/0","0/0","0/0","0/0","0/0","0/0","0/0","0/0","0/0","0/0","0/0","0/0","0/0","0/0","0/0","0/0","0/0","0/0","0/0","0/0","0/0","0/0","0/0","0/0","0/0","0/0","0/0","0/0","0/0","0/0","0/0","0/0","0/0","0/0","0/0","0/0","0/0","0/0","0/1","0/0","0/0","0/0","0/0","0/0","0/0","0/0","0/0","0/0","0/0","0/0","0/0","0/0","0/0","0/0","0/0","0/0","0/0","0/0","0/0","0/0","0/0","0/0","0/0"
"chr17:75471935_A/AG_SEPT9","0/0","0/0","0/0","0/0","0/0","0/0","0/0","0/0","0/0","0/0","0/0","0/0","0/0","0/0","0/0","0/0","0/0","0/0","0/0","0/0","0/0","0/0","0/0","0/0","0/0","0/0","0/0","0/0","0/0","0/0","0/0","0/0","0/0","0/0","0/0","0/0","0/0","0/0","0/0","0/0","0/0","0/0","0/0","0/0","0/0","0/0","0/0","0/0","0/0","0/0","0/0","0/0","0/0","0/0","0/0","0/0","0/0","0/0","0/0","0/0","0/0","0/0","0/0","0/0","0/0","0/0","0/0","0/0","0/0","0/0","0/0","0/0","0/0","0/0","0/0","0/0","0/0","0/0","0/0","0/0","0/0","0/0","0/0","0/0","0/0","0/0","0/0","0/0","0/0","0/0","0/0","0/0","0/0","0/0","0/0","0/0","0/0","0/0","0/0","0/0","0/0","0/0","0/0","0/0","0/0","0/0","0/0","0/0","0/0","0/0","0/0","0/0","0/0","0/0","0/0","0/0","0/0","0/0","0/1","0/0","0/1","0/1","0/0","0/0","0/0","0/0","0/0","0/0","0/0","0/0","0/0","0/0","0/0","0/0","0/0","0/0","0/0","0/0","0/0","0/0","0/0","0/0","0/0","0/0","0/0","0/0","0/0","0/0","0/0","0/0","0/0","0/0","0/0"
"chr17:76128557_GC/G_TMC8","0/0","0/0","0/0","0/0","0/0","0/0","0/0","0/0","0/0","0/0","0/0","0/0","0/0","0/0","0/0","0/0","0/0","0/0","0/0","0/0","0/0","0/0","0/0","0/0","0/0","0/0","0/0","0/0","0/0","0/0","0/0","0/0","0/0","0/0","0/0","0/0","0/0","0/0","0/0","0/0","0/0","0/0","0/0","0/0","0/1","0/0","0/0","0/0","0/0","0/0","0/0","0/0","0/0","0/0","0/0","0/0","0/0","0/0","0/0","0/0","0/0","0/0","0/0","0/0","0/0","0/0","0/0","0/0","0/0","0/0","0/0","0/0","0/0","0/0","0/0","0/0","0/0","0/0","0/0","0/0","0/0","0/0","0/0","0/0","0/0","0/0","0/0","0/0","0/0","0/0","0/0","0/0","0/0","0/0","0/0","0/0","0/0","0/0","0/0","0/0","0/0","0/0","0/0","0/0","0/0","0/0","0/0","0/0","0/0","0/0","0/0","0/0","0/0","0/0","0/0","0/0","0/0","0/0","0/0","0/0","0/0","0/0","0/0","0/0","0/0","0/0","0/0","0/0","0/0","0/0","0/0","0/0","0/0","0/0","0/0","0/0","0/0","0/0","0/0","0/0","0/0","0/0","0/0","0/0","0/0","0/0","0/0","0/0","0/0","0/0","0/0","0/0","0/0"
"chr17:76228293_AG/A_TMEM235","0/0","0/0","0/0","0/0","0/0","0/0","0/0","0/0","0/0","0/0","0/0","0/0","0/0","0/0","0/0","0/0","0/0","0/0","0/0","0/0","0/0","0/0","0/0","0/0","0/1","0/0","0/0","0/0","0/0","0/0","0/0","0/0","0/0","0/0","0/0","0/0","0/0","0/0","0/0","0/0","0/0","0/0","0/0","0/0","0/0","0/0","0/0","0/0","0/0","0/0","0/0","0/0","0/0","0/0","0/0","0/0","0/0","0/0","0/0","0/0","0/0","0/0","0/0","0/0","0/0","0/0","0/0","0/0","0/0","0/0","0/0","0/0","0/0","0/0","0/0","0/0","0/0","0/0","0/0","0/0","0/0","0/0","0/0","0/0","0/0","0/0","0/0","0/0","0/0","0/0","0/0","0/0","0/0","0/0","0/0","0/0","0/0","0/0","0/0","0/0","0/0","0/0","0/0","0/0","0/0","0/0","0/0","0/0","0/0","0/0","0/0","0/0","0/0","0/0","0/0","0/0","0/0","0/0","0/0","0/0","0/0","0/0","0/0","0/0","0/0","0/0","0/0","0/0","0/0","0/0","0/0","0/0","0/0","0/0","0/0","0/0","0/0","0/0","0/0","0/0","0/0","0/0","0/0","0/0","0/0","0/0","0/0","0/0","0/0","0/0","0/0","0/0","0/0"
"chr17:76421610_CGGT/C_DNAH17","0/0","0/0","0/0","0/0","0/0","0/0","0/0","0/0","0/0","0/0","0/0","0/0","0/0","0/0","0/0","0/0","0/0","0/0","0/0","0/0","0/0","0/0","0/0","0/0","0/0","0/0","0/0","0/0","0/0","0/0","0/0","0/0","0/0","0/0","0/0","0/0","0/1","0/0","0/0","0/0","0/0","0/0","0/0","0/0","0/0","0/0","0/0","0/0","0/0","0/0","0/0","0/0","0/0","0/0","0/0","0/0","0/0","0/0","0/0","0/0","0/0","0/0","0/0","0/0","0/0","0/0","0/0","0/0","0/0","0/0","0/0","0/0","0/0","0/0","0/0","0/0","0/0","0/0","0/0","0/0","0/0","0/0","0/0","0/0","0/0","0/0","0/0","0/0","0/0","0/0","0/0","0/0","0/0","0/0","0/0","0/0","0/0","0/0","0/0","0/0","0/0","0/0","0/0","0/0","0/0","0/0","0/0","0/0","0/0","0/0","0/0","0/0","0/0","0/0","0/0","0/0","0/0","0/0","0/0","0/0","0/0","0/0","0/0","0/0","0/0","0/0","0/0","0/0","0/0","0/0","0/0","0/0","0/0","0/0","0/0","0/0","0/0","0/0","0/0","0/0","0/0","0/0","0/0","0/0","0/0","0/0","0/0","0/0","0/0","0/0","0/0","0/0","0/0"
"chr17:76486894_CA/C_DNAH17","0/0","0/0","0/0","0/0","0/0","0/0","0/0","0/0","0/0","0/1","0/0","0/0","0/0","0/0","0/0","0/0","0/0","0/0","0/0","0/0","0/0","0/0","0/0","0/0","0/0","0/0","0/0","0/0","0/0","0/0","0/0","0/0","0/0","0/0","0/0","0/0","0/0","0/0","0/0","0/0","0/0","0/0","0/0","0/0","0/0","0/0","0/0","0/0","0/0","0/0","0/0","0/0","0/0","0/0","0/0","0/0","0/0","0/0","0/0","0/0","0/0","0/0","0/0","0/0","0/0","0/0","0/0","0/0","0/0","0/0","0/0","0/0","0/0","0/0","0/0","0/0","0/0","0/0","0/0","0/0","0/0","0/0","0/0","0/0","0/0","0/0","0/0","0/0","0/0","0/0","0/0","0/0","0/0","0/0","0/0","0/0","0/0","0/0","0/0","0/0","0/0","0/0","0/0","0/0","0/0","0/0","0/0","0/0","0/0","0/0","0/0","0/0","0/0","0/0","0/0","0/0","0/0","0/0","0/0","0/0","0/0","0/0","0/0","0/0","0/0","0/0","0/0","0/0","0/0","0/0","0/0","0/0","0/0","0/0","0/0","0/0","0/0","0/0","0/0","0/0","0/0","0/0","0/0","0/0","0/0","0/0","0/0","0/0","0/0","0/0","0/0","0/0","0/0"
"chr17:76798548_TTTTTTC/T_USP36","0/0","0/1","0/1","0/0","0/0","0/0","0/0","0/0","0/0","0/0","0/0","1/1","0/0","0/1","0/1","0/1","1/1","1/1","0/1","0/0","0/1","0/0","0/1","0/0","0/1","0/0","0/0","1/1","0/1","0/1","0/1","0/1","1/1","0/0","0/0","0/0","0/1","1/1","0/0","0/0","1/1","1/1","1/1","0/0","0/0","0/1","0/1","0/0","0/0","0/0","0/0","0/0","0/1","0/1","0/1","0/0","0/0","0/0","0/1","0/1","0/1","0/0","0/1","1/1","1/1","1/1","1/1","0/1","0/1","1/1","1/1","1/1","1/1","0/1","0/1","0/1","0/1","0/1","0/1","0/1","0/1","0/0","0/0","0/1","0/1","0/0","0/0","1/1","0/1","0/1","0/1","1/1","1/1","0/1","0/1","0/1","1/1","0/1","0/0","0/0","0/0","0/0","0/0","0/0","0/0","1/1","1/1","1/1","1/1","0/0","0/0","0/1","0/1","0/0","0/1","0/1","0/1","1/1","0/1","1/1","0/1","0/1","0/1","1/1","0/1","0/1","0/0","0/0","0/0","0/0","0/0","0/1","0/1","1/1","0/1","0/1","1/1","1/1","0/0","0/0","0/0","0/1","0/1","0/0","0/0","0/0","0/1","0/1","0/1","0/0","0/0","0/0","0/0"
"chr17:77758625_TGAG/T_CBX2","0/0","0/0","0/0","0/0","0/0","0/0","0/0","0/0","0/0","0/0","0/0","0/0","0/0","0/0","0/0","0/0","0/0","0/0","0/0","0/0","0/0","0/0","0/0","0/0","0/0","0/0","0/0","0/0","0/0","0/0","0/0","0/0","0/0","0/0","0/0","0/0","0/0","0/0","0/0","0/0","0/0","0/0","0/0","0/0","0/0","0/0","0/0","0/0","0/0","0/0","0/0","0/0","0/0","0/0","0/0","0/0","0/0","0/0","0/1","0/0","0/0","0/0","0/0","0/0","0/0","0/0","0/0","0/0","0/0","0/0","0/0","0/0","0/0","0/0","0/0","0/0","0/0","0/0","0/0","0/0","0/0","0/0","0/0","0/0","0/0","0/0","0/0","0/0","0/0","0/0","0/0","0/0","0/0","0/0","0/0","0/0","0/0","0/0","0/0","0/0","0/0","0/0","0/0","0/0","0/0","0/0","0/0","0/0","0/0","0/0","0/0","0/0","0/0","0/0","0/0","0/0","0/0","0/0","0/0","0/0","0/0","0/0","0/0","0/0","0/0","0/0","0/0","0/0","0/0","0/0","0/0","0/0","0/0","0/0","0/0","0/0","0/0","0/0","0/0","0/0","0/0","0/0","0/0","0/0","0/0","0/0","0/0","0/0","0/0","0/0","0/0","0/0","0/0"
"chr17:77808240_CGTG/CGTGGTG_CBX4","0/0","0/0","0/0","0/0","0/0","0/0","0/0","0/0","0/0","0/0","0/0","0/0","0/0","0/1","0/0","0/0","0/1","0/0","0/0","0/0","0/0","0/0","0/1","0/0","0/0","0/0","0/0","0/0","0/0","0/0","0/0","0/0","0/0","0/1","0/0","0/0","0/2","0/0","0/0","0/0","0/0","0/0","0/0","0/0","0/0","0/0","0/0","0/3","0/0","0/0","0/0","0/0","0/0","0/0","0/0","0/0","0/0","0/0","0/0","0/0","0/0","0/0","0/0","0/0","0/0","0/2","0/0","0/0","0/0","0/0","0/0","0/0","0/0","0/0","0/0","0/0","0/0","0/0","0/0","0/0","0/0","0/0","0/0","0/0","0/0","0/0","0/0","0/0","0/0","0/0","0/0","0/0","0/0","0/0","0/0","0/0","0/0","0/0","0/0","0/0","0/2","0/0","0/0","0/0","0/0","0/0","0/0","0/0","0/0","0/0","0/0","0/0","0/0","0/0","0/1","0/0","0/0","0/0","0/0","0/0","0/0","0/0","0/0","0/0","0/1","0/1","0/0","0/0","0/0","0/0","0/0","0/0","0/0","0/0","0/0","0/0","0/0","0/0","0/0","0/0","0/0","0/0","0/0","0/0","0/0","0/0","0/0","0/0","0/0","0/0","0/0","0/0","0/0"
"chr17:78059905_TG/T_CCDC40","0/0","0/0","0/0","0/0","0/0","0/0","0/0","0/0","0/0","0/0","0/0","0/0","0/0","0/0","0/0","0/0","0/0","0/0","0/0","0/0","0/0","0/0","0/0","0/0","0/1","0/0","0/0","0/0","0/0","0/0","0/0","0/0","0/0","0/0","0/0","0/0","0/0","0/0","0/0","0/0","0/0","0/0","0/0","0/0","0/0","0/0","0/0","0/0","0/0","0/0","0/0","0/0","0/0","0/0","0/0","0/0","0/0","0/0","0/0","0/0","0/0","0/0","0/0","0/0","0/0","0/0","0/0","0/0","0/0","0/0","0/0","0/0","0/0","0/0","0/0","0/0","0/0","0/0","0/0","0/0","0/0","0/0","0/0","0/0","0/0","0/0","0/0","0/0","0/0","0/0","0/0","0/0","0/0","0/0","0/0","0/0","0/0","0/0","0/0","0/0","0/0","0/0","0/0","0/0","0/0","0/0","0/0","0/0","0/0","0/0","0/0","0/0","0/0","0/0","0/0","0/0","0/0","0/0","0/0","0/0","0/0","0/0","0/0","0/0","0/0","0/0","0/0","0/0","0/0","0/0","0/0","0/0","0/0","0/0","0/0","0/0","0/0","0/0","0/0","0/0","0/0","0/0","0/0","0/0","0/0","0/0","0/0","0/0","0/0","0/0","0/0","0/0","0/0"
"chr17:78320755_G/GC_RNF213","0/0","0/0","0/0","0/0","0/0","0/0","0/0","0/0","0/0","0/1","0/0","0/0","0/0","0/0","0/0","0/0","0/0","0/0","0/0","0/0","0/0","0/0","0/0","0/0","0/0","0/0","0/0","0/0","0/0","0/0","0/0","0/0","0/0","0/0","0/0","0/0","0/0","0/0","0/0","0/0","0/0","0/0","0/0","0/0","0/0","0/0","0/0","0/0","0/0","0/0","0/0","0/0","0/0","0/0","0/0","0/0","0/0","0/0","0/0","0/0","0/0","0/0","0/0","0/0","0/0","0/0","0/0","0/0","0/0","0/0","0/0","0/0","0/0","0/0","0/0","0/0","0/0","0/0","0/0","0/0","0/0","0/0","0/0","0/0","0/0","0/0","0/0","0/0","0/0","0/0","0/0","0/0","0/0","0/0","0/0","0/0","0/0","0/0","0/0","0/0","0/0","0/0","0/0","0/0","0/0","0/0","0/0","0/0","0/0","0/0","0/0","0/0","0/0","0/0","0/0","0/0","0/0","0/0","0/0","0/0","0/0","0/0","0/0","0/0","0/0","0/0","0/0","0/0","0/0","0/0","0/0","0/0","0/0","0/0","0/0","0/0","0/0","0/0","0/0","0/0","0/0","0/0","0/0","0/0","0/0","0/0","0/0","0/0","0/0","0/0","0/0","0/0","0/0"
"chr17:78969554_AC/A_CHMP6","0/0","0/0","0/0","0/0","0/0","0/0","0/0","0/0","0/0","0/0","0/0","0/0","0/0","0/0","0/0","0/0","0/0","0/0","0/0","0/0","0/0","0/0","0/0","0/0","0/0","0/0","0/0","0/0","0/0","0/0","0/0","0/0","0/0","0/0","0/0","0/0","0/0","0/0","0/0","0/0","0/0","0/0","0/0","0/0","0/0","0/0","0/0","0/0","0/0","0/0","0/0","0/0","0/0","0/0","0/0","0/0","0/0","0/0","0/0","0/0","0/0","0/0","0/0","0/0","0/0","0/0","0/0","0/1","0/0","0/0","0/0","0/0","0/0","0/0","0/0","0/0","0/0","0/0","0/0","0/0","0/0","0/0","0/0","0/0","0/0","0/0","0/0","0/0","0/0","0/0","0/0","0/0","0/0","0/0","0/0","0/0","0/0","0/0","0/0","0/0","0/0","0/0","0/0","0/0","0/0","0/0","0/0","0/0","0/0","0/0","0/0","0/0","0/0","0/0","0/0","0/0","0/0","0/0","0/0","0/0","0/0","0/0","0/0","0/0","0/0","0/0","0/0","0/0","0/0","0/0","0/0","0/0","0/0","0/0","0/0","0/0","0/0","0/0","0/0","0/0","0/0","0/0","0/0","0/0","0/0","0/0","0/0","0/0","0/0","0/0","0/0","0/0","0/0"
"chr17:79093270_C/CGGGCGT_AATK","0/0","0/0","0/0","0/0","0/0","0/0","0/0","0/0","0/0","0/0","0/0","0/0","0/0","0/0","0/0","0/0","0/0","0/0","0/0","0/0","0/0","0/0","0/0","0/0","0/0","0/0","0/0","0/0","0/0","0/0","0/0","0/0","0/0","0/0","0/0","0/0","0/0","0/0","0/0","0/1","0/0","0/0","0/0","0/0","0/0","0/0","0/0","0/0","0/0","0/0","0/0","0/0","0/1","0/0","0/0","0/0","0/0","0/0","0/0","0/0","0/0","0/0","0/0","0/0","0/0","0/0","0/0","0/0","0/0","0/0","0/0","0/0","0/0","0/0","0/0","0/0","0/0","0/0","0/0","0/0","0/0","0/0","0/0","0/0","0/0","0/1","0/1","0/0","0/0","0/0","0/0","0/0","0/0","0/0","0/0","0/0","0/0","0/0","0/0","0/0","0/0","0/0","0/0","0/0","0/0","0/0","0/0","0/0","0/0","0/0","0/0","0/0","0/0","0/0","0/0","0/0","0/0","0/0","0/0","0/0","0/0","0/0","0/0","0/0","0/0","0/0","0/0","0/0","0/0","0/0","0/0","0/0","0/0","0/0","0/0","0/0","0/0","0/0","0/0","0/0","0/0","0/0","0/0","0/0","0/0","0/0","0/1","0/1","0/1","0/0","0/0","0/0","0/0"
"chr17:79094244_G/GTCC_AATK","0/0","0/0","0/0","0/0","0/0","0/0","0/0","0/0","0/0","0/0","0/0","0/0","0/0","0/0","0/0","0/0","0/0","0/0","0/0","0/0","0/0","0/0","0/0","0/0","0/0","0/0","0/0","0/0","0/0","0/0","0/0","0/0","0/0","0/0","0/0","0/0","0/0","0/0","0/0","0/0","0/0","0/0","0/0","0/1","0/0","0/0","0/0","0/0","0/0","0/0","0/0","0/0","0/0","0/0","0/0","0/0","0/0","0/0","0/0","0/0","0/0","0/0","0/0","0/0","0/0","0/0","0/0","0/0","0/0","0/0","0/0","0/0","0/0","0/0","0/0","0/0","0/0","0/0","0/0","0/0","0/0","0/0","0/0","0/0","0/0","0/0","0/0","0/0","0/0","0/0","0/0","0/0","0/0","0/0","0/0","0/0","0/0","0/0","0/0","0/0","0/0","0/0","0/0","0/0","0/0","0/0","0/0","0/0","0/0","0/0","0/0","0/0","0/0","0/0","0/0","0/0","0/0","0/0","0/0","0/0","0/0","0/0","0/0","0/0","0/0","0/0","0/0","0/0","0/0","0/0","0/0","0/0","0/0","0/0","0/0","0/0","0/0","0/0","0/0","0/0","0/0","0/0","0/0","0/0","0/0","0/0","0/0","0/0","0/0","0/0","0/0","0/0","0/0"
"chr17:79219419_TC/T_SLC38A10","0/0","0/0","0/0","0/0","0/0","0/0","0/0","0/0","0/0","0/0","0/0","0/0","0/0","0/0","0/0","0/0","0/0","0/0","0/0","0/0","0/0","0/0","0/0","0/0","0/0","0/0","0/0","0/0","0/0","0/0","0/0","0/0","0/0","0/0","0/0","0/0","0/1","0/0","0/0","0/0","0/0","0/0","0/0","0/0","0/0","0/0","0/0","0/0","0/0","0/0","0/0","0/0","0/0","0/0","0/0","0/0","0/0","0/0","0/0","0/0","0/0","0/0","0/0","0/0","0/0","0/0","0/0","0/0","0/0","0/0","0/0","0/0","0/0","0/0","0/0","0/0","0/0","0/0","0/0","0/0","0/0","0/0","0/0","0/0","0/0","0/0","0/0","0/0","0/0","0/0","0/0","0/0","0/0","0/0","0/0","0/0","0/0","0/0","0/0","0/0","0/0","0/0","0/0","0/0","0/0","0/0","0/0","0/0","0/0","0/0","0/0","0/0","0/0","0/0","0/0","0/0","0/0","0/0","0/0","0/0","0/0","0/0","0/0","0/0","0/0","0/0","0/0","0/0","0/0","0/0","0/0","0/0","0/0","0/0","0/0","0/0","0/0","0/0","0/0","0/0","0/0","0/0","0/0","0/0","0/0","0/0","0/0","0/0","0/0","0/0","0/0","0/0","0/0"
"chr17:79219500_AATG/A_SLC38A10","0/1","0/1","0/1","0/1","0/0","0/0","0/0","0/0","0/0","1/1","0/1","1/1","0/1","1/1","0/0","0/1","0/1","0/1","0/1","1/1","0/1","1/1","1/1","0/1","1/1","0/1","1/1","0/1","1/1","0/1","0/1","0/1","0/1","0/1","1/1","0/1","0/1","1/1","1/1","0/0","0/1","0/1","1/1","1/1","1/1","0/1","1/1","1/1","0/1","1/1","0/1","0/1","1/1","0/1","1/1","0/0","1/1","1/1","0/1","0/1","0/1","1/1","0/1","0/1","0/1","0/0","1/1","1/1","1/1","1/1","0/0","1/1","1/1","0/1","0/1","1/1","1/1","0/0","0/0","1/1","1/1","1/1","0/1","1/1","1/1","1/1","1/1","1/1","0/0","0/0","1/1","1/1","1/1","1/1","1/1","1/1","1/1","0/1","0/1","0/1","1/1","1/1","1/1","1/1","1/1","0/1","0/1","1/1","1/1","1/1","0/1","1/1","1/1","1/1","1/1","1/1","1/1","0/1","0/0","0/1","0/0","0/0","1/1","0/1","1/1","1/1","1/1","1/1","1/1","1/1","1/1","1/1","1/1","0/1","1/1","1/1","0/1","0/1","1/1","1/1","1/1","1/1","1/1","0/0","0/0","0/0","0/1","0/1","0/1","1/1","1/1","1/1","1/1"
"chr17:79225343_TGCTCGCGAG/T_SLC38A10","0/0","0/0","0/0","0/0","0/0","0/0","0/0","0/0","0/0","0/0","0/0","0/0","0/0","0/0","0/0","0/0","0/0","0/0","0/0","0/0","0/0","0/0","0/0","0/0","0/0","0/0","0/0","0/0","0/0","0/0","0/0","0/0","0/0","0/0","0/0","0/0","0/0","0/0","0/0","0/0","0/0","0/0","0/0","0/0","0/0","0/0","0/0","0/0","0/0","0/0","0/0","0/0","0/0","0/0","0/0","0/0","0/0","0/0","0/0","0/0","0/0","0/0","0/1","0/0","0/0","0/0","0/0","0/0","0/0","0/0","0/0","0/0","0/0","0/0","0/0","0/0","0/0","0/0","0/0","0/0","0/0","0/0","0/0","0/0","0/0","0/0","0/0","0/0","0/0","0/0","0/0","0/0","0/0","0/0","0/0","0/0","0/0","0/0","0/0","0/0","0/0","0/0","0/0","0/0","0/0","0/0","0/0","0/0","0/0","0/0","0/0","0/0","0/0","0/0","0/0","0/0","0/0","0/0","0/0","0/0","0/0","0/0","0/0","0/0","0/0","0/0","0/0","0/0","0/0","0/0","0/0","0/0","0/0","0/0","0/0","0/0","0/0","0/0","0/0","0/0","0/0","0/0","0/0","0/0","0/0","0/0","0/0","0/0","0/0","0/0","0/0","0/0","0/0"
"chr17:79495628_TG/T_FSCN2","0/0","0/0","0/0","0/0","0/1","0/1","0/0","0/0","0/0","0/0","0/0","0/0","0/1","0/0","0/0","0/0","0/0","0/0","0/0","0/0","0/0","0/0","0/0","0/0","0/0","0/0","0/0","0/0","0/0","0/0","0/0","0/0","0/0","0/0","0/0","0/0","0/0","0/0","0/0","0/0","0/0","0/0","0/0","0/0","0/0","0/0","0/0","0/0","0/0","0/0","0/0","0/0","0/0","0/0","0/0","0/0","0/0","0/0","0/0","0/0","0/0","0/0","0/0","0/0","0/0","0/0","0/0","0/0","0/0","0/0","0/0","0/0","0/0","0/0","0/0","0/0","0/0","0/0","0/0","0/0","0/0","0/0","0/0","0/0","0/0","0/0","0/0","0/0","0/0","0/0","0/0","0/0","0/0","0/0","0/0","0/0","0/0","0/0","0/0","0/0","0/0","0/0","0/0","0/0","0/0","0/0","0/0","0/0","0/0","0/0","0/0","0/0","0/0","0/0","0/0","0/0","0/0","0/0","0/0","0/0","0/0","0/0","0/0","0/0","0/0","0/0","0/0","0/0","0/0","0/0","0/0","0/0","0/0","0/0","0/0","0/0","0/0","0/0","0/0","0/0","0/0","0/0","0/0","0/0","0/0","0/0","0/0","0/0","0/0","0/0","0/0","0/0","0/0"
"chr17:80207334_TG/T_CSNK1D","0/0","0/0","0/0","0/0","0/0","0/0","0/0","0/0","0/0","0/0","0/0","0/0","0/0","0/0","0/0","0/0","0/0","0/0","0/0","0/0","0/0","0/0","0/0","0/0","0/0","0/0","0/0","0/0","0/0","0/0","0/0","0/0","0/0","0/0","0/0","0/0","0/1","0/0","0/0","0/0","0/0","0/0","0/0","0/0","0/0","0/0","0/0","0/0","0/0","0/0","0/0","0/0","0/0","0/0","0/0","0/0","0/0","0/0","0/0","0/0","0/0","0/0","0/0","0/0","0/0","0/0","0/0","0/0","0/0","0/0","0/0","0/0","0/0","0/0","0/0","0/0","0/0","0/0","0/0","0/0","0/0","0/0","0/0","0/0","0/0","0/0","0/0","0/0","0/0","0/0","0/0","0/0","0/0","0/0","0/0","0/0","0/0","0/0","0/0","0/0","0/0","0/0","0/0","0/0","0/0","0/0","0/0","0/0","0/0","0/0","0/0","0/0","0/0","0/0","0/0","0/0","0/0","0/0","0/0","0/0","0/0","0/0","0/0","0/0","0/0","0/0","0/0","0/0","0/0","0/0","0/0","0/0","0/0","0/0","0/0","0/0","0/0","0/0","0/0","0/0","0/0","0/0","0/0","0/0","0/0","0/0","0/0","0/0","0/0","0/0","0/0","0/0","0/0"
"chr17:80477811_CGGGCGGCGGGGCCGG/C_FOXK2","0/0","0/0","0/0","0/1","0/0","0/0","0/0","0/0","0/0","0/0","0/0","0/0","0/0","0/0","0/0","0/0","0/0","0/0","0/0","0/0","0/0","0/0","0/0","0/0","0/0","0/0","0/0","0/0","0/0","0/0","0/0","0/0","0/0","0/0","0/0","0/0","0/1","0/0","0/0","0/0","0/0","0/0","0/0",".","0/0","0/0","0/0","0/0","0/0",".","0/0","0/0","0/0","0/0","0/0","1/1","0/0","0/0","0/0","0/0","0/0","0/0","0/0","0/0","0/0","0/0","0/0","0/0","0/0","0/0","0/0","0/0","0/0","0/0","0/0","0/0",".","0/0","0/0","0/0","0/0","0/0","0/0","0/0",".","0/0","0/0","0/0","0/0","0/0","0/0","0/0","0/0","0/0","0/0",".","0/0","0/0",".","0/0","0/0",".","0/0","0/0","0/0","0/0","0/0",".",".","0/0","0/0","0/0","0/0","0/0","0/0","0/0","0/0","0/0","0/0","0/0",".",".","0/0","0/0","0/0","0/0","0/1",".","0/0","0/0",".","0/0",".","0/0","0/0","0/0","0/0","0/0","0/0","0/0","0/0","0/0","0/0",".","0/0","0/0","0/0","0/0","0/0","0/0","0/0","0/0","0/0"
"chr17:80545148_G/GCCGCGGCGA_FOXK2","0/0","0/0","0/0","0/0","0/0","0/0","0/0","0/0","0/0","0/0","0/0","0/0","0/0","0/0","0/0","0/0","0/0","0/0","0/0","0/0","0/0","0/0","0/0","0/0","0/0","0/0","0/0","0/0","0/0","0/0","0/0","0/0","0/0","0/0","0/0","0/0","0/0","0/0","0/0","0/0","0/0","0/0","0/0","0/0","0/0","0/0","0/0","0/0","0/0","0/0","0/0","0/0","0/0","0/0","0/0","0/0","0/0","0/0","0/0","0/0","0/0","0/0","0/0","0/0","0/0","0/0","0/0","0/0","0/0","0/0","0/1","0/0","0/0","0/0","0/0","0/0","0/0","0/0","0/0","0/0","0/0","0/0","0/0","0/0","0/0","0/0","0/0","0/0","0/0","0/0","0/0","0/0","0/0","0/0","0/0","0/0","0/0","0/0","0/0","0/0","0/0","0/0","0/0","0/0","0/0","0/0","0/0","0/0","0/0","0/0","0/0","0/0","0/0","0/0","0/0","0/0","0/0","0/0","0/0","0/0","0/0","0/0","0/0","0/0","0/0","0/0","0/0","0/0","0/0","0/0","0/0","0/0","0/0","0/0","0/0","0/0","0/0","0/0","0/0","0/0","0/0","0/0","0/0","0/0","0/0","0/0","0/0","0/0","0/0","0/0","0/0","0/0","0/0"
"chr17:80788344_CGCCGGG/C_ZNF750","0/0","0/0","0/0","0/0","0/0","0/0","0/0","0/0","0/0","0/0","0/0","0/0","0/0","0/0","0/0","0/0","0/0","0/0","0/0","0/0","0/0","0/0","0/0","0/0","0/0","0/0","0/0","0/0","0/0","0/0","0/0","0/0","0/0","0/0","0/0","0/0","0/0","0/0","0/0","0/0","0/0","0/1","0/0","0/0","0/0","0/0","0/0","0/0","0/0","0/0","0/0","0/0","0/0","0/0","0/0","0/0","0/0","0/0","0/0","0/0","0/0","0/0","0/0","0/0","0/0","0/0","0/0","0/0","0/0","0/0","0/0","0/0","0/0","0/0","0/0","0/0","0/0","0/0","0/0","0/0","0/0","0/0","0/0","0/0","0/0","0/0","0/0","0/0","0/0","0/0","0/0","0/0","0/0","0/0","0/0","0/0","0/0","0/0","0/0","0/0","0/0","0/0","0/0","0/0","0/0","0/0","0/0","0/0","0/0","0/0","0/0","0/0","0/0","0/0","0/0","0/0","0/0","0/0","0/0","0/0","0/0","0/0","0/0","0/0","0/0","0/0","0/0","0/0","0/0","0/0","0/0","0/0","0/0","0/0","0/0","0/0","0/0","0/0","0/0","0/0","0/0","0/0","0/0","0/0","0/0","0/0","0/0","0/0","0/0","0/0","0/0","0/0","0/0"
"chr17:80790008_C/CT_ZNF750","0/0","0/0","0/0","0/0","0/0","0/0","0/0","0/0","0/0","0/0","0/0","0/0","0/0","0/0","0/0","0/0","0/0","0/0","0/0","0/0","0/0","0/0","0/0","0/0","0/0","0/0","0/0","0/0","0/0","0/0","0/0","0/0","0/0","0/0","0/0","0/0","0/0","0/0","0/0","0/0","0/0","0/0","0/0","0/0","0/0","0/0","0/1","0/0","0/0","0/0","0/0","0/0","0/0","0/0","0/0","0/0","0/0","0/0","0/0","0/0","0/0","0/0","0/0","0/0","0/0","0/0","0/0","0/0","0/0","0/0","0/0","0/0","0/0","0/0","0/0","0/0","0/0","0/0","0/0","0/0","0/0","0/0","0/0","0/0","0/0","0/0","0/0","0/0","0/0","0/0","0/0","0/0","0/0","0/0","0/0","0/0","0/0","0/0","0/0","0/0","0/0","0/0","0/0","0/0","0/0","0/0","0/0","0/0","0/0","0/0","0/0","0/0","0/0","0/0","0/0","0/0","0/0","0/0","0/0","0/0","0/0","0/0","0/0","0/0","0/0","0/0","0/0","0/0","0/0","0/0","0/0","0/0","0/0","0/0","0/0","0/0","0/0","0/0","0/0","0/0","0/0","0/0","0/0","0/0","0/0","0/0","0/0","0/0","0/0","0/0","0/0","0/0","0/0"
"chr17:80790028_C/CT_ZNF750","0/0","0/0","0/0","0/0","0/0","0/0","0/0","0/0","0/0","0/0","0/0","0/0","0/0","0/0","0/0","0/0","0/0","0/0","0/0","0/1","0/0","0/0","0/0","0/0","0/0","0/0","0/0","0/0","0/0","0/0","0/0","0/0","0/0","0/0","0/0","0/0","0/0","0/0","0/0","0/0","0/0","0/0","0/0","0/0","0/0","0/0","0/0","0/0","0/0","0/0","0/0","0/0","0/0","0/0","0/0","0/0","0/0","0/0","0/0","0/0","0/0","0/0","0/0","0/0","0/0","0/0","0/0","0/0","0/0","0/0","0/0","0/0","0/0","0/0","0/0","0/0","0/0","0/0","0/0","0/0","0/0","0/0","0/0","0/0","0/0","0/0","0/0","0/0","0/0","0/0","0/0","0/0","0/0","0/0","0/0","0/0","0/0","0/0","0/0","0/0","0/0","0/0","0/0","0/0","0/0","0/0","0/0","0/0","0/0","0/0","0/0","0/0","0/0","0/0","0/0","0/0","0/0","0/0","0/0","0/0","0/0","0/0","0/0","0/0","0/0","0/0","0/0","0/0","0/0","0/0","0/0","0/0","0/0","0/0","0/0","0/0","0/0","0/0","0/0","0/0","0/0","0/0","0/0","0/0","0/0","0/0","0/0","0/0","0/0","0/0","0/0","0/0","0/0"
"chr17:80790298_C/CT_ZNF750","0/0","0/0","0/0","0/0","0/0","0/0","0/0","0/0","0/0","0/0","0/0","0/0","0/0","0/0","0/0","0/0","0/0","0/0","0/0","0/0","0/0","0/0","0/0","0/0","0/0","0/0","0/0","0/0","0/0","0/0","0/0","0/0","0/0","0/0","0/0","0/0","0/0","0/0","0/0","0/0","0/0","0/0","0/0","0/0","0/0","0/0","0/0","0/0","0/0","0/0","0/0","0/0","0/0","0/0","0/0","0/0","0/0","0/0","0/0","0/0","0/0","0/0","0/0","0/0","0/0","0/0","0/0","0/0","0/0","0/0","0/0","0/0","0/0","0/0","0/0","0/0","0/0","0/0","0/0","0/0","0/0","0/0","0/0","0/0","0/0","0/0","0/0","0/0","0/0","0/0","0/0","0/0","0/0","0/0","0/0","0/0","0/0","0/0","0/0","0/0","0/0","0/0","0/0","0/0","0/0","0/0","0/0","0/0","0/0","0/1","0/0","0/0","0/0","0/0","0/0","0/0","0/0","0/0","0/0","0/0","0/0","0/0","0/0","0/0","0/0","0/0","0/0","0/0","0/0","0/0","0/0","0/0","0/0","0/0","0/0","0/0","0/0","0/0","0/0","0/0","0/0","0/0","0/0","0/0","0/0","0/0","0/0","0/0","0/0","0/0","0/0","0/0","0/0"
"chr17:80790328_C/A_ZNF750","0/0","0/0","0/0","0/0","0/0","0/0","0/0","0/0","0/0","0/0","0/0","0/0","0/0","0/0","0/0","0/0","0/0","0/0","0/0","0/0","0/0","0/0","0/0","0/0","0/0","0/0","0/0","0/0","0/0","0/0","0/0","0/0","0/0","0/0","0/0","0/0","0/0","0/0","0/0","0/0","0/0","0/0","0/0","0/0","0/0","0/0","0/0","0/0","0/1","0/0","0/0","0/0","0/0","0/0","0/0","0/0","0/0","0/0","0/0","0/0","0/0","0/0","0/0","0/0","0/0","0/0","0/0","0/0","0/0","0/0","0/0","0/0","0/0","0/0","0/0","0/0","0/0","0/0","0/0","0/2","0/2","0/0","0/0","0/0","0/0","0/0","0/0","0/0","0/0","0/0","0/0","0/0","0/0","0/0","0/0","0/0","0/0","0/0","0/0","0/0","0/0","0/0","0/0","0/0","0/0","0/0","0/0","0/0","0/0","0/0","0/0","0/0","0/0","0/0","0/0","0/0","0/0","0/0","0/0","0/0","0/0","0/0","0/0","0/0","0/0","0/0","0/0","0/0","0/0","0/0","0/0","0/0","0/0","0/0","0/0","0/0","0/0","0/0","0/0","0/0","0/0","0/0","0/0","0/0","0/0","0/0","0/0","0/0","0/0","0/0","0/0","0/0","0/0"
"chr18:210003_TAAG/T_USP14","0/0","0/0","0/0","0/0","0/0","0/0","0/0","0/0","0/0","0/0","0/0","0/1","0/0","0/0","0/0","0/0","0/0","0/0","0/0","0/0","0/0","0/0","0/0","0/0","0/0","0/0","0/0","0/0","0/0","0/0","0/0","0/0","0/0","0/0","0/0","0/0","0/0","0/0","0/0","0/0","0/0","0/0","0/0","0/0","0/0","0/0","0/0","0/0","0/0","0/0","0/0","0/0","0/0","0/0","0/0","0/0","0/0","0/0","0/0","0/0","0/0","0/0","0/0","0/0","0/0","0/0","0/0","0/0","0/0","0/0","0/0","0/0","0/0","0/0","0/0","0/0","0/0","0/0","0/0","0/0","0/0","0/0","0/0","0/0","0/0","0/0","0/0","0/0","0/0","0/0","0/0","0/0","0/0","0/0","0/0","0/0","0/0","0/0","0/0","0/0","0/0","0/0","0/0","0/0","0/0","0/0","0/0","0/0","0/0","0/0","0/0","0/0","0/0","0/0","0/0","0/0","0/0","0/0","0/0","0/0","0/0","0/0","0/0","0/0","0/0","0/0","0/0","0/0","0/0","0/0","0/0","0/0","0/0","0/0","0/0","0/0","0/0","0/0","0/0","0/0","0/0","0/0","0/0","0/0","0/0","0/0","0/0","0/0","0/0","0/0","0/0","0/0","0/0"
"chr18:214681_G/GACTT_THOC1","0/0","0/0","0/0","0/0","0/0","0/0","0/0","0/0","0/0","0/0","0/0","0/0","0/0","0/0","0/0","0/0","0/0","0/0","0/0","0/0","0/0","0/0","0/0","0/0","0/0","0/0","0/0","0/0","0/0","0/0","0/0","0/0","0/0","0/0","0/0","0/0","0/0","0/0","0/0","0/0","0/0","0/0","0/0","0/0","0/0","0/0","0/0","0/0","0/0","0/0","0/0","0/0","0/0","0/0","0/0","0/0","0/0","0/0","0/0","0/1","0/0","0/0","0/0","0/0","0/0","0/0","0/0","0/0","0/0","0/0","0/0","0/0","0/0","0/0","0/0","0/0","0/0","0/0","0/0","0/0","0/0","0/0","0/0","0/0","0/0","0/0","0/0","0/0","0/0","0/0","0/0","0/0","0/0","0/0","0/0","0/0","0/0","0/0","0/0","0/0","0/0","0/0","0/0","0/0","0/0","0/0","0/0","0/0","0/0","0/0","0/0","0/0","0/0","0/0","0/0","0/0","0/0","0/0","0/0","0/0","0/0","0/0","0/0","0/0","0/0","0/0","0/0","0/0","0/0","0/0","0/0","0/0","0/0","0/0","0/0","0/0","0/0","0/0","0/0","0/0","0/0","0/0","0/0","0/0","0/0","0/0","0/0","0/0","0/0","0/0","0/0","0/0","0/0"
"chr18:736856_AGTCT/A_YES1","0/0","0/0","0/0","0/0","0/0","0/0","0/0","0/0","0/0","0/0","0/0","0/0","0/0","0/0","0/0","0/0","0/0","0/0","0/0","0/0","0/0","0/0",".","0/0","0/0","0/0","0/0","0/0","0/0","0/0","0/0","0/0","0/0","0/0","0/0","0/0","0/0","0/0","0/0","0/0","0/0","0/0","0/0","0/0","0/0","0/0","0/0","0/0","0/0","0/0","0/0","0/0","0/0","0/0","0/0","0/0","0/0","0/0","0/0","0/0","0/0","0/0","0/0","0/0","0/0","0/0","0/0","0/0","0/0","0/0","0/0","0/0","0/0","0/0","0/0","0/0","0/0","0/0","0/0","0/0","0/0","0/0","0/0","0/0","0/0","0/0","0/0","0/0","0/0","0/0","0/0","0/0","0/0","0/0","0/0","0/0","0/0","0/0","0/0","0/0","0/0","0/1","0/0","0/0","0/0","0/0","0/0","0/0","0/0","0/1","0/0","0/0","0/0","0/0","0/0","0/0","0/0","0/0","0/0","0/0","0/0","0/0","0/0","0/0","0/0","0/0","0/0","0/0","0/0","0/0","0/0","0/0","0/0","0/0","0/0","0/0","0/0","0/0","0/0","0/0","0/0","0/0","0/0","0/0","0/0","0/0","0/0","0/0","0/0","0/0","0/0","0/0","0/0"
"chr18:2578134_A/AC_NDC80","0/0","0/0","0/0","0/0","0/0","0/0","0/0","0/0","0/0","0/0","0/0","0/0","0/0","0/0","0/0","0/0","0/0","0/0","0/0","0/0","0/0","0/0","0/0","0/0","0/0","0/0","0/0","0/0","0/0","0/0","0/0","0/0","0/0","0/0","0/0","0/0","0/0","0/0","0/0","0/0","0/0","0/0","0/0","0/0","0/0","0/0","0/0","0/0","0/0","0/0","0/0","0/0","0/1","0/0","0/0","0/0","0/0","0/0","0/0","0/0","0/0","0/0","0/0","0/0","0/0","0/0","0/0","0/0","0/0","0/0","0/0","0/0","0/0","0/0","0/0","0/0","0/0","0/0","0/0","0/0","0/0","0/0","0/0","0/0","0/0","0/0","0/0","0/0","0/0","0/0","0/0","0/0","0/0","0/0","0/0","0/0","0/0","0/0","0/0","0/0","0/0","0/0","0/0","0/0","0/0","0/0","0/0","0/0","0/0","0/0","0/0","0/0","0/0","0/0","0/0","0/0","0/0","0/0","0/0","0/0","0/0","0/0","0/0","0/0","0/0","0/0","0/0","0/0","0/0","0/0","0/0","0/0","0/0","0/0","0/0","0/0","0/0","0/0","0/0","0/0","0/0","0/0","0/0","0/0","0/0","0/0","0/0","0/0","0/0","0/0","0/0","0/0","0/0"
"chr18:6215810_G/GA_L3MBTL4","0/0","0/0","0/0","0/0","0/0","0/0","0/0","0/0","0/0","0/0","0/0","0/0","0/0","0/0","0/0","0/0","0/0","0/0","0/0","0/0","0/0","0/0","0/0","0/0","0/0","0/0","0/0","0/0","0/0","0/0","0/0","0/0","0/0","0/0","0/0","0/0","0/1","0/0","0/0","0/0","0/0","0/0","0/0","0/0","0/0","0/0","0/0","0/0","0/0","0/0","0/0","0/0","0/0","0/0","0/0","0/0","0/0","0/0","0/0","0/0","0/0","0/0","0/0","0/0","0/0","0/0","0/0","0/0","0/0","0/0","0/0","0/0","0/0","0/0","0/0","0/0","0/0","0/0","0/0","0/0","0/0","0/0","0/0","0/0","0/0","0/0","0/0","0/0","0/0","0/0","0/0","0/0","0/0","0/0","0/0","0/0","0/0","0/0","0/0","0/0","0/0","0/0","0/0","0/0","0/0","0/0","0/0","0/0","0/0","0/0","0/0","0/0","0/0","0/0","0/0","0/0","0/0","0/0","0/0","0/0","0/0","0/0","0/0","0/0","0/0","0/0","0/0","0/0","0/0","0/0","0/0","0/0","0/0","0/0","0/0","0/0","0/0","0/0","0/0","0/0","0/0","0/0","0/0","0/0","0/0","0/0","0/0","0/0","0/0","0/0","0/0","0/0","0/0"
"chr18:6964801_TCCTAAAAG/T_LAMA1","0/0","0/0","0/0","0/0","0/0","0/0","0/0","0/0","0/0","0/0","0/0","0/0","0/0","0/0","0/0","0/0","0/0","0/0","0/0","0/0","0/0","0/0","0/0","0/0","0/0","0/0","0/0","0/0","0/0","0/0","0/0","0/0","0/0","0/0","0/0","0/0","0/0","0/0","0/0","0/0","0/0","0/0","0/0","0/0","0/0","0/0","0/0","0/0","0/0","0/0","0/0","0/0","0/0","0/0","0/0","0/0","0/0","0/0","0/0","0/0","0/0","0/0","0/0","0/0","0/0","0/0","0/0","0/0","0/0","0/0","0/0","0/0","0/0","0/0","0/0","0/0","0/0","0/0","0/0","0/0","0/0","0/0","0/0","0/0","0/0","0/0","0/0","0/0","0/0","0/0","0/0","0/0","0/0","0/0","0/0","0/0","0/0","0/0","0/0","0/0","0/0","0/0","0/0","0/0","0/0","0/0","0/0","0/0","0/0","0/0","0/0","0/0","0/0","0/0","0/0","0/0","0/0","0/0","0/0","0/0","0/0","0/0","0/0","0/0","0/0","0/0","0/0","0/0","0/1","0/1","0/1","0/0","0/0","0/0","0/0","0/0","0/0","0/0","0/0","0/0","0/0","0/0","0/0","0/0","0/0","0/0","0/0","0/0","0/0","0/0","0/0","0/0","0/0"
"chr18:8786005_CCGAGCCGCGCGGGAG/C_MTCL1","0/0","0/0","0/0","0/0","0/0","0/0","0/0","0/0","0/0","0/0","0/0","0/0","0/0","0/0","0/0","0/0","0/0","0/0","0/0","0/0","0/0","0/0","0/0","0/0","0/0","0/0","0/0","0/0","0/0","0/0","0/0","0/0","0/0","0/0","0/0","0/0","0/0","0/0","0/0","0/0","0/0","0/0","0/0","0/0","0/0","0/0","0/0","0/0","0/0","0/0","0/0","0/0","0/0","0/0","0/0","0/0","0/0","0/0","0/0","0/0","0/0","0/0","0/0","0/0","0/0","0/0","0/0","0/0","0/0","0/0","0/0","0/0","0/0","0/0","0/0","0/0","0/0","0/0","0/0","0/0","0/0","0/0","0/0","0/0","0/0","0/0","0/0","0/0","0/0","0/0","0/0","0/0","0/0","0/0","0/0","0/0","0/0","0/0","0/0","0/0","0/0","0/0","0/0","0/0","0/0","0/0","0/0","0/0","0/0","0/0","0/0","0/0","0/0","0/0","0/0","0/0","0/0","0/0","0/0","0/0","0/0","0/0","0/0","0/0","0/0","0/0","0/0","0/0","0/0","0/0","0/0","0/0","0/1","0/0","0/1","0/1","0/0","0/0","0/0","0/0","0/0","0/0","0/0","0/0","0/0","0/0","0/0","0/0","0/0","0/0","0/0","0/0","0/0"
"chr18:10702077_T/TG_PIEZO2","0/0","0/0","0/0","0/0","0/0","0/0","0/0","0/0","0/0","0/0","0/0","0/0","0/0","0/0","0/0","0/0","0/0","0/0","0/0","0/0","0/0","0/0","0/0","0/0","0/0","0/0","0/0","0/0","0/0","0/0","0/0","0/0","0/0","0/0","0/0","0/0","0/1","0/0","0/0","0/0","0/0","0/0","0/0","0/0","0/0","0/0","0/0","0/0","0/0","0/0","0/0","0/0","0/0","0/0","0/0","0/0","0/0","0/0","0/0","0/0","0/0","0/0","0/0","0/0","0/0","0/0","0/0","0/0","0/0","0/0","0/0","0/0","0/0","0/0","0/0","0/0","0/0","0/0","0/0","0/0","0/0","0/0","0/0","0/0","0/0","0/0","0/0","0/0","0/0","0/0","0/0","0/0","0/0","0/0","0/0","0/0","0/0","0/0","0/0","0/0","0/0","0/0","0/0","0/0","0/0","0/0","0/0","0/0","0/0","0/0","0/0","0/0","0/0","0/0","0/0","0/0","0/0","0/0","0/0","0/0","0/0","0/0","0/0","0/0","0/0","0/0","0/0","0/0","0/0","0/0","0/0","0/0","0/0","0/0","0/0","0/0","0/0","0/0","0/0","0/0","0/0","0/0","0/0","0/0","0/0","0/0","0/0","0/0","0/0","0/0","0/0","0/0","0/0"
"chr18:12801979_TCTC/T_PTPN2","0/0","0/0","0/0","0/0","0/0","0/0","0/0","0/0","0/0","0/0","0/0","0/0","0/0","0/0","0/0","0/0","0/0","0/0","0/0","0/0","0/0","0/0","0/0","0/0","0/0","0/0","0/0","0/0","0/0","0/0","0/0","0/0","0/0","0/0","0/0","0/0","0/0","0/0","0/0","0/0","0/0","0/0","0/0","0/0","0/0","0/0","0/0","0/0","0/0","0/0","0/0","0/0","0/0","0/0","0/0","0/0","0/0","0/0","0/0","0/0","0/0","0/0","0/0","0/0","0/0","0/0","0/0","0/0","0/0","0/0","0/0","0/0","0/0","0/0","0/0","0/0","0/0","0/0","0/0","0/0","0/0","0/0","0/0","0/0","0/0","0/0","0/0","0/0","0/0","0/0","0/0","0/0","0/0","0/0","0/0","0/0","0/0","0/0","0/0","0/0","0/0","0/0","0/0","0/0","0/0","0/0","0/0","0/0","0/0","0/0","0/0","0/0","0/0","0/0","0/1","0/1","0/1","0/0","0/1","0/0","0/0","0/1","0/1","0/0","0/1","0/1","0/0","0/0","0/0","0/0","0/0","0/0","0/0","0/0","0/0","0/0","0/0","0/0","0/0","0/0","0/0","0/0","0/0","0/0","0/0","0/0","0/0","0/0","0/0","0/0","0/0","0/0","0/0"
"chr18:12986926_TTCC/T_SEH1L","0/0","0/1","0/0","0/0","0/0","0/0","0/0","0/0","0/0","0/0","0/0","0/0","0/0","0/0","0/0","0/0","0/0","0/0","0/0","0/0","0/0","0/0","0/0","0/0","0/0","0/0","0/0","0/0","0/0","0/0","0/0","0/0","0/0","0/0","0/0","0/0","0/0","0/0","0/0","0/0","0/0","0/0","0/0","0/0","0/0","0/0","0/0","0/0","0/0","0/0","0/0","0/0","0/0","0/0","0/0","0/0","0/0","0/0","0/0","0/0","0/0","0/0","0/0","0/0","0/0","0/0","0/0","0/0","0/0","0/0","0/0","0/0","0/0","0/0","0/0","0/0","0/0","0/0","0/0","0/0","0/0","0/0","0/0","0/0","0/0","0/0","0/0","0/0","0/0","0/0","0/0","0/0","0/0","0/0","0/0","0/0","0/0","0/0","0/0","0/0","0/0","0/0","0/0","0/0","0/0","0/0","0/0","0/0","0/0","0/0","0/0","0/0","0/0","0/0","0/0","0/0","0/0","0/0","0/0","0/0","0/0","0/0","0/0","0/0","0/0","0/0","0/0","0/0","0/0","0/0","0/0","0/0","0/0","0/0","0/0","0/0","0/0","0/0","0/0","0/0","0/0","0/0","0/0","0/0","0/0","0/0","0/0","0/0","0/0","0/0","0/0","0/0","0/0"
"chr18:13612765_TA/T_LDLRAD4","0/0","0/0","0/0","0/0","0/0","0/0","0/0","0/0","0/0","0/0","0/0","0/0","0/0","0/0","0/0","0/0","0/0","0/0","0/0","0/0","0/0","0/0","0/0","0/0","0/0","0/0","0/0","0/0","0/0","0/0","0/0","0/0","0/0","0/0","0/0","0/0","0/1","0/0","0/0","0/0","0/0","0/0","0/0","0/0","0/0","0/0","0/0","0/0","0/0","0/0","0/0","0/0","0/0","0/0","0/0","0/0","0/0","0/0","0/0","0/0","0/0","0/0","0/0","0/0","0/0","0/0","0/0","0/0","0/0","0/0","0/0","0/0","0/0","0/0","0/0","0/0","0/0","0/0","0/0","0/0","0/0","0/0","0/0","0/0","0/0","0/0","0/0","0/0","0/0","0/0","0/0","0/0","0/0","0/0","0/0","0/0","0/0","0/0","0/0","0/0","0/0","0/0","0/0","0/0","0/0","0/0","0/0","0/0","0/0","0/0","0/0","0/0","0/0","0/0","0/0","0/0","0/0","0/0","0/0","0/0","0/0","0/0","0/0","0/0","0/0","0/0","0/0","0/0","0/0","0/0","0/0","0/0","0/0","0/0","0/0","0/0","0/0","0/0","0/0","0/0","0/0","0/0","0/0","0/0","0/0","0/0","0/0","0/0","0/0","0/0","0/0","0/0","0/0"
"chr18:19032067_G/GA_GREB1L","0/0","0/0","0/0","0/0","0/0","0/0","0/0","0/0","0/0","0/0","0/0","0/0","0/0","0/0","0/0","0/0","0/0","0/0","0/0","0/0","0/0","0/0","0/0","0/0","0/0","0/0","0/0","0/0","0/0","0/0","0/0","0/0","0/0","0/0","0/0","0/0","0/0","0/0","0/1","0/0","0/0","0/0","0/0","0/0","0/0","0/0","0/0","0/0","0/0","0/0","0/0","0/0","0/0","0/0","0/0","0/0","0/0","0/0","0/0","0/0","0/0","0/0","0/0","0/0","0/0","0/0","0/0","0/0","0/0","0/0","0/0","0/0","0/0","0/0","0/0","0/0","0/0","0/0","0/0","0/0","0/0","0/0","0/0","0/0","0/0","0/0","0/0","0/0","0/0","0/0","0/0","0/0","0/0","0/0","0/0","0/0","0/0","0/0","0/0","0/0","0/0","0/0","0/0","0/0","0/0","0/0","0/0","0/0","0/0","0/0","0/0","0/0","0/0","0/0","0/0","0/0","0/0","0/0","0/0","0/0","0/0","0/0","0/0","0/0","0/0","0/0","0/0","0/0","0/0","0/0","0/0","0/0","0/0","0/0","0/0","0/0","0/0","0/0","0/0","0/0","0/0","0/0","0/0","0/0","0/0","0/0","0/0","0/0","0/0","0/0","0/0","0/0","0/0"
"chr18:19100758_A/ATCT_GREB1L","1/1","1/1","1/1","1/1","1/1","1/1","1/1","1/1","1/1","1/1","1/1","1/1","1/1","1/1","1/1","1/1","1/1","1/1","1/1","1/1","1/1","1/1","1/1","1/1","1/1","1/1","1/1","1/1","1/1","1/1","1/1","1/1","1/1","1/1","1/1","1/1","1/1","1/1","1/1","1/1","1/1","1/1","1/1","1/1","1/1","1/1","1/1","1/1","1/1","1/1","1/1","1/1","1/1","1/1","1/1","1/1","1/1","1/1","1/1","1/1","1/1","1/1","1/1","1/1","1/1","1/1","1/1","1/1","1/1","1/1","1/1","1/1","1/1","1/1","1/1","1/1","1/1","1/1","1/1","1/1","1/1","1/1","1/1","1/1","1/1","1/1","1/1","1/1","1/1","1/1","1/1","1/1","1/1","1/1","1/1","1/1","1/1","1/1","1/1","1/1","1/1","1/1","1/1","1/1","1/1","1/1","1/1","1/1","1/1","1/1","1/1","1/1","1/1","1/1","1/1","1/1","1/1","1/1","1/1","1/1","1/1","1/1","1/1","1/1","1/1","1/1","1/1","1/1","1/1","1/1","1/1","1/1","1/1","1/1","1/1","1/1","1/1","1/1","1/1","1/1","1/1","1/1","1/1","1/1","1/1","1/1","1/1","1/1","1/1","1/1","1/1","1/1","1/1"
"chr18:19154749_CT/C_ESCO1","0/0","0/0","0/0","0/0","0/0","0/0","0/0","0/0","0/0","0/0","0/0","0/0","0/0","0/0","0/0","0/0","0/0","0/0","0/0","0/0","0/0","0/0","0/0","0/0","0/0","0/0","0/0","0/0","0/0","0/0","0/0","0/0","0/0","0/0","0/0","0/0","0/1","0/0","0/0","0/0","0/0","0/0","0/0","0/0","0/0","0/0","0/0","0/0","0/0","0/0","0/0","0/0","0/0","0/0","0/0","0/0","0/0","0/0","0/0","0/0","0/0","0/0","0/0","0/0","0/0","0/0","0/0","0/0","0/0","0/0","0/0","0/0","0/0","0/0","0/0","0/0","0/0","0/0","0/0","0/0","0/0","0/0","0/0","0/0","0/0","0/0","0/0","0/0","0/0","0/0","0/0","0/2","0/2","0/0","0/0","0/0","0/0","0/0","0/0","0/0","0/0","0/0","0/0","0/0","0/0","0/0","0/0","0/0","0/0","0/0","0/0","0/0","0/0","0/0","0/0","0/0","0/0","0/0","0/0","0/0","0/0","0/0","0/0","0/0","0/0","0/0","0/0","0/0","0/0","0/0","0/0","0/0","0/0","0/0","0/0","0/0","0/0","0/0","0/0","0/0","0/0","0/0","0/0","0/0","0/0","0/0","0/0","0/0","0/0","0/0","0/0","0/0","0/0"
"chr18:19752072_TACC/T_GATA6","0/0","0/0","0/0","0/0","0/0","0/0","0/1","0/0","0/0","0/0","0/0","0/0","0/0","0/0","0/0","0/0","0/0","0/0","0/0","0/0","0/0","0/0","0/0","0/0","0/0","0/0","0/0","0/0","0/0","0/0","0/0","0/0","0/0","0/0","0/0","0/0","0/0","0/0","0/0","0/0","0/0","0/0","0/0","0/0","0/0","0/0","0/0","0/0","0/0","0/0","0/0","0/0","0/0","0/0","0/0","0/0","0/0","0/0","0/0","0/1","0/0","0/0","0/0","0/0","0/0","0/0","0/0","0/0","0/0","0/0","0/0","0/0","0/0","0/0","0/0","0/0","0/0","0/0","0/0","0/0","0/0","0/0","0/0","0/0","0/0","0/0","0/0","0/0","0/0","0/0","0/0","0/0","0/0","0/0","0/0","0/0","0/0","0/0","0/0","0/0","0/0","0/0","0/0","0/0","0/0","0/0","0/0","0/0","0/0","0/0","0/0","0/0","0/0","0/0","0/0","0/0","0/0","0/0","0/0","0/0","0/0","0/0","0/0","0/0","0/0","0/0","0/0","0/0","0/0","0/0","0/0","0/0","0/0","0/0","0/0","0/0","0/0","0/0","0/0","0/0","0/0","0/0","0/0","0/0","0/0","0/0","0/0","0/0","0/0","0/0","0/1","0/0","0/0"
"chr18:21083658_GTCT/G_C18orf8","0/0","0/0","0/0","0/0","0/0","0/0","0/0","0/0","0/0","0/0","0/0","0/0","0/0","0/0","0/0","0/0","0/0","0/0","0/0","0/0","0/1","0/0","0/0","0/0","0/0","0/0","0/0","0/0","0/0","0/0","0/0","0/0","0/0","0/0","0/0","0/0","0/0","0/0","0/0","0/0","0/0","0/0","0/0","0/0","0/0","0/0","0/0","0/0","0/0","0/0","0/0","0/0","0/0","0/0","0/0","0/0","0/0","0/0","0/0","0/0","0/0","0/0","0/0","0/0","0/0","0/0","0/0","0/0","0/0","0/0","0/0","0/0","0/0","0/0","0/0","0/0","0/0","0/0","0/0","0/0","0/0","0/0","0/0","0/0","0/0","0/0","0/0","0/0","0/0","0/0","0/0","0/0","0/0","0/0","0/0","0/0","0/0","0/0","0/0","0/0","0/0","0/0","0/0","0/0","0/0","0/0","0/0","0/0","0/0","0/0","0/0","0/0","0/0","0/0","0/0","0/0","0/0","0/0","0/0","0/0","0/0","0/0","0/0","0/0","0/0","0/0","0/0","0/0","0/0","0/0","0/0","0/0","0/0","0/0","0/0","0/0","0/0","0/0","0/0","0/0","0/0","0/0","0/0","0/0","0/0","0/0","0/0","0/0","0/0","0/0","0/0","0/0","0/0"
"chr18:28648997_GTCC/G_DSC2","0/0","0/0","0/0","0/0","0/0","0/0","0/0","0/0","0/0","0/0","0/0","0/0","0/0","0/0","0/0","0/1","0/0","0/1","0/0","0/0","0/0","0/0","0/0","0/0","0/0","0/0","0/0","0/0","0/0","0/0","0/0","0/0","0/0","0/0","0/0","0/0","0/0","0/0","0/1","0/0","0/0","0/0","0/0","0/0","0/0","0/0","0/0","0/0","0/0","0/1","0/0","0/0","0/0","0/0","0/0","0/0","0/0","0/0","0/0","0/1","0/0","0/0","0/0","0/0","0/0","0/0","0/0","0/0","0/0","0/0","0/0","0/0","0/0","0/0","0/0","0/0","0/0","0/0","0/0","0/0","0/0","0/0","0/0","0/0","0/0","0/0","0/0","0/0","0/0","0/0","0/0","0/0","0/0","0/0","0/0","0/0","0/0","0/0","0/0","0/0","0/0","0/0","0/0","0/0","0/0","0/0","0/0","0/0","0/0","0/0","0/0","0/0","0/0","0/1","0/0","0/0","0/0","0/0","0/0","0/0","0/0","0/0","0/0","0/0","0/0","0/0","0/1","0/1","0/0","0/0","0/0","0/0","0/0","0/0","0/0","0/0","0/0","0/0","0/1","0/1","0/1","0/0","0/0","0/0","0/0","0/0","0/0","0/0","0/0","0/0","0/0","0/0","0/0"
"chr18:30350262_GGCT/G_KLHL14","0/0","0/0","0/0","0/0","0/0","0/0","0/0","0/0","0/0","0/0","0/0","0/0","0/0","0/0","0/0","0/0","0/0","0/0","0/0","0/0","0/0","0/0","0/0","0/0","0/0","0/0","0/0","0/0","0/0","0/0","0/0","0/0","0/0","0/0","0/0","0/0","0/0","0/0","0/0","0/0","0/0","0/0","0/0","0/0","0/0","0/0","0/0","0/0","0/0","0/0","0/0","0/0","0/0","0/0","0/0","0/0","0/0","0/0","0/0","0/0","0/0","0/0","0/0","0/0","0/0","0/0","0/0","0/0","0/0","0/0","0/0","0/0","0/0","0/0","0/0","0/0","0/0","0/0","0/0","0/0","0/0","0/0","0/0","0/0","0/0","0/0","0/0","0/0","0/0","0/0","0/0","0/0","0/0","0/0","0/0","0/0","0/0","0/0","0/0","0/0","0/0","0/0","0/0","0/0","0/0","0/0","0/0","0/0","0/0","0/0","0/0","0/0","0/0","0/0","0/1","0/0","0/0","0/0","0/0","0/0","0/0","0/0","0/0","0/0","0/1","0/1","0/0","0/0","0/0","0/0","0/0","0/0","0/0","0/0","0/0","0/0","0/0","0/0","0/0","0/0","0/0","0/0","0/0","0/0","0/0","0/0","0/0","0/0","0/0","0/0","0/0","0/0","0/0"
"chr18:32398235_AG/A_DTNA","0/0","0/0","0/0","0/0","0/0","0/0","0/0","0/0","0/0","0/0","0/0","0/0","0/0","0/0","0/0","0/0","0/0","0/0","0/0","0/0","0/0","0/0","0/0","0/0","0/0","0/0","0/0","0/0","0/0","0/0","0/0","0/0","0/0","0/0","0/0","0/0","0/0","0/0","0/0","0/0","0/0","0/0","0/0","0/0","0/0","0/0","0/0","0/0","0/0","0/0","0/0","0/0","0/0","0/0","0/0","0/0","0/0","0/0","0/0","0/0","0/0","0/0","0/0","0/0","0/0","0/0","0/0","0/0","0/0","0/0","0/0","0/0","0/0","0/0","0/0","0/0","0/0","0/0","0/0","0/0","0/0","0/0","0/0","0/0","0/0","0/0","0/0","0/0","0/0","0/0","0/0","0/0","0/0","0/0","0/0","0/0","0/0","0/0","0/0","0/0","0/0","0/0","0/0","0/0","0/0","0/0","0/0","0/0","0/0","0/0","0/0","0/0","0/0","0/0","0/0","0/0","0/0","0/0","0/0","0/0","0/0","0/0","0/0","0/0","0/0","0/1","0/0","0/0","0/0","0/0","0/0","0/0","0/0","0/0","0/0","0/0","0/0","0/0","0/0","0/0","0/0","0/0","0/0","0/0","0/0","0/0","0/0","0/0","0/0","0/0","0/0","0/0","0/0"
"chr18:32825952_ATGAATGTGGAAAAGCTTTCAGGCAGAGCTCAGAGCTGATTACTCATCAGAGAATACATAGTGGAGAGAAACCCTATGAATGTAG/A_ZNF397","0/0","0/0","0/0","0/0","0/0","0/0","0/0","0/0","0/0","0/0","0/0","0/0","0/0","0/0","0/0","0/0","0/0","0/0","0/0","0/0","0/0","0/0","0/0","0/0","0/0","0/0","0/0","0/0","0/0","0/0","0/0","0/0","0/0","0/0","0/0","0/0","0/0","0/0","0/0","0/0","0/0","0/1","0/0","0/0","0/0","0/0","0/0","0/0","0/0","0/0","0/0","0/0","0/0","0/0","0/0","0/0","0/0","0/0","0/0","0/0","0/0","0/0","0/0","0/0","0/0","0/0","0/0","0/0","0/0","0/0","0/0","0/0","0/0","0/0","0/0","0/0","0/0","0/0","0/0","0/0","0/0","0/0","0/0","0/0","0/0","0/0","0/0","0/0","0/0","0/0","0/0","0/0","0/0","0/0","0/0","0/0","0/0","0/0","0/0","0/0","0/0","0/0","0/0","0/0","0/0","0/0","0/0","0/0","0/0","0/0","0/0","0/0","0/0","0/0","0/0","0/0","0/0","0/0","0/0","0/0","0/0","0/0","0/0","0/0","0/0","0/0","0/0","0/0","0/0","0/0","0/0","0/0","0/0","0/0","0/0","0/0","0/0","0/0","0/0","0/0","0/0","0/0","0/0","0/0","0/0","0/0","0/0","0/0","0/0","0/0","0/0","0/0","0/0"
"chr18:33558854_CAAAG/C_C18orf21","0/0","0/0","0/0","0/0","0/0","0/0","0/0","0/0","0/0","0/0","0/0","0/0","0/0","0/0","0/0","0/0","0/0","0/0","0/0","0/0","0/0","0/0","0/0","0/0","0/0","0/0","0/0","0/0","0/0","0/0","0/0","0/0","0/0","0/0","0/0","0/0","0/0","0/0","0/0","0/0","0/0","0/0","0/0","0/0","0/0","0/0","0/0","0/0","0/0","0/0","0/0","0/0","0/0","0/0","0/0","0/0","0/0","0/0","0/0","0/0","0/0","0/1","0/0","0/0","0/0","0/0","0/0","0/0","0/0","0/0","0/0","0/0","0/0","0/0","0/0","0/0","0/0","0/0","0/0","0/0","0/0","0/0","0/0","0/0","0/0","0/0","0/0","0/0","0/0","0/0","0/0","0/0","0/0","0/0","0/0","0/0","0/0","0/0","0/0","0/0","0/0","0/0","0/0","0/0","0/0","0/0","0/0","0/0","0/0","0/0","0/0","0/0","0/0","0/0","0/0","0/0","0/0","0/0","0/0","0/0","0/0","0/0","0/0","0/0","0/0","0/0","0/0","0/0","0/0","0/0","0/0","0/0","0/0","0/0","0/0","0/0","0/0","0/0","0/0","0/0","0/0","0/0","0/0","0/0","0/0","0/0","0/0","0/0","0/0","0/0","0/0","0/0","0/0"
"chr18:39550359_CA/C_PIK3C3","0/0","0/0","0/0","0/0","0/0","0/0","0/0","0/0","0/0","0/0","0/0","0/0","0/0","0/0","0/0","0/0","0/0","0/0","0/0","0/0","0/0","0/0","0/0","0/0","0/0","0/0","0/0","0/0","0/0","0/0","0/0","0/0","0/0","0/0","0/0","0/0","0/1","0/0","0/0","0/0","0/0","0/0","0/0","0/0","0/0","0/0","0/0","0/0","0/0","0/0","0/0","0/0","0/0","0/0","0/0","0/0","0/0","0/0","0/0","0/0","0/0","0/0","0/0","0/0","0/0","0/0","0/0","0/0","0/0","0/0","0/0","0/0","0/0","0/0","0/0","0/0","0/0","0/0","0/0","0/0","0/0","0/0","0/0","0/0","0/0","0/0","0/0","0/0","0/0","0/0","0/0","0/0","0/0","0/0","0/0","0/0","0/0","0/0","0/0","0/0","0/0","0/0","0/0","0/0","0/0","0/0","0/0","0/0","0/0","0/0","0/0","0/0","0/0","0/0","0/0","0/0","0/0","0/0","0/0","0/0","0/0","0/0","0/0","0/0","0/0","0/0","0/0","0/0","0/0","0/0","0/0","0/0","0/0","0/0","0/0","0/0","0/0","0/0","0/0","0/0","0/0","0/0","0/0","0/0","0/0","0/0","0/0","0/0","0/0","0/0","0/0","0/0","0/0"
"chr18:42456670_C/CTCTT_SETBP1","0/1","0/1","0/1","0/1","0/0","0/0","0/1","0/1","0/1","0/1","0/1","0/1","0/1","0/0","0/1","0/1","1/1","0/1","0/1","1/1","0/1","1/1","0/1","0/1","1/1","0/1","0/1","0/1","0/1","0/1","0/1","0/1","0/1","0/1","0/1","0/1","0/0","0/1","1/1","0/0","0/0","0/1","1/1","1/1","0/0","0/0","1/1","0/0","0/0","1/1","0/1","1/1","1/1","0/1","0/1","0/1","1/1","0/1","0/0","1/1","1/1","0/0","1/1","0/1","0/1","0/1","0/1","1/1","1/1","0/1","0/1","0/1","0/1","0/0","0/0","0/1","0/1","0/1","0/1","1/1","1/1","0/1","0/1","1/1","1/1","1/1","1/1","0/0","0/0","0/0","0/1","0/0","0/0","1/1","1/1","0/1","0/0","1/1","0/0","0/0","1/1","1/1","1/1","0/0","0/0","0/1","0/1","0/0","0/0","1/1","0/1","0/1","0/1","0/1","0/1","0/1","0/1","1/1","1/1","1/1","1/1","1/1","0/1","1/1","0/1","0/1","0/1","0/1","0/0","0/0","0/0","0/1","0/1","0/0","0/1","0/1","0/0","0/0","1/1","0/1","1/1","0/1","0/1","0/1","0/1","0/1","1/1","1/1","1/1","0/1","0/1","0/1","0/1"
"chr18:43547159_C/CTGGCCT_EPG5","0/0","0/0","0/0","0/0","0/0","0/0","0/0","0/0","0/0","0/0","0/0","0/0","0/0","0/0","0/0","0/0","0/0","0/0","0/0","0/0","0/0","0/0","0/0","0/0","0/0","0/0","0/0","0/0","0/0","0/0","0/0","0/0","0/0","0/0","0/0","0/0","0/0","0/0","0/0","0/0","0/0","0/0","0/0","0/0","0/0","0/0","0/0","0/0","0/0","0/0","0/0","0/0","0/0","0/0","0/0","0/0","0/0","0/0","0/0","0/0","0/0","0/0","0/0","0/0","0/0","0/0","0/0","0/0","0/0","0/0","0/0","0/0","0/0","0/0","0/0","0/0","0/0","0/0","0/0","0/0","0/0","0/0","0/0","0/0","0/0","0/0","0/0","0/0","0/0","0/0","0/0","0/0","0/0","0/0","0/0","0/0","0/0","0/0","0/0","0/0","0/1","0/0","0/1","0/0","0/0","0/0","0/0","0/0","0/0","0/0","0/0","0/0","0/0","0/0","0/0","0/0","0/0","0/0","0/0","0/0","0/0","0/0","0/0","0/0","0/0","0/0","0/0","0/0","0/0","0/0","0/0","0/0","0/0","0/0","0/0","0/0","0/0","0/0","0/0","0/0","0/0","0/0","0/0","0/0","0/0","0/0","0/0","0/0","0/0","0/0","0/0","0/0","0/0"
"chr18:43833701_T/TCTG_C18orf25","0/1","0/1","0/1","0/1","0/0","0/0","1/1","1/1","1/1","0/1","0/1","0/1","0/1","1/1","1/1","0/1","1/1","0/0","0/1","0/0","0/0","0/1","1/1","1/1","1/1","0/1","1/1","1/1","0/0","0/1","1/1","0/1","0/1","0/1","0/1","0/1","0/0","1/1","1/1","0/1","1/1","1/1","0/0","0/0","0/1","1/1","0/0","0/1","0/0","1/1","1/1","0/0","0/0","0/1","0/0","1/1","0/1","1/1","1/1","0/1","0/1","1/1","1/1","0/1","0/1","1/1","0/1","1/1","1/1","0/1","1/1","0/1","0/1","1/1","1/1","0/0","0/0","0/1","0/1","1/1","1/1","1/1","1/1","0/1","0/1","1/1","1/1","0/1","0/1","0/1","0/1","0/1","0/1","1/1","1/1","0/1","0/1","1/1","0/0","0/0","1/1","0/1","1/1","0/1","0/1","0/1","0/1","0/0","0/0","0/1","0/1","0/1","0/1","0/0","0/1","1/1","1/1","0/1","0/1","0/1","0/1","0/1","1/1","0/1","0/1","0/1","0/0","0/0","0/1","0/1","0/1","1/1","1/1","1/1","1/1","1/1","1/1","1/1","0/0","0/0","0/0","1/1","1/1","0/1","0/1","0/1","0/0","0/0","0/0","1/1","1/1","1/1","1/1"
"chr18:44773549_G/GGGT_SKOR2","0/0","0/0","0/0","0/0","0/0","0/0","0/0","0/0","0/0","0/0","0/0","0/0","0/0","0/0","0/0","0/0","0/0","0/0","0/0","0/0","0/1","0/0","0/0","0/0","0/0","0/0","0/0","0/0","0/1","0/0","0/0","0/0","0/0","0/0","0/0","0/0","0/0","0/0","0/0","0/1","0/0","0/0","0/0","0/0","0/0","0/0","0/0","0/1","0/0","0/0","0/0","0/0","0/1","0/0","0/0","0/0","0/0","0/0","0/0","0/0","0/0","0/0","0/0","0/0","0/1","0/0","0/0","0/0","1/1","0/0","0/0","0/0","0/0","0/0","0/0","0/0","0/0","0/0","0/0","0/0","0/0","0/0","0/0","0/0","0/0","0/0","0/0","0/0","0/0","0/0","0/0","0/0","0/0","0/0","0/0","0/0","0/0","0/0","0/0","0/0","0/0","0/0","0/0","0/1","0/0","0/0","0/0","0/0","0/0","0/0","0/0","0/0","0/0","0/0","0/0","0/0","0/0","0/0","0/0","0/0","0/0","0/0","0/0","0/0","0/0","0/0","0/0","0/0","0/0","0/0","0/0","0/0","0/0","0/0","0/0","0/0","0/0","0/0","0/0","0/0","0/0","0/0","0/0","0/0","0/0","0/0","0/0","0/0","0/0","0/0","0/0","0/0","0/0"
"chr18:45567084_TC/T_ZBTB7C","0/0","0/0","0/0","0/0","0/0","0/0","0/0","0/0","0/0","0/0","0/0","0/0","0/0","0/0","0/0","0/0","0/0","0/0","0/0","0/0","0/0","0/0","0/0","0/0","0/0","0/0","0/0","0/0","0/0","0/0","0/0","0/0","0/0","0/0","0/0","0/0","0/1","0/0","0/0","0/0","0/0","0/0","0/0","0/0","0/0","0/0","0/0","0/0","0/0","0/0","0/0","0/0","0/0","0/0","0/0","0/0","0/0","0/0","0/0","0/0","0/0","0/0","0/0","0/0","0/0","0/0","0/0","0/0","0/0","0/0","0/0","0/0","0/0","0/0","0/0","0/0","0/0","0/0","0/0","0/0","0/0","0/0","0/0","0/0","0/0","0/0","0/0","0/0","0/0","0/0","0/0","0/0","0/0","0/0","0/0","0/0","0/0","0/0","0/0","0/0","0/0","0/0","0/0","0/0","0/0","0/0","0/0","0/0","0/0","0/0","0/0","0/0","0/0","0/0","0/0","0/0","0/0","0/0","0/0","0/0","0/0","0/0","0/0","0/0","0/0","0/0","0/0","0/0","0/0","0/0","0/0","0/0","0/0","0/0","0/0","0/0","0/0","0/0","0/0","0/0","0/0","0/0","0/0","0/0","0/0","0/0","0/0","0/0","0/0","0/0","0/0","0/0","0/0"
"chr18:47313655_ACTTACCTCTACC/A_ACAA2","0/0","0/0","0/0",".","0/0","0/0",".","0/0","0/0","0/0","0/0",".",".","0/1","0/0","0/0","0/0","0/0","0/0","0/0",".","0/0","0/0","0/0",".","0/0",".","0/0",".","0/0","0/0",".","0/0","0/0","0/0",".",".",".",".",".",".",".","0/0","0/0",".","0/0","0/0","0/0","0/0",".","0/0",".",".","0/0",".","0/0",".","0/0","0/0","0/0",".",".",".","0/0","0/0",".","0/0","0/0","0/0","0/0","0/0","0/0",".","0/0",".",".","0/0","0/0","0/0",".","0/0",".","0/0",".","0/0",".",".","0/0",".","0/0","0/0",".","0/0",".","0/0","0/0",".","0/0",".","0/0","0/0",".",".",".",".","0/0",".","0/0","0/0",".",".",".","0/0",".",".","0/0",".","0/0","0/0",".",".","0/0",".",".",".","0/0","0/0","0/0","0/0","0/0","0/0","0/0","0/0",".","0/0","0/0","0/0",".",".",".","0/0","0/0","0/0","0/0","0/0","0/0",".","0/0","0/0",".","0/0","0/0","0/0"
"chr18:47405425_T/TGAG_MYO5B","0/0","0/0","0/0","1/1","0/1","0/1","0/1","0/1","0/1","0/1","1/1","0/1","1/1","0/1","1/1","0/0","0/1","0/0","0/1","1/1","0/1","0/0","0/1","0/0","0/1","0/1","0/0","0/1","0/1","0/1","0/1","0/1","1/1","0/1","1/1","1/1","0/1","1/1","0/0","0/1","0/1","0/1","1/1","0/1","1/1","0/0","0/1","0/1","0/1","0/1","0/1","0/1","1/1","0/1","0/1","0/1","1/1","0/1","1/1","0/1","0/0","0/0","1/1","1/1","1/1","0/1","1/1","0/1","0/1","1/1","0/1","0/0","0/0","0/0","0/0","1/1","1/1","1/1","1/1","0/0","0/0","0/0","0/1","0/0","0/0","0/1","0/1","0/1","0/0","0/0","0/1","1/1","1/1","1/1","1/1","0/1","0/1","0/0","0/1","0/1","0/1","0/1","0/1","0/0","0/0","0/1","0/1","0/1","0/1","0/1","1/1","0/1","0/1","0/1","0/1","0/0","0/0","1/1","1/1","1/1","1/1","1/1","0/0","1/1","0/1","0/1","0/1","0/1","0/0","0/0","0/0","0/0","1/1","1/1","1/1","1/1","1/1","1/1","0/1","0/1","0/1","0/0","0/0","0/0","0/0","0/0","0/0","0/0","0/0","1/1","1/1","1/1","1/1"
"chr18:47812274_TCTG/T_CXXC1","0/0","0/0","0/0","0/0","0/0","0/0","0/0","0/0","0/0","0/0","0/0","0/0","0/0","0/0","0/0","0/0","0/0","0/0","0/0","0/0","0/0","0/0","0/0","0/0","0/0","0/0","0/0","0/0","0/0","0/0","0/0","0/0","0/0","0/0","0/0","0/0","0/0","0/0","0/0","0/0","0/0","0/0","0/0","0/0","0/0","0/0","0/0","0/0","0/0","0/0","0/0","0/0","0/0","0/0","0/0","0/0","0/0","0/0","0/0","0/0","0/0","0/0","0/0","0/0","0/0","0/0","0/0","0/0","0/0","0/0","0/0","0/0","0/0","0/0","0/0","0/0","0/0","0/0","0/0","0/0","0/0","0/0","0/0","0/0","0/0","0/0","0/0","0/0","0/0","0/0","0/0","0/0","0/0","0/0","0/0","0/0","0/0","0/0","0/0","0/0","0/0","0/0","0/0","0/0","0/0","0/0","0/0","0/0","0/0","0/0","0/0","0/0","0/0","0/0","0/0","0/0","0/0","0/0","0/0","0/0","0/0","0/0","0/0","0/0","0/0","0/0","0/0","0/1","0/0","0/0","0/0","0/0","0/0","0/0","0/0","0/0","0/0","0/0","0/0","0/0","0/0","0/0","0/0","0/0","0/0","0/0","0/0","0/0","0/0","0/0","0/0","0/0","0/0"
"chr18:48593444_G/GATTTGAAGCATGACTTCTCACTTTT_SMAD4","0/0","0/0","0/0","0/0","0/0","0/0","0/0","0/0","0/0","0/0","0/0","0/0","0/0","0/0","0/0","0/0","0/0","0/0","0/0","0/0","0/0","0/0","0/0","0/0","0/0","0/0","0/0","0/0","0/0","0/0","0/0","0/0","0/0","0/0","0/0","0/0","0/0","0/0","0/0","0/0","0/0","0/0","0/0","0/0","0/0","0/0","0/0","0/0","0/0","0/0","0/0","0/0","0/0","0/0","0/0","0/0","0/0","0/0","0/0","0/0","0/0","0/0","0/0","0/0","0/0","0/0","0/0","0/0","0/0","0/0","0/0","0/0","0/0","0/0","0/0","0/0","0/0","0/0","0/0","0/0","0/0","0/0","0/0","0/0","0/0","0/0","0/0","0/0","0/0","0/0","0/0","0/0","0/0","0/0","0/0","0/0","0/0","0/0","0/0","0/0","0/0","0/0","0/0","0/0","0/0","0/0","0/0","0/0","0/0","0/0","0/0","0/0","0/0","0/0","0/0","0/0","0/0","0/0","0/0","0/0","0/0","0/0","0/0","0/0","0/0","0/0","0/0","0/0","0/0","0/0","0/0","0/0","0/0","0/0","0/0","0/0","0/0","0/0","0/1","0/0","0/0","0/0","0/0","0/0","0/0","0/0","0/0","0/0","0/0","0/0","0/0","0/0","0/0"
"chr18:48723145_CGCCGCCGCG/C_MEX3C","0/0","0/0","0/0","0/0","0/1","0/0","0/0","0/0","0/0","0/1","0/0","0/1","0/0","0/0","0/1","0/0","1/1","0/0","0/1","0/0","0/0","0/1","0/0","0/0","0/1","0/1","0/0","0/0","0/0","0/1","0/0","0/0","0/1","0/0","0/0","0/1","0/0","0/0","0/0","0/0","1/1","0/0","1/1","0/0","0/1","0/0","0/0","0/0","0/0","0/0","0/1","0/0","0/1","0/0","0/0","0/0","0/0","0/1","0/0","0/1","0/0","0/0","0/1","0/0","0/0","0/0","1/1","0/0","0/0","1/1","0/0","0/0","0/0","0/1","0/1","0/0","0/0","0/1","0/1","0/0","0/0","0/0","0/1","0/0","0/0","1/1","1/1","0/0","1/1","1/1","0/0","0/0","0/0","0/1","0/1","0/0","0/0","0/0","0/1","0/1","0/1","0/1","0/1","1/1","1/1","0/0","0/0","0/0","0/0","0/1","0/0","0/1","0/1","0/1","0/0","0/0","0/0","0/0","0/1","0/0","0/1","0/1","0/0","0/0","0/0","0/0","0/1","0/1","0/0","0/0","0/0","0/0","1/1","0/0","1/1","1/1","0/0","0/0","0/0","0/1","0/0","0/0","0/0","0/1","0/1","0/1","0/1","0/1","0/1","0/0","0/0","0/0","0/0"
"chr18:48723469_T/TGCCGGG_MEX3C","0/0","0/0","0/0","0/0","0/0","0/0","0/0","0/1","0/0","0/0","0/0","0/0","0/0","0/0","0/0","0/0","0/0","0/0","0/0","0/0","0/0","0/0","0/1","0/0","0/0","0/0","0/0","0/0","0/0","0/0","0/0","0/0","0/0","0/0","0/0","0/0","0/0","0/0","0/0","0/0","0/0","0/0","0/0","0/0","0/0","0/0","0/0","0/1","0/0","0/0","0/0","0/0","0/0","0/0","0/0","0/0","0/0","0/0","0/0","0/0","0/0","0/0","0/0","0/0","0/0","0/1","0/0","0/0","0/0","0/0","0/1","0/0","0/0","0/0","0/0","0/0","0/0","0/0","0/0","0/0","0/0","0/0","0/0","0/1","0/0","0/0","0/0","0/1","0/0","0/0","0/0","0/1","0/1","0/0","0/0","0/0","0/1","0/0","0/0","0/0","0/0","0/0","0/0","0/0","0/0","0/0","0/0","0/0","0/0","0/0","0/1","0/0","0/0","0/0","0/0","0/0","0/0","0/0","0/0","0/0","0/0","0/0","0/0","0/0","0/0","0/0","0/0","0/0","0/0","0/1","0/1","0/0","0/0","0/0","0/0","0/0","0/0","0/0","0/0","0/0","0/0","0/0","0/0","0/0","0/0","0/0","0/0","0/0","0/0","0/0","0/0","0/0","0/0"
"chr18:48723607_T/TGGC_MEX3C","0/0","0/0","0/0","0/0","0/0","0/0","0/0","0/0","0/0","0/0","0/0","0/0","0/0","0/0","0/0","0/0","0/0","0/0","0/0","0/0","0/0","0/0","0/0","0/0","0/0","0/0","0/0","0/0","0/0","0/0","0/0","0/0","0/0","0/0","0/0","0/0","0/0","0/0","0/0","0/0","0/0","0/0","0/0","0/0","0/0","0/0","0/0","0/0","0/0","0/0","0/0","0/0","0/0","0/0","0/0","0/0","0/0","0/0","0/0","0/0","0/0","0/0","0/0","0/0","0/0","0/0","0/0","0/0","0/0","0/0","0/0","0/0","0/0","0/0","0/0","0/0","0/0","0/0","0/0","0/0","0/0","0/0","0/0","0/0","0/0","0/0","0/0","0/0","0/1","0/1","0/0","0/0","0/0","0/0","0/0","0/0","0/0","0/0","0/0","0/0","0/0","0/0","0/0","0/0","0/0","0/0","0/0","0/0","0/0","0/0","0/0","0/0","0/0",".","0/0","0/0","0/0",".","0/0","0/0","0/0","0/0","0/0","0/0","0/0","0/0","0/0","0/0","0/0","0/0",".","0/0","0/0","0/0","0/0","0/0","0/0","0/0","0/0","0/0","0/0","0/0","0/0","0/0","0/0","0/0","0/0","0/0","0/0","0/0","0/0","0/0","0/0"
"chr18:51750458_CG/C_MBD2","0/0","0/0","0/0","0/0","0/0","0/0","0/0","0/0","0/0","0/0","0/0","0/0","0/0","0/0","0/0","0/0","0/0","0/0","0/0","0/0","0/0","0/0","0/0","0/0","0/0","0/0","0/0","0/0","0/0","0/0","0/0","0/0","0/0","0/0","0/0","0/0","0/1","0/0","0/0","0/0","0/0","0/0","0/0","0/0","0/0","0/0","0/0","0/0","0/0","0/0","0/0","0/0","0/0","0/0","0/0","0/0","0/0","0/0","0/0","0/0","0/0","0/0","0/0","0/0","0/0","0/0","0/0","0/0","0/0","0/0","0/0","0/0","0/0","0/0","0/0","0/0","0/0","0/0","0/0","0/0","0/0","0/0","0/0","0/0","0/0","0/0","0/0","0/0","0/0","0/0","0/0","0/0","0/0","0/0","0/0","0/0","0/0","0/0","0/0","0/0","0/0","0/0","0/0","0/0","0/0","0/0","0/0","0/0","0/0","0/0","0/0","0/0","0/0","0/0","0/0","0/0","0/0","0/0","0/0","0/0","0/0","0/0","0/0","0/0","0/0","0/0","0/0","0/0","0/0","0/0","0/0","0/0","0/0","0/0","0/0","0/0","0/0","0/0","0/0","0/0","0/0","0/0","0/0","0/0","0/0","0/0","0/0","0/0","0/0","0/0","0/0","0/0","0/0"
"chr18:51795957_GCGA/G_POLI","0/1","0/1","0/1","1/1","1/1","1/1","0/1","0/1","0/1","1/1","1/1","1/1","1/1","0/1","1/1","0/0","1/1","0/0","0/1","1/1","0/1","1/1","0/1","1/1","0/1","1/1","0/1","0/1","1/1","1/1","1/1","1/1","0/1","0/1","0/1","1/1","0/1","1/1","0/1","1/1","0/0","1/1","0/1","1/1","0/1","1/1","0/1","1/1","0/1","1/1","1/1","1/1","0/1","0/1","0/0","1/1","1/1","0/1","1/1","0/1","1/1","1/1","1/1","0/0","0/0","0/1","0/1","0/0","0/0","1/1","0/1","1/1","1/1","1/1","1/1","0/1","0/1","0/0","0/0","0/1","0/1","1/1","1/1","0/1","0/1","1/1","1/1","0/1","1/1","1/1","0/1","1/1","1/1","1/1","1/1","0/1","0/1","0/0","1/1","1/1","1/1","1/1","1/1","0/1","0/1","0/1","0/1","1/1","1/1","1/1","1/1","0/1","0/1","0/1","1/1","0/2","0/2","0/1","1/1","0/1","1/1","1/1","0/2","0/1","1/1","1/1","0/1","0/1","1/1","1/1","1/1","0/1","0/1","1/1","0/1","0/1","1/1","1/1","0/1","0/1","0/1","0/1","0/1","1/1","1/1","1/1","0/1","0/1","0/1","0/1","0/1","0/1","0/1"
"chr18:55103086_G/GGGCGGCGGGGGC_ONECUT2","0/0","0/0","0/0","0/0","0/0","0/0","0/0","0/0","0/0","0/0","0/0","0/0","0/0","0/0","0/0","0/0","0/0","0/0","0/0","0/0","0/0","0/0","0/0","0/0","0/0","0/0","0/0","0/0","0/0","0/0","0/0","0/0","0/0","0/0","0/0","0/1","0/0","0/0","0/0","0/0","0/0","0/0","0/0","0/0","0/0","0/0","0/0","0/0","0/0","0/0","0/0","0/0","0/0","0/0","0/0","0/0","0/0","0/0","0/0","0/0","0/0","0/0","0/0","0/0","0/0","0/0","0/0","0/0","0/0","0/0","0/0","0/0","0/0","0/0","0/0","0/0","0/0","0/0","0/0","0/0","0/0","0/0","0/0","0/0","0/0","0/0","0/0","0/0","0/0","0/0","0/0","0/0","0/0","0/0","0/0","0/0","0/0","0/0","0/0","0/0","0/0","0/0","0/0","0/0","0/0","0/0","0/0","0/0","0/0","0/0","0/0","0/0","0/0","0/0","0/0","0/0","0/0","0/0","0/0","0/0","0/0","0/0","0/0","0/0","0/0","0/0","0/0","0/0","0/0","0/0","0/0","0/0","0/0","0/0","0/0","0/0","0/0","0/0","0/0","0/0","0/0","0/0","0/0","0/0","0/0","0/0","0/0","0/0","0/0","0/0","0/0","0/0","0/0"
"chr18:55336626_AT/GT_ATP8B1","0/0","0/0","0/0","0/0","0/0","0/0","0/0","0/0","0/0","0/0","0/0","0/0","0/0","0/0","0/1","0/0","0/0","0/0","0/0","0/0","0/0","0/0","0/0","0/1","0/0","0/0","0/0","0/0","0/0","0/0","0/0","0/1","0/0","0/0","0/0","0/0","0/0","0/0","0/0","0/0","0/0","0/0","0/0","0/0","0/0","0/0","0/0","0/0","0/0","0/1","0/0","0/0","0/1","0/0","0/0","0/1","0/0","0/0","0/0","0/0","0/0","0/0","0/0","0/0","0/0","0/0","0/0","0/1","0/1","0/0","0/0","0/1","0/1","0/0","0/0","0/0","0/0","0/1","0/1","0/0","0/0","0/2","0/0","0/0","0/0","0/0","0/0","0/0","0/0","0/0","0/0","0/0","0/0","0/0","0/0","0/0","0/0","0/0","0/0","0/0","0/1","0/0","0/1","0/0","0/0","0/0","0/0","0/0","0/0","0/0","0/0","0/0","0/0","0/0","0/0","0/0","0/0","0/0","0/0","0/0","0/0","0/0","0/0","0/0","0/0","0/0","0/0","0/0","0/0","0/0","0/0","0/0","0/0","0/0","0/0","0/0","0/0","0/0","0/1","0/1","0/1","0/0","0/0","0/0","0/0","0/0","0/0","0/0","0/0","0/0","0/0","0/0","0/0"
"chr18:56054667_TCAGGGA/T_NEDD4L","0/0","0/0","0/0","0/0","0/0","0/0","0/0","0/0","0/0","0/0","0/0","0/0","0/0","0/0","0/0","0/0","0/0","0/0","0/0","0/0","0/0","0/0","0/0","0/0","0/0","0/0","0/0","0/0","0/0","0/0","0/0","0/0","0/0","0/0","0/0","0/0","0/0","0/0","0/0","0/0","0/0","0/1","0/0","0/0","0/0","0/0","0/0","0/0","0/0","0/0","0/0","0/0","0/0","0/0","0/0","0/0","0/0","0/0","0/0","0/0","0/0","0/0","0/0","0/0","0/0","0/0","0/0","0/0","0/0","0/0","0/0","0/0","0/0","0/0","0/0","0/0","0/0","0/0","0/0","0/0","0/0","0/0","0/0","0/0","0/0","0/0","0/0","0/0","0/0","0/1","0/0","0/0","0/0","0/0","0/0","0/0","0/0","0/0","0/0","0/0","0/0","0/0","0/0","0/0","0/0","0/0","0/0","0/0","0/0","0/0","0/0","0/0","0/0","0/0","0/0","0/0","0/0","0/0","0/0","0/0","0/0","0/0","0/0","0/0","0/0","0/0","0/0","0/0","0/0","0/0","0/0","0/0","0/0","0/0","0/0","0/0","0/0","0/0","0/0","0/0","0/0","0/0","0/0","0/0","0/0","0/0","0/0","0/0","0/0","0/0","0/0","0/0","0/0"
"chr18:56204387_ACAGTTGATGTGTCCT/A_ALPK2","0/1","0/1","0/1","0/0","0/1","0/1","0/0","0/0","0/0","0/0","0/0","0/0","0/1","0/1","0/0","0/0","0/0","0/1","0/1","0/1","0/0","0/0","0/1","0/0","0/0","0/0","0/1","0/0","0/0","0/0","0/0","0/0","0/1","0/1","0/0","0/0","0/1","0/1","0/1","0/1","0/0","0/0","0/0","0/0","0/0","0/1","0/0","0/0","0/0","0/0","0/0","0/0","0/0","0/0","0/0","0/1","0/1","0/0","0/0","0/0","0/0","0/1","1/1","0/1","0/1","0/1","0/0","0/0","0/0","0/0","0/1","0/0","0/0","0/0","0/0","0/0","0/0","0/0","0/0","0/0","0/0","0/0","0/0","0/0","0/0","0/0","0/0","0/0","0/1","0/1","0/1","0/0","0/0","0/1","0/1","0/1","0/0","1/1","0/0","0/0","0/0","0/0","0/0","0/0","0/0","0/0","0/0","0/1","0/1","0/0","0/0","0/0","0/0","0/0","0/0","0/1","0/1","0/1","0/0","0/1","0/0","0/0","0/1","0/1","0/0","0/0","0/0","0/0","0/1","0/1","0/1","0/1","0/0","0/0","0/0","0/0","0/0","0/0","0/1","0/1","0/1","0/1","0/1","0/1","0/1","0/1","0/1","0/1","0/1","0/0","0/0","0/0","0/0"
"chr18:56586773_TC/T_ZNF532","0/0","0/0","0/0","0/0","0/0","0/0","0/0","0/0","0/0","0/0","0/0","0/0","0/0","0/0","0/0","0/0","0/0","0/0","0/0","0/0","0/0","0/0","0/0","0/0","0/0","0/0","0/0","0/0","0/0","0/0","0/0","0/0","0/0","0/0","0/0","0/0","0/1","0/0","0/0","0/0","0/0","0/0","0/0","0/0","0/0","0/0","0/0","0/0","0/0","0/0","0/0","0/0","0/0","0/0","0/0","0/0","0/0","0/0","0/0","0/0","0/0","0/0","0/0","0/0","0/0","0/0","0/0","0/0","0/0","0/0","0/0","0/0","0/0","0/0","0/0","0/0","0/0","0/0","0/0","0/0","0/0","0/0","0/0","0/0","0/0","0/0","0/0","0/0","0/0","0/0","0/0","0/0","0/0","0/0","0/0","0/0","0/0","0/0","0/0","0/0","0/0","0/0","0/0","0/0","0/0","0/0","0/0","0/0","0/0","0/0","0/0","0/0","0/0","0/0","0/0","0/0","0/0","0/0","0/0","0/0","0/0","0/0","0/0","0/0","0/0","0/0","0/0","0/0","0/0","0/0","0/0","0/0","0/0","0/0","0/0","0/0","0/0","0/0","0/0","0/0","0/0","0/0","0/0","0/0","0/0","0/0","0/0","0/0","0/0","0/0","0/0","0/0","0/0"
"chr18:60190786_C/CCCG_ZCCHC2","0/1",".",".",".","0/0","0/0",".",".","1/1","1/1","0/1","1/1","0/0","0/0","0/1","0/0","0/1","1/1","0/0","0/1","1/1","1/1","0/1","0/0","1/1","1/1","0/1","0/1","1/1","1/1","0/1","0/1","1/1","1/1",".","1/1","1/1",".","1/1","1/1","1/1","0/0","1/1","1/1","0/0","0/0",".","0/0","0/1",".",".","1/1",".","1/1","1/1","1/1","0/1","0/0","1/1","1/1","0/1","1/1","0/1","0/0","0/1","0/0","1/1","1/1","0/1","1/1","0/0","1/1","1/1",".","0/1","0/0","0/1","0/1","0/0","0/1","1/1","1/1","1/1","0/1","0/0","0/0","1/1","1/1","0/1","0/0","0/0","1/1","1/1","1/1","0/0","0/0","1/1","1/1","0/0","0/1","0/0","0/0","0/0","0/1",".","0/1",".","1/1",".","0/0","1/1",".",".","0/1","0/0",".",".","0/0",".","0/0","1/1","1/1","1/1","0/0","0/0","0/0",".",".",".","1/1","1/1","0/0","0/1","0/1",".","0/0","0/0","1/1","0/1","1/1","0/0","1/1","0/1","1/1","1/1","1/1","1/1","1/1","1/1","0/1","0/0",".","0/0"
"chr18:60190789_GCCGCCGCCGCCGCCGCCCGCGGGCCCGTCGCGGGGCCCT/G_ZCCHC2","0/0",".","0/0","0/0","0/0","0/0","0/0",".","0/0","0/0","0/0","0/0","0/0","0/0","0/0","0/0","0/0","0/0","0/0","0/0","0/0","0/0","0/0","0/0","0/0","0/0","0/0","0/0","0/0","0/0","0/0","0/0","0/0","0/0",".","0/0","0/0","0/0","0/0","0/0","0/0","0/0","0/0","0/0","0/0","0/0","0/0","0/0","0/0","1/1",".","0/0","0/0","0/0","0/0","0/0","0/0","0/0","0/0","0/0","0/0","0/0","0/0","0/0","0/0","0/0","0/0","0/0","0/0","0/0","0/0","0/0","0/0","0/0","0/0","0/0","0/0","0/0","0/0","0/0","0/0","0/0","0/0","0/0","0/0","0/0","0/0","0/0","0/0","0/0","0/0","0/0","0/0","0/0",".","0/0","0/0","0/0","0/0","0/0","0/0","0/0","0/0","0/0",".","0/0","0/0","0/0","0/0","0/0","0/0","0/0",".","0/0","0/0","0/0","0/0","0/0",".","0/0","0/0","0/0","0/0","0/0","0/0","0/0","0/0","0/0","0/0","0/0","0/0","0/0","0/0","0/0",".","0/0","0/0","0/0","0/0","0/0","0/0","0/0","0/0","0/0","0/0","0/0","0/0","0/0","0/0","0/0","0/0",".","0/0"
"chr18:60241596_TAAGGGAGTCTGC/T_ZCCHC2","0/0","0/0","0/0","0/0","0/0","0/0","0/0","0/0","0/0","0/0","0/0","0/0","0/0","0/0","0/0","0/0","0/0","0/0","0/0","0/0","0/0","0/0","0/0","0/0","0/0","0/0","0/0","0/0","0/0","0/0","0/0","0/0","0/0","0/0","0/0","0/0","0/0","0/0","0/0","0/0","0/0","0/0","0/0","0/0","0/0","0/0","0/0","0/0","0/0","0/0","0/0","0/0","0/0","0/0","0/0","0/0","0/0","0/0","0/0","0/0","0/0","0/0","0/0","0/0","0/0","0/0","0/0","0/0","0/0","0/0","0/0","0/0","0/0","0/0","0/0","0/0","0/0","0/0","0/0","0/0","0/0","0/0","0/0","0/0","0/0","0/0","0/0","0/0","0/0","0/0","0/0","0/0","0/0","0/0","0/0","0/0","0/0","0/0","0/0","0/0","0/0","0/0","0/0","0/1","0/0","0/0","0/0","0/0","0/0","0/0","0/0","0/0","0/0","0/0","0/0","0/0","0/0","0/0","0/0","0/0","0/0","0/0","0/0","0/0","0/0","0/0","0/0","0/0","0/0","0/0","0/0","0/0","0/0","0/0","0/0","0/0","0/0","0/0","0/0","0/0","0/0","0/0","0/0","0/0","0/0","0/0","0/0","0/0","0/0","0/0","0/0","0/0","0/0"
"chr18:60241612_TTC/T_ZCCHC2","0/0","0/0","0/0","0/0","0/0","0/0","0/0","0/0","0/0","0/0","0/0","0/0","0/0","0/0","0/0","0/0","0/0","0/0","0/0","0/0","0/0","0/0","0/0","0/0","0/0","0/0","0/0","0/0","0/0","0/0","0/0","0/0","0/0","0/0","0/0","0/0","0/0","0/0","0/0","0/0","0/0","0/0","0/0","0/0","0/0","0/0","0/0","0/0","0/0","0/0","0/0","0/0","0/0","0/0","0/0","0/0","0/0","0/0","0/0","0/0","0/0","0/0","0/0","0/0","0/0","0/0","0/0","0/0","0/0","0/0","0/0","0/0","0/0","0/0","0/0","0/0","0/0","0/0","0/0","0/0","0/0","0/0","0/0","0/0","0/0","0/0","0/0","0/0","0/0","0/0","0/0","0/0","0/0","0/0","0/0","0/0","0/0","0/0","0/0","0/0","0/0","0/0","0/0","0/1","0/0","0/0","0/0","0/0","0/0","0/0","0/0","0/0","0/0","0/0","0/0","0/0","0/0","0/0","0/0","0/0","0/0","0/0","0/0","0/0","0/0","0/0","0/0","0/0","0/0","0/0","0/0","0/0","0/0","0/0","0/0","0/0","0/0","0/0","0/0","0/0","0/0","0/0","0/0","0/0","0/0","0/0","0/0","0/0","0/0","0/0","0/0","0/0","0/0"
"chr18:60241615_AACCCCT/A_ZCCHC2","0/0","0/0","0/0","0/0","0/0","0/0","0/0","0/0","0/0","0/0","0/0","0/0","0/0","0/0","0/0","0/0","0/0","0/0","0/0","0/0","0/0","0/0","0/0","0/0","0/0","0/0","0/0","0/0","0/0","0/0","0/0","0/0","0/0","0/0","0/0","0/0","0/0","0/0","0/0","0/0","0/0","0/0","0/0","0/0","0/0","0/0","0/0","0/0","0/0","0/0","0/0","0/0","0/0","0/0","0/0","0/0","0/0","0/0","0/0","0/0","0/0","0/0","0/0","0/0","0/0","0/0","0/0","0/0","0/0","0/0","0/0","0/0","0/0","0/0","0/0","0/0","0/0","0/0","0/0","0/0","0/0","0/0","0/0","0/0","0/0","0/0","0/0","0/0","0/0","0/0","0/0","0/0","0/0","0/0","0/0","0/0","0/0","0/0","0/0","0/0","0/0","0/0","0/0","0/1","0/0","0/0","0/0","0/0","0/0","0/0","0/0","0/0","0/0","0/0","0/0","0/0","0/0","0/0","0/0","0/0","0/0","0/0","0/0","0/0","0/0","0/0","0/0","0/0","0/0","0/0","0/0","0/0","0/0","0/0","0/0","0/0","0/0","0/0","0/0","0/0","0/0","0/0","0/0","0/0","0/0","0/0","0/0","0/0","0/0","0/0","0/0","0/0","0/0"
"chr18:60241623_TTGG/T_ZCCHC2","0/0","0/0","0/0","0/0","0/0","0/0","0/0","0/0","0/0","0/0","0/0","0/0","0/0","0/0","0/0","0/0","0/0","0/0","0/0","0/0","0/0","0/0","0/0","0/0","0/0","0/0","0/0","0/0","0/0","0/0","0/0","0/0","0/0","0/0","0/0","0/0","0/0","0/0","0/0","0/0","0/0","0/0","0/0","0/0","0/0","0/0","0/0","0/0","0/0","0/0","0/0","0/0","0/0","0/0","0/0","0/0","0/0","0/0","0/0","0/0","0/0","0/0","0/0","0/0","0/0","0/0","0/0","0/0","0/0","0/0","0/0","0/0","0/0","0/0","0/0","0/0","0/0","0/0","0/0","0/0","0/0","0/0","0/0","0/0","0/0","0/0","0/0","0/0","0/0","0/0","0/0","0/0","0/0","0/0","0/0","0/0","0/0","0/0","0/0","0/0","0/0","0/0","0/0","0/1","0/0","0/0","0/0","0/0","0/0","0/0","0/0","0/0","0/0","0/0","0/0","0/0","0/0","0/0","0/0","0/0","0/0","0/0","0/0","0/0","0/0","0/0","0/0","0/0","0/0","0/0","0/0","0/0","0/0","0/0","0/0","0/0","0/0","0/0","0/0","0/0","0/0","0/0","0/0","0/0","0/0","0/0","0/0","0/0","0/0","0/0","0/0","0/0","0/0"
"chr18:60382986_CCGGCGGCCGCCGCTGCGGCAGCAGCAGCAGCAGCGGCGGCCG/C_PHLPP1","0/0","0/0","0/0","0/0","0/0","0/0","0/0","0/1","0/0","0/1","0/0","0/0","0/0","0/1","0/0","0/0","0/1","0/0","0/1","0/0","0/0","0/1","0/1","0/0","0/0","0/0","0/0","0/0","0/0","0/0","0/0","0/0","0/0","0/1","0/0","0/0","0/0","0/0","0/1","0/0","0/0","0/0","0/1","0/0","0/0","0/0","0/0","0/0","0/0","0/0","0/0","0/0","0/0","0/0","0/0","0/0","0/0","0/0","0/0","0/1","0/0","0/0","0/1","0/0","0/0","0/0","0/1","0/0","0/0","0/0","0/1","0/1","0/0","0/0","0/0","0/0","0/0","0/1","0/1","0/0","0/0","0/0","0/0","0/0","0/0","0/0","0/0","0/0","0/1","0/0","0/0","0/1","0/0","0/0","0/0","0/1","0/1","0/1","0/1","0/0","0/0","0/0","0/0","0/1","0/1","0/1","0/0","0/0","0/1","0/0","0/1","0/1","0/0","0/0","0/0","0/0","0/0","0/1","0/1","0/0","0/0","0/0","0/0","0/0","0/0","0/0","0/0","0/0","0/0","0/0","0/0","0/0","0/0","0/1","0/0","0/0","0/0","0/0","0/1","0/0","0/1","0/0","0/1","0/0","0/0","0/0","0/0","0/1","0/0","0/0","0/0","0/0","0/0"
"chr18:61255993_CT/C_SERPINB13","0/0","0/0","0/0","0/0","0/0","0/0","0/0","0/0","0/0","0/0","0/0","0/0","0/0","0/0","0/0","0/0","0/0","0/0","0/0","0/0","0/0","0/0","0/0","0/0","0/0","0/0","0/0","0/0","0/0","0/0","0/0","0/0","0/0","0/0","0/0","0/0","0/0","0/0","0/0","0/0","0/0","0/0","0/0","0/0","0/0","0/0","0/0","0/0","0/0","0/0","0/0","0/0","0/0","0/0","0/0","0/0","0/0","0/0","0/0","0/0","0/0","0/0","0/0","0/0","0/0","0/0","0/0","0/0","0/0","0/0","0/0","0/0","0/0","0/0","0/0","0/0","0/0","0/0","0/0","0/0","0/0","0/0","0/0","0/0","0/0","0/0","0/0","0/0","0/0","0/0","0/0","0/0","0/0","0/0","0/0","0/0","0/0","0/0","0/0","0/0","0/0","0/0","0/0","0/0","0/0","0/0","0/0","0/0","0/0","0/0","0/0","0/0","0/0","0/0","0/0","0/0","0/0","0/0","0/0","0/0","0/0","0/0","0/0","0/0","0/0","0/0","0/0","0/0","0/1","0/1","0/1","0/0","0/0","0/0","0/0","0/0","0/0","0/0","0/0","0/0","0/0","0/0","0/0","0/0","0/0","0/0","0/0","0/0","0/0","0/0","0/0","0/0","0/0"
"chr18:61468148_TTGTC/T_SERPINB7","0/0","0/0","0/0","0/0","0/0","0/0","0/0","0/0","0/0","0/0","0/0","0/0","0/0","0/0","0/0","0/0","0/0","0/0","0/0","0/0","0/0","0/0","0/0","0/0","0/0","0/0","0/0","0/0","0/0","0/0","0/0","0/0","0/0","0/0","0/0","0/0","0/0","0/0","0/0","0/0","0/0","0/1","0/0","0/0","0/0","0/0","0/0","0/0","0/0","0/0","0/0","0/0","0/0","0/0","0/0","0/0","0/0","0/0","0/0","0/0","0/0","0/0","0/0","0/0","0/0","0/0","0/0","0/0","0/0","0/0","0/0","0/0","0/0","0/0","0/0","0/0","0/0","0/0","0/0","0/0","0/0","0/0","0/0","0/0","0/0","0/0","0/0","0/0","0/0","0/0","0/0","0/0","0/0","0/0","0/0","0/0","0/0","0/0","0/0","0/0","0/0","0/0","0/0","0/0","0/0","0/0","0/0","0/0","0/0","0/0","0/0","0/0","0/0","0/0","0/0","0/0","0/0","0/0","0/0","0/0","0/0","0/0","0/0","0/0","0/0","0/0","0/0","0/0","0/0","0/0","0/0","0/0","0/0","0/0","0/0","0/0","0/0","0/0","0/0","0/0","0/0","0/0","0/0","0/0","0/0","0/0","0/0","0/0","0/0","0/0","0/0","0/0","0/0"
"chr18:66377257_CTAGAA/C_TMX3","0/0","0/0","0/0","0/0","0/0","0/0","0/0","0/0","0/0","0/0","0/0","0/0","0/0","0/0","0/0","0/0","0/0","0/0","0/0","0/0","0/0","0/0","0/0","0/0","0/0","0/0","0/0","0/0","0/0","0/0","0/0","0/0","0/0","0/0","0/0","0/0","0/0","0/0","0/0","0/0","0/0","0/0","0/0","0/0","0/0","0/0","0/0","0/0","0/0","0/0","0/0","0/0","0/0","0/0","0/0","0/0","0/0","0/0","0/0","0/0","0/0","0/0","0/0","0/0","0/0","0/0","0/0","0/0","0/0","0/0","0/0","0/0","0/0","0/0","0/0","0/0","0/0","0/0","0/0","0/0","0/0","0/0","0/0","0/0","0/0","0/0","0/0","0/0","0/0","0/0","0/0","0/0","0/0","0/0","0/0","0/0","0/0","0/0","0/0","0/0","0/0","0/0","0/0","0/0","0/0","0/0","0/0","0/0","0/1","0/0","0/0","0/0","0/0","0/0","0/0","0/0","0/0","0/0","0/0","0/0","0/0","0/0","0/0","0/0","0/0","0/0","0/0","0/0","0/0","0/0","0/0","0/0","0/0","0/0","0/0","0/0","0/0","0/0","0/0","0/0","0/0","0/0","0/0","0/0","0/0","0/0","0/0","0/0","0/0","0/0","0/0","0/0","0/0"
"chr18:67863850_T/TCTC_RTTN","1/1","1/1","1/1","1/1","1/1","1/1","1/1","1/1","1/1","1/1","1/1","1/1","1/1","1/1","1/1","1/1","1/1","1/1","1/1","1/1","1/1","1/1","1/1","1/1","1/1","1/1","1/1","1/1","1/1","1/1","1/1","1/1","1/1","1/1","1/1","1/1","1/1","1/1","1/1","1/1","1/1","1/1","1/1","1/1","1/1","1/1","1/1","1/1","1/1","1/1","1/1","1/1","1/1","1/1","1/1","1/1","1/1","1/1","1/1","1/1","1/1","1/1","1/1","1/1","1/1","1/1","1/1","1/1","1/1","1/1","1/1","1/1","1/1","1/1","1/1","1/1","1/1","1/1","1/1","1/1","1/1","1/1","1/1","1/1","1/1","1/1","1/1","1/1","1/1","1/1","1/1","1/1","1/1","1/1","1/1","1/1","1/1","1/1","1/1","1/1","1/1","1/1","1/1","1/1","1/1","1/1","1/1","1/1","1/1","1/1","1/1","1/1","1/1","1/1","1/1","1/1","1/1","1/1","1/1","1/1","1/1","1/1","1/1","1/1","1/1","1/1","1/1","1/1","1/1","1/1","1/1","1/1","1/1","1/1","1/1","1/1","1/1","1/1","1/1","1/1","1/1","1/1","1/1","1/1","1/1","1/1","1/1","1/1","1/1","1/1","1/1","1/1","1/1"
"chr18:72223591_G/GTGC_CNDP1","1/1","1/1","1/1","1/1","1/1","1/1","1/1","1/1","1/1","0/1","1/1","1/1","1/1","1/1","1/1","1/1","1/1","1/1","1/1","0/1","1/1","0/1","1/1","1/1","1/1","1/1","0/0","1/1","1/1","1/1","1/1","1/1","1/1","0/1","1/1","1/1","1/1","0/1","1/1","1/1","1/1","0/1","1/1","1/1","0/1","1/1","1/1","0/1","1/1","0/1","1/1","1/1","1/1","1/1","1/1","1/1","0/1","1/1","1/1","1/1","0/0","0/1","1/1","0/1","0/1","1/1","1/1","1/1","1/1","1/1","1/1","1/1","1/1","1/1","1/1","1/1","1/1","1/1","1/1","1/1","1/1","1/1","1/1","1/1","1/1","1/1","1/1","1/1","0/1","0/1","1/1","1/1","1/1","1/1","1/1","1/1","1/1","1/1","1/1","1/1","1/1","1/1","1/1","1/1","1/1","1/1","1/1","1/1","1/1","1/1","1/1","1/1","1/1","1/1","0/1","1/1","1/1","1/1","1/1","1/1","1/1","1/1","1/1","0/1","0/1","0/1","1/1","1/1","1/1","1/1","1/1","1/1","1/1","1/1","1/1","1/1","1/1","1/1","1/1","1/1","1/1","1/1","1/1","1/1","1/1","1/1","0/1","0/1","0/1","1/1","1/1","1/1","0/1"
"chr18:74208485_CG/C_C18orf65","0/1","0/1","0/1","0/1","1/1","1/1","0/1","0/1","0/1","0/1","0/1","0/0","0/1","1/1","1/1","0/1","0/0","1/1","0/1","0/1","0/1","0/1","1/1","1/1","0/1","0/0","0/1","0/0","0/1","0/1","0/0","0/1","0/0","0/0","1/1","0/1","0/0","1/1","1/1","1/1","0/1","1/1","0/1","0/0","0/1","1/1","0/0","0/1","0/0","1/1","1/1","1/1","0/1","1/1","0/1","1/1","0/0","0/1","0/0","0/0","1/1","1/1","0/1","0/1","0/1","0/0","0/1","0/1","0/1","0/1","0/0","0/1","0/1","0/1","0/1","0/0","0/0","0/0","0/0","1/1","1/1","0/1","1/1","0/0","0/0","0/1","0/1","1/1","1/1","1/1","0/1","1/1","1/1","0/1","0/1","0/1","1/1","0/1","0/1","0/1","0/0","0/1","0/0","0/1","0/1","1/2","1/2","0/0","0/0","0/1","0/1","0/1","0/1","0/1","0/1","0/1","0/1","1/1","1/1","1/1","1/1","1/1","0/1","1/1","0/1","0/0","0/1","0/1","0/1","0/1","0/1","0/0","1/1","1/1","1/1","1/1","1/1","1/1","0/1","0/1","0/0","0/0","0/0","1/1","1/1","1/1","0/1","0/1","0/1","1/1","1/1","1/1","1/1"
"chr18:74208545_T/TGGGGGGGGGGGGG_C18orf65",".",".",".",".","0/0",".","0/0",".",".","0/0",".",".",".",".",".",".",".",".",".",".","0/0","0/1","0/0",".","0/0",".","0/0",".",".",".",".","0/0",".",".",".",".",".",".",".",".","0/0",".",".",".",".","0/0",".",".","0/0",".",".",".","0/0","0/0",".","0/0",".",".","0/0","0/0",".",".",".",".",".","0/0",".",".",".",".",".","0/0",".",".","0/0",".",".",".",".",".","0/0",".",".",".",".","0/0","0/0","0/0",".","0/0","0/0",".","0/0","0/0",".",".","0/0","0/0","0/0",".","0/0","0/0",".","0/0",".",".","0/0",".",".",".",".",".","0/0",".",".",".","0/0","0/0",".","0/0",".","0/0",".",".",".","0/0","0/0","0/0",".","0/0","0/0",".","0/0",".","0/0",".",".","0/0",".",".",".",".",".",".",".",".","0/0",".",".",".",".","0/0","0/0"
"chr18:74962555_GC/G_GALR1","0/0","0/0","0/0","0/0","0/0","0/0","0/0","0/0","0/0","0/0","0/0","0/0","0/0","0/0","0/0","0/0","0/0","0/0","0/0","0/0","0/0","0/0","0/0","0/0","0/0","0/0","0/0","0/0","0/0","0/0","0/0","0/0","0/0","0/0","0/0","0/0","0/1","0/0","0/0","0/0","0/0","0/0","0/0","0/0","0/0","0/0","0/0","0/0","0/0","0/0","0/0","0/0","0/0","0/0","0/0","0/0","0/0","0/0","0/0","0/0","0/0","0/0","0/0","0/0","0/0","0/0","0/0","0/0","0/0","0/0","0/0","0/0","0/0","0/0","0/0","0/0","0/0","0/0","0/0","0/0","0/0","0/0","0/0","0/0","0/0","0/0","0/0","0/0","0/0","0/0","0/0","0/0","0/0","0/0","0/0","0/0","0/0","0/0","0/0","0/0","0/0","0/0","0/0","0/0","0/0","0/0","0/0","0/0","0/0","0/0","0/0","0/0","0/0","0/0","0/0","0/0","0/0","0/0","0/0","0/0","0/0","0/0","0/0","0/0","0/0","0/0","0/0","0/0","0/0","0/0","0/0","0/0","0/0","0/0","0/0","0/0","0/0","0/0","0/0","0/0","0/0","0/0","0/0","0/0","0/0","0/0","0/0","0/0","0/0","0/0","0/0","0/0","0/0"
"chr18:76752541_GGC/G_SALL3","0/0","0/0","0/0","0/0","0/0","0/0","0/0","0/0","0/0","0/0","0/0","0/0","0/0","0/0","0/0","0/0","0/0","0/0","0/0","0/0","0/0","0/0","0/0","0/0","0/0","0/0","0/0","0/0","0/0","0/0","0/0","0/0","0/0","0/0","0/0","0/0","0/0","0/0","0/0","0/0","0/0","0/0","0/0","0/0","0/0","0/0","0/0","0/0","0/0","0/0","0/0","0/0","0/0","0/0","0/0","0/0","0/0","0/0","0/0","0/0","0/0","0/0","0/0","0/0","0/0","0/0","0/0","0/0","0/0","0/0","0/0","0/0","0/0","0/0","0/0","0/0","0/0","0/0","0/0","0/1","0/0","0/0","0/0","0/0","0/0","0/0","0/0","0/0","0/0","0/0","0/0","0/0","0/0","0/0","0/0","0/0","0/0","0/0","0/0","0/0","0/0","0/0","0/0","0/0","0/0","0/0","0/0","0/0","0/0","0/0","0/0","0/0","0/0","0/0","0/0","0/0","0/0","0/0","0/0","0/1","0/0","0/0","0/0","0/0","0/0","0/0","0/0","0/0","0/0","0/0","0/0","0/0","0/0","0/0","0/0","0/0","0/0","0/0","0/0","0/0","0/0","0/0","0/0","0/0","0/0","0/0","0/0","0/0","0/0","0/0","0/0","0/0","0/0"
"chr18:77037176_A/AT_ATP9B","0/0","0/0","0/0","0/0","0/0","0/0","0/0","0/0","0/0","0/0","0/0","0/0","0/0","0/0","0/0","0/0","0/0","0/0","0/0","0/0","0/0","0/0","0/0","0/0","0/0","0/0","0/0","0/0","0/0","0/0","0/0","0/0","0/0","0/0","0/0","0/0","0/0","0/1","0/0","0/0","0/0","0/0","0/0","0/0","0/0","0/0","0/0","0/0","0/0","0/0","0/0","0/0","0/0","0/0","0/0","0/0","0/0","0/0","0/0","0/0","0/0","0/0","0/0","0/0","0/0","0/0","0/0","0/0","0/0","0/0","0/0","0/0","0/0","0/0","0/0","0/0","0/0","0/0","0/0","0/0","0/0","0/0","0/0","0/0","0/0","0/0","0/0","0/0","0/0","0/0","0/0","0/0","0/0","0/0","0/0","0/0","0/0","0/0","0/0","0/0","0/0","0/0","0/0","0/0","0/0","0/0","0/0","0/0","0/0","0/0","0/0","0/0","0/0","0/0","0/0","0/0","0/0","0/0","0/0","0/0","0/0","0/0","0/0","0/0","0/0","0/0","0/0","0/0","0/0","0/0","0/0","0/0","0/0","0/0","0/0","0/0","0/0","0/0","0/0","0/0","0/0","0/0","0/0","0/0","0/0","0/0","0/0","0/0","0/0","0/0","0/0","0/0","0/0"
"chr18:77475187_T/TGGA_CTDP1","0/0","0/0","0/0","0/0","0/0","0/0","0/0","0/0","0/0","0/0","0/1","0/0","0/0","0/0","0/0","0/1","0/0","0/0","0/0","0/0","0/0","0/1","0/1","0/1","0/1","0/0","0/0","0/0","0/1","0/0","0/1","0/1","0/1","0/0","0/0","0/0","0/1","0/1","0/0","0/0","0/0","0/0","0/0","0/0","0/1","0/0","0/1","0/1","0/2","0/0","0/0","0/0","1/1","0/0","0/0","0/1","0/0","0/1","0/0","0/0","0/1","0/1","0/0","0/0","0/0","0/0","0/1","0/0","0/0","0/1","0/0","0/0","0/0","0/1","0/1","0/1","0/1","0/0","0/0","0/0","0/0","0/0","0/0","0/0","0/0","0/0","0/0","0/0","0/0","0/0","0/1","0/0","0/0","0/1","0/0","0/1","0/0","0/1","0/0","0/0","0/1","0/0","0/1","0/0","0/0","0/0","0/0","0/1","0/1","0/0","0/0","0/0","0/0","0/0","0/1","0/0","0/0","0/0","0/1","0/0","0/1","0/1","0/0","0/0","0/1","0/1","0/0","0/0","0/0","0/0","0/0","0/1","0/0","0/0","0/0","0/0","0/0","0/0","0/1","0/1","0/1","0/1","0/1","0/1","0/1","0/1","0/0","0/0","0/0","0/0","0/0","0/0","0/0"
"chr18:77623691_G/GGGC_KCNG2","0/1","0/1","0/0","0/1","1/1","1/1","0/1","0/1","0/1","0/1","0/1","0/1","0/0","0/1","0/1","0/0","0/1","0/0","0/0","0/0","0/1","0/1","0/1","0/1","1/1","0/0","0/0","0/0","0/1","0/0","1/1","0/1","0/0","0/1","0/0","0/0","0/0","0/1","0/1","0/1","0/1","0/0","1/1","0/0","1/1","0/1","0/1","0/0","0/0","0/1","1/1","1/1","0/0","0/1","0/1","0/1","0/1","0/1","0/0","0/1","1/1","0/0","0/1","0/1","0/1","1/1","0/1","0/1","0/1","0/1","1/1","0/1","0/1","1/1","0/1","0/1","0/1","0/1","1/1","0/0","0/1","0/0","1/1","0/0","0/0","0/0","0/1","0/1","0/0","0/0","0/0","0/1","0/1","0/0","0/0","0/0","0/1","0/0","0/0","0/0","0/1","0/1","0/1","0/0","0/0","0/0","0/0","1/1","0/1","0/1","0/1","0/1","0/1","0/0","0/0","0/0","0/1","1/1","0/1","0/1","0/0","0/1","0/1","1/1","0/0","0/0","0/1","0/1","0/1","0/0","0/1","0/1","0/0","1/1","0/0","0/0","0/1","1/1","0/0","0/1","0/1","0/1","0/1","0/0","0/0","0/0","1/1","0/1","1/1","0/1","0/1","0/1","0/1"
"chr18:77624067_CGCGCGGGGCCGA/C_KCNG2","0/0","0/0","0/0","0/0","0/0","0/0","0/0","0/0","0/0","0/0","0/0","0/0","0/0","0/0","0/0","0/0","0/0","0/0","0/0","0/0","0/0","0/0","0/0","0/0","0/0","0/0","0/1","0/1","0/0","0/0","0/0","0/0","0/1","0/0","0/0","0/0","0/0","0/0","0/0","0/0","0/0","0/1","0/0","0/0","0/0","0/0","0/0","0/0","0/0","0/0","0/0","0/0","0/0","0/1","0/0","0/0","0/0","0/0","0/0","0/0","0/0","0/0","0/0","0/0","0/0","0/0","0/0","0/0","0/0","0/0","0/0","0/0","0/0","0/0","0/0","0/0","0/0","0/0","0/0","0/0","0/0","0/1","0/0","0/0","0/0","0/0","0/0","0/0","0/0","0/0","0/0","0/0","0/0","0/0","0/0","0/0","0/0","0/0","0/0","0/0","0/0","0/0","0/0","0/0","0/0","0/0","0/0","0/0","0/0","0/0","0/0","0/0","0/0","0/0","0/0","0/0","0/0","0/0","0/0","0/0","0/0","0/0","0/0","0/0","0/0","0/0","0/0","0/0","0/0","0/0","0/0","0/1","0/0","0/0","0/0","0/0","0/0","0/0","0/0","0/0","0/0","0/1","0/1","0/0","0/0","0/0","0/0","0/0","0/0","0/0","0/0","0/0","0/0"
"chr19:460559_GACC/G_SHC2","0/0","0/0","0/0","0/0","0/0","0/0","0/0","0/0","0/0","0/1","0/0","0/0","0/0","0/0","0/0","0/0","0/0","0/0","0/0","0/0","0/0","0/0","0/0","0/0","0/0","0/0","0/0","0/0","0/0","0/0","0/0","0/0","0/0","0/0","0/0","0/0","0/0","0/0","0/0","0/0","0/0","0/0","0/0","0/0","0/0","0/0","0/0","0/0","0/0","0/0","0/0","0/0","0/0","0/0","0/0","0/0","0/0","0/0","0/0","0/0","0/0","0/0","0/0","0/0","0/0","0/0","0/0","0/0","0/0","0/0","0/0","0/0","0/0","0/0","0/0","0/0","0/0","0/0","0/0","0/0","0/0","0/0","0/0","0/0",".","0/0","0/0","0/0","0/0","0/0","0/0","0/0","0/0","0/0","0/0","0/0","0/0","0/0","0/0","0/0","0/0","0/0","0/0","0/0","0/0","0/0","0/0",".","0/0","0/0","0/0","0/0","0/0","0/0","0/0","0/0","0/0","0/0","0/0","0/0","0/0","0/0","0/0","0/0","0/0","0/0","0/0","0/0","0/0","0/0","0/0","0/0","0/0","0/0","0/0","0/0","0/0","0/0","0/0","0/0","0/0","0/0","0/0","0/0","0/0","0/0","0/0","0/0","0/0","0/0","0/0","0/0","0/0"
"chr19:501682_G/GACCTCCCCGGAGCCTCCCGACACC_MADCAM1","0/0","0/0","0/0","0/0","0/0","0/0","0/0","0/0","0/0","0/0",".","0/0","0/0","0/0","0/0","0/0","0/0","0/0","0/0","0/0","0/0","0/0","0/0","0/0","0/0","0/0","0/0","0/0","0/0",".","0/0","0/0","0/0","0/0",".","0/0",".","0/0","0/0","0/0","0/1","0/0","0/0","0/0","0/0",".","0/0","0/0","0/0","0/0","0/0","0/1","0/0","0/0","0/0","0/0","0/0","0/0","0/0","0/0","0/0","0/0","0/0","0/0","0/0","0/0","0/0","0/0","0/0","0/0","0/0","0/0","0/0","0/0","0/0","0/0","0/0","0/0","0/0","0/0","0/0","0/0","0/0","0/0","0/0","0/0","0/0","0/0",".","0/0","0/0","0/0","0/0","0/0","0/0","0/0","0/0","0/0","0/0",".","0/0","0/0","0/0","0/0","0/0","0/0","0/0","0/1","0/0","0/0","0/0",".","0/0","0/0","0/0","0/0","0/0","0/0","0/0","0/0","0/0","0/0","0/0","0/0","0/0","0/0","0/0","0/0","0/0","0/0","0/0","0/0","0/0","0/0","0/0","0/0","0/0","0/0",".","0/0","0/0","0/0","0/0","0/0","0/0","0/0","0/0",".","0/0","0/0","0/0","0/0","0/0"
"chr19:501697_T/TCCCAACACCACCTC_MADCAM1","0/0","0/0","0/0","0/0","0/0","0/0","0/0","0/0","0/0","0/0","0/0","0/0","0/0","0/0","0/0","0/0","0/0","0/0","1/1","0/0","0/0","0/0","0/0","0/0","0/0","0/0","0/0","0/0","0/0","0/1","0/0","0/0","0/0","0/0","0/0","0/0","0/0","0/0","0/0","0/0","0/0","0/0","0/0","0/0","0/0","0/0","0/0","0/0","0/0","0/0","0/0","0/0","0/0","0/0","0/0","0/0","0/0","0/0","0/0","0/0","0/0","0/0","0/0","0/0","0/0","0/0","0/0","0/0","0/0","0/0","0/0","0/0","0/0","0/0","0/0","0/0","0/0","0/0","0/0","0/0","0/0","0/0","0/0","0/0","0/0","0/0","0/0","0/0","0/0","0/0","0/0","0/0","0/0","0/1","0/0","0/0","0/0","0/0","1/1","1/1","0/0","0/0","0/0","0/0","0/1","0/0","0/0","0/0","0/0","0/0","0/0","0/1","0/0","0/0","0/1","0/0","0/0","0/0","0/0","0/0","0/0","0/0","0/0","0/0","0/0","0/0","0/0","0/0","0/0","0/0","0/0","0/0","0/0","0/0","0/0","0/0","0/0","0/0","0/0","0/0","0/0","0/0","0/0","0/0","0/0","0/0","0/0","0/0","0/0","0/0","0/0","0/0","0/0"
"chr19:640025_CCG/C_FGF22","0/0","0/0","0/0","0/0","0/0","0/0","0/0","0/0","0/0","0/0","0/0","0/0","0/0","0/0","0/0","0/0","0/0","0/0","0/0","0/0","0/0","0/0","0/0","0/1","0/0","0/0","0/0","0/0","0/0","0/0","0/0","0/0","0/0","0/0","0/0","0/0","0/0","0/0","0/0","0/0","0/0","0/0","0/0","0/0","0/0","0/0","0/0","0/0","0/0","0/0","0/0","0/0","0/0","0/0","0/0","0/0","0/0","0/0","0/0","0/0","0/0","0/0","0/0","0/0","0/0","0/0","0/0","0/0","0/0","0/0","0/0","0/0","0/0","0/0","0/0","0/0","0/0","0/0","0/0","0/0","0/0","0/0","0/0","0/0","0/0","0/0","0/0","0/0","0/0","0/0","0/0","0/0","0/0","0/0","0/0","0/0","0/0","0/0","0/0","0/0","0/0","0/0","0/0","0/0","0/0","0/0","0/0","0/0","0/0","0/0","0/0","0/0","0/0","0/0","0/0","0/0","0/0","0/0","0/0","0/0","0/0","0/0","0/0","0/0","0/0","0/0","0/0","0/0","0/0","0/0","0/0","0/0","0/0","0/0","0/0","0/0","0/0","0/0","0/0","0/0","0/0","0/0","0/0","0/0","0/0","0/0","0/0","0/0","0/0","0/0","0/0","0/0","0/0"
"chr19:757956_TCAC/T_MISP","0/0","0/0","0/0","0/0","0/0","0/0","0/0","0/0","0/0","0/0","0/0","0/0","0/0","0/0","0/0","0/0","0/0","0/0","0/0","0/0","0/0","0/0","0/1","0/0","0/0","0/0","0/0","0/0","0/0","0/0","0/0","0/0","0/0","0/0","0/0","0/0","0/0","0/0","0/0","0/0","0/0","0/0","0/0","0/0","0/1","0/0","0/0","0/0","0/0","0/0","0/0","0/0","0/0","0/0","0/0","0/0","0/0","0/0","0/0","0/0","0/0","0/0","0/0","0/0","0/0","0/0","0/0","0/0","0/0","0/0","0/0","0/0","0/0","0/0","0/0","0/0","0/0","0/0","0/0","0/0","0/0","0/0","0/0","0/0","0/0","0/0","0/0","0/0","0/0","0/0","0/0","0/0","0/0","0/0","0/0","0/0","0/0","0/0","0/0","0/0","0/0","0/0","0/0","0/0","0/0","0/0","0/0","0/0","0/0","0/0","0/0","0/0","0/0","0/0","0/0","0/0","0/0","0/0","0/0","0/0","0/0","0/0","0/0","0/0","0/0","0/0","0/0","0/0","0/0","0/0","0/0","0/0","0/0","0/0","0/0","0/0","0/0","0/0","0/0","0/0","0/0","0/0","0/0","0/0","0/0","0/0","0/0","0/0","0/0","0/0","0/0","0/0","0/0"
"chr19:806463_GGCGGCGGCAGCT/G_PTBP1","0/0","0/0","0/0","0/0","0/0","0/0","0/0","0/0","0/0","0/0","0/0","0/0","0/0","0/0","0/0","0/0","0/0","0/0","0/0","0/0","0/0","0/0","0/0","0/0","0/0","0/0","0/0","0/0","0/0","0/0","0/0","0/0","0/0","0/0","0/0","0/0","0/1","0/0","0/0","0/0","0/0","0/0","0/0","0/0","0/0","0/0","0/0","0/0","0/0","0/0","0/0","0/0","0/0","0/0","0/0","0/0","0/0","0/0","0/0","0/0","0/0","0/0","0/0","0/0","0/0","0/0","0/0","0/0","0/0","0/0","0/0","0/0","0/0","0/0","0/0","0/0","0/0","0/0","0/0","0/0","0/0","0/0","0/0","0/0","0/0","0/0","0/0","0/0","0/0","0/0","0/0","0/0","0/0","0/0","0/0","0/0","0/0","0/0","0/0","0/0","0/0","0/0","0/0","0/0","0/0","0/0","0/0","0/0","0/0","0/0","0/0","0/0","0/0","0/0","0/0","0/0","0/0","0/0","0/0","0/0","0/0","0/0","0/0","0/0","0/0","0/0","0/0","0/0","0/0","0/0","0/0","0/0","0/0","0/0","0/0","0/0","0/0","0/0","0/0","0/0","0/0","0/0","0/0","0/0","0/0","0/0","0/0","0/0","0/0","0/0","0/0","0/0","0/0"
"chr19:932466_TGAG/T_ARID3A","0/0","0/0","0/0","0/0","0/0","0/0","0/0","0/0","0/1","0/0","0/0","0/0","0/0","0/0","0/0","0/0","0/1","0/0","0/0","0/0","0/0","0/0","0/0","0/0","0/0","0/0","0/0","0/0","0/0","0/0","0/0","0/0","0/0","0/0","0/0","0/0","0/0","0/0","0/0","0/0","0/0","0/1","0/0","0/0","0/0","0/0","0/0","0/0","0/0","0/0","0/0","0/0","0/0","0/0","0/0","0/0","0/0","0/0","0/0","0/1","0/0","0/0","0/0","0/0","0/0","0/0","0/0","0/1","0/0","0/0","0/0","0/0","0/0","0/0","0/0","0/0","0/0","0/0","0/0","0/1","0/0","0/0","0/1","0/0","0/0","0/0","0/0","0/0","0/0","0/0","0/0","0/0","0/0","0/0","0/0","0/0","0/0","0/0","0/0","0/0","0/0","0/0","0/0","0/0","0/0","0/0","0/0","0/0","0/0","0/0","0/0","0/0","0/0","0/0","0/0","0/0","0/0","0/0","0/0","0/0","0/0","0/0","0/0","0/0","0/0","0/0","0/0","0/0","0/0","0/0","0/0","0/0","0/0","0/0","0/0","0/0","0/0","0/0","0/0","0/0","0/0","0/0","0/0","0/0","0/0","0/0","0/0","0/0","0/0","0/0","0/0","0/0","0/0"
"chr19:1004589_CAT/C_GRIN3B","0/0","0/0","0/0","0/0","0/0","0/0","0/0","0/0","0/0","0/0","0/0","0/0","0/0","0/0","0/0","0/0","0/0","0/0","0/0","0/0","0/0","0/0","0/0","0/0","0/0","0/0","0/0","0/0","0/0","0/0","0/0","0/0","0/0","0/0","0/0","0/0","0/0","0/0","0/0","0/0","0/0","0/0","0/0","0/0","0/0","0/0","0/0","0/0","0/0","0/0","0/0","0/0","0/0","0/0","0/0","0/0","0/0","0/0","0/0","0/0","0/0","0/0","0/0","0/0","0/0","0/1","0/0","0/0","0/0","0/0","0/1","0/0","0/0","0/0","0/0","0/0","0/0","0/0","0/0","0/0","0/0","0/0","0/0","0/0","0/0","0/0","0/0","0/0","0/0","0/0","0/0","0/0","0/0","0/0","0/0","0/0","0/0","0/0","0/0","0/0","0/0","0/0","0/0","0/0","0/0","0/0","0/0","0/1","0/1","0/0","0/0","0/0","0/0","0/0","0/0","0/0","0/0","0/0","0/0","0/0","0/0","0/0","0/0","0/0","0/0","0/0","0/0","0/0","0/0","0/0","0/0","0/0","0/0","0/0","0/0","0/0","0/0","0/0","0/0","0/0","0/0","0/0","0/0","0/0","0/0","0/0","0/0","0/0","0/0","0/0","0/0","0/0","0/0"
"chr19:1004896_G/GCGTT_GRIN3B","0/0","0/0","0/0","0/0","0/0","0/0","0/0","0/0","0/0","0/0","0/0","0/0","0/0","0/0","0/1","0/1","0/0","0/0","0/0","0/1","0/0","0/1","0/0","0/0","0/0","0/1","0/0","0/0","0/0","0/0","0/0","0/0","0/0","0/0","0/0","0/0","0/0","0/0","0/0","0/0","0/0","0/0","0/0","0/0","0/0","0/1","0/0","0/0","0/0","0/0","0/0","0/0","0/0","0/0","0/0","0/0","0/0","0/1","0/0","0/0","0/0","0/0","0/0","0/0","0/0","0/0","0/0","0/0","0/0","0/0","0/0","0/0","0/0","0/0","0/0","0/0","0/0","0/0","0/0","0/0","0/0","0/0","0/0","0/0","0/0","0/0","0/0","0/0","0/0","0/0","0/1","0/0","0/0","0/0","0/0","0/1","0/0","0/0","0/0","0/0","0/0","0/0","0/0","0/0","0/0","0/0","0/0","0/0","0/0","0/0","0/0","0/1","0/1","0/0","0/1","0/0","0/0","0/0","0/1","0/0","0/1","0/1","0/0","0/0","0/1","0/1","0/0","0/0","0/1","0/1","0/1","0/1","0/0","0/0","0/0","0/0","0/0","0/0","0/0","0/0","0/0","0/1","0/1","0/0","0/0","0/0","0/0","0/0","0/0","0/0","0/0","0/0","0/0"
"chr19:1008187_C/CCGAGTTCATCAGCCGCTA_GRIN3B","0/0","0/0","0/0","0/0","0/0","0/0","0/0","0/0","0/0","0/0","0/0","0/0","0/0","0/0","0/0","0/0","0/0","0/0","0/0","0/0","0/0","0/0","0/0","0/0","0/0","0/0","0/0","0/0","0/0","0/0","0/0","0/0","0/0","0/0","0/0","0/0","0/0","0/0","0/0","0/0","0/0","0/0","0/0","0/0","0/0","0/0","0/0","0/0","0/0","0/1","0/0","0/0","0/0","0/0","0/0","0/0","0/0","0/0","0/0","0/0","0/0","0/0","0/0","0/0","0/0","0/0","0/0","0/0","0/0","0/0","0/0","0/0","0/0","0/0","0/0","0/0","0/0","0/0","0/0","0/0","0/0","0/0","0/0","0/0","0/0","0/0","0/0","0/0","0/0","0/0","0/0","0/0","0/0","0/0","0/0","0/0","0/0","0/0","0/0","0/0","0/0","0/0","0/0","0/0","0/0","0/0","0/0","0/0","0/0","0/0","0/0","0/0","0/0","0/0","0/0","0/0","0/0","0/0","0/0","0/0","0/0","0/0","0/0","0/0","0/0","0/0","0/0","0/0","0/0","0/0","0/0","0/0","0/0","0/0","0/0","0/0","0/0","0/0","0/0","0/0","0/0","0/0","0/0","0/0","0/0","0/0","0/0","0/0","0/0","0/0","0/0","0/0","0/0"
"chr19:1009185_GAGC/G_GRIN3B","0/0","0/0","0/0","0/1","0/0","0/0","0/1","0/1","0/1","0/0","0/0","0/0","0/0","0/1","0/1","0/0","0/0","0/0","0/1","0/1","1/1","0/0","0/0","0/0","0/1","0/1","0/0","0/1","0/1","0/0","0/0","0/1","0/0","0/0","0/0","0/1","0/0","0/1","1/1","0/1","0/0","0/1","0/0","0/0","0/0","0/0","0/0","1/1","0/0","0/1","0/0","0/1","0/1","0/0","0/1","0/0","0/1","0/0","0/0","1/1","0/0","0/0","0/1","0/0","0/0","0/1","0/0","0/0","0/0","0/0","0/0","0/0","0/0","0/0","0/0","0/0","0/0","0/0","0/1","0/1","0/1","0/0","0/0","0/0","0/0","0/0","0/0","0/0","0/0","0/0","0/0","0/0","0/0","0/1","0/1","0/0","0/0","0/1","0/1","0/1","0/0","0/1","0/0","0/0","0/0","0/0","0/0","0/0","0/1","0/1","0/1","0/0","0/0","0/1","0/0","0/0","0/0","0/0","0/0","0/0","0/0","0/0","0/0","0/0","0/0","0/0","0/1","0/1","0/0","0/0","0/0","0/0","0/0","0/0","0/0","0/0","0/0","0/0","0/0","0/0","0/0","0/0","0/0","0/1","0/1","0/1","0/0","0/0","0/0","0/0","0/0","0/0","0/0"
"chr19:1009550_GGCCCCCGCGGAGGCCCCACCACACTCT/G_GRIN3B","0/1","0/1","0/1","0/0","0/0","0/0","0/0","0/0","0/0","0/0","0/0","0/0","0/0","0/0","0/1","0/1","0/0","0/0","0/0","0/1","0/0","0/1","0/0","0/0","0/0","0/1","0/0","0/0","0/0","0/1","0/0","0/0","0/0","0/0","0/0","0/0","0/0","0/0","0/0","0/0","0/0","0/1","0/0","0/1","0/0","0/1","0/0","0/0","0/1","0/0","0/0","0/0","0/1","0/0","0/0","0/0","0/0","0/1","0/1","0/0","0/0","0/0","0/0","0/0","0/0","0/0","0/0","0/0","0/0","0/0","0/0","0/0","0/0","0/0","0/0","0/0","0/0","0/0","0/0","0/0","0/0","0/0","0/0","0/1","0/1","0/1","0/1","0/0","0/0","0/0","0/1","0/0","0/0","0/0","0/0","0/0","0/0","0/0","0/0","0/0","0/0","0/0","0/0","0/0","0/0","0/0","0/0","0/0","0/0","0/0","0/0","0/1","0/1","0/0","0/1","0/0","0/0","0/0","0/0","0/0","0/0","0/0","0/0","0/0","0/1","0/1","0/0","0/0","0/1","0/1","0/1","0/1","0/0","0/0","0/0","0/0","0/0","0/0","0/0","0/0","0/0","0/1","0/1","0/0","0/0","0/0","0/0","0/0","0/0","0/0","0/0","0/0","0/0"
"chr19:1235849_G/GC_CBARP","0/0","0/0","0/0","0/0","0/0","0/0","0/0","0/0","0/0","0/0","0/0","0/0","0/0","0/0","0/0","0/0","0/0","0/0","0/0","0/0","0/0","0/0","0/0","0/0","0/0","0/0","0/0","0/0","0/0","0/0","0/0","0/0","0/0","0/0","0/0","0/0","0/1","0/0","0/0","0/0","0/0","0/0","0/0","0/0","0/0","0/0","0/0","0/0","0/0","0/0","0/0","0/0","0/0","0/0","0/0","0/0","0/0","0/0","0/0","0/0","0/0","0/0","0/0","0/0","0/0","0/0","0/0","0/0","0/0","0/0","0/0","0/0","0/0","0/0","0/0","0/0","0/0","0/0","0/0","0/0","0/0","0/0","0/0","0/0","0/0","0/0","0/0","0/0","0/0","0/0","0/0","0/0","0/0","0/0","0/0","0/0","0/0","0/0","0/0","0/0","0/0","0/0","0/0","0/0","0/0","0/0","0/0","0/0","0/0","0/0","0/0","0/0","0/0","0/0","0/0","0/0","0/0","0/0","0/0","0/0","0/0","0/0","0/0","0/0","0/0","0/0","0/0","0/0","0/0","0/0","0/0","0/0","0/0","0/0","0/0","0/0","0/0","0/0","0/0","0/0","0/0","0/0","0/0","0/0","0/0","0/0","0/0","0/0","0/0","0/0","0/0","0/0","0/0"
"chr19:1236046_AGTG/A_CBARP","0/0","0/0","0/0","0/0","0/0","0/0","0/0","0/0","0/0","0/0","0/0","0/0","0/0","0/0","0/0","0/0","0/0","0/0","0/0","0/0","0/1","0/0","0/0","0/0","0/0","0/0","0/0","0/0","0/0","0/0","0/0","0/0","0/0","0/0","0/0","0/0","0/0","0/0","0/0","0/0","0/0","0/0","0/0","0/0","0/0","0/0","0/0","0/0","0/0","0/0","0/0","0/0","0/0","0/0","0/0","0/0","0/0","0/0","0/0","0/0","0/0","0/0","0/0","0/0","0/0","0/0","0/0","0/0","0/0","0/0","0/0","0/0","0/0","0/0","0/0","0/0","0/1","0/0","0/0","0/0","0/0","0/0","0/0","0/0","0/0","0/0","0/0","0/0","0/0","0/0","0/0","0/0","0/0","0/0","0/0","0/0","0/0","0/0","0/0","0/0","0/0","0/0","0/0","0/0","0/0","0/0","0/0","0/0","0/0","0/0","0/0","0/0","0/1","0/0","0/0","0/0","0/0","0/0","0/0","0/0","0/0","0/0","0/0","0/0","0/0","0/0","0/0","0/0","0/0","0/0","0/0","0/0","0/0","0/0","0/0","0/0","0/0","0/0","0/0","0/0","0/0","0/0","0/0","0/0","0/0","0/0","0/0","0/0","0/0","0/0","0/0","0/0","0/0"
"chr19:1250366_C/CGGCGGCCGA_MIDN","0/0","0/0","0/0","0/0","0/0","0/0","0/0","0/0","0/0","0/0","0/0","0/0","0/0","0/0","0/0","0/0","0/0","0/0","0/0","0/0","0/1","0/0","0/0","0/0","0/0","0/0","0/0","0/0","0/0","0/0","0/0","0/0","0/0","0/0","0/0","0/0","0/0","0/0","0/0","0/0","0/0","0/0","0/0","0/0","0/0","0/0","0/0","0/0","0/0","0/0","0/0","0/0","0/0","0/0","0/0","0/0","0/0","0/0","0/0","0/0","0/0","0/0","0/0","0/0","0/0","0/0","0/0","0/0","0/0","0/0","0/0","0/0","0/0","0/0","0/0","0/0","0/0","0/0","0/0","0/0","0/0","0/0","0/0","0/0","0/0","0/0","0/0","0/0","0/0","0/0","0/0","0/0","0/0","0/0","0/0","0/0","0/0","0/0","0/0","0/0","0/0","0/0","0/0","0/0","0/0","0/0","0/0","0/0","0/0","0/0","0/0","0/0","0/0","0/0","0/0","0/0","0/0","0/0","0/0","0/0","0/0","0/0","0/0","0/0","0/0","0/0","0/0","0/0","0/0","0/0","0/0","0/0","0/0","0/0","0/0","0/0","0/0","0/0","0/0","0/0","0/0","0/0","0/0","0/0","0/0","0/0","0/0","0/0","0/0","0/0","0/0","0/0","0/0"
"chr19:1275583_TGCTCCTGCTGGC/T_C19orf24","0/0","0/0","0/0","0/0","0/0","0/0","0/0","0/0","0/0","0/0","0/0","0/0","0/0","0/0","0/0","0/0","0/0","0/0","0/0","0/0","0/0","0/0","0/0","0/0","0/0","0/0","0/0","0/1","0/0","0/0","0/0","0/0","0/0","0/0","0/0","0/0","0/0","0/0","0/0","0/0","0/0","0/0","0/0","0/0","0/0","0/0","0/0","0/0","0/0","0/0","0/0","0/0","0/0","0/0","0/0","0/0","0/0","0/0","0/0","0/0","0/0","0/0","0/0","0/0","0/0","0/0","0/0","0/0","0/0","0/0","0/0","0/0","0/0","0/0","0/0","0/0","0/0","0/0","0/0","0/0","0/0","0/0","0/0","0/0","0/0","0/0","0/0","0/0","0/0","0/0","0/0","0/0","0/0","0/0","0/0","0/0","0/0","0/0","0/0","0/0","0/0","0/0","0/0","0/0","0/0","0/0","0/0","0/0","0/0","0/0","0/0","0/0","0/0","0/0","0/0","0/0","0/0","0/0","0/0","0/0","0/0","0/0","0/0","0/0","0/0","0/0","0/0","0/0","0/0","0/0","0/0","0/0","0/0","0/0","0/0","0/0","0/0","0/0","0/0","0/0","0/0","0/0","0/0","0/0","0/0","0/0","0/0","0/0","0/0","0/0","0/0","0/0","0/0"
"chr19:1467748_AGCCC/A_APC2","0/0","0/0","0/0","0/0","0/0","0/0","0/0","0/0","0/0","0/0","0/0","0/0","0/0","0/0","0/0","0/0","0/0","0/0","0/0","0/0","0/0","0/0","0/0","0/0","0/0","0/0","0/0","0/0","0/0","0/0","0/0","0/0","0/0","0/0","0/0","0/0","0/0","0/0","0/0","0/0","0/0","0/0","0/0","0/0","0/0","0/0","0/0","0/0","0/0","0/0","0/0","0/0","0/0","0/0","0/0","0/0","0/0","0/0","0/0","0/0","0/0","0/0","0/0","0/0","0/0","0/0","0/0","0/0","0/0","0/0","0/0","0/0","0/0","0/0","0/0","0/0","0/0","0/0","0/0","0/0","0/0","0/0","0/0","0/1","0/1","0/0","0/0","0/0","0/0","0/0","0/0","0/0","0/0","0/0","0/0","0/0","0/0","0/0","0/0","0/0","0/0","0/0","0/0","0/0","0/0","0/0","0/0","0/0","0/0","0/0","0/0","0/0","0/0","0/0","0/0","0/0","0/0","0/0","0/0","0/0","0/0","0/0","0/0","0/0","0/0","0/0","0/0","0/0","0/0","0/0","0/0","0/0","0/0","0/0","0/0","0/0","0/0","0/0","0/0","0/0","0/0","0/0","0/0","0/0","0/0","0/0","0/0","0/0","0/0","0/0","0/0","0/0","0/0"
"chr19:1467759_ACCC/A_APC2","0/0","0/0","0/0","0/0","0/0","0/0","0/0","0/0","0/0","0/0","0/0","0/0","0/0","0/0","0/0","0/0","0/0","0/0","0/0","0/0","0/0","0/0","0/0","0/0","0/0","0/0","0/0","0/0","0/0","0/0","0/0","0/0","0/0","0/0","0/0","0/0","0/0","0/0","0/0","0/0","0/0","0/0","0/0","0/0","0/0","0/0","0/0","0/0","0/0","0/0","0/0","0/0","0/0","0/0","0/0","0/0","0/0","0/0","0/0","0/0","0/0","0/0","0/0","0/0","0/0","0/0","0/0","0/0","0/0","0/0","0/0","0/0","0/0","0/0","0/0","0/0","0/0","0/0","0/0","0/0","0/0","0/0","0/0","0/1","0/1","0/0","0/0","0/0","0/0","0/0","0/0","0/0","0/0","0/0","0/0","0/0","0/0","0/0","0/0","0/0","0/0","0/0","0/0","0/0","0/0","0/0","0/0","0/0","0/0","0/0","0/0","0/0","0/0","0/0","0/0","0/0","0/0","0/0","0/0","0/0","0/0","0/0","0/0","0/0","0/0","0/0","0/0","0/0","0/0","0/0","0/0","0/0","0/0","0/0","0/0","0/0","0/0","0/0","0/0","0/0","0/0","0/0","0/0","0/0","0/0","0/0","0/0","0/0","0/0","0/0","0/0","0/0","0/0"
"chr19:1482364_CCT/C_PCSK4","0/0","0/0","0/0","0/1","0/0","0/0","0/0","0/0","0/0","0/0","0/0","0/0","0/0","0/0","0/0","0/0","0/0","0/0","0/0","0/0","0/0","0/0","0/0","0/0","0/0","0/0","0/0","0/0","0/0","0/0","0/0","0/0","0/0","0/0","0/0","0/0","0/0","0/0","0/0","0/0","0/0","0/0","0/0","0/0","0/1","0/0","0/0","0/0","0/0","0/0","0/1","0/0","0/0","0/0","0/0","0/0","0/0","0/0","0/0","0/0","0/0","0/0","0/0","0/0","0/0","0/0","0/1","0/0","0/0","0/1","0/0","0/0","0/0","0/0","0/0","0/0","0/0","0/0","0/0","0/0","0/0","0/0","0/1","0/0","0/0","0/0","0/0","0/0","0/0","0/0","0/0","0/0","0/0","0/0","0/0","0/0","0/0","0/0","0/0","0/0","0/0","0/0","0/0","0/0","0/0","0/0","0/0","0/0","0/0","0/0","0/0","0/0","0/0","0/0","0/0","0/0","0/0","0/0","0/0","0/0","0/0","0/0","0/0","0/0","0/0","0/0","0/0","0/0","0/0","0/0","0/0","0/0","0/0","0/0","0/0","0/0","0/0","0/0","0/0","0/0","0/0","0/0","0/0","0/0","0/0","0/0","0/0","0/0","0/0","0/0","0/0","0/0","0/0"
"chr19:1535193_GCCC/G_PLK5","1/1","1/1","1/1","0/1","0/1","0/1","0/0","0/0","0/0","0/1","0/1","0/1","1/1","0/1","0/1","0/1","1/1","0/1","0/1","1/1","0/0","0/1","0/1","0/1","0/1","1/1","0/1","1/1","1/1","1/1","1/1","0/1","0/1","0/0","0/1","0/1","0/1","0/0","0/1","1/1","1/1","0/1","1/1","1/1","1/1","1/1","0/0","0/1","0/1","0/0","0/0","1/1","0/1","0/1","0/1","0/1","1/1","0/1","0/1","0/1","0/1","1/1","0/1","0/1","0/1","1/1","1/1","0/1","0/1","1/1","1/1","0/1","0/1","0/1","0/1","1/1","1/1","0/1","0/1","0/1","0/1","1/1","0/0","0/0","0/0","0/1","0/1","0/0","0/1","0/1","1/1","0/1","0/1","0/1","0/1","1/1","0/0","1/1","1/1","1/1","0/0","0/1","0/0","0/0","0/0","0/1","0/1","1/1","1/1","0/1","0/1","0/1","0/1","0/1","0/0","1/1","1/1","0/1","0/1","0/1","0/1","0/1","1/1","0/1","0/0","0/0","0/1","0/1","1/1","1/1","1/1","1/1","1/1","1/1","1/1","1/1","1/1","1/1","0/0","0/0","0/0","1/1","1/1","0/1","0/1","0/1","0/1","0/1","0/1","0/1","0/1","0/1","0/1"
"chr19:1567641_GGGC/G_MEX3D","0/0","0/0","0/0","0/0","0/0","0/0","0/0","0/0","0/0","0/0","0/0","0/0","0/0","0/0","0/0","0/0","0/0","0/0","0/0","0/0","0/0","0/0","0/0","0/0","0/0","0/0","0/0","0/0","0/0","0/0","0/0","0/0","0/0","0/0","0/0","0/0","0/0","0/0","0/0","0/0","0/0","0/1","0/0","0/0","0/0","0/0","0/0","0/0","0/0","0/0","0/0","0/0","0/0","0/0","0/0","0/0","0/0","0/0","0/0","0/0","0/0","0/0","0/0","0/0","0/0","0/0","0/0","0/0","0/0","0/0","0/0","0/0","0/0","0/0","0/0","0/0","0/0","0/0","0/0","0/0","0/0","0/0","0/0","0/0","0/0","0/0","0/0","0/0","0/0","0/0","0/0","0/0","0/0","0/0","0/0","0/0","0/0","0/0","0/0","0/0","0/0","0/0","0/0","0/0","0/0","0/0","0/0","0/0","0/0","0/0","0/0","0/0","0/0","0/0","0/0","0/0","0/0","0/0","0/0","0/0","0/0","0/0","0/0","0/0","0/0","0/0","0/0","0/0","0/0","0/0","0/0","0/0","0/0","0/0","0/0","0/0","0/0","0/0","0/0","0/0","0/0","0/0","0/0","0/0","0/0","0/0","0/0","0/0","0/0","0/0","0/0","0/0","0/0"
"chr19:1567996_A/ACGC_MEX3D","0/0","0/0","0/0","0/0",".",".","0/0","0/0",".","0/0","0/0","0/0","0/0","0/0","0/0","0/0",".","0/0","0/0","0/0","0/0","0/0","0/0","0/0","0/0","0/0","0/0","0/0","0/0","0/0","0/0",".","0/0","0/0","0/0","0/0",".","0/0","0/0",".","0/0","0/0",".","0/0","0/0",".","0/0",".","0/0","0/0","0/0",".","0/0","0/0",".","0/0","0/0",".","0/0","0/0",".","0/0","0/0","0/0","0/0","0/0","0/0","0/0","0/0","0/0",".","0/0","0/0",".","0/0","0/0","0/0","0/0",".","0/0","0/0",".",".","0/0","0/0","0/0","0/0",".","0/0",".","0/0","0/0","0/0","0/0","0/0","0/0","0/0",".","0/0","0/0",".","0/0","0/0","0/0",".","0/0",".","0/0","0/0","0/0","0/0","0/0","0/0","0/0","0/0","0/0","1/1",".","0/0","0/0","0/0",".","0/0","0/0","0/0","0/0",".","0/0","0/0",".",".","0/0","0/0",".","0/0",".","0/0","0/0","0/0","0/0",".",".","0/0","0/0","0/0","0/0","0/0","0/0","0/0",".","0/0","0/0","."
"chr19:1578371_GCTC/G_MBD3","0/0","0/0","0/0","0/0","0/0","0/0","0/0","0/0","0/0","0/0","0/0","0/0","0/0","0/0","0/0","0/0","0/0","0/0","0/0","0/0","0/0","0/0","0/0","0/0","0/0","0/0","0/0","0/0","0/0","0/0","0/0","0/0","0/0","0/0","0/0","0/0","0/0","0/0","0/0","0/0","0/0","0/0","0/0","0/0","0/0","0/0","0/0","0/0","0/0","0/0","0/0","0/0","0/1","0/0","0/0","0/0","0/0","0/0","0/0","0/0","0/0","0/0","0/0","0/0","0/0","0/0","0/0","0/0","0/0","0/0","0/0","0/0","0/0","0/0","0/0","0/0","0/0","0/0","0/0","0/0","0/0","0/0","0/0","0/0","0/0","0/0","0/0","0/0","0/0","0/0","0/0","0/0","0/0","0/0","0/0","0/0","0/0","0/0","0/0","0/0","0/0","0/0","0/0","0/0","0/0","0/0","0/0","0/0","0/0","0/0","0/0","0/0","0/0","0/0","0/0","0/0","0/0","0/0","0/0","0/0","0/0","0/0","0/0","0/0","0/0","0/0","0/0","0/0","0/0","0/0","0/0","0/0","0/0","0/0","0/0","0/0","0/0","0/0","0/0","0/0","0/0","0/0","0/1","0/0","0/0","0/0","0/0","0/0","0/1","0/0","0/0","0/0","0/0"
"chr19:1789054_C/CGAA_ATP8B3","0/0","0/0","0/0","0/0","0/0","0/0","0/0","0/0","0/0","0/0","0/0","0/0","0/0","0/0","0/0","0/0","0/0","0/0","0/0","0/0","0/0","0/0","0/0","0/0","0/0","0/0","0/0","0/0","0/0","0/0","0/0","0/0","0/0","0/0","0/0","0/0","0/0","0/0","0/0","0/0","0/0","0/0","0/0","0/0","0/0","0/0","0/0","0/0","0/0","0/0","0/0","0/0","0/0","0/0","0/0","0/0","0/0","0/0","0/0","0/0","0/0","0/0","0/0","0/0","0/0","0/0","0/0","0/0","0/0","0/0","0/0","0/0","0/0","0/0","0/0","0/0","0/0","0/0","0/0","0/0","0/0","0/0","0/0","0/0","0/0","0/0","0/0","0/0","0/0","0/0","0/0","0/0","0/0","0/0","0/0","0/0","0/0","0/0","0/0","0/0","0/0","0/0","0/0","0/0","0/0","0/0","0/0","0/0","0/0","0/0","0/0","0/0","0/0","0/0","0/0","0/1","0/1","0/0","0/0","0/0","0/0","0/0","0/1","0/0","0/0","0/0","0/0","0/0","0/0","0/0","0/0","0/0","0/0","0/0","0/0","0/0","0/0","0/0","0/0","0/0","0/0","0/0","0/0","0/0","0/0","0/0","0/0","0/0","0/0","0/0","0/0","0/0","0/0"
"chr19:1790806_GGCGAA/G_ATP8B3","0/0","0/0","0/0","0/0","0/0","0/0","0/0","0/0","0/0","0/0","0/0","0/0","0/0","0/0","0/0","0/0","0/0","0/0","0/0","0/0","0/0","0/0","0/0","0/0","0/0","0/0","0/0","0/0","0/0","0/0","0/0","0/0","0/0","0/0","0/0","0/0","0/0","0/0","0/0","0/0","0/0","0/0","0/0","0/0","0/0","0/0","0/0","0/0","0/0","0/0","0/1","0/0","0/0","0/0","0/0","0/0","0/0","0/0","0/0","0/0","0/0","0/0","0/0","0/0","0/0","0/0","0/0","0/0","0/0","0/0","0/0","0/0","0/0","0/0","0/0","0/0","0/0","0/0","0/0","0/0","0/0","0/0","0/1","0/1","0/1","0/0","0/0","0/0","0/0","0/0","0/0","0/0","0/0","0/0","0/0","0/0","0/0","0/0","0/0","0/0","0/0","0/0","0/0","0/0","0/0","0/0","0/0","0/0","0/0","0/0","0/0","0/0","0/0","0/0","0/0","0/0","0/0","0/0","0/0","0/0","0/0","0/0","0/0","0/0","0/0","0/0","0/0","0/0","0/0","0/0","0/0","0/0","0/0","0/0","0/0","0/0","0/0","0/0","0/0","0/0","0/0","0/0","0/0","0/0","0/0","0/0","0/0","0/0","0/0","0/0","0/0","0/0","0/0"
"chr19:1825927_TCTC/T_REXO1","1/1","1/1","1/1","1/1","0/1","0/1","1/1","1/1","1/1","1/1","0/1","1/1","1/1","0/0","0/1","0/0","1/1","0/0","1/1","0/1","1/1","0/1","0/0","1/1","0/1","0/1","0/0","0/0","0/1","0/0","0/0","0/0","1/1","0/1","0/1","0/1","0/0","0/0","0/0","1/1","0/0","0/0","0/1","0/1","0/0","0/1","0/0","1/1","0/0","0/0","0/0","0/0","1/1","0/0","0/1","0/1","0/1","0/0","0/0","0/0","0/1","0/0","0/1","0/1","0/1","0/0","0/1","0/1","0/1","0/1","0/0","0/0","0/0","0/0","0/0","0/1","0/1","0/1","0/1","0/0","0/0","1/1","0/0","1/1","1/1","0/1","0/1","1/1","0/0","0/0","0/1","0/1","0/1","0/1","0/1","0/1","1/1","0/1","0/0","0/0","0/1","0/1","0/1","0/1","0/1","0/1","0/1","0/1","0/1","0/1","1/1","0/1","0/1","0/0","0/0","0/1","0/1","1/1","0/0","1/1","0/0","0/0","0/1","1/1","0/0","0/0","0/0","0/0","0/1","0/1","0/1","0/1","1/1","0/1","1/1","1/1","0/1","0/1","0/0","0/0","0/0","0/1","0/1","0/1","0/1","0/1","0/1","0/1","0/1","0/1","0/1","0/1","0/1"
"chr19:1827020_TGGA/TGGAGGA_REXO1","0/0","0/0","0/0","0/0","0/0","0/0","0/0","0/0","0/0","0/0","0/0","0/1","1/1","0/0","0/2","0/0","0/1","0/0","0/1","0/2","0/0","0/0","0/0","0/1","0/0","0/0","0/0","0/0","0/0","0/0","0/0","0/0","0/0","0/0","0/0","0/1","0/0","0/0","0/0","0/1","0/0","0/0","0/0","0/1","0/0","0/0","0/0","1/1","0/0","0/0","0/2","0/0","0/0","0/0","0/1","0/2","0/0","0/0","0/0","0/0","0/0","0/2","0/1","0/0","0/2","0/0","0/0","0/0","0/0","0/0","0/0","0/0","0/0","0/1","0/1","0/0","0/0","0/0","0/0","0/0","0/0","0/1","0/0","0/0","0/0","0/1","0/1","0/1","0/0","0/0","0/0","0/0","0/0","0/0","0/0","0/0","0/1","0/0","0/0","0/0","0/0","0/0","0/0","0/0","0/0","0/1","0/1","0/1","0/1","0/0","0/0","0/0","0/0","0/0","0/0","0/0","0/0","0/0","0/0","0/0","0/0","0/0","0/0","0/0","0/0","0/0","0/2","0/0","0/0","0/0","0/0","0/0","0/1","0/1","1/1","0/1","0/1","0/1","0/0","0/0","0/0","0/0","0/0","0/0","0/0","0/0","0/1","0/1","0/1","0/0","0/2","0/0","0/0"
"chr19:2015540_GGGCGGCGGCGGCGGC/GGGCGGCGGCGGC_BTBD2","0/0","0/0","0/0","0/0","0/0",".",".","0/0",".","1/1","2/2","0/2","1/1","1/1","1/3","1/3","2/2","0/1","1/3","1/1","2/3","1/1","3/3","2/3","2/3","1/1","3/3","1/3","1/3","3/3","1/2","3/3","2/2","2/2","0/0","0/0","0/0","3/3","3/3",".","3/3","0/0","0/0","1/1","1/1","0/0",".","0/0","3/3",".","0/0","3/3","1/1","0/0","0/0","1/1",".","0/0","0/0","2/2","3/3","1/1","0/1","0/0","2/3","0/0","1/1","3/3","3/3","0/0","0/0","1/2","0/0","0/0","0/0","0/0",".","1/4","4/4","0/0",".","0/0","1/1","0/0",".",".",".",".","1/2","2/2","0/0","3/3","2/2","0/0","0/3","0/2","1/3","1/1","2/2","3/3",".","0/0","1/1","3/3","0/0","0/0",".",".",".","0/0","1/1","0/0","0/0","0/0","0/0",".","0/0","0/0","0/0","0/1","2/2",".","0/0",".",".","0/3","2/2",".","2/2","2/2","0/0",".","0/0",".",".",".","0/0",".","2/2","0/0","1/1",".",".",".",".",".","0/0","2/2",".","1/1","1/1",".","."
"chr19:2097022_CAAG/C_IZUMO4","0/0","0/0","0/0","0/0","0/0","0/0","0/0","0/0","0/0","0/0","0/0","0/0","0/0","0/0","0/0","0/0","0/0","0/0","0/0","0/0","0/0","0/0","0/0","0/0","0/0","0/0","0/0","0/0","0/0","0/0","0/0","0/0","0/0","0/0","0/0","0/0","0/1","0/0","0/0","0/0","0/0","0/0","0/0","0/0","0/0","0/0","0/0","0/0","0/0","0/0","0/0","0/0","0/0","0/0","0/0","0/0","0/0","0/0","0/0","0/0","0/0","0/0","0/0","0/0","0/0","0/0","0/0","0/0","0/0","0/0","0/0","0/0","0/0","0/0","0/0","0/0","0/0","0/0","0/0","0/0","0/0","0/0","0/0","0/0","0/0","0/0","0/0","0/0","0/0","0/0","0/0","0/0","0/0","0/0","0/0","0/0","0/0","0/0","0/0","0/0","0/0","0/0","0/0","0/0","0/0","0/0","0/0","0/0","0/0","0/0","0/0","0/0","0/0","0/0","0/0","0/0","0/0","0/0","0/0","0/0","0/0","0/0","0/0","0/0","0/0","0/0","0/0","0/0","0/0","0/0","0/0","0/0","0/0","0/0","0/0","0/0","0/0","0/0","0/0","0/0","0/0","0/0","0/0","0/0","0/0","0/0","0/0","0/0","0/0","0/0","0/0","0/0","0/0"
"chr19:2248013_AC/A_SF3A2","0/0","0/0","0/0","0/0","0/0","0/0","0/0","0/0","0/0","0/0","0/0","0/0","0/0","0/0","0/0","0/0","0/0","0/0","0/0","0/0","0/1","0/0","0/0","0/0","0/0","0/0","0/0","0/0","0/0","0/0","0/0","0/0","0/0","0/0","0/0","0/0","0/0","0/0","0/0","0/0","0/0","0/0","0/0","0/0","0/0","0/0","0/0","0/0","0/0","0/0","0/0","0/0","0/0","0/0","0/0","0/0","0/0","0/0","0/0","0/0","0/0","0/0","0/0","0/0","0/0","0/0","0/0","0/0","0/0","0/0","0/0","0/0","0/0","0/0","0/0","0/0","0/0","0/0","0/0","0/0","0/0","0/0","0/0","0/0","0/0","0/0","0/0","0/0","0/0","0/0","0/0","0/0","0/0","0/0","0/0","0/0","0/0","0/0","0/0","0/0","0/0","0/0","0/0","0/0","0/0","0/0","0/0","0/0","0/0","0/0","0/0","0/0","0/0","0/0","0/0","0/0","0/0","0/0","0/0","0/0","0/0","0/0","0/0","0/0","0/0","0/0","0/0","0/0","0/0","0/0","0/0","0/0","0/0","0/0","0/0","0/0","0/0","0/0","0/0","0/0","0/0","0/0","0/0","0/0","0/0","0/0","0/0","0/0","0/0","0/0","0/0","0/0","0/0"
"chr19:2251299_CGAG/C_AMH","0/0","0/0","0/0","0/0","0/0","0/0","0/0","0/0","0/0","0/0","0/0","0/0","0/0","0/0","0/0","0/0","0/0","0/0","0/0","0/0","0/0","0/0","0/0","0/0","0/0","0/0","0/0","0/0","0/0","0/0","0/0","0/0","0/0","0/0","0/0","0/0","0/1","0/0","0/0","0/0","0/0","0/0","0/0","0/0","0/0","0/0","0/0","0/0","0/0","0/0","0/0","0/0","0/0","0/0","0/0","0/0","0/0","0/0","0/0","0/0","0/0","0/0","0/0","0/0","0/0","0/0","0/0","0/0","0/0","0/0","0/0","0/0","0/0","0/0","0/0","0/0","0/0","0/0","0/0","0/0","0/0","0/0","0/0","0/0","0/0","0/0","0/0","0/0","0/0","0/0","0/0","0/0","0/0","0/0","0/0","0/0","0/0","0/0","0/0","0/0","0/0","0/0","0/0","0/0","0/0","0/0","0/0","0/0","0/0","0/0","0/0","0/0","0/0","0/0","0/0","0/0","0/0","0/0","0/0","0/0","0/0","0/0","0/0","0/0","0/0","0/0","0/0","0/0","0/0","0/0","0/0","0/0","0/0","0/0","0/0","0/0","0/0","0/0","0/0","0/0","0/0","0/0","0/0","0/0","0/0","0/0","0/0","0/0","0/0","0/0","0/0","0/0","0/0"
"chr19:2251307_CGCT/C_AMH","0/0","0/0","0/0","0/0","0/0","0/0","0/0","0/0","0/0","0/0","0/0","0/0","0/0","0/0","0/0","0/0","0/0","0/0","0/0","0/0","0/0","0/0","0/0","0/0","0/0","0/0","0/0","0/0","0/0","0/0","0/0","0/0","0/0","0/0","0/0","0/0","0/0","0/0","0/0","0/0","0/0","0/0","0/0","0/0","0/0","0/0","0/0","0/0","0/0","0/0","0/0","0/0","0/0","0/0","0/0","0/0","0/0","0/0","0/0","0/0","0/0","0/0","0/0","0/0","0/0","0/0","0/0","0/0","0/0","0/0","0/0","0/0","0/0","0/0","0/0","0/0","0/0","0/0","0/0","0/0","0/0","0/0","0/0","0/0","0/0","0/0","0/0","0/0","0/0","0/0","0/0","0/0","0/0","0/0","0/0","0/0","0/0","0/0","0/0","0/1","0/0","0/0","0/0","0/0","0/0","0/0","0/0","0/0","0/0","0/0","0/0","0/0","0/0","0/0","0/0","0/0","0/0","0/0","0/0","0/0","0/0","0/0","0/0","0/0","0/0","0/0","0/0","0/0","0/0","0/0","0/0","0/0","0/0","0/0","0/0","0/0","0/0","0/0","0/0","0/0","0/0","0/0","0/0","0/0","0/0","0/0","0/0","0/0","0/0","0/0","0/0","0/0","0/0"
"chr19:2290613_TCGCCGCGCACCTCGGCCGGGGTGGCGCAGGC/T_LINGO3","0/0","0/0","0/0","0/0","0/0","0/0","0/0","0/0","0/0","0/0","0/0","0/0","0/0","0/0","0/0","0/0","0/0","0/0","0/0","0/0","0/0","0/0","0/0","0/0","0/0","0/0","0/0","0/0","0/0","0/0","0/0","0/0","0/0","0/0","0/0","0/0","0/0","0/1","0/0","0/0","0/0","0/0","0/0","0/0","0/0","0/0","0/0","0/0","0/0","0/0","0/0","0/0","0/0","0/0","0/0","0/0","0/0","0/0","0/0","0/0","0/0","0/0","0/0","0/0","0/0","0/0","0/0","0/0","0/0","0/0","0/0","0/0","0/0","0/0","0/0","0/0","0/0","0/0","0/0","0/0","0/0","0/0","0/0","0/0","0/0","0/0","0/0","0/0","0/0","0/0","0/0","0/0","0/0","0/0","0/0","0/0","0/0","0/0","0/0","0/0","0/0","0/0","0/0","0/0","0/0","0/0","0/0","0/0","0/0","0/0","0/0","0/0","0/0","0/0","0/0","0/0","0/0","0/0","0/0","0/0","0/0","0/0","0/0","0/0","0/0","0/0","0/0","0/0","0/0","0/0","0/0","0/0","0/0","0/0","0/0","0/0","0/0","0/0","0/0","0/0","0/0","0/0","0/0","0/0","0/0","0/0","0/0","0/0","0/0","0/0","0/0","0/0","0/0"
"chr19:2340154_G/GC_SPPL2B","1/1","1/1","1/1","1/1","1/1","1/1","1/1","1/1","1/1","1/1","1/1","1/1","1/1","1/1","1/1","1/1","1/1","1/1","1/1","1/1","1/1","1/1","1/1","1/1","1/1","1/1","1/1","1/1","1/1","1/1","1/1","1/1","1/1","1/1","1/1","1/1","1/1","1/1","1/1","1/1","1/1","1/1","1/1","1/1","1/1","1/1","1/1","1/1","1/1","1/1","1/1","1/1","1/1","1/1","1/1","1/1","1/1","1/1","1/1","1/1","1/1","1/1","1/1","1/1","1/1","1/1","1/1","1/1","1/1","1/1","1/1","1/1","1/1","1/1","1/1","1/1","1/1","1/1","1/1","1/1","1/1","1/1","1/1","1/1","1/1","1/1","1/1","1/1","1/1","1/1","1/1","1/1","1/1","1/1","1/1","1/1","1/1","1/1","1/1","1/1","1/1","1/1","1/1","1/1","1/1","1/1","1/1","1/1","1/1","1/1","1/1","1/1","1/1","1/1","1/1","1/1","1/1","1/1","1/1","1/1","1/1","1/1","1/1","1/1","1/1","1/1","1/1","1/1","1/1","1/1","1/1","1/1","1/1","1/1","1/1","1/1","1/1","1/1","1/1","1/1","1/1","1/1","1/1","1/1","1/1","1/1","1/1","1/1","1/1","1/1","1/1","1/1","1/1"
"chr19:3453852_TC/T_NFIC","0/0","0/0","0/0","0/0","0/0","0/0","0/0","0/0","0/0","0/0","0/0","0/0","0/0","0/0","0/0","0/0","0/0","0/0","0/0","0/0","0/0","0/0","0/0","0/0","0/0","0/0","0/0","0/0","0/0","0/0","0/0","0/0","0/0","0/0","0/0","0/0","0/1","0/0","0/0","0/0","0/0","0/0","0/0","0/0","0/0","0/0","0/0","0/0","0/0","0/0","0/0","0/0","0/0","0/0","0/0","0/0","0/0","0/0","0/0","0/0","0/0","0/0","0/0","0/0","0/0","0/0","0/0","0/0","0/0","0/0","0/0","0/0","0/0","0/0","0/0","0/0","0/0","0/0","0/0","0/0","0/0","0/0","0/0","0/0","0/0","0/0","0/0","0/0","0/0","0/0","0/0","0/0","0/0","0/0","0/0","0/0","0/0","0/0","0/0","0/0","0/0","0/0","0/0","0/0","0/0","0/0","0/0","0/0","0/0","0/0","0/0","0/0","0/0","0/0","0/0","0/0","0/0","0/0","0/0","0/0","0/0","0/0","0/0","0/0","0/0","0/0","0/0","0/0","0/0","0/0","0/0","0/0","0/0","0/0","0/0","0/0","0/0","0/0","0/0","0/0","0/0","0/0","0/0","0/0","0/0","0/0","0/0","0/0","0/0","0/0","0/0","0/0","0/0"
"chr19:3633459_CG/C_PIP5K1C","0/0","0/0","0/0","0/0","0/0","0/0","0/0","0/0","0/0","0/0","0/0","0/0","0/0","0/0","0/0","0/0","0/0","0/0","0/0","0/0","0/0","0/0","0/0","0/0","0/0","0/0","0/0","0/0","0/0","0/0","0/0","0/0","0/0","0/0","0/0","0/0","0/1","0/0","0/0","0/0","0/0","0/0","0/0","0/0","0/0","0/0","0/0","0/0","0/0","0/0","0/0","0/0","0/0","0/0","0/0","0/0","0/0","0/0","0/0","0/0","0/0","0/0","0/0","0/0","0/0","0/0","0/0","0/0","0/0","0/0","0/0","0/0","0/0","0/0","0/0","0/0","0/0","0/0","0/0","0/0","0/0","0/0","0/0","0/0","0/0","0/0","0/0","0/0","0/0","0/0","0/0","0/0","0/0","0/0","0/0","0/0","0/0","0/0","0/0","0/0","0/0","0/0","0/0","0/0","0/0","0/0","0/0","0/0","0/0","0/0","0/0","0/0","0/0","0/0","0/0","0/0","0/0","0/0","0/0","0/0","0/0","0/0","0/0","0/0","0/0","0/0","0/0","0/0","0/0","0/0","0/0","0/0","0/0","0/0","0/0","0/0","0/0","0/0","0/0","0/0","0/0","0/0","0/0","0/0","0/0","0/0","0/0","0/0","0/0","0/0","0/0","0/0","0/0"
"chr19:4216910_G/A_ANKRD24","1/1","1/1","1/1","1/1","1/1","1/1","0/1","0/1","0/1","0/1","0/1","1/1","1/1","1/1","1/1","1/1","0/1","1/1","1/1","1/1","1/1","0/1","1/1","1/1","1/1","1/1","1/1","0/1","0/0","1/1","1/1","0/1","1/1","1/1","1/1","0/1","1/1","1/1","0/1","0/1","1/1","1/1","1/1","1/1","1/1","1/1","1/1","1/1","1/1","0/1","1/1","0/0","1/1","1/1","1/1","1/1","1/1","0/1","1/1","1/1","1/1","1/1","1/1","0/1","0/1","0/1","1/1","0/1","0/1","1/1","0/1","0/1","0/1","1/1","1/1","0/1","0/1","1/1","1/1","1/1","1/1","1/1","1/1","1/1","1/1","1/1","1/1","0/1","1/1","1/1","0/1","1/1","1/1","1/1","1/1","0/1","0/1","1/1","1/2","1/2","1/1","1/1","1/1","0/1","0/1","1/1","1/1","0/1","0/1","1/1","1/1","0/1","0/1","1/1","1/1","1/1","1/1","1/1","0/1","1/1","0/1","0/1","1/1","1/1","1/1","1/1","1/1","1/1","0/1","0/1","0/1","1/1","1/1","1/1","1/1","1/1","1/1","1/1","1/1","1/1","1/1","1/1","1/1","1/1","1/1","1/1","1/1","1/1","1/1","1/1","1/1","1/1","1/1"
"chr19:4343961_TG/T_MPND","0/0","0/0","0/0","0/0","0/0","0/0","0/0","0/0","0/0","0/0","0/0","0/0","0/0","0/0","0/0","0/0","0/0","0/0","0/0","0/0","0/0","0/0","0/0","0/0","0/0","0/0","0/0","0/0","0/0","0/0","0/0","0/0","0/0","0/0","0/0","0/0","0/0","0/0","0/0","0/0","0/0","0/0","0/0","0/0","0/0","0/0","0/1","0/0","0/0","0/0","0/0","0/0","0/0","0/0","0/0","0/0","0/0","0/0","0/0","0/0","0/0","0/0","0/0","0/0","0/0","0/0","0/0","0/0","0/0","0/0","0/0","0/0","0/0","0/0","0/0","0/0","0/0","0/0","0/0","0/0","0/0","0/0","0/0","0/0","0/0","0/0","0/0","0/0","0/0","0/0","0/0","0/0","0/0","0/0","0/0","0/0","0/0","0/0","0/0","0/0","0/0","0/0","0/0","0/0","0/0","0/0","0/0","0/0","0/0","0/0","0/0","0/0","0/0","0/0","0/0","0/0","0/0","0/0","0/0","0/0","0/0","0/0","0/0","0/0","0/0","0/0","0/0","0/0","0/0","0/0","0/0","0/0","0/0","0/0","0/0","0/0","0/0","0/0","0/0","0/0","0/0","0/0","0/0","0/0","0/0","0/0","0/0","0/0","0/0","0/0","0/0","0/0","0/0"
"chr19:4493979_CGGA/C_HDGFRP2","0/0","0/0","0/0","0/0","0/0","0/0","0/0","0/0","0/0","0/0","0/0","0/0","0/0","0/0","0/0","0/0","0/0","0/0","0/0","0/0","0/0","0/0","0/0","0/0","0/0","0/0","0/0","0/0","0/0","0/0","0/0","0/0","0/0","0/0","0/0","0/0","0/0","0/0","0/0","0/0","0/0","0/0","0/0","0/0","0/0","0/0","0/0","0/0","0/1","0/0","0/0","0/0","0/0","0/0","0/0","0/0","0/0","0/0","0/0","0/0","0/0","0/0","0/0","0/0","0/0","0/0","0/0","0/0","0/0","0/0","0/0","0/0","0/0","0/0","0/0","0/0","0/0","0/0","0/0","0/0","0/0","0/0","0/0","0/0","0/0","0/0","0/0","0/0","0/0","0/0","0/0","0/0","0/0","0/0","0/0","0/0","0/0","0/0","0/0","0/0","0/0","0/0","0/0","0/0","0/0","0/0","0/0","0/0","0/0","0/0","0/0","0/0","0/0","0/0","0/0","0/0","0/0","0/0","0/0","0/0","0/0","0/0","0/0","0/0","0/0","0/0","0/0","0/0","0/0","0/0","0/0","0/0","0/0","0/0","0/0","0/0","0/0","0/0","0/0","0/0","0/0","0/0","0/0","0/0","0/0","0/0","0/0","0/0","0/0","0/0","0/0","0/0","0/0"
"chr19:4499632_AAGCTGGCCGGGGAGG/A_HDGFRP2","1/1","1/1","1/1","1/1","1/1","1/1","1/1","1/1","1/1","1/1","1/1","1/1","1/1","1/1","1/1","1/1","1/1","1/1","1/1","1/1","1/1","1/1","1/1","1/1","1/1","1/1","1/1","1/1","1/1","1/1","1/1","1/1","1/1","1/1","1/1","1/1","1/1","1/1","1/1","1/1","1/1","1/1","1/1","1/1","1/1","1/1","1/1","1/1","1/1","1/1","1/1","1/1","1/1","1/1","1/1","1/1","1/1","1/1","1/1","1/1","1/1","1/1","1/1","1/1","1/1","1/1","1/1","1/1","1/1","1/1","1/1","1/1","1/1","1/1","1/1","1/1","1/1","1/1","1/1","1/1","1/1","1/1","1/1","1/1","1/1","1/1","1/1","1/1","1/1","1/1","1/1","1/1","1/1","1/1","1/1","1/1","1/1","1/1","1/1","1/1","1/1","1/1","1/1","1/1","1/1","1/1","1/1","1/1","1/1","1/1","1/1","1/1","1/1","1/1","1/1","1/1","1/1","1/1","1/1","1/1","1/1","1/1","1/1","1/1","1/1","1/1","1/1","1/1","1/1","1/1","1/1","1/1","1/1","1/1","1/1","1/1","1/1","1/1","1/1","1/1","1/1","1/1","1/1","1/1","1/1","1/1","1/1","1/1","1/1","1/1","1/1","1/1","1/1"
"chr19:4682878_CAG/C_DPP9-AS1","0/0","0/0","0/0","0/0","0/0","0/0","0/0","0/0","0/0","0/0","0/0","0/0","0/0","0/0","0/0","0/0","0/0","0/0","0/0","0/0","0/0","0/0","0/0","0/0","0/0","0/0","0/0","0/0","0/0","0/0","0/0","0/0","0/0","0/0","0/0","0/0","0/1","0/0","0/0","0/0","0/0","0/0","0/0","0/0","0/0","0/0","0/0","0/0","0/0","0/0","0/0","0/0","0/0","0/0","0/0","0/0","0/0","0/0","0/0","0/0","0/0","0/0","0/0","0/0","0/0","0/0","0/0","0/0","0/0","0/0","0/0","0/0","0/0","0/0","0/0","0/0","0/0","0/0","0/0","0/0","0/0","0/0","0/0","0/0","0/0","0/0","0/0","0/0","0/0","0/0","0/0","0/0","0/0","0/0","0/0","0/0","0/0","0/0","0/0","0/0","0/0","0/0","0/0","0/0","0/1","0/0","0/0","0/0","0/0","0/0","0/0","0/0","0/0","0/0","0/0","0/0","0/0","0/0","0/0","0/0","0/0","0/0","0/0","0/0","0/0","0/0","0/0","0/0","0/0","0/0","0/0","0/0","0/0","0/0","0/0","0/0","0/0","0/0","0/0","0/0","0/0","0/0","0/0","0/0","0/0","0/0","0/0","0/0","0/0","0/0","0/0","0/0","0/0"
"chr19:4683170_GC/G_DPP9-AS1","0/0","0/0","0/0","0/0","0/0","0/0","0/0","0/0","0/0","0/0","0/0","0/0","0/0","0/0","0/0","0/0","0/0","0/0","0/0","0/0","0/0","0/0","0/0","0/0","0/0","0/0","0/0","0/0","0/0","0/0","0/0","0/0","0/0","0/0","0/0","0/1","0/1","0/0","0/0","0/0","0/0","0/0","0/0","0/0","0/0","0/0","0/0","0/0","0/0","0/0","0/0","0/0","0/0","0/0","0/0","0/0","0/0","0/0","0/0","0/0","0/0","0/0","0/0","0/0","0/0","0/0","0/0","0/0","0/0","0/0","0/0","0/0","0/0","0/0","0/0","0/0","0/0","0/0","0/0","0/0","0/0","0/0","0/0","0/0","0/0","0/0","0/0","0/0","0/0","0/0","0/0","0/0","0/0","0/0","0/0","0/0","0/0","0/0","0/0","0/0","0/0","0/0","0/0","0/0","0/0","0/0","0/0","0/0","0/0","0/0","0/0","0/0","0/0","0/0","0/0","0/0","0/0","0/0","0/0","0/0","0/0","0/0","0/0","0/0","0/0","0/0","0/0","0/0","0/0","0/0","0/0","0/0","0/0","0/0","0/0","0/0","0/0","0/0","0/0","0/0","0/0","0/0","0/0","0/0","0/0","0/0","0/0","0/0","0/0","0/0","0/0","0/0","0/0"
"chr19:4817288_A/AAGG_TICAM1","0/0","0/0","0/0","0/0","0/1","0/1","0/0","0/0","0/0","0/0","0/0","0/0","0/1","0/0","0/0","0/1","0/1","0/0","0/0","0/0","0/0","0/1","0/0","0/0","0/0","0/1","0/0","0/0","0/1","0/0","0/1","0/0","0/0","0/0","0/1","0/0","0/0","0/1","0/1","0/0","0/0","0/0","0/0","0/1","0/0","0/0","0/1","0/0","0/0","0/1","0/0","0/1","0/1","0/0","0/0","0/0","0/0","0/0","0/0","0/0","0/0","0/0","0/0","0/0","0/0","0/0","0/1","0/0","0/0","0/1","0/0","0/0","0/0","0/0","0/0","0/0","0/0","0/0","0/0","0/0","0/0","0/0","0/0","0/1","0/1","0/0","0/0","0/0","0/0","0/0","0/0","0/0","0/0","0/0","0/0","0/0","0/0","0/0","0/0","0/0","0/0","0/0","0/0","0/1","0/1","0/0","0/0","0/1","0/1","0/0","0/0","0/0","0/0","0/0","0/0","0/1","0/1","0/0","0/0","0/0","0/0","0/0","0/1","0/0","0/0","0/0","0/0","0/0","0/0","0/0","0/0","0/0","0/1","0/0","0/1","0/1","0/0","0/0","0/0","0/0","0/0","0/0","0/0","0/0","0/0","0/0","0/0","0/0","0/0","0/0","0/0","0/0","0/0"
"chr19:4954679_G/GC_UHRF1","1/1","1/1","1/1","1/1","1/1","1/1","1/1","1/1","1/1","1/1","1/1","1/1","1/1","1/1","1/1","1/1","1/1","1/1","1/1","1/1","1/1","1/1","1/1","1/1","1/1","1/1","1/1","1/1","1/1","1/1","1/1","1/1","1/1","1/1","1/1","1/1","1/1","1/1","1/1","1/1","1/1","1/1","1/1","1/1","1/1","1/1","1/1","1/1","1/1","1/1","1/1","1/1","1/1","1/1","1/1","1/1","1/1","1/1","1/1","1/1","1/1","1/1","1/1","1/1","1/1","1/1","1/1","1/1","1/1","1/1","1/1","1/1","1/1","1/1","1/1","1/1","1/1","1/1","1/1","1/1","1/1","1/1","1/1","1/1","1/1","1/1","1/1","1/1","1/1","1/1","0/1","1/1","1/1","1/1","1/1","0/1","1/1","1/1","1/1","1/1","1/1","1/1","1/1","1/1","1/1","1/1","1/1","1/1","1/1","1/1","1/1","1/1","1/1","1/1","1/1","1/1","1/1","1/1","1/1","1/1","1/1","1/1","1/1","1/1","1/1","1/1","1/1","1/1","1/1","1/1","1/1","1/1","1/1","1/1","1/1","1/1","1/1","1/1","1/1","1/1","1/1","1/1","1/1","1/1","1/1","1/1","1/1","1/1","1/1","1/1","1/1","1/1","1/1"
"chr19:5119802_CGAG/C_KDM4B","0/0","0/0","0/0","0/0","0/0","0/0","0/0","0/0","0/0","0/0","0/0","0/0","0/0","0/0","0/0","0/0","0/0","0/0","0/0","0/0","0/0","0/0","0/0","0/0","0/0","0/0","0/0","0/0","0/0","0/0","0/0","0/0","0/0","0/0","0/0","0/0","0/0","0/0","0/0","0/0","0/0","0/0","0/0","0/0","0/0","0/0","0/0","0/0","0/0","0/0","0/0","0/0","0/0","0/0","0/0","0/0","0/0","0/0","0/0","0/0","0/0","0/0","0/0","0/0","0/0","0/0","0/0","0/0","0/0","0/0","0/0","0/0","0/0","0/0","0/0","0/0","0/0","0/0","0/0","0/0","0/0","0/0","0/0","0/0","0/0","0/0","0/0","0/0","0/0","0/0","0/0","0/0","0/0","0/0","0/0","0/0","0/0","0/0","0/0","0/0","0/0","0/0","0/0","0/0","0/0","0/0","0/0","0/0","0/0","0/0","0/0","0/0","0/0","0/0","0/0","0/0","0/0","0/0","0/1","0/0","0/0","0/0","0/1","0/0","0/0","0/0","0/0","0/0","0/0","0/0","0/0","0/0","0/0","0/0","0/0","0/0","0/0","0/0","0/0","0/0","0/0","0/0","0/0","0/0","0/0","0/0","0/0","0/0","0/0","0/0","0/0","0/0","0/0"
"chr19:5238957_CG/C_PTPRS","0/0","0/0","0/0","0/0","0/0","0/0","0/0","0/0","0/0","0/0","0/0","0/0","0/0","0/0","0/0","0/0","0/0","0/0","0/0","0/0","0/0","0/0","0/0","0/0","0/0","0/0","0/0","0/0","0/0","0/0","0/0","0/0","0/0","0/0","0/0","0/0","0/1","0/0","0/0","0/0","0/0","0/0","0/0","0/0","0/0","0/0","0/0","0/0","0/0","0/0","0/0","0/0","0/0","0/0","0/0","0/0","0/0","0/0","0/0","0/0","0/0","0/0","0/0","0/0","0/0","0/0","0/0","0/0","0/0","0/0","0/0","0/0","0/0","0/0","0/0","0/0","0/0","0/0","0/0","0/0","0/0","0/0","0/0","0/0","0/0","0/0","0/0","0/0","0/0","0/0","0/0","0/0","0/0","0/0","0/0","0/0","0/0","0/0","0/0","0/0","0/0","0/0","0/0","0/0","0/0","0/0","0/0","0/0","0/0","0/0","0/0","0/0","0/0","0/0","0/0","0/0","0/0","0/0","0/0","0/0","0/0","0/0","0/0","0/0","0/0","0/0","0/0","0/0","0/0","0/0","0/0","0/0","0/0","0/0","0/0","0/0","0/0","0/0","0/0","0/0","0/0","0/0","0/0","0/0","0/0","0/0","0/0","0/0","0/0","0/0","0/0","0/0","0/0"
"chr19:5923917_TGG/T_RANBP3","0/0","0/0","0/0","0/0","0/0","0/0","0/0","0/0","0/0","0/0","0/0","0/0","0/0","0/0","0/0","0/0","0/0","0/0","0/0","0/0","0/1","0/0","0/0","0/0","0/0","0/0","0/0","0/0","0/0","0/0","0/0","0/0","0/0","0/0","0/0","0/0","0/0","0/0","0/0","0/0","0/0","0/0","0/0","0/0","0/0","0/0","0/0","0/0","0/0","0/0","0/0","0/0","0/0","0/0","0/0","0/0","0/0","0/0","0/0","0/0","0/0","0/0","0/0","0/0","0/0","0/0","0/0","0/0","0/0","0/0","0/0","0/0","0/0","0/0","0/0","0/0","0/0","0/0","0/0","0/0","0/0","0/0","0/0","0/0","0/0","0/0","0/0","0/0","0/0","0/0","0/0","0/0","0/0","0/0","0/0","0/0","0/0","0/0","0/0","0/0","0/0","0/0","0/0","0/0","0/0","0/0","0/0","0/0","0/0","0/0","0/0","0/0","0/0","0/0","0/0","0/0","0/0","0/0","0/0","0/0","0/0","0/0","0/0","0/0","0/0","0/0","0/0","0/0","0/0","0/0","0/0","0/0","0/0","0/0","0/0","0/0","0/0","0/0","0/0","0/0","0/0","0/0","0/0","0/0","0/0","0/0","0/0","0/0","0/0","0/0","0/0","0/0","0/0"
"chr19:6213975_TG/T_MLLT1","0/0","0/0","0/0","0/0","0/0","0/0","0/0","0/0","0/0","0/0","0/0","0/0","0/0","0/0","0/0","0/0","0/0","0/0","0/0","0/0","0/0","0/0","0/0","0/0","0/0","0/0","0/0","0/0","0/0","0/0","0/0","0/0","0/0","0/0","0/0","0/0","0/1","0/0","0/0","0/0","0/0","0/0","0/0","0/0","0/0","0/0","0/0","0/0","0/0","0/0","0/0","0/0","0/0","0/0","0/0","0/0","0/0","0/0","0/0","0/0","0/0","0/0","0/0","0/0","0/0","0/0","0/0","0/0","0/0","0/0","0/0","0/0","0/0","0/0","0/0","0/0","0/0","0/0","0/0","0/0","0/0","0/0","0/0","0/0","0/0","0/0","0/0","0/0","0/0","0/0","0/0","0/0","0/0","0/0","0/0","0/0","0/0","0/0","0/0","0/0","0/0","0/0","0/0","0/0","0/0","0/0","0/0","0/0","0/0","0/0","0/0","0/0","0/0","0/0","0/0","0/0","0/0","0/0","0/0","0/0","0/0","0/0","0/0","0/0","0/0","0/0","0/0","0/0","0/0","0/0","0/0","0/0","0/0","0/0","0/0","0/0","0/0","0/0","0/0","0/0","0/0","0/0","0/0","0/0","0/0","0/0","0/1","0/0","0/0","0/0","0/0","0/0","0/0"
"chr19:7075696_GAGA/G_ZNF557","0/0","0/0","0/0","0/0","0/0","0/0","0/1","0/1","0/1","0/0","0/0","0/0","0/0","0/0","0/0","0/0","0/0","0/0","0/0","0/0","0/0","0/0","0/0","0/0","0/0","0/0","0/0","0/0","0/0","0/0","0/0","0/0","0/0","0/0","0/0","0/1","0/0","0/0","0/0","0/0","0/0","0/1","0/0","0/0","0/0","0/0","0/1","0/0","0/1","0/0","0/0","0/0","0/1","0/0","0/0","0/0","0/0","0/1","0/0","0/0","0/0","0/0","0/0","0/0","0/0","0/0","0/0","0/0","0/0","0/0","0/0","0/0","0/0","0/0","0/0","0/1","0/1","0/1","0/1","0/0","0/0","0/0","0/0","0/1","0/1","0/0","0/0","0/0","0/0","0/0","0/0","0/0","0/0","0/0","0/0","0/0","0/0","0/0","0/0","0/0","0/0","0/0","0/0","0/0","0/0","0/0","0/0","0/0","0/0","0/0","0/0","0/0","0/0","0/0","0/0","0/0","0/0","0/0","0/0","0/0","0/0","0/0","0/0","0/0","0/0","0/0","0/0","0/0","0/0","0/0","0/0","0/0","0/0","0/0","0/0","0/0","0/0","0/0","0/0","0/0","0/0","0/0","0/0","0/0","0/0","0/0","0/0","0/0","0/0","0/0","0/0","0/0","0/0"
"chr19:7810766_C/CGGGTCAGCTCCTGGTAGATCTCCTGCAGCTTAGATTTCTCTGGAAGCTCACCCACTGCAGCCTTCAGCT_CD209","0/0","0/0","0/0","0/0","0/0","0/0","0/0","0/0","0/0","0/0","0/0","0/0","0/0","0/0","0/0","0/0","0/0","0/0","0/0","0/0","0/0","0/0","0/0","0/0","0/0","0/0","0/0","0/0","0/0","0/0","0/0","0/0","1/1","0/0","0/0","0/0","0/0","0/0","0/0","0/0","0/0","0/0","0/0","0/0","0/0","0/0","0/0","0/0","0/0","0/0","0/0","0/0","0/0","0/0","0/0","0/0","0/0","0/0","0/0","0/0","0/0","0/0","0/0","0/0","0/0","0/0","0/0","0/0","0/0","0/0","0/0","0/0","0/0","0/0","0/0","0/0","0/0","0/0","0/0","0/0","0/0","0/0","0/0","0/0","0/0","0/0","0/0","0/0","0/0","0/0","0/0","0/0","0/0","0/0","0/0","0/0","0/0","0/0","0/0","0/0","0/0","0/0","0/0","0/0","0/0","0/0","0/0","0/0","0/0","0/0","0/0","0/0","0/0","0/0","0/0","0/0","0/0","0/0","0/0","0/0","0/0","0/0","0/0","0/0","0/0","0/0","0/0","0/0","0/0","0/0","0/0","0/0","0/0","0/0","0/0","0/0","0/0","0/0","0/0","0/0","0/0","0/0","0/0","0/0","0/0","0/0","0/0","0/0","0/0","0/0","0/0","0/0","0/0"
"chr19:7935423_CAGGGGGAGAGAAAGGGGCCTGCACTGGGGGTGAGGG/C_PRR36","0/0","0/0","0/0","0/0","0/0","0/0","0/0","0/0","0/0","0/0","0/0","0/0","0/0","0/0","0/0","0/0","0/0","0/0","0/0","0/0","0/0","0/0","0/0","0/0","0/0","0/0","0/0","0/0","0/0","0/0","0/0","0/0","0/0","0/0","0/0","0/0","0/0","0/0","0/0","0/0","0/0","0/0","0/0","0/0","1/1","0/0","0/0","0/0","0/0","0/1","0/0","0/0","0/0","0/0","0/1","0/0","0/0","0/0","0/0","0/0","0/0","0/0","0/0","0/0","0/0","0/0","0/0","0/0","0/0","0/0","0/0","0/0","0/0","0/0","0/0","0/0","0/0","0/0","0/0","0/0","0/0","0/0","0/0","0/0","0/0","0/0","0/0","0/0","0/0","0/0","0/0","0/0","0/0","0/0","0/0","0/0","0/0","0/0","0/0","0/0","0/0","0/0","0/0","0/0","0/0","0/0","0/0","0/0","0/0","0/0","0/0","0/0","0/0","0/0","0/0","0/0","0/0","0/1","0/0","0/1","0/0","0/0","0/0","0/1","0/0","0/0","0/0","0/0","0/0","0/0","0/0","0/0","0/0","0/0","0/0","0/0","0/0","0/0","0/0","0/0","0/0","0/0","0/0","0/0","0/0","0/0","0/0","0/0","0/0","0/0","0/0","0/0","0/0"
"chr19:7938306_A/AG_PRR36","1/1","1/1","1/1","1/1","1/1","1/1","1/1","1/1","1/1","1/1","1/1","1/1","1/1","1/1","1/1","1/1","1/1","1/1","1/1","1/1","1/1","1/1","1/1","1/1","1/1","1/1","1/1","1/1","1/1","1/1","1/1","1/1","1/1","1/1","1/1","1/1","1/1","1/1","1/1","1/1","1/1","1/1","1/1","1/1","1/1","1/1","1/1","1/1","1/1","1/1","1/1","1/1","1/1","1/1","1/1","1/1","1/1","1/1","1/1","1/1","1/1","1/1","1/1","1/1","1/1","1/1","1/1","1/1","1/1","1/1","1/1","1/1","1/1","1/1","1/1","1/1","1/1","1/1","1/1","1/1","1/1","1/1","1/1","1/1","1/1","1/1","1/1","1/1","1/1","1/1","1/1","1/1","1/1","1/1","1/1","1/1","1/1","1/1","1/1","1/1","1/1","1/1","1/1","1/1","1/1","1/1","1/1","1/1","1/1","1/1","1/1","1/1","1/1","1/1","1/1","1/1","1/1","1/1","1/1","1/1","1/1","1/1","1/1","1/1","1/1","1/1","1/1","1/1","1/1","1/1","1/1","1/1","1/1","1/1","1/1","1/1","1/1","1/1","1/1","1/1","1/1","1/1","1/1","1/1","1/1","1/1","1/1","1/1","1/1","1/1","1/1","1/1","1/1"
"chr19:7982724_GTCTCGT/G_TGFBR3L","0/0","0/0","0/0","0/0","0/0","0/0","0/0","0/0","0/0","0/0","0/0","0/0","0/0","0/0","0/0","0/0","0/0","0/0","0/0","0/0","0/0","0/0","0/0","0/0","0/0","0/0","0/0","0/0","0/0","0/0","0/0","0/0","0/0","0/0","0/0",".",".","0/0","0/0","0/0","0/0","0/0",".","0/0","0/0","0/0",".","0/0","0/0","0/0","0/0","0/0","0/0","0/0","0/0","0/0","0/0","0/0","0/0","0/0","0/0","0/0","0/0","0/0","0/0","0/0","0/0","0/0","0/0","0/0","0/0","0/0","0/0","0/0","0/0","0/0","0/0","0/0","0/0","0/0","0/0","0/0","0/0","0/0","0/0","0/0","0/0","0/0","0/0","0/0","0/0","0/0","0/0","0/0","0/0","0/0","0/0","0/0","0/0","0/0","0/0",".","0/0","0/0","0/0","0/0",".","0/0","0/0","0/1","0/0","0/0","0/0","0/0","0/0","0/0","0/0","0/0","0/0","0/0","0/0","0/0","0/0","0/0","0/0","0/0","0/0","0/0","0/0",".","0/0","0/0","0/0","0/0","0/0","0/0","0/0","0/0","0/0","0/0","0/0","0/0","0/0","0/0","0/0","0/0","0/0","0/0","0/0","0/0","0/0","0/0","0/0"
"chr19:8389892_GTCC/G_KANK3","0/0","0/0","0/0","0/0","0/0","0/0","0/0","0/0","0/0","0/0","0/0","0/1","0/0","0/0","1/1","0/0","0/0","0/0","0/1","0/0","0/0","0/0","0/1","0/0","0/0","0/0","0/0","0/0","0/0","0/0","0/0","0/0","0/0","0/0","0/0","0/0","0/1","0/1","0/0","0/1","0/0","0/0","0/0","0/1","0/1","0/1","0/0","0/0","0/0","0/0","0/0","0/0","0/0","0/0","0/0","0/0","0/0","0/0","0/0","0/0","0/1","0/0","0/0","0/0","0/0","0/0","0/1","0/0","0/0","0/1","0/0","0/1","0/1","0/0","0/0","0/0","0/0","0/0","0/0","0/0","0/0","0/0","0/0","0/0","0/0","0/1","0/1","0/0","0/0","0/0","0/0","0/0","0/0","0/0","0/0","0/0","0/0","0/0","0/0","0/0","0/0","0/0","0/0","0/0","0/0","0/0","0/0","0/0","0/0","0/0","0/0","0/1","0/1","0/1","0/0","0/1","0/1","0/0","0/0","0/0","0/0","0/0","0/1","0/0","0/0","0/0","0/1","0/1","0/0","0/0","0/0","0/0","0/0","0/0","0/0","0/0","0/0","0/0","0/0","0/0","0/0","0/0","0/0","0/0","0/0","0/0","0/0","0/0","0/0","0/1","0/1","0/1","0/1"
"chr19:8398949_CTCGCTGTCGCCA/C_KANK3","0/1","0/1","0/1","0/1","0/1","0/1","0/0","0/0","0/0","0/1","0/1","0/0","0/0","0/1","0/0","0/1","1/1","0/0","0/0","0/0","1/1","0/0","0/0","0/1","0/0","0/1","0/0","0/1","0/0","0/0","0/1","0/1","0/1","0/0","0/0","0/0","0/0","0/0","0/1","0/0","0/1","0/1","0/0","0/1","0/0","0/0","1/1","0/0","0/0","0/1","0/0","0/1","0/1","0/1","0/0","0/0","0/0","0/0","0/0","0/0","0/1","0/1","0/1","0/0","0/0","0/0","0/0","0/0","0/0","0/0","0/0","0/0","0/0","0/1","0/1","0/0","0/0","0/1","0/1","0/0","0/0","0/1","0/0","0/0","0/0","0/0","0/1","1/1","0/0","0/0","0/1","0/0","0/0","0/1","0/1","0/1","1/1","0/0","0/1","0/1","0/0","0/1","0/0","0/0","0/0","0/0","0/0","0/0","0/0","0/1","0/1","0/0","0/0","0/0","0/0","0/0","0/0","0/0","1/1","0/0","1/1","1/1","0/0","0/0","0/0","0/0","0/0","0/1","0/1","0/1","0/1","0/0","1/1","0/1","1/1","1/1","0/1","0/1","0/1","0/1","0/1","0/0","0/0","0/0","0/0","0/0","0/0","0/0","0/0","0/0","0/0","0/0","0/0"
"chr19:9010981_GGC/G_MUC16","0/0","0/0","0/0","0/0","0/0","0/0","0/0","0/0","0/0","0/0","0/0","0/0","0/0","0/0","0/0","0/0","0/0","0/0","0/0","0/0","0/1","0/0","0/0","0/0","0/0","0/0","0/0","0/0","0/0","0/0","0/0","0/0","0/0","0/0","0/0","0/0","0/0","0/0","0/0","0/0","0/0","0/0","0/0","0/0","0/0","0/0","0/0","0/0","0/0","0/0","0/0","0/0","0/0","0/0","0/0","0/0","0/0","0/0","0/0","0/0","0/0","0/0","0/0","0/0","0/0","0/0","0/0","0/0","0/0","0/0","0/0","0/0","0/0","0/0","0/0","0/0","0/0","0/0","0/0","0/0","0/0","0/1","0/0","0/0","0/0","0/0","0/0","0/0","0/0","0/0","0/0","0/0","0/0","0/0","0/0","0/0","0/0","0/0","0/0","0/0","0/0","0/0","0/0","0/0","0/0","0/0","0/0","0/0","0/0","0/0","0/0","0/0","0/0","0/0","0/0","0/0","0/0","0/0","0/0","0/0","0/0","0/0","0/0","0/0","0/0","0/0","0/0","0/0","0/0","0/0","0/0","0/0","0/0","0/0","0/0","0/0","0/0","0/0","0/0","0/0","0/0","0/0","0/0","0/0","0/0","0/0","0/0","0/0","0/0","0/0","0/0","0/0","0/0"
"chr19:9019605_C/G_MUC16","0/1","0/1","0/1","0/0","0/0","0/0","0/1","0/1","0/1","0/1","0/1","0/0","1/1","1/2","0/1","0/1","0/1","0/1","1/1","0/1","0/0","1/1","0/0","1/1","0/1","0/0","0/0","0/1","0/0","0/1","0/0","0/1","1/1","0/0","1/1","0/1","0/0","0/1","0/1","0/1","1/1","1/1","0/0","0/1","1/1","0/0","0/0","0/0","0/1","0/1","0/1","1/1","0/1","0/0","1/1","0/1","1/1","0/0","0/0","0/1","0/1","0/0","0/1","0/1","0/1","0/1","0/0","0/0","0/0","0/0","0/1","0/1","0/1","0/1","0/1","0/1","0/1","0/1","0/1","0/1","0/1","0/0","0/1","0/1","0/1","0/0","0/0","1/1","1/1","1/1","0/1","1/1","1/1","0/1","0/1","0/1","1/1","0/1","0/0","0/0","0/0","0/0","0/0","1/1","1/1","0/0","0/0","0/1","0/1","0/0","0/0","1/1","1/1","1/1","0/0","1/1","1/1","0/1","1/1","0/1","1/1","1/1","1/1","0/1","0/0","0/0","1/1","1/1","0/0","0/0","0/0","0/0","0/1","1/1","0/1","0/1","1/1","1/1","0/0","0/1","0/0","0/0","0/0","0/0","0/0","0/0","0/1","0/1","0/1","1/1","1/1","1/1","1/1"
"chr19:9046674_GAGA/G_MUC16","0/0","0/0","0/0","0/0","0/0","0/0","0/0","0/0","0/0","0/0","0/0","0/0","0/0","0/0","0/0","0/0","0/0","0/0","0/0","0/0","0/0","0/0","0/0","0/0","0/0","0/0","0/0","0/0","0/0","0/0","0/0","0/0","0/0","0/0","0/0","0/0","0/0","0/0","0/0","0/0","0/0","0/0","0/0","0/0","0/0","0/0","0/0","0/0","0/1","0/0","0/0","0/0","0/0","0/0","0/0","0/0","0/0","0/0","0/0","0/0","0/0","0/0","0/0","0/0","0/0","0/0","0/0","0/0","0/0","0/0","0/0","0/0","0/0","0/0","0/0","0/0","0/0","0/0","0/0","0/0","0/0","0/0","0/0","0/0","0/0","0/0","0/0","0/0","0/0","0/0","0/0","0/0","0/0","0/0","0/0","0/0","0/0","0/0","0/0","0/0","0/0","0/0","0/0","0/0","0/0","0/0","0/0","0/0","0/0","0/0","0/0","0/0","0/0","0/0","0/0","0/0","0/0","0/0","0/0","0/0","0/0","0/0","0/0","0/0","0/0","0/0","0/0","0/0","0/0","0/0","0/0","0/0","0/0","0/0","0/0","0/0","0/0","0/0","0/0","0/0","0/0","0/0","0/0","0/0","0/0","0/0","0/0","0/0","0/0","0/0","0/0","0/0","0/0"
"chr19:9050164_AGTGGTCTTCAGAGCTGTGGTG/A_MUC16","0/0","0/0","0/0","0/0","0/0","0/0","0/0","0/0","0/0","0/0","0/0","0/0","0/0","0/0","0/0","0/0","0/0","0/0","0/0","0/0","0/0","0/0","0/0","0/0","0/0","0/0","0/0","0/0","0/0","0/0","0/0","0/0","0/0","0/1","0/0","0/0","0/0","0/0","0/0","0/0","0/0","0/0","0/0","0/0","0/0","0/0","0/0","0/0","0/0","0/0","0/0","0/0","0/0","0/0","0/1","0/0","0/0","0/0","0/0","0/0","0/0","0/0","0/0","0/0","0/0","0/0","0/0","0/0","0/0","0/0","0/0","0/0","0/0","0/0","0/0","0/0","0/0","0/0","0/0","0/0","0/0","0/0","0/0","0/0","0/0","0/0","0/0","0/0","0/0","0/0","0/0","0/0","0/0","0/0","0/0","0/0","0/0","0/0","0/0","0/0","0/0","0/0","0/0","0/1","0/0","0/0","0/0","0/0","0/0","0/0","0/0","0/0","0/0","0/0","0/0","0/0","0/0","0/0","0/0","0/0","0/0","0/0","0/0","0/0","0/0","0/0","0/0","0/0","0/0","0/0","0/0","0/0","0/0","0/0","0/0","0/0","0/0","0/0","0/0","0/0","0/0","0/0","0/0","0/0","0/0","0/0","0/0","0/0","0/0","0/0","0/0","0/0","0/0"
"chr19:9236698_G/GATGGT_OR7G3","0/0","0/0","0/0","0/1","0/1","0/1","0/0","0/0","0/0","0/0","0/1","0/1","0/1","0/1","0/1","0/0","1/1","0/0","0/0","1/1","0/0","0/1","0/0","0/0","0/0","0/1","0/0","0/1","0/1","0/0","1/1","0/1","0/1","0/1","0/0","0/0","0/0","0/0","1/1","1/1","0/0","0/0","0/1","0/1","0/0","0/0","0/1","0/1","0/1","0/1","0/0","0/0","0/0","0/1","1/1","0/1","1/1","0/0","0/1","0/0","0/1","0/1","0/0","0/1","0/1","0/0","0/0","0/0","0/0","0/0","0/0","0/1","0/1","0/0","0/0","0/1","0/1","0/1","0/1","0/1","0/1","0/1","0/0","0/1","0/1","0/1","0/1","1/1","0/0","0/0","0/0","0/0","0/0","1/1","1/1","0/0","1/1","0/1","0/1","0/1","0/0","0/0","0/0","0/1","0/1","1/1","1/1","0/1","0/1","0/0","0/1","1/1","1/1","0/0","0/1","0/0","0/0","0/1","0/1","0/1","0/1","0/1","0/0","0/1","0/1","0/1","0/0","0/0","0/0","0/0","0/0","0/0","0/0","0/0","0/0","0/0","0/0","0/0","0/0","0/0","0/0","0/0","0/0","0/0","0/0","0/0","0/1","0/1","0/1","0/0","0/0","0/0","0/0"
"chr19:9236916_AG/A_OR7G3","0/0","0/0","0/0","0/0","0/1","0/1","0/0","0/0","0/0","0/0","0/0","0/0","0/0","0/0","0/0","0/0","0/0","0/0","0/0","0/0","0/0","0/0","0/0","0/0","0/0","0/0","0/0","0/1","0/1","0/0","0/0","0/0","0/0","0/0","0/0","0/0","0/0","0/0","0/0","0/0","0/0","0/0","0/0","0/0","0/0","0/0","0/0","0/0","0/0","0/0","0/0","0/0","0/0","0/0","0/1","0/0","0/0","0/0","0/1","0/0","0/0","0/0","0/0","0/1","0/1","0/0","0/0","0/0","0/0","0/0","0/0","0/0","0/0","0/0","0/0","0/0","0/0","0/1","0/1","0/0","0/0","0/0","0/0","0/0","0/0","0/0","0/0","0/0","0/0","0/0","0/0","0/0","0/0","0/0","0/0","0/0","0/0","0/1","0/0","0/0","0/0","0/0","0/0","0/0","0/0","0/0","0/0","0/0","0/0","0/0","0/0","0/0","0/0","0/0","0/0","0/0","0/0","0/0","0/0","0/0","0/0","0/0","0/0","0/0","0/0","0/0","0/0","0/0","0/0","0/0","0/0","0/0","0/0","0/0","0/0","0/0","0/0","0/0","0/0","0/0","0/0","0/0","0/0","0/0","0/0","0/0","0/0","0/0","0/0","0/0","0/0","0/0","0/0"
"chr19:9271391_CG/C_ZNF317","0/0","0/0","0/0","0/0","0/0","0/0","0/0","0/0","0/0","0/0","0/0","0/0","0/0","0/0","0/0","0/0","0/0","0/0","0/0","0/0","0/0","0/0","0/0","0/0","0/0","0/0","0/0","0/0","0/0","0/0","0/0","0/0","0/0","0/0","0/0","0/0","0/1","0/0","0/0","0/0","0/0","0/0","0/0","0/0","0/0","0/0","0/0","0/0","0/0","0/0","0/0","0/0","0/0","0/0","0/0","0/0","0/0","0/0","0/0","0/0","0/0","0/0","0/0","0/0","0/0","0/0","0/0","0/0","0/0","0/0","0/0","0/0","0/0","0/0","0/0","0/0","0/0","0/0","0/0","0/0","0/0","0/0","0/0","0/0","0/0","0/0","0/0","0/0","0/0","0/0","0/0","0/0","0/0","0/0","0/0","0/0","0/0","0/0","0/0","0/0","0/0","0/0","0/0","0/0","0/0","0/0","0/0","0/0","0/0","0/0","0/0","0/0","0/0","0/0","0/0","0/0","0/0","0/0","0/0","0/0","0/0","0/0","0/0","0/0","0/0","0/0","0/0","0/0","0/0","0/0","0/0","0/0","0/0","0/0","0/0","0/0","0/0","0/0","0/0","0/0","0/0","0/0","0/0","0/0","0/0","0/0","0/0","0/0","0/0","0/0","0/0","0/0","0/0"
"chr19:9361740_CTT/CT_OR7E24","0/0","0/0","0/2","0/1","0/0","0/0","0/0","0/1","0/0","0/0","0/1","0/0","0/0","0/0","0/0","0/0","0/2","0/0","0/0","0/0","0/0","0/0","0/0","0/0","0/2","0/0","0/0","0/0","0/0","0/0","0/0","0/0","0/0","0/0","0/0","0/0","0/3","0/0","0/0","0/0","0/0","0/0","0/2","0/0","0/0","0/0","0/0","0/0","0/0","0/0","0/0","0/0","0/0","0/0","0/0","0/0","0/0","0/0","0/3","0/0","0/0","0/0","0/0","0/0","0/0","0/0","0/2","0/0","0/0","0/0","0/0","0/0","0/0","0/0","0/0","0/0","0/0","0/0","0/0","0/0","0/0","0/2","0/0","0/1","0/0","0/0","0/0","0/0","0/0","0/0","0/0","0/0","0/0","0/0","0/0","0/0","0/0","0/1","0/0","0/0","0/1","0/0","0/0","0/3","0/0","0/0","0/0","0/0","0/0","0/0","0/0","0/0","0/0","0/0","0/1","0/0","0/0","0/1","0/0","0/1","0/0","0/0","0/1","0/1","0/0","0/0","0/0","0/0","0/0","0/0","0/2","0/1","0/0","0/0","0/2","0/0","0/0","0/0","0/1","0/1","0/1","0/0","0/0","0/0","0/0","0/0","0/1","0/1","0/1","0/0","0/2","0/1","0/0"
"chr19:9453161_GA/G_ZNF559","0/0","0/0","0/0","0/0","0/0","0/0","0/0","0/0","0/0","0/0","0/0","0/0","0/0","0/0","0/0","0/0","0/1","0/0","0/0","0/0","0/0","0/0","0/0","0/0","0/0","0/0","0/0","0/0","0/0","0/0","0/0","0/0","0/0","0/0","0/0","0/0","0/0","0/0","0/0","0/0","0/0","0/0","0/0","0/0","0/0","0/0","0/0","0/0","0/0","0/0","0/0","0/0","0/0","0/2","0/0","0/0","0/0","0/2","0/0","0/0","0/0","0/2","0/0","0/0","0/0","0/0","0/0","0/0","0/0","0/0","0/0","0/0","0/0","0/0","0/0","0/0","0/0","0/0","0/0","0/0","0/0","0/0","0/0","0/0","0/0","0/0","0/0","0/0","0/0","0/0","0/0","0/0","0/0","0/0","0/0","0/0","0/0","0/0","0/0","0/0","0/0","0/2","0/0","0/0","0/0","0/0","0/0","0/0","0/0","0/2","0/0","0/0","0/0","0/0","0/0","0/0","0/0","0/2","0/0","0/2","0/0","0/0","0/0","0/2","0/0","0/0","0/0","0/0","0/0","0/0","0/0","0/0","0/0","0/2","0/0","0/0","0/2","0/2","0/0","0/0","0/0","0/0","0/0","0/2","0/2","0/2","0/0","0/0","0/0","0/0","0/0","0/0","0/0"
"chr19:9489707_C/CA_ZNF177_ZNF559-ZNF177","0/0","0/0","0/0","0/0","0/0","0/0","0/0","0/0","0/0","0/0","0/0","0/0","0/0","0/0","0/0","0/0","0/0","0/0","0/0","0/0","0/0","0/0","0/0","0/0","0/0","0/0","0/0","0/0","0/0","0/0","0/0","0/0","0/0","0/0","0/0","0/0","0/0","0/0","0/0","0/0","0/0","0/0","0/0","0/0","0/0","0/0","0/0","0/0","0/0","0/0","0/0","0/0","0/0","0/0","0/0","0/0","0/0","0/0","0/0","0/0","0/0","0/0","0/0","0/0","0/0","0/0","0/0","0/0","0/0","0/0","0/0","0/0","0/0","0/0","0/0","0/0","0/0","0/0","0/0","0/0","0/0","0/0","0/0","0/0","0/0","0/0","0/0","0/0","0/0","0/0","0/0","0/0","0/0","0/0","0/0","0/0","0/0","0/0","0/0","0/0","0/0","0/0","0/0","0/0","0/0","0/0","0/0","0/0","0/0","0/0","0/0","0/0","0/0","0/0","0/0","0/0","0/0","0/1","0/0","0/1","0/0","0/0","0/0","0/1","0/0","0/0","0/0","0/0","0/0","0/0","0/0","0/0","0/0","0/0","0/0","0/0","0/0","0/0","0/0","0/0","0/0","0/0","0/0","0/0","0/0","0/0","0/0","0/0","0/0","0/0","0/0","0/0","0/0"
"chr19:9801440_TCTCTC/T_ZNF812","0/0","0/0","0/0","0/0","0/0","0/0","0/0","0/0","0/0","0/0","0/0","0/1","0/0","0/0","0/0","0/0","0/0","0/0","0/0","0/0","0/0","0/0","0/0","0/0","0/0","0/0","0/0","0/0","0/0","0/0","0/0","0/0","0/1","0/0","0/0","0/0","0/0","0/0","0/0","0/0","0/0","0/0","0/0","0/0","0/0","0/0","0/0","0/1","0/1","0/1","0/0","0/0","0/0","0/0","0/0","0/0","0/0","0/0","0/0","0/0","0/0","0/0","0/1","0/0","0/0","0/0","0/1","0/0","0/0","0/1","0/0","0/0","0/0","0/0","0/0","0/0","0/0","0/0","0/0","0/0","0/0","0/0","0/0","0/1","0/1","0/0","0/0","0/0","0/0","0/0","0/1","0/0","0/0","0/0","0/0","0/1","0/0","0/0","0/0","0/0","0/0","0/0","0/0","0/1","0/1","0/0","0/0","0/0","0/0","0/0","0/0","0/0","0/0","0/0","0/0","0/0","0/0","0/0","0/0","0/0","0/0","0/0","0/0","0/0","0/0","0/0","0/0","0/0","0/0","0/0","0/0","0/0","0/0","0/0","0/0","0/0","0/0","0/0","0/0","0/0","0/0","0/0","0/0","0/0","0/0","0/0","0/0","0/0","0/0","0/0","0/0","0/0","0/0"
"chr19:10047000_ACAG/A_OLFM2","0/0","0/0","0/0","0/0","0/0","0/0","0/0","0/0","0/0","0/0","0/0","0/0","0/0","0/0","0/0","0/0","0/0","0/0","0/0","0/0","0/0","0/0","0/0","0/0","0/0","0/0","0/0","0/0","0/0","0/0","0/0","0/0","0/0","0/0","0/0","0/0","0/0","0/0","0/0","0/0","0/0","0/0","0/0","0/0","0/0","0/0","0/0","0/0","0/0","0/0","0/0","0/0","0/0","0/0","0/0","0/0","0/0","0/1","0/0","0/0","0/0","0/0","0/0","0/0","0/0","0/0","0/0","0/0","0/0","0/0","0/0","0/0","0/0","0/0","0/0","0/0","0/0","0/0","0/0","0/0","0/0","0/0","0/0","0/0","0/0","0/0","0/0","0/0","0/0","0/0","0/0","0/0","0/1","0/0","0/0","0/0","0/0","0/0","0/0","0/0",".","0/0","0/0","0/0","0/0","0/0","0/0","0/0","0/0","0/0","0/0","0/0","0/0",".","0/0","0/0","0/0","0/0","0/0","0/0","0/0","0/0","0/0","0/0","0/0","0/0","0/0","0/0","0/0","0/0","0/0","0/0","0/0","0/0","0/0","0/0","0/0","0/0","0/0","0/0","0/0","0/0","0/0","0/0","0/0","0/0","0/0","0/0","0/0","0/0","0/0","0/0","0/0"
"chr19:10419232_GAGA/G_ZGLP1","0/0","0/0","0/0","0/0","0/0","0/0","0/0","0/0","0/0","0/0","0/0","0/0","0/0","0/0","0/0","0/0","0/0","0/0","0/0","0/0","0/0","0/0","0/0","0/0","0/0","0/0","0/0","0/0","0/0","0/0","0/0","0/0","0/0","0/0","0/0","0/0","0/0","0/0","0/0","0/0","0/0","0/0","0/0","0/0","0/0","0/0","0/0","0/0","0/0","0/0","0/0","0/0","0/0","0/0","0/0","0/0","0/0","0/0","0/0","0/0","0/0","0/0","0/0","0/0","0/0","0/0","0/0","0/0","0/0","0/0","0/0","0/1","0/1","0/0","0/0","0/0","0/0","0/0","0/0","0/0","0/0","0/0","0/0","0/0","0/0","0/0","0/0","0/0","0/0","0/0","0/0","0/0","0/0","0/0","0/0","0/0","0/0","0/0","0/0","0/0","0/0","0/0","0/0","0/0","0/0","0/0","0/0","0/0","0/0","0/0","0/0","0/0","0/0","0/0","0/0","0/0","0/0","0/0","0/0","0/0","0/0","0/0","0/0","0/0","0/0","0/0","0/0","0/0","0/0","0/0","0/0","0/0","0/0","0/0","0/0","0/0","0/0","0/0","0/0","0/0","0/0","0/0","0/0","0/0","0/0","0/0","0/0","0/0","0/0","0/0","0/0","0/0","0/0"
"chr19:10433827_TC/T_RAVER1","0/0","0/0","0/0","0/0","0/0","0/0","0/0","0/0","0/0","0/0","0/0","0/0","0/0","0/0","0/0","0/0","0/0","0/0","0/0","0/0","0/0","0/0","0/0","0/0","0/0","0/0","0/0","0/0","0/0","0/0","0/0","0/0","0/0","0/0","0/0","0/0","0/1","0/0","0/0","0/0","0/0","0/0","0/0","0/0","0/0","0/0","0/0","0/0","0/0","0/0","0/0","0/0","0/0","0/0","0/0","0/0","0/0","0/0","0/0","0/0","0/0","0/0","0/0","0/0","0/0","0/0","0/0","0/0","0/0","0/0","0/0","0/0","0/0","0/0","0/0","0/0","0/0","0/0","0/0","0/0","0/0","0/0","0/0","0/0","0/0","0/0","0/0","0/0","0/0","0/0","0/0","0/0","0/0","0/0","0/0","0/0","0/0","0/0","0/0","0/0","0/0","0/0","0/0","0/0","0/0","0/0","0/0","0/0","0/0","0/0","0/0","0/0","0/0","0/2","0/0","0/0","0/0","0/0","0/0","0/0","0/0","0/0","0/0","0/0","0/0","0/0","0/2","0/2","0/0","0/0","0/0","0/0","0/0","0/0","0/0","0/0","0/0","0/0","0/0","0/0","0/0","0/0","0/0","0/0","0/0","0/0","0/0","0/0","0/0","0/0","0/0","0/0","0/0"
"chr19:10446010_CG/C_ICAM3","0/0","0/0","0/0","0/0","0/0","0/0","0/0","0/0","0/0","0/0","0/0","0/0","0/0","0/0","0/0","0/0","0/0","0/0","0/0","0/0","0/0","0/0","0/0","0/0","0/0","0/0","0/0","0/0","0/0","0/0","0/0","0/1","0/0","0/0","0/0","0/0","0/0","0/0","0/0","0/0","0/0","0/0","0/0","0/0","0/0","0/0","0/0","0/0","0/0","0/0","0/0","0/0","0/0","0/0","0/0","0/0","0/0","0/0","0/0","0/0","0/0","0/0","0/0","0/0","0/0","0/0","0/0","0/0","0/0","0/0","0/0","0/0","0/0","0/0","0/0","0/0","0/0","0/0","0/0","0/0","0/0","0/0","0/0","0/0","0/0","0/0","0/0","0/0","0/0","0/0","0/0","0/0","0/0","0/0","0/0","0/0","0/0","0/0","0/0","0/0","0/0","0/0","0/0","0/0","0/0","0/0","0/0","0/0","0/0","0/0","0/0","0/0","0/0","0/0","0/0","0/0","0/0","0/0","0/0","0/0","0/0","0/0","0/0","0/0","0/0","0/0","0/0","0/0","0/0","0/0","0/0","0/0","0/0","0/0","0/0","0/0","0/0","0/0","0/0","0/0","0/0","0/0","0/0","0/0","0/0","0/0","0/0","0/0","0/0","0/0","0/0","0/0","0/0"
"chr19:10664644_G/GC_KRI1","0/0","0/0","0/0","0/0","0/0","0/0","0/0","0/0","0/0","0/1","0/0","0/0","0/0","0/0","0/0","0/0","0/0","0/0","0/0","0/0","0/0","0/0","0/0","0/0","0/0","0/0","0/0","0/0","0/0","0/0","0/0","0/0","0/0","0/0","0/0","0/0","0/0","0/0","0/0","0/0","0/0","0/0","0/0","0/0","0/0","0/0","0/0","0/0","0/0","0/0","0/0","0/0","0/0","0/0","0/0","0/0","0/0","0/0","0/0","0/0","0/0","0/0","0/0","0/0","0/0","0/0","0/0","0/0","0/0","0/0","0/0","0/0","0/0","0/0","0/0","0/0","0/0","0/0","0/0","0/0","0/0","0/0","0/0","0/0","0/0","0/0","0/0","0/0","0/0","0/0","0/0","0/0","0/0","0/0","0/0","0/0","0/0","0/0","0/0","0/0","0/0","0/0","0/0","0/0","0/0","0/0","0/0","0/0","0/0","0/0","0/0","0/0","0/0","0/0","0/0","0/0","0/0","0/0","0/0","0/0","0/0","0/0","0/0","0/0","0/0","0/0","0/0","0/0","0/0","0/0","0/0","0/0","0/0","0/0","0/0","0/0","0/0","0/0","0/0","0/0","0/0","0/0","0/0","0/0","0/0","0/0","0/0","0/0","0/0","0/0","0/0","0/0","0/0"
"chr19:10792682_G/GC_ILF3","0/0","0/0","0/0","0/0","0/0","0/0","0/0","0/0","0/0","0/1","0/0","0/0","0/0","0/0","0/0","0/0","0/0","0/0","0/0","0/0","0/0","0/0","0/0","0/0","0/0","0/0","0/0","0/0","0/0","0/0","0/0","0/0","0/0","0/0","0/0","0/0","0/0","0/0","0/0","0/0","0/0","0/0","0/0","0/0","0/0","0/0","0/0","0/0","0/0","0/0","0/0","0/0","0/0","0/0","0/0","0/0","0/0","0/0","0/0","0/0","0/0","0/0","0/0","0/0","0/0","0/0","0/0","0/0","0/0","0/0","0/0","0/0","0/0","0/0","0/0","0/0","0/0","0/0","0/0","0/0","0/0","0/0","0/0","0/0","0/0","0/0","0/0","0/0","0/0","0/0","0/0","0/0","0/0","0/0","0/0","0/0","0/0","0/0","0/0","0/0","0/0","0/0","0/0","0/0","0/0","0/0","0/0","0/0","0/0","0/0","0/0","0/0","0/0","0/0","0/0","0/0","0/0","0/0","0/0","0/0","0/0","0/0","0/0","0/0","0/0","0/0","0/0","0/0","0/0","0/0","0/0","0/0","0/0","0/0","0/0","0/0","0/0","0/0","0/0","0/0","0/0","0/0","0/0","0/0","0/0","0/0","0/0","0/0","0/0","0/0","0/0","0/0","0/0"
"chr19:11034535_AGTAGCC/A_YIPF2","0/0","0/0","0/0","0/0","0/0","0/0","0/0","0/0","0/0","0/0","0/0","0/0","0/0","0/0","0/0","0/0","0/0","0/0","0/0","0/0","0/0","0/0","0/0","0/0","0/0","0/0","0/0","0/0","0/0","0/0","0/0","0/0","0/0","0/0","0/0","0/0","0/0","0/0","0/0","0/0","0/0","0/0","0/0","0/0","0/0","0/0","0/0","0/0","0/0","0/0","0/0","0/0","0/0","0/0","0/0","0/0","0/0","0/0","0/0","0/0","0/0","0/0","0/0","0/0","0/0","0/0","0/0","0/0","0/0","0/0","0/0","0/0","0/0","0/0","0/0","0/0","0/0","0/0","0/0","0/0","0/0","0/1","0/0","0/0","0/0","0/0","0/0","0/0","0/0","0/0","0/0","0/0","0/0","0/0","0/0","0/0","0/0","0/0","0/0","0/0","0/0","0/0","0/0","0/0","0/0","0/0","0/0","0/0","0/0","0/0","0/0","0/0","0/0","0/0","0/0","0/0","0/0","0/0","0/0","0/0","0/0","0/0","0/0","0/0","0/0","0/0","0/0","0/0","0/0","0/0","0/0","0/0","0/0","0/0","0/0","0/0","0/0","0/0","0/0","0/0","0/0","0/0","0/0","0/0","0/0","0/0","0/0","0/0","0/0","0/0","0/0","0/0","0/0"
"chr19:11350377_GCCC/G_ANGPTL8","0/0","0/0","0/0","0/0","0/0","0/0","0/0","0/0","0/0","0/0","0/0","0/0","0/0","0/0","0/0","0/0","0/0","0/0","0/0","0/0","0/0","0/0","0/0","0/0","0/0","0/0","0/0","0/0","0/0","0/0","0/0","0/0","0/0","0/0","0/0","0/0","0/0","0/0","0/0","0/0","0/0","0/0","0/0","0/0","0/0","0/1","0/0","0/0","0/0","0/0","0/0","0/0","0/0","0/0","0/0","0/0","0/0","0/0","0/0","0/0","0/0","0/0","0/0","0/0","0/0","0/0","0/0","0/0","0/0","0/0","0/0","0/0","0/0","0/0","0/0","0/0","0/0","0/0","0/0","0/0","0/0","0/0","0/0","0/0","0/0","0/0","0/0","0/0","0/0","0/0","0/0","0/0","0/0","0/0","0/0","0/0","0/0","0/0","0/0","0/0","0/0","0/0","0/0","0/0","0/0","0/0","0/0","0/0","0/0","0/0","0/0","0/0","0/0","0/0","0/0","0/0","0/0","0/0","0/0","0/0","0/0","0/0","0/0","0/0","0/0","0/0","0/0","0/0","0/0","0/0","0/0","0/0","0/0","0/0","0/0","0/0","0/0","0/0","0/0","0/0","0/0","0/0","0/0","0/0","0/0","0/0","0/0","0/0","0/0","0/0","0/0","0/0","0/0"
"chr19:11558388_AGAG/A_PRKCSH","0/0","0/0","0/0","0/0","0/0","0/0","0/0","0/0","0/0","0/0","0/0","0/0","0/1","0/0","0/0","0/0","0/0","0/0","0/0","0/0","0/0","0/0","0/0","0/0","0/0","0/0","0/0","0/0","0/0","0/0","0/0","0/0","0/0","0/0","0/0","0/0","0/0","0/0","0/0","0/0","0/0","0/0","0/0","0/0","0/0","0/0","0/0","0/0","0/0","0/0","0/0","0/0","0/0","0/0","0/0","0/0","0/0","0/0","0/0","0/0","0/0","0/0","0/0","0/0","0/0","0/0","0/0","0/0","0/0","0/0","0/0","0/0","0/0","0/0","0/0","0/0","0/0","0/0","0/0","0/0","0/0","0/0","0/0","0/0","0/0","0/0","0/0","0/0","0/0","0/0","0/0","0/0","0/0","0/0","0/0","0/0","0/0","0/0","0/0","0/0","0/0","0/0","0/0","0/0","0/0","0/0","0/0","0/0","0/0","0/0","0/0","0/0","0/0","0/0","0/0","0/0","0/0","0/0","0/0","0/0","0/0","0/0","0/0","0/0","0/0","0/0","0/0","0/0","0/0","0/0","0/0","0/0","0/0","0/0","0/0","0/0","0/0","0/0","0/0","0/0","0/0","0/0","0/0","0/0","0/0","0/0","0/0","0/0","0/0","0/0","0/0","0/0","0/0"
"chr19:11577604_GC/G_ELAVL3","0/0","0/0","0/0","0/0","0/0","0/0","0/0","0/0","0/0","0/0","0/0","0/0","0/0","0/0","0/0","0/0","0/0","0/0","0/0","0/0","0/0","0/0","0/0","0/0","0/0","0/0","0/0","0/0","0/0","0/0","0/0","0/0","0/0","0/0","0/0","0/0","0/1","0/0","0/0","0/0","0/0","0/0","0/0","0/0","0/0","0/0","0/0","0/0","0/0","0/0","0/0","0/0","0/0","0/0","0/0","0/0","0/0","0/0","0/0","0/0","0/0","0/0","0/0","0/0","0/0","0/0","0/0","0/0","0/0","0/0","0/0","0/0","0/0","0/0","0/0","0/0","0/0","0/0","0/0","0/0","0/0","0/0","0/0","0/0","0/0","0/0","0/0","0/0","0/0","0/0","0/0","0/0","0/0","0/0","0/0","0/0","0/0","0/0","0/0","0/0","0/0","0/0","0/0","0/0","0/0","0/0","0/0","0/0","0/0","0/0","0/0","0/0","0/0","0/0","0/0","0/0","0/0","0/0","0/0","0/0","0/0","0/0","0/0","0/0","0/0","0/0","0/0","0/0","0/0","0/0","0/0","0/0","0/0","0/0","0/0","0/0","0/0","0/0","0/0","0/0","0/0","0/0","0/0","0/0","0/0","0/0","0/0","0/0","0/0","0/1","0/0","0/0","0/0"
"chr19:12154798_TGA/T_ZNF878","0/0","0/0","0/0","0/0","0/0","0/0","0/0","0/0","0/0","0/0","0/0","0/0","0/0","0/0","0/0","0/0","0/0","0/0","0/0","0/0","0/0","0/0","0/0","0/0","0/0","0/0","0/0","0/0","0/0","0/0","0/0","0/0","0/0","0/1","0/0","0/0","0/0","0/0","0/0","0/0","0/0","0/0","0/0","0/0","0/0","0/0","0/0","0/0","0/1","0/0","0/0","0/0","0/0","0/0","0/0","0/0","0/0","0/0","0/0","0/0","0/0","0/0","0/0","0/0","0/0","0/0","0/0","0/0","0/0","0/0","0/0","0/0","0/0","0/0","0/0","0/0","0/0","0/0","0/0","0/0","0/0","0/0","0/0","0/0","0/0","0/0","0/0","0/0","0/0","0/0","0/0","0/0","0/0","0/0","0/0","0/0","0/0","0/0","0/0","0/0","0/1","0/0","0/1","0/0","0/0","0/0","0/0","0/0","0/0","0/0","0/0","0/0","0/0","0/0","0/1","0/0","0/0","0/1","0/0","0/1","0/0","0/0","0/0","0/1","0/1","0/1","0/0","0/0","0/0","0/0","0/0","0/0","0/0","0/0","0/0","0/0","0/0","0/0","0/0","0/0","0/0","0/0","0/0","0/1","0/1","0/1","0/0","0/0","0/0","0/0","0/0","0/0","0/0"
"chr19:12384404_CT/C_ZNF44","0/0","0/0","0/0","0/0","0/0","0/0","0/0","0/0","0/0","0/0","0/0","0/0","0/0","0/0","0/0","0/0","0/0","0/0","0/0","0/0","0/0","0/0","0/0","0/0","0/0","0/0","0/0","0/0","0/0","0/0","0/0","0/0","0/0","0/0","0/0","0/0","0/0","0/0","0/0","0/0","0/0","0/0","0/0","0/0","0/0","0/0","0/0","0/0","0/0","0/0","0/0","0/0","0/0","0/0","0/0","0/1","0/0","0/0","0/0","0/0","0/0","0/0","0/0","0/0","0/0","0/0","0/0","0/0","0/0","0/0","0/0","0/0","0/0","0/0","0/0","0/0","0/0","0/0","0/0","0/0","0/0","0/0","0/0","0/0","0/0","0/0","0/0","0/0","0/0","0/0","0/0","0/0","0/0","0/0","0/0","0/0","0/0","0/0","0/0","0/0","0/0","0/0","0/0","0/0","0/0","0/0","0/0","0/0","0/0","0/0","0/0","0/0","0/0","0/0","0/0","0/0","0/0","0/0","0/0","0/0","0/0","0/0","0/0","0/0","0/0","0/0","0/0","0/0","0/0","0/0","0/0","0/0","0/0","0/0","0/0","0/0","0/0","0/0","0/0","0/0","0/0","0/0","0/0","0/0","0/0","0/0","0/0","0/0","0/0","0/0","0/0","0/0","0/0"
"chr19:12719978_AG/A_ZNF490","0/0","0/0","0/0","0/0","0/0","0/0","0/0","0/0","0/0","0/0","0/0","0/0","0/0","0/0","0/0","0/0","0/0","0/0","0/0","0/0","0/0","0/0","0/0","0/0","0/0","0/0","0/0","0/0","0/0","0/0","0/0","0/0","0/0","0/0","0/0","0/0","0/0","0/0","0/0","0/0","0/0","0/0","0/0","0/0","0/0","0/0","0/0","0/0","0/0","0/0","0/0","0/0","0/0","0/0","0/0","0/0","0/0","0/0","0/0","0/0","0/0","0/0","0/0","0/0","0/0","0/0","0/0","0/0","0/0","0/0","0/0","0/0","0/0","0/0","0/0","0/0","0/0","0/0","0/0","0/0","0/0","0/0","0/0","0/0","0/0","0/0","0/0","0/0","0/0","0/0","0/0","0/0","0/0","0/0","0/0","0/0","0/0","0/0","0/1","0/1","0/0","0/0","0/0","0/0","0/0","0/0","0/0","0/0","0/0","0/0","0/0","0/0","0/0","0/0","0/0","0/0","0/0","0/0","0/0","0/0","0/0","0/0","0/0","0/0","0/0","0/0","0/0","0/0","0/0","0/0","0/0","0/0","0/0","0/0","0/0","0/0","0/0","0/0","0/0","0/0","0/0","0/0","0/0","0/0","0/0","0/0","0/0","0/0","0/0","0/0","0/0","0/0","0/0"
"chr19:12719981_CTTG/C_ZNF490","0/0","0/0","0/0","0/0","0/0","0/0","0/0","0/0","0/0","0/0","0/0","0/0","0/0","0/0","0/0","0/0","0/0","0/0","0/0","0/0","0/0","0/0","0/0","0/0","0/0","0/0","0/0","0/0","0/0","0/0","0/0","0/0","0/0","0/0","0/0","0/0","0/0","0/0","0/0","0/0","0/0","0/0","0/0","0/0","0/0","0/0","0/0","0/0","0/0","0/0","0/0","0/0","0/0","0/0","0/0","0/0","0/0","0/0","0/0","0/0","0/0","0/0","0/0","0/0","0/0","0/0","0/0","0/0","0/0","0/0","0/0","0/0","0/0","0/0","0/0","0/0","0/0","0/0","0/0","0/0","0/0","0/0","0/0","0/0","0/0","0/0","0/0","0/0","0/0","0/0","0/0","0/0","0/0","0/0","0/0","0/0","0/0","0/0","0/1","0/1","0/0","0/0","0/0","0/0","0/0","0/0","0/0","0/0","0/0","0/0","0/0","0/0","0/0","0/0","0/0","0/0","0/0","0/0","0/0","0/0","0/0","0/0","0/0","0/0","0/0","0/0","0/0","0/0","0/0","0/0","0/0","0/0","0/0","0/0","0/0","0/0","0/0","0/0","0/0","0/0","0/0","0/0","0/0","0/0","0/0","0/0","0/0","0/0","0/0","0/0","0/0","0/0","0/0"
"chr19:12719985_ATG/A_ZNF490","0/0","0/0","0/0","0/0","0/0","0/0","0/0","0/0","0/0","0/0","0/0","0/0","0/0","0/0","0/0","0/0","0/0","0/0","0/0","0/0","0/0","0/0","0/0","0/0","0/0","0/0","0/0","0/0","0/0","0/0","0/0","0/0","0/0","0/0","0/0","0/0","0/0","0/0","0/0","0/0","0/0","0/0","0/0","0/0","0/0","0/0","0/0","0/0","0/0","0/0","0/0","0/0","0/0","0/0","0/0","0/0","0/0","0/0","0/0","0/0","0/0","0/0","0/0","0/0","0/0","0/0","0/0","0/0","0/0","0/0","0/0","0/0","0/0","0/0","0/0","0/0","0/0","0/0","0/0","0/0","0/0","0/0","0/0","0/0","0/0","0/0","0/0","0/0","0/0","0/0","0/0","0/0","0/0","0/0","0/0","0/0","0/0","0/0","0/1","0/1","0/0","0/0","0/0","0/0","0/0","0/0","0/0","0/0","0/0","0/0","0/0","0/0","0/0","0/0","0/0","0/0","0/0","0/0","0/0","0/0","0/0","0/0","0/0","0/0","0/0","0/0","0/0","0/0","0/0","0/0","0/0","0/0","0/0","0/0","0/0","0/0","0/0","0/0","0/0","0/0","0/0","0/0","0/0","0/0","0/0","0/0","0/0","0/0","0/0","0/0","0/0","0/0","0/0"
"chr19:13054592_CAAGA/C_CALR","0/0","0/0","0/0","0/0","0/0","0/0","0/0","0/0","0/0","0/0","0/0","0/0","0/0","0/0","0/0","0/0","0/0","0/0","0/0","0/0","0/0","0/0","0/0","0/0","0/0","0/0","0/0","0/1","0/0","0/0","0/0","0/0","0/0","0/0","0/0","0/0","0/0","0/0","0/0","0/0","0/0","0/0","0/0","0/0","0/0","0/0","0/0","0/0","0/0","0/0","0/0","0/0","0/0","0/0","0/0","0/0","0/0","0/0","0/0","0/0","0/0","0/0","0/0","0/0","0/0","0/0","0/0","0/0","0/0","0/0","0/0","0/0","0/0","0/0","0/0","0/0","0/0","0/0","0/0","0/0","0/0","0/0","0/0","0/0","0/0","0/0","0/0","0/0","0/0","0/0","0/0","0/0","0/0","0/0","0/0","0/0","0/0","0/0","0/0","0/0","0/0","0/0","0/0","0/0","0/0","0/0","0/0","0/0","0/0","0/0","0/0","0/0","0/0","0/0","0/0","0/0","0/0","0/0","0/0","0/0","0/0","0/0","0/0","0/0","0/0","0/0","0/0","0/0","0/0","0/0","0/0","0/0","0/0","0/0","0/0","0/0","0/0","0/0","0/0","0/0","0/0","0/0","0/0","0/0","0/0","0/0","0/0","0/0","0/0","0/0","0/0","0/0","0/0"
"chr19:13318672_CCTGCTGCTGCTGCTGCTGCTG/CCTGCTGCTGCTGCTG_CACNA1A","0/0","0/0","0/0","1/1","0/2","0/2","2/2","2/2","0/2","3/3","0/4","0/1","0/3","1/2","0/0","0/0","0/4","0/0","2/5","0/0","0/4","1/2","0/3","1/1","0/3","0/3","0/0","0/2","1/2","3/3","1/1","0/0","4/4","0/2","2/2","1/2","0/1","0/3","3/5","0/0","1/3","1/1","0/2","0/4","1/4","0/3","0/0","2/4","0/0","0/1","1/2","0/4","1/4","0/1","0/0","0/3","0/4","2/4","0/2","1/1","0/3","2/2","1/3","1/2","1/2","0/3","0/1","1/3","1/3","0/1","0/3","0/1","0/1","2/3","2/3","0/0","0/0","0/1","0/1","0/4","0/4","3/3","1/2","0/1","0/4","2/4","2/4","0/6","0/0","0/0","0/0","0/0","0/0","0/4","0/4","0/0","0/6","0/6","0/4","0/4","0/0","0/2","0/3","0/4","0/4","0/1","0/1","0/0","0/2","0/2","1/1","1/2","1/2","2/2","0/0","1/1","1/4","0/3","1/2","0/3","1/2","1/2","1/4","0/3","0/0","0/0","2/2","2/2","1/1","1/1","1/1","2/3","0/1","0/0","0/1","0/1","0/0","0/0","0/2","0/2","0/0","2/3","2/3","2/4","2/4","2/4","0/1","0/1","0/1","2/4","2/4","2/4","2/4"
"chr19:13319691_GGAT/G_CACNA1A","0/0","0/0","0/0","0/0","0/0","0/0","0/0","0/0","0/0","0/0","0/0","0/0","0/0","0/0","0/0","0/0","0/0","0/0","0/0","0/0","0/0","0/1","0/0","0/0","0/0","0/0","0/0","0/0","0/0","0/0","0/0","0/0","0/0","0/0","0/0","0/0","0/0","0/0","0/0","0/0","0/0","0/0","0/1","0/0","0/0","0/0","0/1","0/0","0/0","0/0","0/0","0/0","0/0","0/0","0/1","0/0","0/0","0/0","0/0","0/0","0/1","0/0","0/0","0/0","0/0","0/0","0/0","0/0","0/0","0/0","0/0","0/0","0/0","0/0","0/0","0/0","0/0","0/0","0/0","0/0","0/0","0/0","0/0","0/0","0/0","0/0","0/0","0/0","0/0","0/0","0/0","0/0","0/0","0/0","0/0","0/1","0/0","0/0","0/0","0/0","0/0","0/0","0/0","0/0","0/0","0/0","0/0","0/0","0/0","0/0","0/0","0/0","0/0","0/0","0/0","0/0","0/0","0/0","0/0","0/1","0/0","0/1","0/0","0/0","0/0","0/0","0/1","0/0","0/0","0/0","0/0","0/0","0/0","0/1","0/0","0/0","0/0","0/0","0/0","0/0","0/0","0/0","0/1","0/0","0/0","0/0","0/0","0/0","0/0","0/0","0/0","0/0","0/0"
"chr19:13875874_GC/G_MRI1","0/0","0/0","0/0","0/0","0/0","0/0","0/0","0/0","0/0","0/0","0/0","0/0","0/0","0/0","0/0","0/0","0/0","0/0","0/0","0/0","0/0","0/0","0/0","0/0","0/0","0/0","0/0","0/0","0/0","0/0","0/0","0/0","0/0","0/0","0/0","0/0","0/0","0/0","0/0","0/0","0/0","0/0","0/0","0/0","0/0","0/0","0/0","0/0","0/0","0/0","0/0","0/0","0/0","0/0","0/0","0/0","0/0","0/0","0/0","0/0","0/0","0/0","0/0","0/0","0/0","0/0","0/0","0/0","0/0","0/0","0/0","0/0","0/0","0/0","0/0","0/0","0/0","0/0","0/0","0/0","0/0","0/0","0/0","0/0","0/0","0/0","0/0","0/0","0/0","0/0","0/0","0/0","0/0","0/0","0/0","0/0","0/0","0/0","0/0","0/0","0/0","0/0","0/0","0/0","0/0","0/0","0/0","0/0","0/0","0/0","0/0","0/0","0/0","0/0","0/0","0/0","0/0","0/0","0/1","0/0","0/0","0/0","0/0","0/0","0/0","0/0","0/0","0/0","0/0","0/0","0/0","0/0","0/0","0/0","0/0","0/0","0/0","0/0","0/0","0/0","0/0","0/0","0/0","0/0","0/0","0/0","0/0","0/0","0/0","0/0","0/0","0/0","0/0"
"chr19:14141116_T/TCATG_RLN3","0/0","0/0","0/0","0/0","0/0","0/0","0/0","0/0","0/0","0/0","0/0","0/0","0/0","0/0","0/0","0/0","0/0","0/0","0/0","0/0","0/0","0/0","0/0","0/0","0/0","0/0","0/0","0/0","0/0","0/0","0/0","0/0","0/0","0/0","0/0","0/0","0/0","0/0","0/0","0/0","0/0","0/0","0/0","0/0","0/0","0/0","0/0","0/0","0/0","0/0","0/0","0/0","0/0","0/0","0/0","0/0","0/0","0/0","0/0","0/0","0/0","0/0","0/0","0/0","0/0","0/0","0/0","0/0","0/0","0/0","0/0","0/0","0/0","0/0","0/0","0/0","0/0","0/0","0/0","0/0","0/0","0/0","0/0","0/0","0/0","0/0","0/0","0/0","0/0","0/0","0/0","0/0","0/0","0/0","0/0","0/0","0/0","0/0","0/0","0/0","0/0","0/0","0/0","0/0","0/0","0/0","0/0","0/0","0/0","0/0","0/0","0/0","0/0","0/0","0/0","0/0","0/0","0/0","0/0","0/0","0/0","0/0","0/0","0/0","0/0","0/0","0/0","0/0","0/0","0/0","0/0","0/0","0/0","0/0","0/0","0/0","0/0","0/0","0/1","0/1","0/1","0/0","0/0","0/0","0/0","0/0","0/0","0/0","0/0","0/0","0/0","0/0","0/0"
"chr19:14192780_GC/G_C19orf67","0/0","0/0","0/0","0/0","0/0","0/0","0/0","0/0","0/0","0/1","0/0","0/0","0/0","0/0","0/0","0/0","0/0","0/0","0/0","0/0","0/0","0/0","0/0","0/0","0/0","0/0","0/0","0/0","0/0","0/0","0/0","0/0","0/0","0/0","0/0","0/0","0/0","0/0","0/0","0/0","0/0","0/0","0/0","0/0","0/0","0/0","0/0","0/0","0/0","0/0","0/0","0/0","0/0","0/0","0/0","0/0","0/0","0/0","0/0","0/0","0/0","0/0","0/0","0/0","0/0","0/0","0/0","0/0","0/0","0/0","0/0","0/0","0/0","0/0","0/0","0/0","0/0","0/0","0/0","0/0","0/0","0/0","0/0","0/0","0/0","0/0","0/0","0/0","0/0","0/0","0/0","0/0","0/0","0/0","0/0","0/0","0/0","0/0","0/0","0/0","0/0","0/0","0/0","0/0","0/0","0/0","0/0","0/0","0/0","0/0","0/0","0/0","0/0","0/0","0/0","0/0","0/0","0/0","0/0","0/0","0/0","0/0","0/0","0/0","0/0","0/0","0/0","0/0","0/0","0/0","0/0","0/0","0/0","0/0","0/0","0/0","0/0","0/0","0/0","0/0","0/0","0/0","0/0","0/0","0/0","0/0","0/0","0/0","0/0","0/0","0/0","0/0","0/0"
"chr19:14199250_G/GTCA_SAMD1","0/0","0/0","0/0","0/0","0/0","0/0","0/0","0/0","0/0","0/0","0/0","0/0","0/0","0/0","0/0","0/0","0/0","0/0","0/0","0/0","0/0","0/0","0/0","0/0","0/0","0/0","0/0","0/0","0/0","0/0","0/0","0/0","0/0","0/0","0/0","0/0","0/0","0/0","0/0","0/0","0/0","0/0","0/0","0/0","0/0","0/0","0/0","0/0","0/0","0/0","0/0","0/0","0/0","0/0","0/0","0/0","0/0","0/0","0/0","0/0","0/0","0/0","0/0","0/0","0/0","0/0","0/0","0/0","0/0","0/0","0/0","0/0","0/0","0/0","0/0","0/0","0/0","0/0","0/0","0/0","0/0","0/0","0/0","0/0","0/0","0/0","0/0","0/0","0/0","0/0","0/0","0/0","0/0","0/0","0/0","0/0","0/0","0/0","0/0","0/0","0/0","0/0","0/0","0/0","0/0","0/0","0/0","0/0","0/0","0/0","0/0","0/0","0/0","0/0","0/0","0/1","0/1","0/0","0/0","0/0","0/0","0/0","0/1","0/0","0/0","0/0","0/0","0/0","0/0","0/0","0/0","0/0","0/0","0/0","0/0","0/0","0/0","0/0","0/0","0/0","0/0","0/0","0/0","0/0","0/0","0/0","0/0","0/0","0/0","0/0","0/0","0/0","0/0"
"chr19:14200902_G/GCTGT_SAMD1","0/0","0/0","0/0","0/0","0/0","0/0","0/0","0/0","0/0","0/0","0/0","0/0","0/0","0/0","0/0","0/0","0/0","0/0","0/0","0/0","0/0","0/0","0/0","0/0","0/0","0/0","0/0","0/1","0/0","0/0","0/0","0/0","0/0",".","0/0","0/0","0/0","0/0","0/0","0/0","0/0","0/0","0/0","0/0","0/0","0/0","0/0","0/0","0/0","0/0","0/0","0/0","0/0","0/0","0/0","0/0","0/0","0/0","0/0","0/0","0/0","0/0","0/0","0/0","0/0","0/0","0/0","0/0","0/0","0/1","0/0","0/0","0/0","0/1","0/0","0/0","0/0","0/0","0/0","0/0","0/0","0/0","0/0","0/0","0/0","0/0","0/0","0/0","0/0","0/0","0/0","0/0","0/0","0/0","0/0","0/0","0/0","0/0","0/0","0/1","0/0","0/0","0/0","0/0","0/0","0/0","0/0","0/0","0/0","0/0","0/0","0/0","0/0","0/0","0/0","0/0","0/0","0/0","0/0","0/0","0/0","0/0","0/0","0/0","0/0","0/0","0/0","0/0","0/0","0/0","0/0","0/0","0/0","0/0","0/0","0/0","0/0","0/0","0/0","0/0","0/0","0/0","0/0","0/0","0/0","0/0","0/0","0/0","0/0","0/0","0/0","0/0","0/0"
"chr19:14200906_C/CTGT_SAMD1","0/0","0/0","0/0","0/0","0/0","0/0","0/0","0/0","0/0","0/0","0/0","0/0","0/0","0/0","0/0","0/0","0/0","0/0","0/0","0/0","0/0","0/0","0/0","0/0","0/0","0/0","0/0","0/0","0/0","0/0","0/0","0/0","0/0",".","0/0","0/0","0/0","0/0","0/0","0/0","0/1","0/0","0/0","0/0","0/0","0/0","0/0","0/0","0/0","0/0","0/0","0/0","0/0","0/0","0/0","0/0","0/0","0/0","0/0","0/0","0/0","0/0","0/0","0/0","0/0","0/0","0/0","0/0","0/0","0/0","0/0","0/0","0/0","0/0","0/0","0/0","0/0","0/0","0/0","0/0","0/0","0/0","0/1","0/0","0/0","0/0","0/0","0/0","0/0","0/0","0/0","0/0","0/0","0/0","0/0","0/0","0/0","0/0","0/0","0/0","0/0","0/0","0/0","0/0","0/0","0/0","0/0","0/0","0/0","0/0","0/0","0/0","0/0","0/0","0/0","0/0","0/0","0/0","0/0","0/0","0/0","0/0","0/0","0/0","0/0","0/0","0/0","0/0","0/0","0/0","0/0","0/0","0/0","0/0","0/0","0/0","0/0","0/0","0/0","0/0","0/0","0/0","0/0","0/0","0/0","0/0","0/0","0/0","0/0","0/0","0/0","0/0","0/0"
"chr19:14294376_GAC/G_ADGRL1","0/0","0/0","0/0","0/0","0/0","0/0","0/0","0/0","0/0","0/0","0/0","0/0","0/0","0/0","0/0","0/0","0/0","0/0","0/0","0/0","0/0","0/0","0/0","0/0","0/0","0/0","0/0","0/0","0/0","0/0","0/0","0/0","0/0","0/0","0/0","0/0","0/1","0/0","0/0","0/0","0/0","0/0","0/0","0/0","0/0","0/0","0/0","0/0","0/0","0/0","0/0","0/0","0/0","0/0","0/0","0/0","0/0","0/0","0/0","0/0","0/0","0/0","0/0","0/0","0/0","0/0","0/0","0/0","0/0","0/0","0/0","0/0","0/0","0/0","0/0","0/0","0/0","0/0","0/0","0/0","0/0","0/0","0/0","0/0","0/0","0/0","0/0","0/0","0/0","0/0","0/0","0/0","0/0","0/0","0/0","0/0","0/0","0/0","0/0","0/0","0/0","0/0","0/0","0/0","0/0","0/0","0/0","0/0","0/0","0/0","0/0","0/0","0/0","0/0","0/0","0/0","0/0","0/0","0/0","0/0","0/0","0/0","0/0","0/0","0/0","0/0","0/0","0/0","0/0","0/0","0/0","0/0","0/0","0/0","0/0","0/0","0/0","0/0","0/0","0/0","0/0","0/0","0/0","0/0","0/0","0/0","0/0","0/0","0/0","0/0","0/0","0/0","0/0"
"chr19:15052983_T/TATC_OR7C2","1/1","1/1","1/1","1/1","1/1","1/1","1/1","1/1","1/1","1/1","1/1","1/1","1/1","1/1","1/1","1/1","1/1","1/1","1/1","1/1","1/1","1/1","1/1","1/1","1/1","1/1","1/1","1/1","1/1","1/1","1/1","1/1","1/1","1/1","1/1","1/1","1/1","1/1","1/1","1/1","1/1","1/1","1/1","1/1","1/1","1/1","1/1","1/1","1/1","1/1","1/1","1/1","1/1","1/1","1/1","1/1","1/1","1/1","1/1","1/1","1/1","1/1","1/1","1/1","1/1","1/1","1/1","1/1","1/1","1/1","1/1","1/1","1/1","1/1","1/1","1/1","1/1","1/1","1/1","1/1","1/1","1/1","1/1","1/1","1/1","1/1","1/1","1/1","1/1","1/1","1/1","1/1","1/1","1/1","1/1","1/1","1/1","1/1","1/1","1/1","1/1","1/1","1/1","1/1","1/1","1/1","1/1","1/1","1/1","1/1","1/1","1/1","1/1","1/1","1/1","1/1","1/1","1/1","1/1","1/1","1/1","1/1","1/1","1/1","1/1","1/1","1/1","1/1","1/1","1/1","1/1","1/1","1/1","1/1","1/1","1/1","1/1","1/1","1/1","1/1","1/1","1/1","1/1","1/1","1/1","1/1","1/1","1/1","1/1","1/1","1/1","1/1","1/1"
"chr19:15067344_GA/G_SLC1A6","0/0","0/0","0/0","0/0","0/0","0/0","0/0","0/0","0/0","0/0","0/0","0/0","0/0","0/0","0/0","0/0","0/0","0/0","0/0","0/0","0/0","0/0","0/0","0/0","0/0","0/0","0/0","0/0","0/0","0/0","0/0","0/0","0/0","0/0","0/0","0/0","0/1","0/0","0/0","0/0","0/0","0/0","0/0","0/0","0/0","0/0","0/0","0/0","0/0","0/0","0/0","0/0","0/0","0/0","0/0","0/0","0/0","0/0","0/0","0/0","0/0","0/0","0/0","0/0","0/0","0/0","0/0","0/0","0/0","0/0","0/0","0/0","0/0","0/0","0/0","0/0","0/0","0/0","0/0","0/0","0/0","0/0","0/0","0/0","0/0","0/0","0/0","0/0","0/0","0/0","0/0","0/0","0/0","0/0","0/0","0/0","0/0","0/0","0/0","0/0","0/0","0/0","0/0","0/0","0/0","0/0","0/0","0/0","0/0","0/0","0/0","0/0","0/0","0/0","0/0","0/0","0/0","0/0","0/0","0/0","0/0","0/0","0/0","0/0","0/0","0/0","0/0","0/0","0/0","0/0","0/0","0/0","0/0","0/0","0/0","0/0","0/0","0/0","0/0","0/0","0/0","0/0","0/0","0/0","0/0","0/0","0/0","0/0","0/0","0/0","0/0","0/0","0/0"
"chr19:15349705_CGCT/C_BRD4","0/0","0/0","0/0","0/0","0/0","0/0","0/0","0/0","0/0","0/0","0/0","0/0","0/0","0/0","0/0","0/0","0/0","0/0","0/0","0/0","0/0","0/0","0/0","0/0","0/0","0/0","0/0","0/0","0/0","0/0","0/0","0/0","0/0","0/0","0/0","0/0","0/0","0/1","0/0","0/0","0/0","0/0","0/0","0/0","0/0","0/0","0/0","0/0","0/0","0/0","0/0","0/0","0/0","0/0","0/0","0/0","0/0","0/0","0/0","0/0","0/0","0/0","0/0","0/0","0/0","0/0","0/0","0/0","0/0","0/0","0/0","0/0","0/0","0/0","0/0","0/0","0/0","0/0","0/0","0/0","0/0","0/0","0/0","0/0","0/0","0/0","0/0","0/0","0/0","0/0","0/0","0/0","0/0","0/0","0/0","0/0","0/0","0/0","0/0","0/0","0/0","0/0","0/0","0/0","0/0","0/0","0/0","0/0","0/0","0/0","0/0","0/0","0/0","0/0","0/0","0/0","0/0","0/0","0/0","0/0","0/0","0/0","0/0","0/0","0/0","0/0","0/0","0/0","0/0","0/0","0/0","0/0","0/0","0/0","0/0","0/0","0/0","0/0","0/0","0/0","0/0","0/0","0/0","0/0","0/0","0/0","0/0","0/0","0/0","0/0","0/0","0/0","0/1"
"chr19:15355283_AGGCGGGGGT/A_BRD4","0/0","0/0","0/0","0/0","0/0","0/0","0/0","0/0","0/0","0/0","0/0","0/0","0/0","0/0","0/0","0/0","0/0","0/0","0/0","0/0","0/0","0/0","0/0","0/0","0/0","0/0","0/0","0/0","0/0","0/0","0/0","0/0","0/0","0/0","0/0","0/0","0/0","0/0","0/0","0/0","0/0","0/0","0/0","0/0","0/0","0/0","0/0","0/0","0/0","0/0","0/0","0/0","0/0","0/0","0/0","0/0","0/0","0/0","0/0","0/0","0/0","0/0","0/0","0/0","0/0","0/0","0/0","0/0","0/0","0/0","0/0","0/0","0/0","0/0","0/0","0/0","0/0","0/0","0/0","0/0","0/0","0/0","0/0","0/0","0/0","0/0","0/0","0/0","0/0","0/0","0/0","0/0","0/0","0/0","0/0","0/0","0/0","0/0","0/0","0/0","0/0","0/0","0/0","0/0","0/0","0/1","0/0","0/0","0/0","0/0","0/0","0/0","0/0","0/0","0/0","0/0","0/0","0/0","0/0","0/0","0/0","0/0","0/0","0/0","0/0","0/0","0/0","0/0","0/0","0/0","0/0","0/0","0/0","0/0","0/0","0/0","0/0","0/0","0/0","0/0","0/0","0/0","0/0","0/0","0/0","0/0","0/0","0/0","0/0","0/0","0/0","0/0","0/0"
"chr19:15376362_CAGG/C_BRD4","0/0","0/0","0/0","0/0","0/0","0/0","0/0","0/0","0/0","0/0","0/0","0/0","0/0","0/0","0/0","0/0","0/0","0/0","0/0","0/0","0/0","0/0","0/0","0/0","0/0","0/0","0/0","0/0","0/0","0/0","0/0","0/0","0/0","0/0","0/0","0/0","0/0","0/0","0/0","0/0","0/0","0/0","0/0","0/0","0/0","0/0","0/0","0/0","0/1","0/0","0/0","0/0","0/0","0/0","0/0","0/0","0/0","0/0","0/0","0/0","0/0","0/0","0/0","0/0","0/0","0/0","0/0","0/0","0/0","0/0","0/0","0/0","0/0","0/0","0/0","0/0","0/0","0/0","0/0","0/0","0/0","0/0","0/0","0/0","0/0","0/0","0/0","0/0","0/0","0/0","0/0","0/0","0/0","0/0","0/0","0/0","0/0","0/0","0/0","0/0","0/0","0/0","0/0","0/0","0/0","0/0","0/0","0/0","0/0","0/0","0/0","0/0","0/0","0/0","0/0","0/0","0/0","0/0","0/0","0/0","0/0","0/0","0/0","0/0","0/0","0/0","0/0","0/0","0/0","0/0","0/0","0/0","0/0","0/0","0/0","0/0","0/0","0/0","0/0","0/0","0/0","0/0","0/0","0/0","0/0","0/0","0/0","0/0","0/0","0/0","0/0","0/0","0/0"
"chr19:15491033_CCCT/C_AKAP8L","0/0","0/0","0/0","0/0","0/0","0/0","0/0","0/0","0/0","0/0","0/0","0/0","0/0","0/0","0/0","0/0","0/0","0/0","0/0","0/0","0/0","0/0","0/0","0/0","0/0","0/0","0/0","0/0","0/0","0/0","0/0","0/0","0/0","0/0","0/0","0/0","0/0","0/0","0/0","0/0","0/0","0/0","0/0","0/0","0/0","0/0","0/0","0/0","0/0","0/0","0/0","0/0","0/0","0/0","0/0","0/0","0/0","0/0","0/0","0/0","0/0","0/0","0/0","0/0","0/0","0/0","0/0","0/0","0/0","0/0","0/0","0/0","0/0","0/0","0/0","0/0","0/0","0/1","0/0","0/0","0/0","0/0","0/0","0/0","0/0","0/0","0/0","0/0","0/0","0/0","0/0","0/0","0/0","0/0","0/0","0/0","0/0","0/0","0/0","0/0","0/0","0/0","0/0","0/0","0/0","0/0","0/0","0/0","0/0","0/0","0/0","0/0","0/0","0/0","0/0","0/0","0/0","0/0","0/0","0/0","0/0","0/0","0/0","0/0","0/0","0/0","0/0","0/0","0/0","0/0","0/0","0/0","0/0","0/0","0/0","0/0","0/0","0/0","0/0","0/0","0/0","0/0","0/0","0/0","0/0","0/0","0/0","0/0","0/0","0/0","0/1","0/0","0/0"
"chr19:15730498_G/GC_CYP4F8","1/1","1/1","1/1","1/1","1/1","1/1","1/1","1/1","1/1","1/1","1/1","1/1","1/1","1/1","1/1","1/1","1/1","1/1","1/1","1/1","1/1","1/1","1/1","1/1","1/1","1/1","1/1","1/1","1/1","1/1","1/1","1/1","1/1","1/1","1/1","1/1","1/1","1/1","1/1","1/1","1/1","1/1","1/1","1/1","1/1","1/1","1/1","1/1","1/1","1/1","1/1","1/1","1/1","1/1","1/1","1/1","1/1","1/1","1/1","1/1","1/1","1/1","1/1","1/1","1/1","1/1","1/1","1/1","1/1","1/1","1/1","1/1","1/1","1/1","1/1","1/1","1/1","1/1","1/1","1/1","1/1","1/1","1/1","1/1","1/1","1/1","1/1","1/1","1/1","1/1","1/1","1/1","1/1","1/1","1/1","1/1","1/1","1/1","1/1","1/1","1/1","1/1","1/1","1/1","1/1","1/1","1/1","1/1","1/1","1/1","1/1","1/1","1/1","1/1","1/1","1/1","1/1","1/1","1/1","1/1","1/1","1/1","1/1","1/1","1/1","1/1","1/1","1/1","1/1","1/1","1/1","1/1","1/1","1/1","1/1","1/1","1/1","1/1","1/1","1/1","1/1","1/1","1/1","1/1","1/1","1/1","1/1","1/1","1/1","1/1","1/1","1/1","1/1"
"chr19:16263449_CA/C_HSH2D","0/0","0/0","0/0","0/0","0/0","0/0","0/0","0/0","0/0","0/0","0/0","0/0","0/0","0/0","0/0","0/0","0/0","0/0","0/0","0/0","0/0","0/0","0/0","0/0","0/0","0/0","0/0","0/0","0/0","0/0","0/0","0/0","0/0","0/0","0/0","0/0","0/0","0/0","0/0","0/0","0/0","0/0","0/0","0/0","0/0","0/1","0/0","0/0","0/0","0/0","0/0","0/0","0/0","0/0","0/0","0/0","0/0","0/0","0/0","0/0","0/0","0/0","0/0","0/0","0/0","0/0","0/0","0/0","0/0","0/0","0/0","0/0","0/0","0/0","0/0","0/0","0/0","0/0","0/0","0/0","0/0","0/0","0/0","0/0","0/0","0/0","0/0","0/0","0/0","0/0","0/0","0/0","0/0","0/0","0/0","0/0","0/0","0/0","0/0","0/0","0/0","0/0","0/0","0/0","0/0","0/0","0/0","0/0","0/0","0/0","0/0","0/0","0/0","0/0","0/0","0/0","0/0","0/0","0/0","0/0","0/0","0/0","0/0","0/0","0/0","0/0","0/0","0/0","0/0","0/0","0/0","0/0","0/0","0/0","0/0","0/0","0/0","0/0","0/0","0/0","0/0","0/0","0/0","0/0","0/0","0/0","0/0","0/0","0/0","0/0","0/0","0/0","0/0"
"chr19:16308819_GAGGCCTCCTGCAGCCATCATGT/G_AP1M1","0/0","0/0","0/0","0/0","0/0","0/0","0/0","0/0","0/0","0/0","0/0","0/0","0/0","0/0","0/0","0/0","0/0","0/0","0/0","0/0","0/0","0/0","0/0","0/0","0/0","0/0","0/0","0/0","0/0","0/0","0/0","0/0","0/0","0/0","0/0","0/0","0/0","0/0","0/0","0/0","0/0","0/0","0/0","0/0","0/0","0/0","0/0","0/0","0/0","0/0","0/0","0/0","0/0","0/0","0/0","0/0","0/0","0/0","0/0","0/0","0/0","0/0","0/0","0/0","0/0","0/0","0/0","0/0","0/0","0/0","0/0","0/0","0/0","0/0","0/0","0/0","0/0","0/0","0/0","0/0","0/0","0/0","0/0","0/0","0/0","0/0","0/0","0/0","0/0","0/0","0/0","0/0","0/0","0/0","0/0","0/0","0/0","0/0","0/0","0/0","0/0","0/0","0/0","0/0","0/0","0/0","0/0","0/0","0/0","0/0","0/0","0/0","0/0","0/0","0/0","0/0","0/0","0/0","0/0","0/0","0/0","0/0","0/0","0/0","0/0","0/0","0/0","0/0","0/0","0/0","0/0","0/1","0/0","0/0","0/0","0/0","0/0","0/0","0/0","0/0","0/0","0/0","0/0","0/0","0/0","0/0","0/0","0/0","0/0","0/0","0/0","0/0","0/0"
"chr19:16640580_TTGC/T_CHERP","0/0","0/0","0/0","0/0","0/0","0/0","0/0","0/0","0/0","0/0","0/0","0/0","0/0","0/0","0/0","0/0","0/0","0/0","0/0","0/0","0/0","0/0","0/0","0/1","0/0","0/0","0/0","0/0","0/0","0/0","0/0","0/0","0/0","0/0","0/0","0/0","0/0","0/0","0/0","0/0","0/0","0/0","0/0","0/0","0/0","0/0","0/0","0/0","0/0","0/0","0/0","0/0","0/0","0/0","0/0","0/0","0/0","0/0","0/0","0/0","0/0","0/0","0/0","0/0","0/0","0/0","0/0","0/0","0/0","0/0","0/0","0/0","0/0","0/0","0/0","0/0","0/0","0/0","0/0","0/0","0/0","0/0","0/0","0/0","0/0","0/0","0/0","0/0","0/0","0/0","0/1","0/0","0/0","0/0","0/0","0/0","0/0","0/0","0/0","0/0","0/0","0/0","0/0","0/0","0/0","0/0","0/0","0/0","0/0","0/0","0/0","0/0","0/0","0/0","0/1","0/0","0/0","0/0","0/0","0/0","0/0","0/0","0/0","0/0","0/0","0/0","0/0","0/0","0/0","0/0","0/0","0/0","0/0","0/0","0/0","0/0","0/0","0/0","0/0","0/0","0/0","0/0","0/0","0/0","0/0","0/0","0/0","0/0","0/0","0/0","0/0","0/0","0/0"
"chr19:17160705_C/CGA_HAUS8","0/0","0/0","0/0","0/0","0/0","0/0","0/0","0/0","0/0","0/0","0/0","0/0","0/0","0/0","0/0","0/0","0/0","0/0","0/0","0/0","0/0","0/0","0/0","0/0","0/0","0/1","0/0","0/0","0/0","0/0","0/0","0/0","0/0","0/0","0/0","0/0","0/0","0/0","0/0","0/0","0/0","0/0","0/0","0/0","0/0","0/0","0/0","0/0","0/0","0/0","0/0","0/0","0/0","0/0","0/0","0/0","0/0","0/0","0/0","0/0","0/0","0/0","0/0","0/0","0/0","0/0","0/0","0/0","0/0","0/0","0/0","0/0","0/0","0/0","0/0","0/0","0/0","0/0","0/0","0/0","0/0","0/0","0/0","0/0","0/0","0/0","0/0","0/0","0/0","0/0","0/0","0/0","0/0","0/0","0/0","0/0","0/0","0/0","0/0","0/0","0/0","0/0","0/0","0/0","0/0","0/0","0/0","0/0","0/0","0/0","0/0","0/0","0/0","0/0","0/0","0/0","0/0","0/0","0/0","0/0","0/0","0/0","0/0","0/0","0/0","0/0","0/0","0/0","0/0","0/0","0/0","0/0","0/0","0/0","0/0","0/0","0/0","0/0","0/0","0/0","0/0","0/0","0/0","0/0","0/0","0/0","0/0","0/0","0/0","0/0","0/0","0/0","0/0"
"chr19:17306155_GC/G_MYO9B","0/0","0/0","0/0","0/0","0/0","0/0","0/0","0/0","0/0","0/0","0/0","0/0","0/0","0/0","0/0","0/0","0/0","0/0","0/0","0/0","0/0","0/0","0/0","0/0","0/0","0/0","0/1","0/0","0/0","0/0","0/0","0/0","0/0","0/0","0/0","0/0","0/0","0/0","0/0","0/0","0/0","0/0","0/0","0/0","0/0","0/0","0/0","0/0","0/0","0/0","0/0","0/0","0/0","0/0","0/0","0/0","0/0","0/0","0/0","0/0","0/0","0/0","0/0","0/0","0/0","0/0","0/0","0/0","0/0","0/0","0/0","0/0","0/0","0/0","0/0","0/0","0/0","0/0","0/0","0/0","0/0","0/0","0/0","0/0","0/0","0/0","0/0","0/0","0/0","0/0","0/0","0/0","0/0","0/0","0/0","0/0","0/0","0/0","0/0","0/0","0/0","0/0","0/0","0/0","0/0","0/0","0/0","0/0","0/0","0/0","0/0","0/0","0/0","0/0","0/0","0/0","0/0","0/0","0/0","0/0","0/0","0/0","0/0","0/0","0/0","0/0","0/0","0/0","0/0","0/0","0/0","0/0","0/0","0/0","0/0","0/0","0/0","0/0","0/0","0/0","0/0","0/0","0/0","0/0","0/0","0/0","0/0","0/0","0/0","0/0","0/0","0/0","0/0"
"chr19:17306158_AGCGCCGTGG/A_MYO9B","0/0","0/0","0/0","0/0","0/0","0/0","0/0","0/0","0/0","0/0","0/0","0/0","0/0","0/0","0/0","0/0","0/0","0/0","0/0","0/0","0/0","0/0","0/0","0/0","0/0","0/0","0/1","0/0","0/0","0/0","0/0","0/0","0/0","0/0","0/0","0/0","0/0","0/0","0/0","0/0","0/0","0/0","0/0","0/0","0/0","0/0","0/0","0/0","0/0","0/0","0/0","0/0","0/0","0/0","0/0","0/0","0/0","0/0","0/0","0/0","0/0","0/0","0/0","0/0","0/0","0/0","0/0","0/0","0/0","0/0","0/0","0/0","0/0","0/0","0/0","0/0","0/0","0/0","0/0","0/0","0/0","0/0","0/0","0/0","0/0","0/0","0/0","0/0","0/0","0/0","0/0","0/0","0/0","0/0","0/0","0/0","0/0","0/0","0/0","0/0","0/0","0/0","0/0","0/0","0/0","0/0","0/0","0/0","0/0","0/0","0/0","0/0","0/0","0/0","0/0","0/0","0/0","0/0","0/0","0/0","0/0","0/0","0/0","0/0","0/0","0/0","0/0","0/0","0/0","0/0","0/0","0/0","0/0","0/0","0/0","0/0","0/0","0/0","0/0","0/0","0/0","0/0","0/0","0/0","0/0","0/0","0/0","0/0","0/0","0/0","0/0","0/0","0/0"
"chr19:17397491_GTGTGTGTGTT/G_ANKLE1","0/0","0/0","0/0","0/0","0/0","0/0","0/0","0/0","0/0","0/0","0/0","0/0","0/0","0/0","0/0","0/0","1/1","0/0","0/0","0/0","0/1","0/0","0/1","0/0","0/0","0/1","0/0","0/0","0/0","0/0","0/0","0/0","0/0","0/0","0/0","0/0","0/1","0/0","0/1","0/0","0/0","0/1","0/0","0/0","0/0","0/0","0/1","0/0","0/0","0/0","0/1","0/0","0/0","0/0","0/1","0/0","0/0","0/0","0/0","0/0","0/0","0/0","0/0","0/0","0/0","0/0","0/1","0/0","0/0","0/1","0/0","0/0","0/0","0/0","0/0","0/1","0/1","0/1","0/1","0/0","0/0","0/1","0/1","0/1","0/1","0/0","0/0","0/0","0/0","0/0","0/0","0/0","0/0","0/0","0/0","0/0","0/0","0/0","0/0","0/0","0/0","0/0","0/0","0/0","0/0","0/1","0/1","0/1","0/1","0/0","0/0","0/0","0/0","0/0","0/0","0/0","0/0","0/0","0/0","0/0","0/0","0/0","0/0","0/0","0/0","0/0","0/0","0/0",".",".","0/0","0/0","0/0","0/0","0/0","0/0","0/0","0/0","0/0","0/0","0/0","0/0","0/1","0/0","0/0","0/0","0/0","0/0","0/0","0/1","0/1","0/1","0/1"
"chr19:17397495_GTGTGTT/G_ANKLE1","0/0","0/0","0/0","0/0","0/0","0/1","0/0","0/0","0/0","0/0","0/1","0/0","0/0","0/1","0/1","0/0","0/0","0/0","0/0","0/0","0/3","0/1","0/1","0/0","0/1","0/3","0/0","0/0","0/0","0/0","0/2","0/0","0/0","0/0","0/0","0/0","0/0","0/0","0/0","0/0","0/0","0/3","0/0","0/0","0/0","0/1","0/3","0/2","0/0","0/0","0/3","0/1","0/1","0/1","0/3","0/1","0/0","0/0","0/1","0/0","0/0","0/0","0/1","0/0","0/0","0/1","0/3","0/0","0/0","0/0","0/1","0/0","0/0","0/0","0/0","0/0","0/3","0/0","0/3","0/1","0/1","0/0","0/0","0/3","0/0","0/0","0/0","0/0","0/0","0/0","0/0","0/0","0/0","0/0","0/0","0/0","0/0","0/0","0/0","0/0","0/0","0/0","0/0","0/0","0/0","0/0","0/3","0/0","0/0","0/0","0/0","0/0","0/0","0/0","0/0","0/0","0/0","0/1","0/0","0/1","0/0","0/0","0/0","0/1","0/0","0/0","0/0","0/0","0/1","0/1","0/1","0/3","0/1","0/0","0/0","0/1","0/0","0/0","0/0","0/0","0/0","0/0","0/0","0/1","0/1","0/1","0/0","0/0","0/0","0/1","0/1","0/1","0/1"
"chr19:17439521_GCCT/G_ANO8","0/0","0/0","0/0","0/0","0/0","0/0","0/0","0/0","0/0","0/0","0/0","0/0","0/0","0/0","0/1","0/0","0/0","0/0","0/0","0/0","0/0","0/0","0/0","0/0","0/0","0/0","0/0","0/0","0/0","0/0","0/0","0/0","0/0","0/0","0/0","0/0","0/0","0/0","0/0","0/0","0/0","0/0","0/0","0/0","0/0","0/0","0/0","0/0","0/0","0/0","0/0","0/0","0/0","0/0","0/0","0/0","0/0","0/0","0/0","0/0","0/0","0/0","0/0","0/0","0/0","0/0","0/0","0/0","0/0","0/0","0/0","0/0","0/0","0/0","0/0","0/0","0/0","0/0","0/0","0/0","0/0","0/0","0/0","0/0","0/0","0/0","0/0","0/0","0/0","0/0","0/0","0/0","0/0","0/0","0/0","0/0","0/0","0/0","0/0","0/0","0/0","0/1","0/0","0/0","0/0","0/0","0/0","0/0","0/0","0/0","0/0","0/0","0/0","0/0","0/0","0/0","0/0","0/0","0/0","0/0","0/0","0/0","0/0","0/0","0/0","0/0","0/0","0/0","0/0","0/0","0/0","0/0","0/0","0/0","0/0","0/0","0/0","0/0","0/0","0/0","0/0","0/0","0/0","0/0","0/0","0/0","0/0","0/0","0/0","0/0","0/0","0/0","0/0"
"chr19:17566512_CGCCTCGCG/C_NXNL1","0/0","0/0","0/0","0/0","0/0","0/0","0/0","0/0","0/1","0/0","0/0","0/0","0/0","0/0","0/0","0/0","0/0","0/0","0/0","0/0","0/0","0/0","0/0","0/0","0/0","0/0","0/0","0/0","0/0","0/0","0/0","0/0","0/0","0/0","0/0","0/0","0/0","0/0","0/0","0/0","0/0","0/0","0/0","0/0","0/0","0/0","0/0","0/0","0/0","0/0","0/0","0/0","0/0","0/0","0/0","0/0","0/0","0/0","0/0","0/0","0/0","0/0","0/0","0/0","0/0","0/0","0/0","0/0","0/0","0/0","0/0","0/0","0/0","0/0","0/0","0/0","0/0","0/0","0/0","0/0","0/0","0/0","0/0","0/0","0/0","0/0","0/0","0/0","0/0","0/0","0/0","0/0","0/0","0/0","0/0","0/0","0/0","0/0","0/0","0/0","0/0","0/0","0/0","0/0","0/0","0/0","0/0","0/0","0/0","0/0","0/0","0/0","0/0","0/0","0/0","0/0","0/0","0/0","0/0","0/0","0/0","0/0","0/0","0/0","0/0","0/0","0/0","0/0","0/0","0/0","0/0","0/0","0/0","0/0","0/0","0/0","0/0","0/0","0/0","0/0","0/0","0/0","0/0","0/0","0/0","0/0","0/0","0/0","0/0","0/0","0/0","0/0","0/0"
"chr19:17597995_TGAGCGGGCATCTGGGGAAAAGTTTGATCAA/T_SLC27A1","0/0","0/0","0/0","0/0","0/0","0/0","0/0","0/0","0/0","0/0","0/0","0/0","0/0","0/0","0/0","0/0","0/0","0/0","0/0","0/0","0/0","0/0","0/0","0/0","0/0","0/0","0/0","0/0","0/0","0/0","0/0","0/0","0/0","0/0","0/0","0/0","0/0","0/0","0/0","0/0","0/0","0/0","0/0","0/0","0/0","0/0","0/0","0/0","0/0","0/0","0/0","0/0","0/0","0/0","0/0","0/0","0/0","0/0","0/0","0/0","0/0","0/0","0/0","0/0","0/0","0/0","0/0","0/0","0/0","0/0","0/0","0/0","0/0","0/0","0/0","0/0","0/0","0/0","0/0","0/0","0/0","0/0","0/0","0/0","0/0","0/0","0/0","0/0","0/0","0/0","0/0","0/0","0/0","0/0","0/0","0/0","0/0","0/0","0/0","0/0","0/0","0/0","0/0","0/0","0/0","0/0","0/0","0/0","0/0","0/0","0/0","0/0","0/0","0/0","0/0","0/0","0/0","0/1","0/0","0/0","0/0","0/0","0/0","0/0","0/0","0/0","0/0","0/0","0/0","0/0","0/0","0/0","0/0","0/0","0/0","0/0","0/0","0/0","0/0","0/0","0/0","0/0","0/0","0/0","0/0","0/0","0/0","0/0","0/0","0/0","0/0","0/0","0/0"
"chr19:17653035_CTGGCAGCACCGTT/C_FAM129C","0/0","0/0","0/0","0/0","0/0","0/0","0/0","0/0","0/0","0/0","0/0","0/0","0/0","0/0","0/0","0/0","0/0","0/0","0/0","0/0","0/0","0/0","0/0","0/0","0/0","0/0","0/0","0/0","0/0","0/0","0/0","0/0","0/0","0/0","0/0","0/0","0/0","0/0","0/0","0/0","0/0","0/0","0/0","0/0","0/0","0/0","0/0","0/0","0/0","0/0","0/0","0/0","0/0","0/0","0/0","0/0","0/0","0/0","0/0","0/0","0/0","0/0","0/1","0/0","0/0","0/0","0/0","0/0","0/0","0/0","0/0","0/0","0/0","0/0","0/0","0/0","0/0","0/0","0/0","0/0","0/0","0/0","0/0","0/0","0/0","0/0","0/0","0/0","0/0","0/0","0/0","0/0","0/0","0/0","0/0","0/0","0/0","0/0","0/0","0/0","0/0","0/0","0/0","0/0","0/0","0/0","0/0","0/0","0/0","0/0","0/0","0/0","0/0","0/0","0/0","0/0","0/0","0/0","0/0","0/0","0/0","0/0","0/0","0/0","0/0","0/0","0/0","0/0","0/0","0/0","0/0","0/0","0/0","0/0","0/0","0/0","0/0","0/0","0/0","0/0","0/0","0/0","0/0","0/0","0/0","0/0","0/0","0/0","0/0","0/0","0/0","0/0","0/0"
"chr19:17837147_TG/T_MAP1S","0/0","0/0","0/0","0/0","0/0","0/0","0/0","0/0","0/0","0/0","0/0","0/0","0/0","0/0","0/0","0/0","0/0","0/0","0/0","0/0","0/0","0/0","0/0","0/0","0/0","0/0","0/0","0/0","0/0","0/0","0/0","0/0","0/0","0/0","0/0","0/0","0/0","0/0","0/0","0/0","0/0","0/0","0/0","0/0","0/0","0/0","0/0","0/0","0/0","0/0","0/0","0/0","0/0","0/0","0/1","0/0","0/0","0/0","0/0","0/0","0/0","0/0","0/0","0/0","0/0","0/0","0/0","0/0","0/0","0/0","0/0","0/0","0/0","0/0","0/0","0/0","0/0","0/0","0/0","0/0","0/0","0/0","0/0","0/0","0/0","0/0","0/0","0/0","0/0","0/0","0/0","0/0","0/0","0/0","0/0","0/0","0/0","0/0","0/0","0/0","0/0","0/0","0/0","0/0","0/0","0/0","0/0","0/0","0/0","0/0","0/0","0/0","0/0","0/0","0/0","0/0","0/0","0/0","0/0","0/0","0/0","0/0","0/0","0/0","0/0","0/0","0/0","0/0","0/0","0/0","0/0","0/0","0/0","0/0","0/0","0/0","0/0","0/0","0/0","0/0","0/0","0/0","0/0","0/0","0/0","0/0","0/0","0/0","0/0","0/0","0/0","0/0","0/0"
"chr19:17899087_CCA/C_FCHO1","0/0","0/0","0/0","0/0","0/0","0/0","0/0","0/0","0/0","0/0","0/0","0/0","0/0","0/0","0/0","0/0","0/0","0/0","0/0","0/0","0/0","0/0","0/0","0/0","0/0","0/0","0/0","0/0","0/0","0/0","0/0","0/0","0/0","0/0","0/0","0/0","0/0","0/0","0/0","0/0","0/0","0/0","0/0","0/0","0/0","0/0","0/0","0/0","0/0","0/0","0/0","0/0","0/0","0/0","0/0","0/0","0/0","0/0","0/0","0/0","0/0","0/0","0/0","0/0","0/0","0/0","0/0","0/0","0/0","0/0","0/0","0/0","0/1","0/0","0/0","0/0","0/0","0/0","0/0","0/0","0/0","0/0","0/0","0/0","0/0","0/0","0/0","0/0","0/0","0/0","0/0","0/0","0/0","0/0","0/0","0/0","0/0","0/0","0/0","0/0","0/0","0/0","0/0","0/0","0/0","0/0","0/0","0/0","0/0","0/0","0/0","0/0","0/0","0/0","0/0","0/0","0/0","0/0","0/0","0/0","0/0","0/0","0/0","0/0","0/0","0/0","0/0","0/0","0/0","0/0","0/0","0/0","0/0","0/0","0/0","0/0","0/0","0/0","0/0","0/0","0/0","0/0","0/0","0/0","0/0","0/0","0/0","0/0","0/0","0/0","0/0","0/0","0/0"
"chr19:18391674_CGCGCCCCCG/C_JUND","0/0","0/0","0/0","0/0","0/0","0/0","0/0","0/0","0/0","0/0","0/0","0/0","0/0","0/0","0/0","0/0","0/0","0/0","0/0","0/0","0/0","0/0","0/0","0/0","0/0","0/0","0/0","0/0","0/0","0/0","0/0","0/0","0/0","0/0","0/0","0/0","0/0","0/0","0/0","0/0","0/0","0/0","0/0","0/0","0/0","0/0","0/0","0/0","0/0","0/0","0/1","0/0","0/0","0/0","0/0","0/0","0/0","0/0","0/0","0/0","0/0","0/0","0/0","0/0","0/0","0/0","0/0","0/0","0/0","0/0","0/0","0/0","0/0","0/0","0/0","0/0","0/0","0/0","0/0","0/0","0/0","0/0","0/1","0/0","0/0","0/0","0/0","0/0","0/0","0/0","0/0","0/0","0/0","0/0","0/0","0/0","0/0","0/0","0/0","0/0","0/0","0/0","0/0","0/0","0/0","0/0","0/0","0/0","0/0","0/0","0/0","0/0","0/0","0/0","0/0","0/0","0/0","0/0","0/0","0/0","0/0","0/0","0/0","0/0","0/0","0/0","0/0","0/0","0/0","0/0","0/0","0/0","0/0","0/0","0/0","0/0","0/0","0/0","0/0","0/0","0/0","0/0","0/0","0/0","0/0","0/0","0/0","0/0","0/0","0/0","0/0","0/0","0/0"
"chr19:18391795_CCGGCGG/C_JUND","0/0","0/0","0/0","0/0","0/0","0/0","0/0","0/0","0/0","0/0","0/0","0/0","0/0","0/0","0/0","0/1","0/0","0/0","0/0","0/0","0/0","0/0","0/0","0/0","0/0","0/0","0/0","0/0","0/0","0/2","0/0","0/0","0/0","0/0","0/0","0/0","0/0","0/0","0/0","0/0","0/0","0/0","0/0","0/0","0/0","0/0","0/0","0/0","0/0","0/0","0/0","0/0","0/0","0/0","0/0","0/0","0/0","0/0","0/0","0/0","0/0","0/0","0/0","0/0","0/0","0/0","0/0","0/0","0/0","0/0","0/0","0/0","0/0","0/0","0/0","0/0","0/0","0/0","0/0","0/0","0/0","0/0","0/0","0/0","0/0","0/0","0/0","0/0","0/0","0/0","0/0","0/0","0/0","0/0","0/0","0/0","0/0","0/0","0/0","0/0","0/0","0/0","0/0","0/0","0/0","0/0","0/0","0/0","0/0","0/0","0/0","0/0","0/0","0/0","0/0","0/0","0/0","0/0","0/0","0/0","0/0","0/0","0/0","0/0","0/0","0/0","0/0","0/0","0/0","0/0","0/0","0/0","0/0","0/0","0/0","0/0","0/0","0/0","0/0","0/0","0/0","0/0","0/0","0/0","0/0","0/0","0/0","0/0","0/0","0/0","0/0","0/0","0/0"
"chr19:18717389_GAGC/G_CRLF1","0/1",".","0/0",".","0/0",".","0/0","0/0","0/0","0/1","0/1","0/0","0/0","0/0","1/1","0/0","1/1","0/0","0/1","0/1","0/1","1/1","0/1","0/1","0/0","0/1","0/0","0/0","0/0","0/1","1/1","1/1","0/0",".","1/1","0/0","0/0","0/1","0/1","0/0","0/1","0/1",".","1/1","1/1","0/1","1/1","0/0","0/1","1/1","1/1","0/0","0/1","1/1","0/0","0/1","0/1","0/0","0/1","0/0","1/1","0/0","0/0","0/0","0/0","0/0","0/0","0/1","0/0","0/0","0/0","0/1","0/1","1/1","0/1","0/0","0/0","0/1","0/0","0/1",".","1/1","1/1","0/0","0/0","0/1","0/1","0/0","0/1","0/1","0/0","0/1","0/1","0/0","0/0","0/0","0/0","0/1",".","0/1","0/0","0/0","0/1","1/1","1/1","1/1",".",".","0/1",".","0/0","0/0","0/0","1/1","0/1","1/1",".",".","0/0","0/1","0/0","0/1","1/1","0/0",".","0/0","1/1","1/1","0/1","1/1","0/0","0/0","0/0","0/1","0/0","0/0","0/0","0/1","0/0","0/0","0/0","0/0","0/0","0/0","0/0","0/0","0/1","0/1","1/1","0/0","1/1","1/1","."
"chr19:18887992_T/TC_CRTC1","0/0","0/0","0/0","0/0","0/0","0/0","0/0","0/0","0/0","0/0","0/0","0/0","0/0","0/0","0/0","0/0","0/0","0/0","0/0","0/0","0/0","0/0","0/0","0/0","0/0","0/0","0/0","0/0","0/0","0/0","0/0","0/0","0/0","0/0","0/0","0/0","0/1","0/0","0/0","0/0","0/0","0/0","0/0","0/0","0/0","0/0","0/0","0/0","0/0","0/0","0/0","0/0","0/0","0/0","0/0","0/0","0/0","0/0","0/0","0/0","0/0","0/0","0/0","0/0","0/0","0/0","0/0","0/0","0/0","0/0","0/0","0/0","0/0","0/0","0/0","0/0","0/0","0/0","0/0","0/0","0/0","0/0","0/0","0/0","0/0","0/0","0/0","0/0","0/0","0/0","0/0","0/0","0/0","0/0","0/0","0/0","0/0","0/0","0/0","0/0","0/0","0/0","0/0","0/0","0/0","0/0","0/0","0/0","0/0","0/0","0/0","0/0","0/0","0/0","0/0","0/0","0/0","0/0","0/0","0/0","0/0","0/0","0/0","0/0","0/0","0/1","0/0","0/0","0/0","0/0","0/0","0/0","0/0","0/0","0/0","0/0","0/0","0/0","0/0","0/0","0/0","0/0","0/0","0/0","0/0","0/0","0/0","0/0","0/0","0/0","0/0","0/0","0/0"
"chr19:18943207_C/CGGCGCG_UPF1","0/0","0/0","0/0","0/0","0/0","0/0","0/0","0/0","0/0","0/0","0/0","0/0","0/0","0/0","0/0","0/0","0/0","0/0","0/0","0/0","0/0","0/0","0/0","0/0","0/0","0/0","0/0","0/0","0/0","0/0","0/0","0/0","0/0","0/0","0/1","0/0","0/0","0/0","0/0","0/0","0/0","0/0","0/0","0/0","0/0","0/0","0/0","0/0","0/0","0/1","0/0","0/0","0/0","0/0","0/0","0/0","0/0","0/0","0/0","0/0","0/0","0/0","0/0","0/0","0/0","0/0","0/0","0/0","0/0","0/0","0/0","0/0","0/0","0/0","0/0","0/0","0/0","0/0","0/0","0/0","0/0","0/0","0/0","0/0","0/0","0/0","0/0","0/0","0/0","0/0","0/0","0/0","0/0","0/0","0/0","0/0","0/0","0/0","0/0","0/0","0/0","0/0","0/0","0/0","0/0","0/1","0/1","0/0","0/0","0/0","0/0","0/0","0/0","0/0","0/0","0/0","0/0","0/0","0/0","0/0","0/0","0/0","0/0","0/0","0/0","0/0","0/0","0/0","0/0","0/0","0/0","0/0","0/0","0/0","0/0","0/0","0/0","0/0","0/0","0/0","0/0","0/0","0/0","0/0","0/0","0/0","0/0","0/0","0/0","0/0","0/0","0/0","0/0"
"chr19:18980054_T/TGCC_GDF1","0/0","0/0","0/0","0/0","0/0","0/0","0/0","0/0","0/0","0/0","0/0","0/1","0/0",".","0/0","0/1","0/1","0/0","0/0","0/0","0/0","0/0","0/0","0/1","0/0","0/1","0/0","0/1","0/0","0/0","0/0","0/0","0/0","0/0","0/0","0/0","0/0","0/0","0/1","0/0","0/0","0/0","0/0","0/0","0/0","0/0","1/1",".","0/0","0/0","0/1","0/0","0/0","0/0","0/0","0/0","0/0","0/0","0/0","0/0","0/0","0/0","0/0",".","0/1","0/1","0/0","0/0","0/0","0/0","1/1","0/0","0/0","0/0","0/0","0/0","0/0","0/0","0/0","1/1","1/1","0/1","1/1","0/0","0/0","0/0","0/0","0/0","0/1","0/1","0/0","1/1","1/1","0/0","0/0","0/0","0/0","0/0","0/0","0/0","0/0","0/0","0/0","0/0","0/0","0/0","0/0","0/0","0/0",".","0/0","0/0","0/0","0/0","1/1","0/0","0/1","0/0","0/0","0/0","0/0","0/0","0/0","0/0","1/1","1/1","0/0","0/0","0/0","0/0","0/0","0/1","0/0","1/1","0/0","0/0","1/1","1/1","0/0","0/0","0/0","1/1","0/0","0/1","1/1","0/0","0/0","0/0","0/0","0/0","0/0","0/0","0/0"
"chr19:19606654_G/GC_GATAD2A","0/0","0/0","0/0","0/0","0/0","0/0","0/0","0/0","0/0","0/0","0/0","0/0","0/0","0/0","0/0","0/0","0/0","0/0","0/0","0/0","0/0","0/0","0/0","0/0","0/0","0/0","0/0","0/0","0/0","0/0","0/0","0/0","0/0","0/0","0/0","0/0","0/0","0/0","0/0","0/0","0/0","0/0","0/0","0/0","0/0","0/0","0/0","0/0","0/0","0/0","0/1","0/0","0/0","0/0","0/0","0/0","0/0","0/0","0/0","0/0","0/0","0/0","0/0","0/0","0/0","0/0","0/0","0/0","0/0","0/0","0/0","0/0","0/0","0/0","0/0","0/0","0/0","0/0","0/0","0/0","0/0","0/0","0/0","0/0","0/0","0/0","0/0","0/0","0/0","0/0","0/0","0/0","0/0","0/0","0/0","0/0","0/0","0/0","0/0","0/0","0/0","0/0","0/0","0/0","0/0","0/0","0/0","0/0","0/0","0/0","0/0","0/0","0/0","0/0","0/0","0/0","0/0","0/0","0/0","0/0","0/0","0/0","0/0","0/0","0/0","0/0","0/0","0/0","0/0","0/0","0/0","0/0","0/0","0/0","0/0","0/0","0/0","0/0","0/0","0/0","0/0","0/0","0/0","0/0","0/0","0/0","0/0","0/0","0/0","0/0","0/0","0/0","0/0"
"chr19:19606915_GC/G_GATAD2A","0/0","0/0","0/0","0/0","0/0","0/0","0/0","0/0","0/0","0/0","0/0","0/0","0/0","0/0","0/0","0/0","0/0","0/0","0/0","0/0","0/0","0/0","0/0","0/0","0/0","0/0","0/0","0/0","0/0","0/0","0/0","0/0","0/0","0/0","0/0","0/0","0/1","0/0","0/0","0/0","0/0","0/0","0/0","0/0","0/0","0/0","0/0","0/0","0/0","0/0","0/0","0/0","0/0","0/0","0/0","0/0","0/0","0/0","0/0","0/0","0/0","0/0","0/0","0/0","0/0","0/0","0/0","0/0","0/0","0/0","0/0","0/0","0/0","0/0","0/0","0/0","0/0","0/0","0/0","0/0","0/0","0/0","0/0","0/0","0/0","0/0","0/0","0/0","0/0","0/0","0/0","0/0","0/0","0/0","0/0","0/0","0/0","0/0","0/0","0/0","0/0","0/0","0/0","0/0","0/0","0/0","0/0","0/0","0/0","0/0","0/0","0/0","0/0","0/0","0/0","0/0","0/0","0/0","0/0","0/0","0/0","0/0","0/0","0/0","0/0","0/0","0/0","0/0","0/0","0/0","0/0","0/0","0/0","0/0","0/0","0/0","0/0","0/0","0/0","0/0","0/0","0/0","0/0","0/0","0/0","0/0","0/0","0/0","0/0","0/0","0/0","0/0","0/0"
"chr19:19639778_CCCGAAGA/C_YJEFN3","0/0","0/0","0/0","0/0","0/0","0/0","0/0","0/0","0/0","0/0","0/0","0/0","0/0","0/0","0/0","0/0","0/0","0/0","0/0","0/0","0/0","0/0","0/0","0/0","0/0","0/0","0/0","0/0","0/0","0/0","0/0","0/0","0/0","0/0","0/0","0/0","0/0","0/0","0/0","0/0","0/0","0/0","0/0","0/0","0/0","0/0","0/0","0/0","0/0","0/0","0/0","0/0","0/0","0/0","0/0","0/0","0/0","0/0","0/0","0/0","0/0","0/0","0/0","0/0","0/0","0/0","0/0","0/0","0/0","0/0","0/0","0/0","0/0","0/0","0/0","0/0","0/0","0/0","0/0","0/0","0/0","0/0","0/0","0/0","0/0","0/0","0/0","0/0","0/0","0/0","0/0","0/0","0/0","0/0","0/0","0/0","0/0","0/0","0/0","0/0","0/0","0/0","0/0","0/0","0/0","0/0","0/0","0/0","0/0","0/0","0/0","0/0","0/0","0/0","0/0","0/0","0/0","0/1","0/0","0/1","0/0","0/0","0/0","0/1","0/0","0/0","0/0","0/0","0/0","0/0","0/0","0/0","0/0","0/0","0/0","0/0","0/0","0/0","0/0","0/0","0/0","0/0","0/0","0/0","0/0","0/0","0/0","0/0","0/0","0/0","0/0","0/0","0/0"
"chr19:20116890_ACT/A_ZNF682","0/0","0/0","0/0","0/0","0/0","0/0","0/0","0/0","0/0","0/0","0/0","0/0","0/0","0/0","0/0","0/0","0/0","0/0","0/0","0/0","0/0","0/0","0/0","0/0","0/0","0/0","0/0","0/0","0/0","0/0","0/1","0/0","0/0","0/0","0/0","0/0","0/0","0/0","0/0","0/0","0/0","0/0","0/0","0/0","0/0","0/0","0/0","0/0","0/0","0/0","0/0","0/0","0/0","0/0","0/0","0/0","0/0","0/0","0/0","0/0","0/0","0/0","0/0","0/0","0/0","0/0","0/0","0/0","0/0","0/0","0/0","0/0","0/0","0/0","0/0","0/0","0/0","0/0","0/0","0/0","0/0","0/0","0/0","0/0","0/0","0/0","0/0","0/0","0/0","0/0","0/0","0/0","0/0","0/0","0/0","0/0","0/0","0/0","0/0","0/0","0/0","0/0","0/0","0/0","0/0","0/0","0/0","0/0","0/0","0/0","0/0","0/0","0/0","0/0","0/0","0/0","0/0","0/0","0/0","0/0","0/0","0/0","0/0","0/0","0/0","0/0","0/0","0/0","0/0","0/0","0/0","0/0","0/0","0/0","0/0","0/0","0/0","0/0","0/0","0/0","0/0","0/0","0/0","0/0","0/0","0/0","0/0","0/0","0/0","0/0","0/0","0/0","0/0"
"chr19:20216046_GC/G_ZNF90","0/0","0/0","0/0","0/0","0/0","0/0","0/0","0/0","0/0","0/0","0/0","0/0","0/0","0/0","0/0","0/0","0/0","0/0","0/0","0/0","0/0","0/0","0/0","0/0","0/0","0/0","0/0","0/0","0/0","0/0","0/0","0/0","0/0","0/0","0/0","0/0","0/0","0/0","0/0","0/0","0/0","0/0","0/0","0/0","0/0","0/1","0/0","0/0","0/0","0/0","0/0","0/0","0/0","0/0","0/0","0/0","0/0","0/0","0/0","0/0","0/0","0/0","0/0","0/0","0/0","0/0","0/0","0/0","0/0","0/0","0/0","0/0","0/0","0/0","0/0","0/0","0/0","0/0","0/0","0/0","0/0","0/0","0/0","0/0","0/0","0/0","0/0","0/0","0/0","0/0","0/0","0/0","0/0","0/0","0/0","0/0","0/0","0/0","0/0","0/0","0/0","0/0","0/0","0/0","0/0","0/0","0/0","0/0","0/0","0/0","0/0","0/0","0/0","0/0","0/0","0/0","0/0","0/0","0/0","0/0","0/0","0/0","0/0","0/0","0/0","0/0","0/0","0/0","0/0","0/0","0/0","0/0","0/0","0/0","0/0","0/0","0/0","0/0","0/0","0/0","0/0","0/0","0/0","0/0","0/0","0/0","0/0","0/0","0/0","0/0","0/0","0/0","0/0"
"chr19:21299774_T/TATA_ZNF714","0/1","0/1","0/1","1/1","1/1","1/1","1/1","1/1","1/1","1/1","1/1","0/1","0/1","1/1","0/1","1/1","0/1","1/1","1/1","1/1","0/1","1/1","1/1","1/1","1/1","0/1","1/1","1/1","1/1","1/1","1/1","1/1","1/1","0/1","1/1","1/1","1/1","1/1","1/1","0/1","1/1","1/1","1/1","0/1","1/1","1/1","1/1","1/1","1/1","1/1","1/1","1/1","1/1","1/1","1/1","1/1","1/1","1/1","0/1","1/1","1/1","1/1","1/1","1/1","1/1","1/1","1/1","1/1","1/1","1/1","1/1","1/1","1/1","1/1","1/1","1/1","1/1","0/1","0/1","1/1","1/1","1/1","1/1","1/1","1/1","1/1","1/1","1/1","1/1","1/1","0/1","1/1","1/1","0/1","0/1","0/1","1/1","1/1","1/1","1/1","1/1","1/1","1/1","1/1","1/1","1/1","1/1","1/1","1/1","1/1","1/1","1/1","1/1","1/1","1/1","1/1","1/1","1/1","1/1","1/1","1/1","1/1","1/1","1/1","1/1","1/1","1/1","1/1","1/1","1/1","1/1","1/1","1/1","0/1","1/1","1/1","0/1","0/1","1/1","1/1","1/1","1/1","1/1","1/1","1/1","1/1","1/1","1/1","1/1","0/1","0/1","0/1","0/1"
"chr19:21992490_CT/C_ZNF43","0/0","0/0","0/0","0/0","0/0","0/0","0/0","0/0","0/0","0/0","0/0","0/0","0/0","0/0","0/0","0/0","0/0","0/0","0/0","0/0","0/0","0/0","0/0","0/0","0/0","0/0","0/0","0/0","0/0","0/0","0/0","0/0","0/0","0/0","0/0","0/0","0/1","0/0","0/0","0/0","0/0","0/0","0/0","0/0","0/0","0/0","0/0","0/0","0/0","0/0","0/0","0/0","0/0","0/0","0/0","0/0","0/0","0/0","0/0","0/0","0/0","0/0","0/0","0/0","0/0","0/0","0/0","0/0","0/0","0/0","0/0","0/0","0/0","0/0","0/0","0/0","0/0","0/0","0/0","0/0","0/0","0/0","0/0","0/0","0/0","0/0","0/0","0/0","0/0","0/0","0/0","0/0","0/0","0/0","0/0","0/0","0/0","0/0","0/0","0/0","0/0","0/0","0/0","0/0","0/0","0/0","0/0","0/0","0/0","0/0","0/0","0/0","0/0","0/0","0/0","0/0","0/0","0/0","0/0","0/0","0/0","0/0","0/0","0/0","0/0","0/0","0/0","0/0","0/0","0/0","0/0","0/0","0/0","0/0","0/0","0/0","0/0","0/0","0/0","0/0","0/0","0/0","0/0","0/0","0/0","0/0","0/0","0/0","0/0","0/0","0/0","0/0","0/0"
"chr19:22941982_C/CA_ZNF99","0/0","0/0","0/0","0/0","0/0","0/0","0/0","0/0","0/0","0/0","0/0","0/0","0/0","0/0","0/0","0/0","0/0","0/0","0/0","0/0","0/0","0/0","0/0","0/0","0/0","0/0","0/0","0/0","0/0","0/0","0/0","0/0","0/0","0/0","0/0","0/0","0/0","0/0","0/0","0/0","0/0","0/0","0/0","0/0","0/0","0/0","0/0","0/0","0/0","0/0","0/0","0/0","0/0","0/0","0/0","0/0","0/0","0/0","0/0","0/0","0/0","0/1","0/0","0/0","0/0","0/0","0/0","0/0","0/0","0/0","0/0","0/0","0/0","0/0","0/0","0/0","0/0","0/0","0/0","0/0","0/0","0/0","0/0","0/0","0/0","0/0","0/0","0/0","0/0","0/0","0/0","0/0","0/0","0/0","0/0","0/0","0/0","0/0","0/0","0/0","0/0","0/0","0/0","0/0","0/0","0/0","0/0","0/0","0/0","0/0","0/0","0/0","0/0","0/0","0/0","0/0","0/0","0/0","0/0","0/0","0/0","0/0","0/0","0/0","0/0","0/0","0/0","0/0","0/0","0/0","0/0","0/0","0/0","0/0","0/0","0/0","0/0","0/0","0/0","0/0","0/0","0/0","0/0","0/1","0/1","0/1","0/0","0/0","0/0","0/0","0/0","0/0","0/0"
"chr19:23328463_ATGGCAAAGCCTTTAATGAGTCCTCAAACTGTACTACACATAAAAGAATTACTGAGAAAAAACCTTACAAATGTAAAGAATG/A_ZNF730","0/0","0/0","0/0","0/0","0/0","0/0","0/0","0/0","0/0","0/0","0/0","0/0","0/0","0/0","0/0","0/0","0/0","0/0","0/0","0/0","0/0","0/0","0/0","0/0","0/0","0/0","0/0","0/0","0/0","0/0","0/0","0/0","0/0","0/0","0/0","0/0","0/0","0/0","0/0","0/0","0/0","0/0","0/0","0/0","0/0","0/0","0/0","0/0","0/0","0/0","0/0","0/0","0/0","0/0","0/0","0/0","0/1","0/0","0/0","0/0","0/0","0/0","0/0","0/0","0/0","0/0","0/0","0/0","0/0","0/0","0/0","0/0","0/0","0/0","0/0","0/0","0/0","0/0","0/0","0/0","0/0","0/0","0/0","0/0","0/0","0/0","0/0","0/0","0/0","0/0","0/0","0/0","0/0","0/0","0/0","0/0","0/0","0/0","0/0","0/0","0/0","0/0","0/0","0/0","0/0","0/0","0/0","0/0","0/0","0/0","0/0","0/0","0/0","0/0","0/0","0/0","0/0","0/0","0/0","0/0","0/0","0/0","0/0","0/0","0/0","0/0","0/0","0/0","0/0","0/0","0/0","0/0","0/0","0/0","0/0","0/0","0/0","0/0","0/0","0/0","0/0","0/0","0/0","0/0","0/0","0/0","0/0","0/0","0/0","0/0","0/0","0/0","0/0"
"chr19:23927741_CCA/C_ZNF681","0/0","0/0","0/0","0/0","0/0","0/0","0/0","0/0","0/0","0/1","0/0","0/0","0/0","0/1","0/0","0/0","0/0","0/1","0/0","0/1","0/0","0/1","0/0","0/1","0/0","0/0","1/1","0/0","0/1","0/0","0/0","0/0","0/0","0/1","0/0","0/0","0/0","0/0","0/1","0/0","0/0","0/0","0/1","0/0","0/0","0/0","0/0","0/0","0/0","0/0","0/0","0/0","0/0","0/0","0/0","0/0","0/0","0/0","0/1","0/0","0/0","0/0","0/0","0/1","0/1","0/1","0/0","0/0","0/0","0/0","0/1","0/1","0/1","0/0","0/0","0/1","0/1","0/1","0/1","0/0","0/0","0/0","0/0","0/0","0/0","0/0","0/0","0/0","0/0","0/0","0/0","0/0","0/0","0/0","0/0","0/0","0/0","0/0","0/0","0/0","0/0","0/0","0/0","0/0","0/0","0/0","0/0","0/0","0/0","0/0","0/0","0/0","0/0","0/1","0/0","0/1","0/1","0/0","0/0","0/0","0/0","0/0","0/1","0/0","0/0","0/0","0/1","0/1","0/1","0/1","0/1","0/1","0/0","0/0","0/0","0/0","0/0","0/0","0/0","0/0","0/0","0/1","0/1","0/1","0/1","0/1","0/0","0/0","0/0","0/0","0/0","0/0","0/0"
"chr19:30500118_GTGA/G_URI1","1/1","1/1","1/1","0/1","0/1","0/1","0/1","0/1","0/1","1/1","0/1","1/1","1/1","0/1","1/1","0/1","1/1","1/1","0/1","1/1","0/1","1/1","0/1","1/1","0/0","0/1","1/1","1/1","1/1","1/1","0/1","1/1","0/1","0/1","0/1","1/1","0/1","1/1","1/1","0/1","0/0","0/1","1/1","0/1","1/1","1/1","0/1","0/1","1/1","0/1","1/1","1/1","0/1","1/1","1/1","1/1","1/1","1/1","0/1","0/1","1/1","1/1","1/1","0/1","0/1","1/1","1/1","1/1","1/1","1/1","1/1","1/1","1/1","0/0","0/0","0/1","0/1","1/1","1/1","1/1","1/1","1/1","1/1","0/1","0/1","0/1","0/1","1/1","1/1","1/1","1/1","0/0","0/0","1/1","1/1","1/1","1/1","0/1","0/1","0/1","0/1","1/1","0/1","1/1","1/1","0/1","0/1","1/1","1/1","1/1","0/1","1/1","1/1","0/1","1/1","1/1","1/1","0/1","0/1","0/1","0/1","0/1","1/1","0/1","1/1","1/1","0/1","0/1","1/1","1/1","1/1","1/1","1/1","1/1","1/1","1/1","1/1","1/1","0/1","0/1","0/1","1/1","1/1","0/1","0/1","0/1","0/1","0/1","0/1","0/1","0/1","0/1","0/1"
"chr19:33090875_CACTT/C_ANKRD27","0/0","0/0","0/0","0/0","0/0","0/0","0/0","0/0","0/0","0/0","0/0","0/0","0/0","0/0","0/0","0/0","0/0","0/0","0/0","0/0","0/0","0/0","0/0","0/0","0/0","0/0","0/0","0/0","0/0","0/0","0/0","0/0","0/0","0/0","0/0","0/0","0/0","0/0","0/1","0/0","0/0","0/0","0/0","0/0","0/0","0/0","0/0","0/0","0/0","0/0","0/0","0/0","0/0","0/0","0/0","0/0","0/0","0/0","0/0","0/0","0/0","0/0","0/0","0/0","0/0","0/0","0/0","0/0","0/0","0/0","0/0","0/0","0/0","0/0","0/0","0/0","0/0","0/0","0/0","0/0","0/0","0/0","0/0","0/0","0/0","0/0","0/0","0/0","0/0","0/0","0/0","0/0","0/0","0/0","0/0","0/0","0/0","0/0","0/0","0/0","0/0","0/0","0/0","0/0","0/0","0/0","0/0","0/0","0/0","0/0","0/0","0/0","0/0","0/0","0/0","0/0","0/0","0/0","0/0","0/0","0/0","0/0","0/0","0/0","0/0","0/0","0/0","0/0","0/0","0/0","0/0","0/0","0/0","0/0","0/0","0/0","0/0","0/0","0/0","0/0","0/0","0/0","0/0","0/0","0/0","0/0","0/0","0/0","0/0","0/0","0/0","0/0","0/0"
"chr19:33699856_TCTC/T_SLC7A10","0/0","0/0","0/0","0/0","0/0","0/0","0/0","0/0","0/0","0/0","0/0","0/0","0/0","0/0","0/0","0/0","0/0","0/0","0/0","0/0","0/0","0/0","0/0","0/0","0/0","0/0","0/0","0/0","0/0","0/0","0/0","0/0","0/0","0/0","0/0","0/0","0/1","0/0","0/0","0/0","0/0","0/0","0/0","0/0","0/0","0/0","0/0","0/0","0/0","0/0","0/0","0/0","0/0","0/0","0/0","0/0","0/0","0/0","0/0","0/0","0/0","0/0","0/0","0/0","0/0","0/0","0/0","0/0","0/0","0/0","0/0","0/0","0/0","0/0","0/0","0/0","0/0","0/0","0/0","0/0","0/0","0/0","0/0","0/0","0/0","0/0","0/0","0/0","0/0","0/0","0/0","0/0","0/0","0/0","0/0","0/0","0/0","0/0","0/0","0/0","0/0","0/0","0/0","0/0","0/0","0/0","0/0","0/0","0/0","0/0","0/0","0/0","0/0","0/0","0/0","0/0","0/0","0/0","0/0","0/0","0/0","0/0","0/0","0/0","0/0","0/0","0/0","0/0","0/0","0/0","0/0","0/0","0/0","0/0","0/0","0/0","0/0","0/0","0/0","0/0","0/0","0/0","0/0","0/0","0/0","0/0","0/0","0/0","0/0","0/0","0/0","0/0","0/0"
"chr19:33792731_G/GGCGGGT_CEBPA","0/0","0/0","0/0","0/0","0/1","0/1","0/1","0/1","0/1","0/0","0/0","0/0","0/0","0/0","0/0","0/0","0/0","0/0","0/1","0/0","0/0","0/0","0/0","0/0","0/1","0/0","0/0","0/1","0/0","0/1","0/0","0/0","0/0","0/0","0/1","0/1","0/1","0/0","0/0","0/0","0/0","0/0","0/1","0/0","0/0","0/0","0/0","0/0","0/0","0/0","0/0","0/0","0/0","0/0","0/1","0/0","0/0","0/0","0/1","0/0","0/0","0/0","0/1","0/0","0/0","0/0","0/0","0/1","0/1","0/0","0/0","0/1","0/1","0/1","0/1","0/0","0/0","0/0","0/0","0/1","0/1","0/1","0/0","0/0","0/0","0/1","0/1","0/0","0/1","0/1","0/0","0/0","0/0","0/0","0/0","0/0","0/0","0/0","0/1","0/1","0/0","0/1","0/0","0/0","0/0","0/0","0/0","0/1","0/1","0/1","0/0","0/0","0/0","0/0","0/0","0/0","0/0","0/1","0/0","0/1","0/0","0/0","0/0","0/1","0/0","0/0","0/0","0/0","0/1","0/1","0/1","0/0","0/0","0/0","0/0","0/0","0/0","0/0","0/0","0/0","0/0","0/0","0/0","0/0","0/0","0/0","0/1","0/1","0/1","0/0","0/0","0/0","0/0"
"chr19:33793007_TCGC/T_CEBPA","0/0","0/0","0/0","0/0","0/0","0/0","0/0","0/0","0/0","0/0","0/0","0/0","0/0","0/0","0/0","0/0","0/0","0/0","0/0","0/0","0/0","0/0","0/0","0/0","0/0","0/0","0/0","0/0","0/0","0/0","0/0","0/0","0/0","0/0","0/0","0/0","0/0","0/0","0/0","0/0","0/0","0/0","0/0","0/0","0/0","0/0","0/0","0/0","0/0","0/0","0/0","0/0","0/0","0/0","0/0","0/0","0/0","0/0","0/0","0/0","0/0","0/0","0/0","0/0","0/0","0/0","0/0","0/0","0/0","0/0","0/0","0/0","0/0","0/0","0/0","0/0","0/1","0/0","0/0","0/0","0/0","0/0","0/0","0/0","0/0","0/0","0/0","0/0","0/0","0/0","0/0","0/0","0/0","0/0","0/0","0/0","0/0","0/0","0/0","0/0","0/0","0/0","0/0","0/0","0/0","0/0","0/0","0/0","0/0","0/0","0/0","0/0","0/0","0/0","0/0","0/0","0/0","0/0","0/0","0/0","0/0","0/0","0/0","0/0","0/0","0/0","0/0","0/0","0/0","0/0","0/0","0/0","0/0","0/0","0/0","0/0","0/0","0/0","0/0","0/0","0/0","0/0","0/0","0/0","0/0","0/0","0/0","0/0","0/0","0/0","0/0","0/0","0/0"
"chr19:34833182_ATCTGATCTCAGT/A_KIAA0355","0/0","0/0","0/0","0/0","0/0","0/0","0/0","0/0","0/0","0/0","0/0","0/0","0/0","0/0","0/0","0/0","0/0","0/0","0/0","0/0","0/0","0/0","0/0","0/0","0/0","0/0","0/0","0/0","0/0","0/0","0/0","0/0","0/0","0/0","0/0","0/0","0/0","0/1","0/0","0/0","0/0","0/0","0/0","0/0","0/0","0/0","0/0","0/0","0/0","0/0","0/0","0/0","0/0","0/0","0/0","0/0","0/0","0/0","0/0","0/0","0/0","0/0","0/0","0/0","0/0","0/0","0/0","0/0","0/0","0/0","0/0","0/0","0/0","0/0","0/0","0/0","0/0","0/0","0/0","0/0","0/0","0/0","0/0","0/0","0/0","0/0","0/0","0/0","0/0","0/0","0/0","0/0","0/0","0/0","0/0","0/0","0/0","0/0","0/0","0/0","0/0","0/0","0/0","0/0","0/0","0/0","0/0","0/0","0/0","0/0","0/0","0/0","0/0","0/0","0/0","0/0","0/0","0/0","0/0","0/0","0/0","0/0","0/0","0/0","0/0","0/0","0/0","0/0","0/0","0/0","0/0","0/0","0/0","0/0","0/0","0/0","0/0","0/0","0/0","0/0","0/0","0/0","0/0","0/0","0/0","0/0","0/0","0/0","0/0","0/0","0/0","0/0","0/0"
"chr19:35757392_G/GTACCCTGGAGGA_LSR","0/0","0/0","0/0","0/0","0/0","0/0","0/0","0/0","0/0","0/0","0/0","0/0","0/0","0/0","0/0","0/0","0/0","0/0","0/0","0/0","0/0","0/0","0/0","0/0","0/0","0/0","0/1","0/0","0/0","0/0","0/0","0/0","0/0","0/0","0/0","0/0","0/0","0/0","0/0","0/0","0/0","0/0","0/0","0/0","0/0","0/0","0/0","0/0","0/0","0/0","0/0","0/0","0/0","0/0","0/0","0/0","0/0","0/0","0/0","0/0","0/0","0/0","0/0","0/0","0/0","0/0","0/0","0/0","0/0","0/0","0/0","0/0","0/0","0/0","0/0","0/0","0/0","0/0","0/0","0/0","0/0","0/0","0/0","0/0","0/0","0/0","0/0","0/0","0/0","0/0","0/1","0/0","0/0","0/0","0/0","0/1","0/0","0/0","0/0","0/0","0/0","0/0","0/0","0/0","0/0","0/0","0/0","0/1","0/1","0/0","0/0","0/0","0/0","0/0","0/0","0/0","0/0","0/0","0/0","0/0","0/0","0/0","0/0","0/0","0/0","0/0","0/0","0/0","0/0","0/0","0/0","0/0","0/0","0/0","0/0","0/0","0/0","0/0","0/0","0/0","0/0","0/0","0/0","0/0","0/0","0/0","0/0","0/0","0/0","0/0","0/0","0/0","0/0"
"chr19:35758275_G/GGGA_LSR","0/1","0/1","0/1","0/1","0/0","0/0","0/1","0/1","0/1","0/1","0/1","0/0","0/1","1/1","0/1","1/1","0/0","0/1","0/0","0/1","1/1","0/1","0/1","0/0","0/1","1/1","0/0","0/1","1/1","0/0","0/1","0/1","0/1","0/1","0/0","0/1","0/1","1/1","0/1","0/0","0/0","0/1","0/0","0/0","1/1","0/0","0/0","0/0","0/0","1/1","0/1","0/1","0/1","0/1","0/1","0/0","0/1","0/0","1/1","0/1","0/0","1/1","0/0","0/1","0/1","0/0","0/0","0/1","0/1","0/0","0/0","0/1","0/1","0/1","0/1","0/0","0/0","0/1","0/1","0/0","0/0","0/1","0/1","0/1","0/1","0/1","0/1","1/1","0/0","0/0","0/1","1/1","1/1","0/1","0/1","0/1","1/1","0/0","0/1","0/1","0/0","1/1","0/0","0/1","0/1","0/1","0/1","0/0","0/0","1/1","0/1","0/1","0/1","0/1","0/0","0/0","0/0","0/0","0/1","0/0","0/1","0/1","0/0","0/0","0/0","0/0","0/1","0/1","1/1","1/1","1/1","0/1","0/1","1/1","0/1","0/1","1/1","1/1","0/1","0/1","0/1","0/1","0/1","0/1","0/1","0/1","0/1","0/1","0/1","0/0","0/0","0/0","0/0"
"chr19:36002391_GCCGCCA/G_DMKN","0/2","0/2","0/0","0/2","0/0","0/0","0/0","0/0","0/0","0/2","0/2","0/2","2/2","0/0","0/2","0/2","0/0","0/0","0/0","0/2","0/2","0/2","0/0","2/2","0/0","0/2","0/2","0/2","0/2","0/0","0/2","2/2","0/2","0/2","0/2","0/2","0/0","0/0","0/0","0/0","2/2","0/2","0/0","0/0","0/0","0/2","0/0","2/2","0/2","2/2","2/2","2/2","0/0","0/2","0/0","0/2","0/1","0/2","0/2","0/2","0/2","0/0","0/2","0/0","0/0","0/2","0/0","0/2","0/2","0/0","0/2","0/0","0/0","0/0","0/0","0/2","0/2","0/0","0/0","0/2","0/2","0/2","2/2","2/2","2/2","0/2","0/2","0/2","0/0","0/0","0/2","0/0","0/0","0/0","0/0","0/2","0/2","0/2","0/2","0/2","0/2","0/2","0/2","0/2","0/2","0/0","0/0","0/2","0/2","0/2","0/2","0/0","0/0","0/2","0/0","0/2","0/2","2/2","0/0","2/2","0/0","0/0","0/2","2/2","0/0","0/0","0/2","0/2","0/0","0/0","0/0","2/2","0/2","0/0","0/2","0/2","0/0","0/0","0/2","0/0","0/2","2/2","2/2","2/2","2/2","2/2","0/2","0/2","0/2","0/0","0/0","0/0","0/0"
"chr19:36002393_CGCCACTGCTGCT/TGCCACTGCTGCT_DMKN","0/0","0/4","0/4","0/4","0/1","0/1","0/1","0/1","0/1","0/4","0/4","0/4","4/4","0/0","0/4","0/4","0/0","0/0","0/0","0/2","0/4","0/4","1/1","4/4","0/0","0/4","0/1","0/4","0/1","0/0","0/4","4/4","0/4","0/2","0/4","0/1","0/1","0/0","0/1","0/1","4/4","0/4","0/1","0/1","0/0","0/1","0/1","4/4","0/1","4/4","4/4","4/4","0/2","0/4","0/1","0/4","0/4","0/4","0/1","0/4","0/1","0/2","0/4","0/1","0/1","0/4","2/3","0/1","0/1","2/3","0/4","0/0","0/0","0/0","0/0","0/4","0/4","1/1","1/1","0/4","0/4","0/4","4/4","4/4","4/4","0/0","0/4","0/4","0/1","0/1","0/1","0/0","0/0","0/0","0/0","0/1","0/4","0/1","0/4","0/0","0/4","0/4","0/4","0/1","0/1","0/1","0/1","0/4","0/4","0/4","0/4","0/1","0/1","0/4","0/0","0/1","0/1","4/4","1/1","4/4","1/1","1/1","0/1","4/4","0/0","0/0","0/4","0/4","0/1","0/1","0/1","4/4","0/4","0/1","0/4","0/4","0/1","1/1","0/1","0/1","0/1","4/4","4/4","4/4","4/4","4/4","0/2","0/2","0/2","1/1","1/1","1/1","1/1"
"chr19:36002400_GCTGCTGCCACTGCTGCTGCCA/G_DMKN","0/0","0/2","0/2","0/2","0/0","0/0","0/0","0/0","0/0","0/2","0/2","0/2","2/2","0/0","0/2","0/2","0/0","0/0","0/0","0/2","0/2","0/2","0/0","2/2","0/0","0/2","0/2","0/2","0/2","0/0","0/2","2/2","0/2","0/2","0/2","0/2","0/0","0/0","0/0","0/0","2/2","0/2","0/0","0/2","0/0","0/2","0/0","2/2","0/2","2/2","2/2","2/2","0/2","0/2","0/0","0/2","0/1","0/2","0/2","0/2","0/2","0/2","0/2","0/0","0/0","0/2","1/2","0/2","0/2","0/2","0/2","0/0","0/0","0/0","0/0","0/2","0/2","0/0","0/0","0/2","0/2","0/2","2/2","2/2","2/2","0/2","0/2","0/2","0/0","0/0","0/2","0/0","0/0","0/0","0/0","0/2","0/2","0/2","0/2","0/2","0/2","0/2","0/2","0/2","0/2","0/0","0/0","0/2","0/2","0/2","0/2","0/0","0/0","0/2","0/0","0/2","0/2","2/2","0/0","2/2","0/0","0/0","0/2","2/2","0/0","0/0","0/2","0/2","0/0","0/0","0/0","2/2","0/2","0/0","0/2","0/2","0/0","0/0","0/2","0/2","0/2","2/2","2/2","2/2","2/2","2/2","0/2","0/2","0/2","0/0","0/0","0/0","0/0"
"chr19:36002418_GCCA/G_DMKN","0/0","0/0","0/0","0/0","0/1","0/1","0/1","0/1","0/1","0/0","0/0","0/0","0/0","0/1","0/0","0/1","0/0","0/0","0/0","0/0","0/0","0/0","1/1","0/0","0/0","0/0","0/1","0/1","0/1","0/0","0/0","0/0","0/0","0/0","0/0","0/1","1/1","0/0","0/1","0/1","0/0","0/1","0/1","0/1","0/0","0/1","0/1","0/0","0/1","0/0","0/0","0/0","0/0","0/0","1/1","0/0","0/2","0/0","0/1","0/0","0/1","0/1","0/0","1/1","1/1","0/0","0/0","0/1","0/1","0/0","0/0","0/0","0/0","0/0","0/0","0/0","0/0","1/1","1/1","0/0","0/0","0/0","0/0","0/0","0/0","0/0","0/0","0/0","0/1","0/1","0/1","0/0","0/0","0/0","0/0","0/1","0/0","0/1","0/0","0/0","0/0","0/0","0/0","0/1","0/1","0/1","0/1","0/0","0/0","0/0","0/0","0/1","0/1","0/1","0/0","0/1","0/1","0/0","1/1","0/0","1/1","1/1","0/1","0/0","0/0","0/0","0/1","0/1","0/1","0/1","0/1","0/0","0/1","1/1","0/1","0/1","1/1","1/1","0/1","0/1","0/1","0/0","0/0","0/0","0/0","0/0","0/0","0/0","0/0","0/1","0/1","0/1","0/1"
"chr19:36002421_A/ACTGCTGCTG_DMKN","0/0","0/0","0/0","0/0","0/0","0/0","0/0","0/0","0/0","0/0","0/0","0/0","0/0","0/0","0/0","0/2","0/0","0/0","0/0","0/0","0/0","0/0","2/2","0/0","0/0","0/0","0/0","0/2","0/0","0/0","0/0","0/0","0/0","0/0","0/0","0/0","0/0","0/0","0/0","0/0","0/0","0/2","0/0","0/0","0/0","0/0","0/0","0/0","0/0","0/0","0/0","0/0","0/0","0/0","0/0","0/0","0/2","0/0","0/0","0/0","0/0","0/2","0/0","0/0","0/0","0/0","0/0","0/0","0/0","0/0","0/0","0/0","0/0","0/0","0/0","0/0","0/0","0/0","0/0","0/0","0/0","0/0","0/0","0/0","0/0","0/0","0/0","0/0","0/2","0/0","0/0","0/0","0/0","0/0","0/0","0/0","0/0","0/0","0/0","0/0","0/0","0/0","0/0","0/0","0/0","0/0","0/0","0/0","0/0","0/0","0/0","0/0","0/0","0/2","0/0","0/0","0/0","0/0","0/0","0/0","0/0","0/0","0/0","0/0","0/0","0/0","0/2","0/2","0/0","0/0","0/0","0/0","0/2","0/0","0/2","0/2","0/0","0/0","0/0","0/0","0/0","0/0","0/0","0/0","0/0","0/0","0/0","0/0","0/0","0/1","0/1","0/1","0/1"
"chr19:36494355_G/GGAGGAGGAA_SYNE4","0/0","0/0","0/0","0/0","0/0","0/0","0/0","0/0","0/0","0/0","0/0","0/0","0/0","0/0","0/0","0/0","0/0","0/0","0/0","0/0","0/0","0/0","0/0","0/0","0/0","0/0","0/0","0/0","0/0","0/0","0/0","0/0","0/0","0/0","0/0","0/0","0/1","0/0","0/0","0/0","0/0","0/0","0/0","0/1","0/0","0/0","0/0","0/0","0/0","0/0","0/0","0/0","0/0","0/0","0/0","0/0","0/0","0/0","0/0","0/0","0/0","0/0","0/0","0/0","0/0","0/0","0/0","0/0","0/0","0/0","0/0","0/0","0/0","0/0","0/0","0/0","0/0","0/0","0/0","0/0","0/0","0/0","0/0","0/0","0/0","0/0","0/0","0/0","0/0","0/0","0/0","0/0","0/0","0/0","0/0","0/0","0/0","0/0","0/0","0/0","0/0","0/0","0/0","0/0","0/0","0/0","0/0","0/0","0/0","0/0","0/0","0/1","0/1","0/0","0/0","0/0","0/0","0/0","0/0","0/0","0/0","0/0","0/0","0/0","0/0","0/0","0/0","0/0","0/0","0/0","0/0","0/0","0/0","0/0","0/0","0/0","0/0","0/0","0/0","0/0","0/0","0/0","0/0","0/0","0/0","0/0","0/0","0/0","0/0","0/0","0/0","0/0","0/0"
"chr19:36494563_CTCT/C_SYNE4","0/0","0/0","0/0","0/0","0/0","0/0","0/0","0/0","0/0","0/0","0/0","0/0","0/0","0/0","0/0","0/0","0/0","0/0","0/0","0/0","0/0","0/0","0/0","0/0","0/0","0/0","0/0","0/0","0/0","0/0","0/0","0/1","0/0","0/0","0/0","0/0","0/0","0/0","0/0","0/0","0/0","0/0","0/0","0/0","0/0","0/0","0/0","0/0","0/0","0/0","0/0","0/0","0/0","0/0","0/0","0/0","0/0","0/0","0/0","0/0","0/0","0/0","0/0","0/0","0/0","0/0","0/0","0/0","0/0","0/0","0/0","0/0","0/0","0/0","0/0","0/0","0/0","0/0","0/0","0/0","0/0","0/0","0/0","0/0","0/0","0/0","0/0","0/0","0/0","0/0","0/0","0/0","0/0","0/0","0/0","0/0","0/0","0/0","0/0","0/0","0/0","0/0","0/0","0/0","0/0","0/0","0/0","0/0","0/0","0/0","0/0","0/0","0/0","0/0","0/0","0/0","0/0","0/0","0/0","0/0","0/0","0/0","0/0","0/0","0/0","0/0","0/0","0/0","0/0","0/0","0/0","0/0","0/0","0/0","0/0","0/0","0/0","0/0","0/0","0/0","0/0","0/0","0/0","0/0","0/0","0/0","0/0","0/0","0/0","0/0","0/0","0/0","0/0"
"chr19:36593690_ACTT/A_WDR62","0/0","0/0","0/0","0/0","0/0","0/0","0/0","0/0","0/0","0/0","0/0","0/0","0/0","0/0","0/0","0/0","0/0","0/0","0/0","0/0","0/0","0/0","0/0","0/0","0/0","0/0","0/0","0/0","0/0","0/0","0/1","0/0","0/0","0/0","0/0","0/0","0/0","0/0","0/0","0/0","0/0","0/0","0/0","0/0","0/0","0/0","0/0","0/0","0/0","0/0","0/0","0/0","0/0","0/0","0/0","0/0","0/0","0/0","0/0","0/0","0/0","0/0","0/0","0/0","0/0","0/0","0/0","0/0","0/0","0/0","0/0","0/0","0/0","0/0","0/0","0/0","0/0","0/0","0/0","0/0","0/0","0/0","0/0","0/0","0/0","0/0","0/0","0/0","0/0","0/0","0/0","0/0","0/0","0/0","0/0","0/0","0/0","0/0","0/0","0/0","0/0","0/0","0/0","0/0","0/0","0/0","0/0","0/0","0/0","0/0","0/0","0/0","0/0","0/0","0/0","0/0","0/0","0/0","0/0","0/0","0/0","0/0","0/0","0/0","0/0","0/0","0/0","0/0","0/0","0/0","0/0","0/0","0/0","0/0","0/0","0/0","0/0","0/0","0/0","0/0","0/0","0/0","0/0","0/0","0/0","0/0","0/0","0/0","0/0","0/0","0/0","0/0","0/0"
"chr19:36631940_GGGC/G_CAPNS1","0/0","0/0","0/0","0/0","0/0","0/0","0/0","0/0","0/0","0/0","0/0","0/0","0/0","0/0","0/0","0/0","0/0","0/0","0/0","0/0","0/0","0/0","0/0","0/0","0/0","0/0","0/0","0/0","0/0","0/0","0/0","0/0","0/0","0/0","0/0","0/0","0/0","0/0","0/0","0/0","0/0","0/0","0/0","0/0","0/0","0/0","0/0","0/0","0/0","0/0","0/0","0/0","0/0","0/0","0/0","0/0","0/0","0/0","0/0","0/0","0/0","0/0","0/0","0/0","0/0","0/0","0/0","0/0","0/0","0/0","0/0","0/0","0/0","0/0","0/0","0/0","0/0","0/0","0/0","0/0","0/0","0/0","0/0","0/0","0/0","0/0","0/0","0/0","0/0","0/0","0/0","0/0","0/0","0/0","0/0","0/0","0/0","0/0","0/0","0/0","0/0","0/0","0/0","0/0","0/0","0/0","0/0","0/0","0/0","0/0","0/0","0/0","0/0","0/0","0/0","0/0","0/0","0/0","0/0","0/0","0/0","0/0","0/0","0/0","0/0","0/0","0/0","0/0","0/0","0/0","0/0","0/0","0/0","0/1","0/0","0/0","0/0","0/0","0/0","0/0","0/0","0/0","0/0","0/0","0/0","0/0","0/0","0/0","0/0","0/0","0/0","0/0","0/0"
"chr19:36632024_GGGC/GGGCGGC_CAPNS1","0/0","0/0","0/0","0/0","0/0","0/0","0/0","0/0","0/0","0/0","0/0","0/0","0/0","0/0","0/0","0/0","0/0","0/0","0/0","0/0","0/0","0/0","0/0","0/0","0/1","0/0","0/0","0/0","0/0","0/0","0/0","0/0","0/0","0/0","0/0","0/0","0/0","0/0","0/0","0/0","0/0","0/0","0/0","0/0","0/0","0/0","0/0","0/0","0/0","0/0","0/0","0/0","0/0","0/0","0/0","0/0","0/0","0/0","0/0","0/0","0/0","0/0","0/0","0/0","0/0","0/0","0/0","0/0","0/0","0/0","0/0","0/0","0/0","0/0","0/0","0/0","0/0","0/0","0/0","0/0","0/0","0/0","0/0","0/0","0/0","0/0","0/0","0/0","0/0","0/0","0/0","0/0","0/0","0/0","0/0","0/0","0/0","0/0","0/0","0/0","0/0","0/0","0/0","0/3","0/3","0/0","0/0","0/0","0/0","0/2","0/0","0/0","0/0","0/0","0/0","0/0","0/0","0/0","0/0","0/0","0/0","0/0","0/0","0/0","0/0","0/0","0/0","0/0","0/0","0/0","0/0","0/0","0/0","0/0","0/0","0/0","0/0","0/0","0/0","0/0","0/0","0/0","0/0","0/0","0/0","0/0","0/0","0/0","0/0","0/0","0/0","0/0","0/0"
"chr19:37129580_GGGA/G_ZNF461","0/0","0/0","0/0","0/0","0/0","0/0","0/0","0/0","0/0","0/0","0/0","0/0","0/0","0/0","0/0","0/0","0/0","0/0","0/0","0/0","0/0","0/0","0/0","0/0","0/0","0/0","0/0","0/0","0/0","0/0","0/0","0/0","0/0","0/0","0/0","0/0","0/0","0/0","0/0","0/0","0/0","0/0","0/0","0/0","0/0","0/0","0/0","0/0","0/0","0/0","0/0","0/0","0/0","0/0","0/0","0/0","0/0","0/0","0/0","0/0","0/0","0/0","0/0","0/0","0/0","0/0","0/0","0/0","0/0","0/0","0/0","0/0","0/0","0/0","0/0","0/0","0/0","0/0","0/0","0/0","0/0","0/0","0/0","0/0","0/0","0/0","0/0","0/0","0/0","0/0","0/0","0/0","0/0","0/0","0/0","0/0","0/0","0/0","0/0","0/0","0/0","0/0","0/0","0/0","0/0","0/0","0/0","0/0","0/0","0/0","0/0","0/0","0/0","0/0","0/0","0/0","0/0","0/0","0/0","0/0","0/0","0/0","0/0","0/0","0/0","0/0","0/0","0/0","0/0","0/0","0/0","0/0","0/0","0/0","0/0","0/0","0/0","0/0","0/1","0/1","0/1","0/0","0/0","0/0","0/0","0/0","0/0","0/0","0/0","0/0","0/0","0/0","0/0"
"chr19:37879852_C/CTGTG_ZNF527","0/0","0/0","0/0","0/1","0/0","0/0","0/1","0/1","0/1","0/0","0/0","0/0","0/0","1/1","0/0","0/0","0/0","0/0","0/0","0/0","0/1","0/0","0/1","0/0","0/0","0/0","0/1","0/1","0/1","0/0","0/0","0/1","0/0","0/0","0/0","0/0","0/0","0/0","0/0","0/0","0/0","0/0","0/0","0/1","0/0","0/1","0/0","0/0","0/0","0/1","0/0","0/0","0/0","0/1","0/0","0/0","0/0","0/0","0/0","0/1","0/0","0/0","0/0","0/0","0/0","0/0","0/1","0/0","0/0","0/1","0/0","0/1","0/1","0/1","0/1","0/1","0/1","0/0","0/0","0/0","0/0","0/0","0/0","0/0","0/0","0/1","0/1","0/0","0/1","0/1","0/0","0/1","0/1","0/1","0/1","0/0","0/0","0/0","0/0","0/0","0/0","0/0","0/0","0/0","0/0","0/0","0/0","0/0","0/0","0/0","0/1","0/0","0/0","0/0","0/0","0/0","0/0","0/0","0/1","0/0","0/1","0/1","0/0","0/0","0/0","0/0","0/0","0/0","0/0","0/0","0/0","0/0","0/0","0/1","0/0","0/0","0/1","0/1","0/0","0/0","0/0","0/0","0/0","0/0","0/0","0/0","0/0","0/0","0/0","0/0","0/0","0/0","0/0"
"chr19:37879854_AT/A_ZNF527","0/0","0/0","0/0","0/1","0/0","0/0","0/1","0/1","0/1","0/0","0/0","0/0","0/0","1/1","0/0","0/0","0/0","0/0","0/0","0/0","0/1","0/0","0/1","0/0","0/0","0/0","0/1","0/1","0/1","0/0","0/0","0/1","0/0","0/0","0/0","0/0","0/0","0/0","0/0","0/0","0/0","0/0","0/0","0/1","0/0","0/1","0/0","0/0","0/0","0/1","0/0","0/0","0/0","0/1","0/0","0/0","0/0","0/0","0/0","0/1","0/0","0/0","0/0","0/0","0/0","0/0","0/1","0/0","0/0","0/1","0/0","0/1","0/1","0/1","0/1","0/1","0/1","0/0","0/0","0/0","0/0","0/0","0/0","0/0","0/0","0/1","0/1","0/0","0/1","0/1","0/0","0/1","0/1","0/1","0/1","0/0","0/0","0/0","0/0","0/0","0/0","0/0","0/0","0/0","0/0","0/0","0/0","0/0","0/0","0/0","0/1","0/0","0/0","0/0","0/0","0/0","0/0","0/0","0/1","0/0","0/1","0/1","0/0","0/0","0/0","0/0","0/0","0/0","0/0","0/0","0/0","0/0","0/0","0/1","0/0","0/0","0/1","0/1","0/0","0/0","0/0","0/0","0/0","0/0","0/0","0/0","0/0","0/0","0/0","0/0","0/0","0/0","0/0"
"chr19:38028757_CT/C_ZNF793","0/0","0/0","0/0","0/0","0/0","0/0","0/0","0/0","0/0","0/0","0/0","0/0","0/0","0/0","0/0","0/0","0/0","0/0","0/0","0/0","0/0","0/0","0/0","0/0","0/0","0/0","0/0","0/0","0/0","0/1","0/0","0/0","0/0","0/0","0/0","0/0","0/0","0/0","0/0","0/0","0/0","0/0","0/0","0/0","0/0","0/0","0/0","0/0","0/0","0/0","0/0","0/0","0/0","0/0","0/0","0/0","0/0","0/0","0/0","0/0","0/0","0/0","0/0","0/0","0/0","0/0","0/0","0/0","0/0","0/0","0/0","0/0","0/0","0/0","0/0","0/0","0/0","0/0","0/0","0/0","0/0","0/0","0/0","0/0","0/0","0/0","0/0","0/0","0/0","0/0","0/0","0/0","0/0","0/0","0/0","0/0","0/0","0/0","0/0","0/0","0/0","0/0","0/0","0/0","0/0","0/0","0/0","0/0","0/0","0/0","0/0","0/0","0/0","0/0","0/0","0/0","0/0","0/0","0/0","0/0","0/0","0/0","0/0","0/0","0/0","0/0","0/0","0/0","0/0","0/0","0/0","0/0","0/0","0/0","0/0","0/0","0/0","0/0","0/0","0/0","0/0","0/0","0/0","0/0","0/0","0/0","0/0","0/0","0/0","0/0","0/0","0/0","0/0"
"chr19:38376034_CT/C_WDR87","0/0","0/0","0/0","0/0","0/0","0/0","0/0","0/0","0/0","0/0","0/0","0/0","0/0","0/0","0/0","0/0","0/0","0/0","0/0","0/0","0/0","0/0","0/0","0/0","0/0","0/0","0/0","0/0","0/0","0/0","0/0","0/0","0/0","0/0","0/0","0/0","0/1","0/0","0/0","0/0","0/0","0/0","0/0","0/0","0/0","0/0","0/0","0/0","0/0","0/0","0/0","0/0","0/0","0/0","0/0","0/0","0/0","0/0","0/0","0/0","0/0","0/0","0/0","0/0","0/0","0/0","0/0","0/0","0/0","0/0","0/0","0/0","0/0","0/0","0/0","0/0","0/0","0/0","0/0","0/0","0/0","0/0","0/0","0/0","0/0","0/0","0/0","0/0","0/0","0/0","0/0","0/0","0/0","0/0","0/0","0/0","0/0","0/0","0/0","0/0","0/0","0/0","0/0","0/0","0/0","0/0","0/0","0/0","0/0","0/0","0/0","0/0","0/0","0/0","0/0","0/0","0/0","0/0","0/0","0/0","0/0","0/0","0/0","0/0","0/0","0/0","0/0","0/0","0/0","0/0","0/0","0/0","0/0","0/0","0/0","0/0","0/0","0/0","0/0","0/0","0/0","0/0","0/0","0/0","0/0","0/0","0/0","0/0","0/0","0/0","0/0","0/0","0/0"
"chr19:38385613_TGGA/T_WDR87","0/0","0/0","0/0","0/0","1/1","1/1","0/0","0/0","0/0","0/0","0/0","0/0","0/1","0/0","0/0","0/0","0/0","0/1","0/1","0/0","0/0","0/0","0/0","0/1","0/0","0/0","0/0","0/1","0/0","0/0","0/0","0/0","0/0","0/0","0/0","0/0","0/1","0/0","0/1","0/0","0/1","0/0","0/0","0/1","0/0","0/0","0/1","0/1","0/0","0/0","0/0","0/0","0/0","0/0","0/0","0/0","0/0","0/1","0/0","0/0","0/1","0/0","0/0","0/0","0/0","0/0","0/0","0/0","0/0","0/0","0/0","0/0","0/0","0/0","0/0","0/0","0/0","0/0","0/0","0/0","0/0","0/1","0/0","0/0","0/0","0/0","0/0","0/0","0/0","0/0","0/1","0/1","0/1","0/0","0/0","0/1","0/0","0/0","0/0","0/0","0/0","0/0","0/0","0/1","0/1","0/0","0/0","0/0","0/0","0/0","0/0","0/0","0/0","0/0","0/1","0/0","0/0","0/0","0/0","0/0","0/0","0/0","0/0","0/0","0/1","0/1","0/0","0/0","0/0","0/0","0/0","0/0","0/0","0/0","0/0","0/0","0/0","0/0","0/1","0/1","0/1","0/0","0/0","0/0","0/0","0/0","0/0","0/0","0/0","0/0","0/0","0/0","0/0"
"chr19:38572367_GGCCACC/GGCCACCGCCACC_SIPA1L3","0/0","0/0","0/0","0/0","0/1","0/1","0/0","0/0","0/0","0/0","0/0","0/0","0/0","0/0","0/0","0/0","0/0","0/0","0/0","0/0","0/0","0/0","0/0","0/0","0/0","0/0","0/0","0/0","0/1","0/1","0/0","0/0","0/0","0/0","0/0","0/0","0/0","0/0","1/1","0/0","0/0","0/2","0/0","0/0","0/1","0/1","0/0","0/0","0/0","0/0","0/0","0/1","0/0","0/0","0/0","0/0","0/0","0/0","0/0","0/0","0/0","0/0","0/1","0/0","0/0","0/0","0/0","0/0","0/0","0/0","0/0","0/0","0/0","0/0","0/0","0/0","0/0","0/1","0/1","0/0","0/0","0/0","0/0","0/0","0/0","0/0","0/0","0/0","0/0","0/0","0/0","0/0","0/0","0/0","0/0","0/1","0/0","0/0","0/0","0/0","0/0","0/0","0/0","1/1","1/1","0/0","0/0","0/0","0/0","0/0","0/0","0/0","0/0","0/1","0/0","0/0","0/0","0/0","0/0","0/0","0/0","0/0","0/0","0/0","0/0","0/0","0/1","0/1","0/0","0/0","0/0","0/0","0/0","0/0","0/0","0/0","0/0","0/0","0/2","0/2","0/2","0/0","0/0","0/0","0/0","0/0","0/0","0/0","0/0","0/0","0/1","0/1","0/1"
"chr19:38795546_TGAA/T_C19orf33","0/0","0/0","0/0","0/0","0/1","0/1","0/0","0/0","0/0","0/0","0/0","0/0","0/0","0/0","0/0","0/0","0/0","0/0","0/0","0/0","0/0","0/0","0/0","0/0","0/1","0/0","0/0","0/0","0/0","0/0","0/0","0/0","0/1","0/0","0/0","0/0","0/0","0/0","0/0","0/1","0/0","0/1","0/0","0/0","0/0","0/0","0/0","0/0","0/0","0/0","0/0","0/1","0/0","0/0","0/1","0/1","0/0","0/0","0/0","0/0","0/0","0/0","0/0","0/1","0/1","0/1","0/1","0/0","0/0","0/1","0/1","0/0","0/0","1/1","1/1","0/0","0/0","0/0","0/0","0/0","0/0","0/0","0/0","0/0","0/0","0/0","0/0","0/0","0/0","0/0","0/0","0/0","0/0","0/0","0/0","0/0","0/0","0/0","0/0","0/0","0/0","0/0","0/0","0/0","0/0","0/0","0/0","0/0","0/0","0/0","0/0","0/0","0/0","0/0","0/0","0/0","0/0","0/0","0/0","0/0","0/0","0/0","0/0","0/0","0/0","0/0","0/0","0/0","0/0","0/0","0/0","0/0","0/0","0/0","0/0","0/0","0/0","0/0","0/1","0/1","0/1","0/0","0/0","0/0","0/0","0/0","0/1","0/1","0/1","0/0","0/0","0/0","0/0"
"chr19:38795550_GAAGAAGGAGAAGGGC/GAAGAAGGAGAAGGGCAAGAAGGAGAAGGGC_C19orf33","0/0","0/0","0/0","1/1","0/0","0/0","0/0","0/0","0/0","0/1","0/0","0/0","0/1","0/0","0/1","0/1","0/1","0/0","0/1","0/1","0/1","0/1","0/1","0/1","0/1","0/0","1/3","1/1","1/1","0/1","0/0","1/1",".","1/1","0/1","0/1","0/1","1/1","0/0","0/0","0/0","0/1","0/1","0/1","0/0","0/1","0/1","1/1","0/1","0/0","0/1","0/1","0/0","0/1","0/0","0/1","0/1","0/1","1/1","0/0","0/1","0/0","0/0","0/1","0/1",".","0/1","1/1","1/1","0/1","0/0","0/0","0/0",".",".","1/1","1/1","0/1","0/1","0/0","0/0","0/1","0/1","1/1","1/1","1/1","1/1","1/1","0/1","0/1","0/1","1/1","1/1","0/1","0/1","0/1","1/1","0/1","0/1","0/1","0/0","0/1","0/0","0/0","0/0","1/1","1/1","1/1","1/1","0/1","1/1","0/1","0/1","0/0","1/2","0/0","0/0","0/1","0/1","0/1","0/1","0/1","0/0","0/1","1/2","1/2","0/0","0/0","0/1","0/1","0/1","1/1","0/1","0/1","0/1","0/1","0/1","0/1","0/0","0/1","0/0","1/1","1/1","0/1","0/1","0/1","0/0","0/0",".","0/1","0/1","0/1","0/1"
"chr19:38876405_A/AGCCGGGGATGGGGCCGGGGCCGGG_GGN","0/0","0/0","0/0","0/1","0/1","0/1","0/1","0/1","0/1","0/0","0/0","0/0","0/0","0/0","0/0","0/0","0/0","0/0","0/0","0/0","0/0","0/0","0/0","0/0","0/0","0/0","0/1","0/1","0/0","0/0","0/0","0/0","0/0","0/0","0/0","0/1","0/0","0/0","1/1","0/0","0/0","0/0","0/0","0/1","0/0","0/0","0/0","0/0","0/0","0/1","0/0","0/0","0/1","0/0","0/0","0/0","0/0","0/0","0/0","0/1","0/0","0/1","0/1","0/0","0/0","0/1","0/0","0/1","0/1","0/0","0/1","0/0","0/0","0/0","0/0","0/0","0/0","0/0","0/0","0/0","0/0","0/0","0/0","0/0","0/0","0/0","0/0","0/0","0/0","0/0","0/1","0/0","0/0","1/1","1/1","0/1","0/0","0/0","0/0","0/0","0/0","0/0","0/0","0/1","0/1","0/1","0/1","0/1","0/1","0/0","0/1","0/0","0/0","0/0","0/0","0/1","0/1","0/0","1/1","0/0","1/1","1/1","0/1","0/0","0/0","0/0","0/1","0/1","0/1","0/1","0/1","0/1","0/0","0/1","0/0","0/0","0/1","0/1","0/0","0/0","0/0","0/1","0/1","0/1","0/1","0/1","0/0","0/0","0/0","0/1","0/1","0/1","0/1"
"chr19:38882863_CCCT/C_SPRED3","0/0","0/0","0/0","0/0","0/0","0/0","0/0","0/0","0/0","0/0","0/0","0/0","0/0","0/0","0/0","0/0","0/0","0/0","0/0","0/0","0/0","0/0","0/0","0/0","0/0","0/0","0/0","0/0","0/1","0/0","0/0","0/0","0/1","0/0","0/0","0/0","0/1","0/0","0/0","0/0","0/0","0/0","0/0","0/0","0/0","0/0","0/0","0/0","0/0","0/0","0/0","0/0","0/0","0/0","0/0","0/0","0/0","0/0","0/0","0/0","0/1","0/0","0/0","0/0","0/0","0/0","0/0","0/0","0/0","0/0","0/0","0/0","0/1","0/0","0/0","0/0","0/0","0/0","0/0","0/0","0/0","0/0","0/0","0/0","0/0","0/0","0/0","0/0","0/0","0/0","0/0","0/0","0/0","0/1","0/0","0/1","0/0","0/0","0/0","0/0","0/0","0/0","0/1","0/0","0/0","0/0","0/0","0/0","0/0","0/0","0/0","0/0","0/0","0/0","0/0","0/0","0/0","0/0","0/0","0/0","0/0","0/0","0/0","0/0","0/0","0/0","0/0","0/0","0/1","0/0","0/0","0/1","0/0","0/0","0/1","0/0","0/0","0/0","0/0","0/0","0/0","0/1","0/0","0/0","0/0","0/0","0/0","0/0","0/0","0/0","0/0","0/0","0/0"
"chr19:38899501_CAAG/CAAGAAG_FAM98C","0/0","0/0","0/0","0/1","0/1","0/1","0/1","0/1","0/1","0/0","0/0","0/0","0/0","0/0","0/0","0/0","0/0","0/0","0/0","0/0","0/0","0/0","0/0","0/0","0/0","0/0","0/1","0/1","0/0","0/0","0/1","0/1","0/0","0/0","0/0","0/1","0/0","0/0","1/1","0/0","0/0","0/0","0/0","0/1","0/0","0/0","0/0","0/0","0/0","0/1","0/0","0/0","0/1","0/0","0/0","0/0","0/0","0/0","0/0","0/1","0/0","0/1","0/1","0/0","0/0","0/1","0/0","0/1","0/1","0/0","0/1","0/0","0/0","0/0","0/0","0/0","0/0","0/2","0/0","0/0","0/0","0/0","0/0","0/1","0/1","0/2","0/0","0/0","0/0","0/0","0/1","0/0","0/0","1/1","1/1","0/1","0/0","0/0","0/0","0/0","0/0","0/0","0/0","0/1","0/1","0/1","0/1","0/1","0/1","0/0","0/1","0/0","0/0","0/1","0/0","0/1","0/1","0/0","1/1","0/0","1/1","1/1","0/1","0/0","0/0","0/0","0/1","0/1","0/1","0/1","0/1","0/1","0/0","0/1","0/0","0/0","1/1","1/1","0/0","0/0","0/0","0/1","0/1","0/1","0/1","0/1","0/0","0/2","0/0","0/1","0/1","0/1","0/1"
"chr19:38912747_GC/G_RASGRP4","0/0","0/0","0/0","0/0","0/0","0/0","0/0","0/0","0/0","0/0","0/0","0/0","0/0","0/0","0/0","0/0","0/0","0/0","0/0","0/0","0/0","0/0","0/0","0/0","0/0","0/0","0/0","0/0","0/0","0/0","0/0","0/0","0/0","0/0","0/0","0/0","0/0","0/0","0/0","0/1","0/0","0/0","0/0","0/0","0/0","0/0","0/0","0/0","0/0","0/0","0/0","0/0","0/0","0/0","0/0","0/0","0/0","0/0","0/0","0/0","0/0","0/0","0/0","0/0","0/0","0/0","0/0","0/0","0/0","0/0","0/0","0/0","0/0","0/0","0/0","0/0","0/0","0/0","0/0","0/0","0/0","0/0","0/0","0/0","0/0","0/0","0/0","0/0","0/0","0/0","0/0","0/0","0/0","0/0","0/0","0/0","0/0","0/0","0/0","0/0","0/0","0/0","0/0","0/0","0/0","0/0","0/0","0/0","0/0","0/0","0/0","0/0","0/0","0/0","0/0","0/0","0/0","0/0","0/0","0/0","0/0","0/0","0/0","0/0","0/0","0/0","0/0","0/0","0/0","0/0","0/0","0/0","0/0","0/0","0/0","0/0","0/0","0/0","0/0","0/0","0/0","0/0","0/0","0/0","0/0","0/0","0/0","0/0","0/0","0/0","0/0","0/0","0/0"
"chr19:39015998_CAAG/C_RYR1","0/0","0/0","0/0","0/0","0/0","0/0","0/0","0/0","0/0","0/0","0/0","0/0","0/0","0/0","0/0","0/0","0/0","0/0","0/0","0/0","0/0","0/0","0/0","0/0","0/0","0/0","0/0","0/0","0/0","0/0","0/0","0/0","0/0","0/0","0/0","0/0","0/0","0/0","0/0","0/0","0/0","0/0","0/0","0/0","0/0","0/0","0/0","0/1","0/0","0/0","0/0","0/0","0/0","0/0","0/0","0/0","0/0","0/0","0/0","0/0","0/0","0/0","0/0","0/0","0/0","0/0","0/0","0/0","0/0","0/0","0/0","0/0","0/0","0/0","0/0","0/0","0/0","0/0","0/0","0/0","0/0","0/0","0/0","0/0","0/0","0/0","0/0","0/0","0/0","0/0","0/0","0/0","0/0","0/0","0/0","0/0","0/0","0/0","0/0","0/0","0/0","0/0","0/0","0/0","0/0","0/0","0/0","0/0","0/0","0/0","0/0","0/0","0/0","0/0","0/0","0/0","0/0","0/0","0/0","0/0","0/0","0/0","0/0","0/0","0/0","0/0","0/0","0/0","0/0","0/0","0/0","0/0","0/0","0/0","0/0","0/0","0/0","0/0","0/0","0/0","0/0","0/0","0/0","0/0","0/0","0/0","0/0","0/0","0/0","0/0","0/0","0/0","0/0"
"chr19:39019603_CAGG/C_RYR1","0/0","0/0","0/0","0/0","0/0","0/0","0/0","0/0","0/0","0/0","0/0","0/0","0/0","0/0","0/0","0/0","0/0","0/0","0/0","0/0","0/0","0/0","0/0","0/0","0/0","0/0","0/0","0/0","0/0","0/0","0/0","0/0","0/0","0/0","0/0","0/0","0/0","0/0","0/0","0/0","0/0","0/0","0/0","0/0","0/0","0/0","0/0","0/0","0/0","0/0","0/0","0/0","0/0","0/0","0/0","0/0","0/0","0/0","0/0","0/0","0/0","0/0","0/0","0/0","0/0","0/0","0/0","0/0","0/0","0/0","0/0","0/0","0/0","0/0","0/0","0/0","0/0","0/0","0/0","0/0","0/0","0/0","0/0","0/0","0/0","0/0","0/0","0/0","0/0","0/0","0/0","0/0","0/0","0/0","0/0","0/0","0/0","0/1","0/0","0/0","0/0","0/0","0/0","0/0","0/0","0/0","0/0","0/0","0/0","0/0","0/0","0/0","0/0","0/0","0/0","0/0","0/0","0/0","0/0","0/0","0/0","0/0","0/0","0/0","0/0","0/0","0/0","0/0","0/0","0/0","0/0","0/0","0/0","0/0","0/0","0/0","0/0","0/0","0/0","0/0","0/0","0/0","0/0","0/0","0/0","0/0","0/0","0/0","0/0","0/0","0/0","0/0","0/0"
"chr19:39055774_CGGCGGA/C_RYR1","0/0","0/0","0/0","0/0","0/0","0/0","0/0","0/0","0/0","0/0","0/0","0/0","0/0","0/0","0/0","0/0","0/0","0/0","0/0","0/0","0/0","0/0","0/0","0/0","0/0","0/0","0/0","0/0","0/0","0/0","0/0","0/0","0/0","0/0","0/0","0/0","0/0","0/0","0/0","0/0","0/0","0/0","0/0","0/0","0/0","0/0","0/1","0/0","0/0","0/0","0/0","0/0","0/0","0/0","0/0","0/0","0/0","0/0","0/0","0/0","0/0","0/0","0/0","0/0","0/0","0/0","0/0","0/0","0/0","0/0","0/0","0/0","0/0","0/0","0/0","0/0","0/0","0/0","0/0","0/0","0/0","0/0","0/0","0/0","0/0","0/0","0/0","0/0","0/0","0/0","0/0","0/0","0/0","0/0","0/0","0/0","0/0","0/0","0/0","0/0","0/0","0/0","0/0","0/0","0/0","0/0","0/0","0/0","0/0","0/0","0/0","0/0","0/0","0/0","0/0","0/0","0/0","0/0","0/0","0/0","0/0","0/0","0/0","0/0","0/0","0/0","0/0","0/0","0/0","0/0","0/0","0/0","0/0","0/0","0/0","0/0","0/0","0/0","0/0","0/0","0/0","0/0","0/0","0/0","0/0","0/0","0/0","0/0","0/0","0/0","0/0","0/0","0/0"
"chr19:39055981_TCTGGGCAGCAGTGACGCGCG/T_RYR1","0/0","0/0","0/0","0/0","0/0","0/0","0/0","0/0","0/0","0/0","0/0","0/0",".","0/0","0/0","0/0","0/0","0/0","0/0","0/0","0/0","0/0","0/0","0/0","0/0","0/0","0/0","0/0","0/0","0/0","0/0","0/0","0/0","0/0","0/0","0/0","0/0","0/0","0/0","0/0","0/0","0/0","0/0","0/0","0/0","0/0","0/0","0/0","0/0","0/0","0/0","0/0","0/0","0/0","0/0","0/0","0/0","0/0","0/0","0/0","0/1","0/0","0/0","0/0","0/0","0/0","0/0","0/0","0/0","0/0","0/0","0/0","0/0","0/0","0/0","0/0","0/0","0/0","0/0","0/0","0/0","0/0","0/0","0/0","0/0","0/0","0/0","0/0","0/0","0/0","0/0","0/0","0/0","0/0","0/0","0/0","0/0","0/0","0/0","0/0","0/0","0/0","0/0","0/0","0/0","0/0","0/0","0/0","0/0","0/0","0/0","0/0","0/0","0/0","0/0","0/0","0/0","0/0","0/0","0/0","0/0","0/0",".","0/0","0/0","0/0","0/0","0/0","0/0","0/0","0/0","0/0","0/0","0/0","0/0","0/0","0/0","0/0","0/0","0/0","0/0","0/0","0/0","0/0","0/0","0/0","0/0","0/0","0/0","0/0","0/0","0/0","0/0"
"chr19:39056201_CGAGGGCGCTGGAGACGCCGCG/C_RYR1","0/0","0/0","0/0","0/0","0/0","0/0","0/0","0/0","0/0","0/0","0/0","0/0","0/0","0/0","0/0","0/0","0/0","0/0","0/0","0/0","0/0","0/0","0/0","0/0","0/0","0/0","0/0","0/0","0/0","0/0","0/0","0/0","0/0","0/0","0/0","0/0","0/0","0/0","0/0","0/0","0/0","0/0","0/0","0/0","0/0","0/0","0/0","0/0","0/0","0/0","0/0","0/0","0/0","0/0","0/0","0/0","0/0","0/0","0/0","0/0","0/0","0/0","0/0","0/0","0/0","0/0","0/0","0/0","0/0","0/0","0/0","0/0","0/0","0/0","0/0","0/0","0/0","0/0","0/0","0/0","0/0","0/0","0/0","0/0","0/0","0/0","0/0","0/0","0/0","0/0","0/0","0/0","0/0","0/0","0/0","0/0","0/0","0/0","0/0","0/0","0/0","0/0","0/0","0/0","0/0","0/0","0/0","0/0","0/0","0/0","0/0","0/0","0/0","0/1","0/0","0/0","0/0","0/0","0/0","0/0","0/0","0/0","0/0","0/0","0/0","0/0","0/1","0/1","0/0","0/0","0/0","0/0","0/0","0/0","0/0","0/0","0/0","0/0","0/0","0/0","0/0","0/0","0/0","0/0","0/0","0/0","0/0","0/0","0/0","0/0","0/0","0/0","0/0"
"chr19:39398272_T/TAGCGAC_NFKBIB","0/0","0/0","0/0","0/0","0/0","0/0","0/0","0/0","0/0","0/0","0/0","0/0","0/0","0/0","0/0","0/0","0/0","0/0","0/0","0/0","0/0","0/0","0/0","0/0","0/0","0/0","0/0","0/0","0/0","0/0","0/0","0/0","0/0","0/0","0/0","0/0","0/0","0/0","0/0","0/0","0/0","0/0","0/0","0/0","0/0","0/0","0/0","0/0","0/0","0/0","0/0","0/0","0/0","0/0","0/0","0/0","0/0","0/0","0/0","0/0","0/0","0/0","0/0","0/0","0/0","0/0","0/0","0/1","0/1","0/0","0/0","0/0","0/0","0/0","0/0","0/0","0/0","0/0","0/0","0/0","0/0","0/0","0/0","0/0","0/0","0/0","0/0","0/0","0/0","0/0","0/0","0/0","0/0","0/0","0/0","0/0","0/0","0/0","0/0","0/0","0/0","0/0","0/0","0/0","0/0","0/0","0/0","0/0","0/0","0/0","0/0","0/0","0/0","0/0","0/0","0/0","0/0","0/0","0/0","0/0","0/0","0/0","0/0","0/0","0/0","0/0","0/0","0/0","0/0","0/0","0/0","0/0","0/0","0/0","0/0","0/0","0/0","0/0","0/0","0/0","0/0","0/0","0/0","0/0","0/0","0/0","0/0","0/0","0/0","0/0","0/0","0/0","0/0"
"chr19:39401226_TCTC/T_CCER2","0/0","0/0","0/0","0/0","0/0","0/0","0/0","0/0","0/0","0/0","0/0","0/0","0/0","0/0","0/0","0/0","0/0","0/0","0/0","0/0","0/0","0/0","0/0","0/0","0/0","0/0","0/0","0/0","0/0","0/0","0/0","0/0","0/0","0/0","0/0","0/1","0/0","0/0","0/0","0/0","0/0","0/0","0/0","0/0","0/0","0/0","0/0","0/0","0/0","0/0","0/0","0/0","0/0","0/0","0/0","0/0","0/0","0/0","0/0","0/0","0/0","0/0","0/0","0/0","0/0","0/0","0/0","0/0","0/0","0/0","0/0","0/0","0/0","0/0","0/0","0/0","0/0","0/0","0/0","0/0","0/0","0/0","0/0","0/0","0/0","0/0","0/0","0/0","0/0","0/0","0/0","0/0","0/0","0/0","0/0","0/0","0/0","0/0","0/0","0/0","0/0","0/0","0/0","0/0","0/0","0/0","0/0","0/0","0/0","0/0","0/0","0/0","0/0","0/0","0/0","0/0","0/0","0/0","0/0","0/0","0/0","0/0","0/0","0/0","0/0","0/0","0/0","0/0","0/0","0/0","0/0","0/0","0/0","0/0","0/0","0/0","0/0","0/0","0/0","0/0","0/0","0/0","0/0","0/0","0/0","0/0","0/0","0/0","0/0","0/0","0/0","0/0","0/0"
"chr19:39401684_TCGGTGGAC/T_CCER2","0/0","0/0","0/0","0/0","0/0","0/0","0/0","0/0","0/0","0/1","0/0","0/0","0/0","0/0","0/0","0/0","0/0","0/0","0/0","0/0","0/0","0/0","0/0","0/0","0/0","0/0","0/0","0/0","0/0","0/0","0/0","0/0","0/0","0/0","0/0","0/0","0/0","0/0","0/0","0/0","0/0","0/0","0/0","0/0","0/0","0/0","0/0","0/0","0/0","0/0","0/0","0/0","0/0","0/0","0/0","0/0","0/0","0/0","0/0","0/0","0/0","0/0","0/0","0/0","0/0","0/0","0/0","0/0","0/0","0/0","0/0","0/0","0/0","0/0","0/0","0/0","0/0","0/0","0/0","0/0","0/0","0/0","0/0","0/0","0/0","0/0","0/0","0/0","0/0","0/0","0/0","0/0","0/0","0/0","0/0","0/0","0/0","0/0","0/0","0/0","0/0","0/0","0/0","0/0","0/0","0/0","0/0","0/0","0/0","0/0","0/0","0/0","0/0","0/0","0/0","0/0","0/0","0/0","0/0","0/0","0/0","0/0","0/0","0/0","0/0","0/0","0/0","0/0","0/0","0/0","0/0","0/0","0/0","0/0","0/0","0/0","0/0","0/0","0/0","0/0","0/0","0/0","0/0","0/0","0/0","0/0","0/0","0/0","0/0","0/0","0/0","0/0","0/0"
"chr19:39401694_CACAGCCGT/C_CCER2","0/0","0/0","0/0","0/0","0/0","0/0","0/0","0/0","0/0","0/1","0/0","0/0","0/0","0/0","0/0","0/0","0/0","0/0","0/0","0/0","0/0","0/0","0/0","0/0","0/0","0/0","0/0","0/0","0/0","0/0","0/0","0/0","0/0","0/0","0/0","0/0","0/0","0/0","0/0","0/0","0/0","0/0","0/0","0/0","0/0","0/0","0/0","0/0","0/0","0/0","0/0","0/0","0/0","0/0","0/0","0/0","0/0","0/0","0/0","0/0","0/0","0/0","0/0","0/0","0/0","0/0","0/0","0/0","0/0","0/0","0/0","0/0","0/0","0/0","0/0","0/0","0/0","0/0","0/0","0/0","0/0","0/0","0/0","0/0","0/0","0/0","0/0","0/0","0/0","0/0","0/0","0/0","0/0","0/0","0/0","0/0","0/0","0/0","0/0","0/0","0/0","0/0","0/0","0/0","0/0","0/0","0/0","0/0","0/0","0/0","0/0","0/0","0/0","0/0","0/0","0/0","0/0","0/0","0/0","0/0","0/0","0/0","0/0","0/0","0/0","0/0","0/0","0/0","0/0","0/0","0/0","0/0","0/0","0/0","0/0","0/0","0/0","0/0","0/0","0/0","0/0","0/0","0/0","0/0","0/0","0/0","0/0","0/0","0/0","0/0","0/0","0/0","0/0"
"chr19:39899230_TG/T_ZFP36","0/0","0/0","0/0","0/0","0/0","0/0","0/0","0/0","0/0","0/0","0/0","0/0","0/0","0/0","0/0","0/0","0/0","0/0","0/0","0/0","0/0","0/0","0/0","0/0","0/0","0/0","0/0","0/0","0/0","0/0","0/0","0/1","0/0","0/0","0/0","0/0","0/0","0/0","0/0","0/0","0/0","0/0","0/0","0/0","0/0","0/0","0/0","0/0","0/0","0/0","0/0","0/0","0/0","0/0","0/0","0/0","0/0","0/0","0/0","0/0","0/0","0/0","0/0","0/0","0/0","0/0","0/0","0/0","0/0","0/0","0/0","0/0","0/0","0/0","0/0","0/0","0/0","0/0","0/0","0/0","0/0","0/0","0/0","0/0","0/0","0/0","0/0","0/0","0/0","0/0","0/0","0/0","0/0","0/0","0/0","0/0","0/0","0/0","0/0","0/0","0/0","0/0","0/0","0/0","0/0","0/0","0/0","0/0","0/0","0/0","0/0","0/0","0/0","0/0","0/0","0/0","0/0","0/0","0/0","0/0","0/0","0/0","0/0","0/0","0/0","0/0","0/0","0/0","0/0","0/0","0/0","0/0","0/0","0/0","0/0","0/0","0/0","0/0","0/0","0/0","0/0","0/0","0/0","0/0","0/0","0/0","0/0","0/0","0/0","0/0","0/0","0/0","0/0"
"chr19:40199872_CCATCGATTCCCGCCAG/C_LGALS14","0/0","0/0","0/0","0/0","0/0","0/0","0/0","0/0","0/0","0/0","0/0","0/0","0/0","0/0","0/0","0/0","0/0","0/0","0/0","0/0","0/0","0/0","0/0","0/0","0/0","0/0","0/0","0/0","0/0","0/0","0/0","0/0","0/0","0/0","0/0","0/0","0/0","0/0","0/0","0/0","0/0","0/0","0/0","0/0","0/0","0/0","0/0","0/0","0/0","0/0","0/0","0/0","0/0","0/0","0/0","0/0","0/0","0/0","0/0","0/0","0/0","0/0","0/0","0/0","0/0","0/0","0/0","0/0","0/0","0/0","0/0","0/1","0/1","0/0","0/0","0/0","0/0","0/0","0/0","0/0","0/0","0/0","0/0","0/0","0/0","0/0","0/0","0/0","0/0","0/0","0/0","0/0","0/0","0/0","0/0","0/0","0/0","0/0","0/0","0/0","0/0","0/0","0/0","0/0","0/0","0/0","0/0","0/0","0/0","0/0","0/0","0/0","0/0","0/0","0/0","0/0","0/0","0/0","0/0","0/0","0/0","0/0","0/0","0/0","0/0","0/0","0/0","0/0","0/0","0/0","0/0","0/0","0/0","0/0","0/0","0/0","0/0","0/0","0/0","0/0","0/0","0/0","0/0","0/0","0/0","0/0","0/0","0/0","0/0","0/0","0/0","0/0","0/0"
"chr19:40398233_GAC/G_FCGBP","0/0","0/0","0/0","0/0","0/0","1/1","0/0","0/0","0/0","0/0","0/0","0/0","0/0",".","0/0","0/0","0/0","0/0","0/0","0/0","0/0","0/0","0/0","0/0","0/0","0/0","0/0","0/0","0/0","0/0","0/0","0/0","0/0","0/0","0/0","0/0","0/0","0/0",".","0/0","0/0","0/0","0/0","0/0","0/0","0/0","0/0","0/0","0/0","0/0","0/0","0/0","0/0","0/0",".","0/0","0/0","0/0","0/0","0/0","0/0","0/0","0/0","0/0","0/0","0/0",".","0/0","0/0",".","0/0","0/0","0/0","0/0","0/0","0/0","0/0","0/0","0/0","0/0","0/0","0/0","0/0","0/0","0/0","0/0","0/0","0/0","0/0","0/0","0/0","0/0","0/0","0/0","0/0","0/0","0/0","0/0",".",".","0/0","0/0","0/0","0/0","0/0","0/0","0/0","0/0","0/0","0/0","0/0","0/0","0/0","0/0","0/0","0/0","0/0","0/0",".","0/0","0/0","0/0","0/0","0/0","0/0","0/0","0/0","0/0","0/0","0/0","0/0","0/0","0/0","0/0","0/0","0/0","0/0","0/0","0/0","0/0","0/0","0/0","0/0","0/0","0/0","0/0","0/0","0/0","0/0","0/0","0/0","0/0","0/0"
"chr19:41123093_A/AG_LTBP4","1/1","1/1","1/1","1/1","1/1","1/1","1/1","1/1","1/1","1/1","1/1","1/1","1/1","1/1","1/1","1/1","1/1","1/1","1/1","1/1","1/1","1/1","1/1","1/1","1/1","1/1","1/1","1/1","1/1","1/1","1/1","1/1","1/1","1/1","1/1","1/1","1/1","1/1","1/1","1/1","1/1","1/1","1/1","1/1","1/1","1/1","1/1","1/1","1/1","1/1","1/1","1/1","1/1","1/1","1/1","1/1","1/1","1/1","1/1","1/1","1/1","1/1","1/1","1/1","1/1","1/1","1/1","1/1","1/1","1/1","1/1","1/1","1/1","1/1","1/1","1/1","1/1","1/1","1/1","1/1","1/1","1/1","1/1","1/1","1/1","1/1","1/1","1/1","1/1","1/1","1/1","1/1","1/1","1/1","1/1","1/1","1/1","1/1","1/1","1/1","1/1","1/1","1/1","1/1","1/1","1/1","1/1","1/1","1/1","1/1","1/1","1/1","1/1","1/1","1/1","1/1","1/1","1/1","1/1","1/1","1/1","1/1","1/1","1/1","1/1","1/1","1/1","1/1","1/1","1/1","1/1","1/1","1/1","1/1","1/1","1/1","1/1","1/1","1/1","1/1","1/1","1/1","1/1","1/1","1/1","1/1","1/1","1/1","1/1","1/1","1/1","1/1","1/1"
"chr19:41173892_CTGCTGT/C_NUMBL","1/1","0/1","1/1","0/0","0/1","0/1","0/0","0/0","0/0","0/0","0/0","0/0","0/1","0/1","0/1","0/1","0/0","0/0","0/0","0/1","0/1","0/1","0/1","1/1","0/1","1/1","0/1","0/1","0/1","0/1","0/1","0/1","0/1","0/1","1/1","1/1","1/1","1/1","0/0","0/0","0/1","0/1","1/1","0/1","0/1","1/1","0/1","0/1","0/1","0/1","0/1","1/1","1/1","1/1","0/1","0/1","0/1","0/0","1/1","0/0","0/0","0/1","1/1","1/1","1/1","0/1","1/1","0/1","0/1","1/1","0/1","0/0","0/0","0/1","0/1","1/1","1/1","1/1","1/1","0/1","0/1","0/1","0/1","1/1","1/1","1/1","1/1","0/1","0/1","0/1","0/1","0/1","0/1","1/1","1/1","0/1","0/1","0/1","0/0","0/0","1/1","0/1","1/1","0/1","0/1","1/1","1/1","1/1","1/1","0/1","0/0","0/1","0/1","1/1","0/1","1/1","0/1","0/1","0/1","0/1","0/1","0/1","1/1","0/1","0/1","0/1","1/1","1/1","0/1","0/1","0/1","0/1","1/1","0/0","1/1","1/1","0/0","0/0","0/1","0/1","0/1","0/1","0/1","0/1","0/1","0/1","1/1","1/1","1/1","0/1","0/1","0/1","0/1"
"chr19:41622107_G/GC_CYP2F1","0/0","0/0","0/0","0/0","0/0","0/0","0/0","0/0","0/0","0/0","0/0","0/0","0/1","1/1","0/0","0/0","0/0","0/0","0/0","0/1","0/0","1/1","0/1","0/1","0/0","0/0","0/0","0/1","0/0","0/1","0/0","0/0","0/1","0/1","0/0","0/0","0/0","0/0","0/0","0/1","0/0","0/1","0/1","0/0","0/1","0/0","0/1","0/0","0/0","0/0","0/1","1/1","0/0","0/1","0/1","0/0","0/0","0/0","0/1","0/1","0/1","0/0","0/0","0/0","0/0","0/1","0/1","0/0","0/0","0/1","0/1","0/0","0/0","0/0","0/0","0/0","0/0","0/0","0/0","0/1","0/1","0/0","0/1","0/0","0/0","0/1","0/1","0/1","0/0","0/0","0/0","0/1","0/1","0/0","0/0","0/0","0/1","0/1","0/0","0/0","0/0","0/1","0/0","0/0","0/0","0/0","0/0","0/1","0/1","0/1","0/0","1/1","1/1","0/0","0/0","0/0","0/0","0/0","0/0","0/0","0/0","0/0","0/0","0/0","0/0","0/0","0/0","0/0","0/1","0/1","0/1","0/0","0/0","0/0","0/0","0/0","0/0","0/0","0/1","0/1","0/1","0/0","0/0","0/0","0/0","0/0","0/1","0/1","0/1","0/1","0/1","0/1","0/1"
"chr19:42083739_A/AGAC_CEACAM21","0/1","0/1","0/1","0/1","0/0","0/0","0/0","0/0","0/0","0/1","0/0","0/1","0/0","0/1","0/1","0/1","0/0","0/1","0/0","0/1","0/0","0/0","0/1","0/1","0/0","0/1","0/0","0/1","0/0","0/0","1/1","0/1","1/1","0/0","0/1","1/1","1/1","0/0","0/1","1/1","0/0","0/1","0/0","0/1","0/0","0/0","1/1","0/0","0/1","0/0","0/0","0/0","0/0","0/1","1/1","0/0","0/0","0/0","1/1","0/0","0/1","1/1","0/0","0/0","0/0","0/1","1/1","0/1","0/1","1/1","0/1","1/1","1/1","0/1","0/1","0/1","0/1","0/1","0/1","1/1","1/1","0/0","0/0","0/1","0/1","0/1","0/1","1/1","1/1","1/1","0/1","0/1","0/1","0/0","0/0","0/1","1/1","0/0","0/0","0/0","0/1","0/1","0/1","0/1","0/1","0/1","0/1","1/1","1/1","0/1","0/1","0/0","0/0","0/0","1/1","0/1","0/1","0/0","0/1","0/0","0/1","0/1","0/1","0/0","1/1","1/1","0/0","0/0","0/0","0/0","0/0","0/1","0/1","1/1","0/1","0/1","1/1","1/1","0/1","0/1","0/1","0/1","0/1","0/1","0/1","0/1","0/0","0/0","0/0","0/1","0/1","0/1","0/1"
"chr19:42492679_GTTC/TTTC_ATP1A3","0/0","0/0","0/0","0/0","0/0","0/0","0/1","0/1","0/1","0/0","0/0","0/0","0/0","0/0","0/0","0/0","0/0","0/0","0/0","0/0","0/0","0/0","0/0","0/0","0/0","0/0","0/0","0/0","0/0","0/0","0/0","0/0","0/0","0/0","0/0","0/0","0/2","0/0","0/0","0/0","0/0","0/0","0/0","0/0","0/0","0/0","0/0","0/0","0/0","0/0","0/0","0/0","0/0","0/0","0/0","0/0","0/0","0/0","0/0","0/0","0/0","0/0","0/0","0/0","0/0","0/0","0/0","0/0","0/0","0/0","0/0","0/0","0/0","0/0","0/0","0/0","0/0","0/0","0/0","0/0","0/0","0/0","0/0","0/0","0/0","0/0","0/0","0/0","0/0","0/0","0/0","0/0","0/0","0/0","0/0","0/0","0/0","0/0","0/0","0/0","0/0","0/0","0/0","0/0","0/0","0/0","0/0","0/0","0/0","0/0","0/0","0/0","0/0","0/0","0/0","0/0","0/0","0/0","0/0","0/0","0/0","0/0","0/0","0/0","0/0","0/0","0/0","0/0","0/0","0/0","0/0","0/0","0/0","0/0","0/0","0/0","0/0","0/0","0/0","0/0","0/0","0/0","0/0","0/0","0/0","0/0","0/0","0/0","0/0","0/0","0/0","0/0","0/0"
"chr19:42506387_A/AC_GRIK5","0/0","0/0","0/0","0/0","0/0","0/0","0/0","0/0","0/0","0/0","0/0","0/0","0/0","0/0","0/0","0/0","0/0","0/0","0/1","0/0","0/1","0/0","0/1","0/1","0/0","0/0","0/0","0/0","0/0","0/0","0/0","0/0","0/0","0/0","0/0","0/0","0/1","0/0","0/0","0/0","0/0","0/0","0/0","0/0","0/0","0/0","0/0","0/0","0/0","0/0","0/0","0/0","0/0","0/0","0/0","0/0","0/0","0/0","0/0","0/0","0/0","0/0","0/0","0/0","0/0","0/0","0/0","0/0","0/0","0/0","0/0","0/0","0/0","0/0","0/0","0/0","0/0","0/0","0/0","0/0","0/0","0/0","0/0","0/0","0/0","0/0","0/0","0/0","0/0","0/0","0/0","0/0","0/0","0/0","0/0","0/0","0/0","0/0","0/0","0/0","0/0","0/0","0/0","0/0","0/0","0/0","0/0","0/0","0/0","0/0","0/0","0/0","0/0","0/0","0/0","0/0","0/0","0/0","0/0","0/0","0/0","0/0","0/0","0/0","0/0","0/0","0/0","0/0","0/0","0/0","0/0","0/0","0/0","0/0","0/0","0/0","0/0","0/0","0/0","0/0","0/0","0/0","0/0","0/0","0/0","0/0","0/0","0/0","0/0","0/0","0/0","0/0","0/0"
"chr19:42776787_TGTG/T_CIC","0/0","0/0","0/0","0/0",".","0/0","0/0","0/0",".","0/0","0/0",".",".","0/0","0/0",".",".","0/0","0/0","0/0",".",".","0/0",".","0/0",".",".","0/0","0/0","0/0",".","0/0","0/0",".",".",".","0/0",".",".",".","0/0",".","0/0","0/0","0/0",".",".",".","0/0","0/0","0/0",".","0/0",".",".","0/0",".","0/0","0/0","1/1","0/0","0/0","0/0",".","0/0","0/0","0/0","0/0",".",".",".",".",".",".",".","0/0",".","0/0","0/0","0/0",".","0/0","0/0","0/0","0/0","0/0","0/0",".","0/0",".","0/0","0/0","0/0","0/0","0/0",".","0/0","0/0","0/0",".",".",".","0/0","0/0",".","0/0",".","0/0",".","0/0","0/0","0/0",".","0/0","0/0","0/0",".","0/0","0/0",".","0/0","0/0","0/0",".","0/0",".","0/0","0/0","0/0","0/0",".","0/0","0/0","0/0",".",".",".","0/0","0/0","0/0","0/0",".","0/0","0/0","0/0",".",".","0/0","0/0","0/0","0/0","0/0","."
"chr19:42778657_GT/G_CIC","0/0","0/0",".","0/0","0/0","0/0",".","0/0","0/0","0/0","0/0","0/0",".",".",".",".","0/0","0/0",".","0/0",".",".",".","0/0",".",".",".",".",".",".","0/0",".",".","0/0","0/0","0/0","0/0","0/0","0/0","0/0","0/0",".","0/0",".","0/0","0/0","0/0","0/0",".",".","0/0","0/0","0/0","0/0",".",".",".",".","0/0",".","0/0","0/0","0/0","0/0","0/0",".","0/0","0/0",".","0/0","0/0",".",".",".","0/0",".",".","0/0",".","0/0",".",".",".","0/0","0/0","0/0","0/0",".","0/0","0/0","0/0",".","0/0","0/0",".",".",".","0/0","0/0","0/0",".","0/0","0/0",".","0/0","0/0",".",".",".","0/0","0/0","0/0","0/0","0/0","0/0","0/0","0/0","0/0",".",".","0/0",".","1/1","0/0","0/0",".",".",".","0/0","0/0",".",".",".","0/0","0/0","0/0",".",".","0/0","0/0","0/0",".","0/0","0/0","0/0",".","0/0","0/0","0/0","0/0","0/0","0/0","0/0"
"chr19:42821997_CT/C_TMEM145","0/0","0/0","0/0","0/0","0/0","0/0","0/0","0/0","0/0","0/0","0/0","0/0","0/0","0/0","0/0","0/0","0/0","0/0","0/0","0/0","0/0","0/0","0/0","0/0","0/0","0/0","0/0","0/0","0/0","0/0","0/0","0/0","0/0","0/0","0/0","0/0","0/1","0/0","0/0","0/0","0/0","0/0","0/0","0/0","0/0","0/0","0/0","0/0","0/0","0/0","0/0","0/0","0/0","0/0","0/0","0/0","0/0","0/0","0/0","0/0","0/0","0/0","0/0","0/0","0/0","0/0","0/0","0/0","0/0","0/0","0/0","0/0","0/0","0/0","0/0","0/0","0/0","0/0","0/0","0/0","0/0","0/0","0/0","0/0","0/0","0/0","0/0","0/0","0/0","0/0","0/0","0/0","0/0","0/0","0/0","0/0","0/0","0/0","0/0","0/0","0/0","0/0","0/0","0/0","0/0","0/0","0/0","0/0","0/0","0/0","0/0","0/0","0/0","0/0","0/0","0/0","0/0","0/0","0/0","0/0","0/0","0/0","0/0","0/0","0/0","0/0","0/0","0/0","0/0","0/0","0/0","0/0","0/0","0/0","0/0","0/0","0/0","0/0","0/0","0/0","0/0","0/0","0/0","0/0","0/0","0/0","0/0","0/0","0/0","0/0","0/0","0/0","0/0"
"chr19:42905987_CGTCTA/C_LIPE","0/0","0/0","0/0","0/0","0/0","0/0","0/0","0/0","0/0","0/0","0/0","0/0",".","0/0","0/0","0/0","0/0","0/0","0/0","0/0","0/0","0/0","0/0","0/0","0/0","0/0","0/0","0/0","0/0","0/0","0/0","0/0","0/0","0/0","0/0","0/0","0/0","0/0","0/0","0/0","0/0","0/0","0/0","0/0","0/0","0/0","0/0","0/0","0/1","0/0","0/0","0/0","0/0","0/0","0/0","0/0","0/0","0/0","0/0","0/0","0/0","0/0","0/0","0/0","0/0","0/0","0/0","0/0","0/0","0/0","0/0","0/0","0/0","0/0","0/0","0/0","0/0","0/0","0/0","0/0","0/0","0/0","0/0","0/0","0/0","0/0","0/0","0/0","0/0","0/0","0/0","0/0","0/0","0/0","0/0","0/0","0/0","0/0","0/0","0/0","0/0","0/0","0/0","0/0","0/0","0/0","0/0","0/0","0/0","0/0","0/0","0/0","0/0","0/0","0/0","0/0","0/0","0/0","0/0","0/0","0/0","0/0","0/0","0/0","0/0","0/0","0/0","0/0","0/0","0/0","0/0","0/0","0/0","0/0","0/0","0/0","0/0","0/0","0/0","0/0","0/0","0/0","0/0","0/0","0/0","0/0","0/0","0/0","0/0","0/0","0/0","0/0","0/0"
"chr19:42909622_G/GTC_LIPE","0/0","0/0","0/0","0/0","0/0","0/0","0/0","0/0","0/0","0/0","0/0","0/0","0/0","0/0","0/0","0/0","0/0","0/0","0/0","0/0","0/0","0/0","0/0","0/0","0/0","0/0","0/0","0/0","0/0","0/0","0/0","0/0","0/0","0/0","0/0","0/0","0/0","0/0","0/0","0/0","0/0","0/0","0/0","0/0","0/0","0/0","0/0","0/1","0/0","0/0","0/0","0/0","0/0","0/0","0/0","0/0","0/0","0/0","0/0","0/0","0/0","0/0","0/0","0/0","0/0","0/0","0/0","0/0","0/0","0/0","0/0","0/0","0/0","0/0","0/0","0/0","0/0","0/0","0/0","0/0","0/0","0/0","0/0","0/0","0/0","0/0","0/0","0/0","0/0","0/0","0/0","0/0","0/0","0/0","0/0","0/0","0/0","0/0","0/0","0/0","0/0","0/0","0/0","0/0","0/0","0/0","0/0","0/0","0/0","0/0","0/0","0/0","0/0","0/0","0/0","0/0","0/0","0/0","0/0","0/0","0/0","0/0","0/0","0/0","0/0","0/0","0/0","0/0","0/0","0/0","0/0","0/0","0/0","0/0","0/0","0/0","0/0","0/0","0/0","0/0","0/0","0/0","0/0","0/0","0/0","0/0","0/0","0/0","0/0","0/0","0/0","0/0","0/0"
"chr19:43268140_AG/A_PSG8","0/1","0/1","0/1","0/0","0/0","0/0","0/0","0/0","0/0","0/0","0/0","0/0","0/0","0/0","0/0","0/0","0/0","0/1","0/1","0/0","0/0","0/0","0/0","0/0","0/0","0/0","0/0","0/0","0/0","0/0","0/0","0/0","0/1","0/0","0/0","0/0","0/0","0/0","0/0","0/0","0/0","0/0","0/0","0/0","0/0","0/0","0/0","0/0","0/0","0/0","0/0","0/0","0/0","0/0","0/0","0/0","0/0","0/0","0/0","0/0","0/0","0/0","0/0","0/0","0/0","0/0","0/0","0/0","0/0","0/0","0/0","0/0","0/0","0/0","0/0","0/0","0/0","0/0","0/0","0/0","0/0","0/0","0/0","0/0","0/0","0/0","0/0","0/0","0/0","0/0","0/0","0/1","0/1","0/0","0/0","0/0","0/0","0/0","0/0","0/0","0/0","0/0","0/0","0/0","0/0","0/1","0/1","0/0","0/0","0/0","0/0","0/0","0/0","0/0","0/0","0/0","0/0","0/0","0/0","0/0","0/0","0/0","0/0","0/0","0/0","0/0","0/0","0/0","0/0","0/0","0/0","0/1","0/0","0/0","0/0","0/0","0/0","0/0","0/0","0/0","0/0","0/1","0/1","0/0","0/0","0/0","0/0","0/0","0/0","0/0","0/0","0/0","0/0"
"chr19:43766199_CAG/C_PSG9","0/0","0/0","0/0","0/0","0/0","0/0","0/0","0/0","0/0","0/0","0/0","0/0","0/0","0/0","0/0","0/0","0/0","0/0","0/0","0/0","0/0","0/0","0/0","0/0","0/0","0/0","0/0","0/0","0/0","0/0","0/0","0/0","0/0","0/0","0/0","0/0","0/0","0/0","0/0","0/0","0/0","0/0","0/0","0/0","0/0","0/1","0/0","0/0","0/0","0/0","0/0","0/0","0/0","0/0","0/0","0/0","0/0","0/0","0/0","0/0","0/0","0/0","0/0","0/0","0/0","0/0","0/0","0/0","0/0","0/0","0/0","0/0","0/0","0/0","0/0","0/0","0/0","0/0","0/0","0/0","0/0","0/0","0/0","0/0","0/0","0/0","0/0","0/0","0/0","0/0","0/0","0/0","0/0","0/0","0/0","0/0","0/0","0/0","0/0","0/0","0/0","0/0","0/0","0/0","0/0","0/0","0/0","0/0","0/0","0/0","0/0","0/0","0/0","0/0","0/0","0/0","0/0","0/0","0/0","0/0","0/0","0/0","0/0","0/0","0/0","0/0","0/0","0/0","0/0","0/0","0/0","0/0","0/0","0/0","0/0","0/0","0/0","0/0","0/0","0/0","0/0","0/0","0/0","0/0","0/0","0/0","0/0","0/0","0/0","0/0","0/0","0/0","0/0"
"chr19:44237591_C/CA_SMG9","0/0","0/0","0/0","0/0","0/0","0/0","0/0","0/0","0/0","0/0","0/0","0/0","0/0","0/0","0/0","0/0","0/0","0/0","0/0","0/0","0/0","0/0","0/0","0/0","0/0","0/0","0/0","0/0","0/0","0/0","0/0","0/0","0/0","0/0","0/0","0/0","0/0","0/0","0/0","0/0","0/0","0/0","0/0","0/0","0/0","0/0","0/0","0/0","0/0","0/0","0/0","0/0","0/0","0/0","0/0","0/0","0/0","0/0","0/0","0/0","0/0","0/0","0/0","0/0","0/0","0/0","0/0","0/0","0/0","0/0","0/0","0/0","0/0","0/0","0/0","0/0","0/0","0/0","0/0","0/0","0/0","0/0","0/0","0/0","0/0","0/0","0/0","0/0","0/0","0/0","0/0","0/0","0/0","0/0","0/0","0/0","0/0","0/0","0/0","0/0","0/0","0/0","0/0","0/0","0/0","0/0","0/0","0/0","0/0","0/0","0/0","0/0","0/0","0/0","0/0","0/0","0/0","0/0","0/0","0/0","0/0","0/0","0/0","0/0","0/0","0/1","0/0","0/0","0/0","0/0","0/0","0/0","0/0","0/0","0/0","0/0","0/0","0/0","0/0","0/0","0/0","0/0","0/0","0/0","0/0","0/0","0/0","0/0","0/0","0/0","0/0","0/0","0/0"
"chr19:44351166_GGGAGAT/G_ZNF283","0/0","0/0","0/0","0/0","0/1","0/1","0/0","0/0","0/0","0/0","1/1","0/1","0/0","0/1","0/1","0/0","0/0","0/1","0/0","0/1","0/0","0/0","0/0","0/0","0/1","0/1","0/0","0/1","0/1","0/0","0/0","0/0","0/0","0/1","0/0","0/1","0/0","0/1","0/1","0/1","0/0","0/1","0/0","0/0","0/0","0/0","0/1","0/1","0/1","0/0","0/1","0/1","0/0","0/0","0/1","0/0","0/0","0/1","0/0","0/0","0/1","0/0","0/1","0/0","0/0","1/1","0/0","0/0","0/0","0/0","1/1","0/1","0/1","0/0","0/0","0/1","0/1","0/1","0/1","0/1","0/1","0/0","0/1","0/0","0/0","1/1","1/1","0/1","0/1","0/1","0/0","0/1","0/1","0/1","0/1","0/0","0/1","0/1","0/0","0/0","0/0","0/0","0/0","1/1","1/1","0/0","0/0","0/1","0/1","0/0","0/0","0/0","0/0","0/1","0/0","0/0","0/0","0/0","0/0","0/0","0/0","0/0","0/0","0/0","0/0","0/0","0/1","0/1","0/0","0/0","0/0","1/1","0/1","0/1","0/1","0/1","0/1","0/1","0/0","0/0","0/0","1/1","1/1","0/1","0/1","0/1","0/1","0/1","0/1","0/0","0/0","0/0","0/0"
"chr19:44589999_TCTC/T_ZNF284","0/1","0/1","0/1","1/1","0/1","0/1","0/1","0/1","0/1","0/0","0/1","0/1","0/1","0/1","0/1","0/0","0/0","0/1","0/1","0/1","0/0","0/0","0/0","0/0","0/1","1/1","1/1","0/1","0/0","0/0","0/0","0/1","0/0","0/0","1/1","0/1","0/1","1/1","0/1","0/1","0/1","1/1","0/0","0/1","0/0","0/0","0/1","0/1","1/1","0/1","0/0","0/0","0/0","0/0","0/1","0/1","0/0","0/0","0/0","1/1","1/1","0/0","0/0","0/0","0/0","0/1","0/1","1/1","1/1","0/1","0/1","0/1","0/1","0/1","0/1","0/0","0/0","0/0","0/0","0/0","0/0","0/0","0/0","0/0","0/0","0/1","0/1","0/1","1/1","1/1","0/0","1/1","1/1","0/0","0/0","0/0","0/1","0/0","0/1","0/1","0/0","0/0","0/0","0/0","0/0","0/0","0/0","0/0","0/0","0/0","1/1","0/0","0/0","0/0","1/1","0/1","0/1","0/1","0/1","0/1","0/1","0/1","0/1","0/1","1/1","1/1","0/0","0/0","0/0","0/0","0/0","1/1","0/1","0/1","0/1","0/1","0/1","0/1","0/1","0/1","0/1","1/1","1/1","1/1","1/1","1/1","0/1","0/1","0/1","0/1","0/1","0/1","0/1"
"chr19:44660611_T/TA_ZNF234","0/0","0/0","0/0","0/0","0/0","0/0","0/0","0/0","0/0","0/0","0/0","0/0","0/0","0/0","0/0","0/0","0/0","0/0","0/0","0/0","0/0","0/0","0/0","0/1","0/0","0/0","0/0","0/0","0/0","0/0","0/0","0/0","0/0","0/0","0/0","0/0","0/0","0/0","0/0","0/0","0/0","0/0","0/0","0/0","0/0","0/0","0/0","0/0","0/0","0/0","0/0","0/0","0/0","0/0","0/0","0/0","0/0","0/0","0/0","0/0","0/0","0/0","0/0","0/0","0/0","0/0","0/0","0/0","0/0","0/0","0/0","0/0","0/0","0/0","0/0","0/0","0/0","0/0","0/0","0/0","0/0","0/0","0/0","0/0","0/0","0/0","0/0","0/0","0/0","0/0","0/0","0/0","0/0","0/0","0/0","0/0","0/0","0/0","0/0","0/0","0/0","0/0","0/0","0/0","0/0","0/0","0/0","0/0","0/0","0/0","0/0","0/0","0/0","0/0","0/0","0/0","0/0","0/0","0/0","0/0","0/0","0/0","0/0","0/0","0/0","0/0","0/0","0/0","0/0","0/0","0/0","0/0","0/0","0/0","0/0","0/0","0/0","0/0","0/0","0/0","0/0","0/0","0/0","0/0","0/0","0/0","0/0","0/0","0/0","0/0","0/0","0/0","0/0"
"chr19:44681689_GAT/G_ZNF226","0/0","0/0","0/0","0/0","0/0","0/0","0/0","0/0","0/0","0/0","0/0","0/0","0/0","0/0","0/0","0/0","0/0","0/0","0/0","0/0","0/0","0/0","0/0","0/0","0/0","0/0","0/0","0/0","0/0","0/0","0/0","0/1","0/0","0/0","0/0","0/0","0/0","0/0","0/0","0/0","0/0","0/0","0/0","0/0","0/0","0/0","0/0","0/0","0/0","0/0","0/0","0/0","0/0","0/0","0/0","0/0","0/0","0/0","0/0","0/0","0/0","0/0","0/0","0/0","0/0","0/0","0/0","0/0","0/0","0/0","0/0","0/0","0/0","0/0","0/0","0/0","0/0","0/0","0/0","0/0","0/0","0/0","0/0","0/0","0/0","0/0","0/0","0/0","0/0","0/0","0/0","0/0","0/0","0/0","0/0","0/0","0/0","0/0","0/0","0/0","0/0","0/0","0/0","0/0","0/0","0/0","0/0","0/0","0/0","0/0","0/0","0/0","0/0","0/0","0/0","0/0","0/0","0/0","0/0","0/0","0/0","0/0","0/0","0/0","0/0","0/0","0/0","0/0","0/0","0/0","0/0","0/0","0/0","0/0","0/0","0/0","0/0","0/0","0/0","0/0","0/0","0/0","0/0","0/0","0/0","0/0","0/0","0/0","0/0","0/0","0/0","0/0","0/0"
"chr19:44778795_CG/C_ZNF233","0/0","0/0","0/0","0/0","0/0","0/0","0/0","0/0","0/0","0/0","0/0","0/0","0/0","0/0","0/0","0/1","0/1","0/1","0/1","0/1","0/0","0/1","0/1","0/1","0/1","0/0","0/0","0/0","0/1","0/0","0/0","0/0","0/1","0/1","0/0","0/1","0/0","0/0","0/1","0/1","0/0","0/0","0/0","0/1","0/0","1/1","0/0","0/1","0/0","0/0","0/0","1/1","0/0","0/0","0/1","0/1","0/0","0/0","0/0","0/0","0/0","0/1","0/1","0/0","0/0","0/1","0/1","0/0","0/0","0/1","0/1","0/1","0/1","0/0","0/0","0/1","0/1","0/1","0/1","0/1","0/1","0/1","0/0","0/1","0/1","1/1","1/1","0/0","0/0","0/0","1/1","0/0","0/0","1/1","1/1","1/1","0/0","0/0","0/1","0/1","0/0","0/0","0/0","0/1","0/1","0/0","0/0","0/1","0/1","0/0","0/0","0/0","0/0","0/0","0/0","0/0","0/0","0/0","0/0","0/0","0/0","0/0","0/0","0/0","0/0","0/0","0/0","0/0","0/1","0/1","0/1","0/0","0/0","0/0","0/0","0/0","0/0","0/0","0/0","0/0","0/0","0/0","0/0","0/0","0/0","0/0","0/0","0/0","0/0","0/0","0/0","0/0","0/0"
"chr19:45015202_AG/A_CEACAM20","0/0","0/0","0/0","0/0","0/0","0/0","0/0","0/0","0/0","0/0","0/0","0/0","0/0","0/0","0/0","0/0","0/0","0/0","0/0","0/0","0/0","0/0","0/0","0/0","0/0","0/0","0/0","0/0","0/0","0/0","0/0","0/0","0/0","0/0","0/0","0/0","0/0","0/0","0/0","0/0","0/0","0/0","0/0","0/0","0/0","0/0","0/0","0/0","0/0","0/0","0/0","0/0","0/0","0/0","0/0","0/0","0/0","0/0","0/0","0/0","0/0","0/0","0/0","0/0","0/0","0/1","0/0","0/0","0/0","0/0","0/1","0/0","0/0","0/0","0/0","0/0","0/0","0/0","0/0","0/0","0/0","0/0","0/0","0/0","0/0","0/0","0/0","0/0","0/0","0/0","0/0","0/0","0/0","0/0","0/0","0/0","0/0","0/0","0/0","0/0","0/1","0/0","0/1","0/0","0/0","0/0","0/0","0/0","0/0","0/0","0/0","0/0","0/0","0/0","0/0","0/0","0/0","0/0","0/0","0/0","0/0","0/0","0/0","0/0","0/0","0/0","0/0","0/0","0/0","0/0","0/0","0/0","0/0","0/0","0/0","0/0","0/0","0/0","0/0","0/0","0/0","0/0","0/0","0/0","0/0","0/0","0/0","0/0","0/0","0/0","0/0","0/0","0/0"
"chr19:45296846_A/AC_CBLC","0/0","0/1","0/1","0/1","0/0","0/0","0/0","0/0","0/0","0/0","0/0","0/0","0/0","0/0","0/0","0/0","0/0","0/0","0/0","0/0","0/0","0/0","0/0","0/0","0/0","0/0","0/0","0/0","0/0","0/1","0/0","0/0","0/0","0/0","0/0","0/0","0/1","0/1","0/0","0/0","0/1","0/0","0/0","0/1","0/0","0/1","0/0","0/0","0/0","0/0","0/0","0/0","0/0","0/0","0/1","0/0","0/0","0/1","0/0","0/0","0/0","0/0","0/0","0/0","0/0","0/0","0/0","0/0","0/0","0/0","0/0","0/0","0/0","0/0","0/0","0/0","0/0","0/1","0/1","0/0","0/0","0/0","0/0","0/0","0/0","0/0","0/0","0/0","0/0","0/0","0/0","0/1","0/1","0/0","0/0","0/0","0/0","0/1","0/0","0/0","0/0","0/0","0/0","0/0","0/0","0/0","0/0","0/0","0/0","0/0","0/1","0/0","0/0","0/0","0/0","0/0","0/0","0/0","0/0","0/0","0/0","0/0","0/0","0/0","0/0","0/0","0/0","0/0","0/0","0/0","0/0","0/0","0/0","0/1","0/0","0/0","0/1","0/1","0/1","0/1","0/1","0/0","0/0","0/0","0/0","0/0","0/1","0/1","0/1","0/0","0/0","0/0","0/0"
"chr19:45556128_AC/A_CLASRP","0/0","0/0","0/0","0/0","0/0","0/0","0/0","0/0","0/0","0/0","0/0","0/0","0/0","0/0","0/0","0/0","0/0","0/0","0/0","0/0","0/0","0/0","0/0","0/0","0/0","0/0","0/0","0/0","0/0","0/0","0/0","0/0","0/0","0/0","0/0","0/0","0/1","0/0","0/0","0/0","0/0","0/0","0/0","0/0","0/0","0/0","0/0","0/0","0/0","0/0","0/0","0/0","0/0","0/0","0/0","0/0","0/0","0/0","0/0","0/0","0/0","0/0","0/0","0/0","0/0","0/0","0/0","0/0","0/0","0/0","0/0","0/0","0/0","0/0","0/0","0/0","0/0","0/0","0/0","0/0","0/0","0/0","0/0","0/0","0/0","0/0","0/0","0/0","0/0","0/0","0/0","0/0","0/0","0/0","0/0","0/0","0/0","0/0","0/0","0/0","0/0","0/0","0/0","0/0","0/0","0/0","0/0","0/0","0/0","0/0","0/0","0/0","0/0","0/0","0/0","0/0","0/0","0/0","0/0","0/0","0/0","0/0","0/0","0/0","0/0","0/0","0/0","0/0","0/0","0/0","0/0","0/0","0/0","0/0","0/0","0/0","0/0","0/0","0/0","0/0","0/0","0/0","0/0","0/0","0/0","0/0","0/0","0/0","0/0","0/0","0/0","0/0","0/0"
"chr19:45559782_GAGA/G_CLASRP","0/0","0/0","0/0","0/0","0/0","0/0","0/0","0/0","0/0","0/0","0/0","0/0","0/0","0/0","0/0","0/0","0/0","0/0","0/0","0/0","0/0","0/0","0/0","0/0","0/0","0/0","0/0","0/0","0/0","0/0","0/0","0/0","0/0","0/0","0/0","0/0","0/0","0/0","0/0","0/0","0/0","0/0","0/0","0/0","0/0","0/0","0/0","0/0","0/0","0/0","0/0","0/0","0/0","0/1","0/0","0/0","0/0","0/0","0/0","0/0","0/0","0/0","0/0","0/0","0/0","0/0","0/0","0/0","0/0","0/0","0/0","0/0","0/0","0/0","0/0","0/0","0/0","0/0","0/0","0/0","0/0","0/0","0/0","0/0","0/0","0/0","0/0","0/0","0/0","0/0","0/0","0/0","0/0","0/0","0/0","0/0","0/0","0/0","0/0","0/0","0/0","0/0","0/0","0/0","0/0","0/0","0/0","0/0","0/0","0/0","0/0","0/0","0/0","0/0","0/0","0/0","0/0","0/0","0/0","0/0","0/0","0/0","0/0","0/0","0/0","0/0","0/0","0/0","0/0","0/0","0/0","0/0","0/0","0/0","0/0","0/0","0/0","0/0","0/0","0/0","0/0","0/0","0/0","0/0","0/0","0/0","0/0","0/0","0/0","0/0","0/0","0/0","0/0"
"chr19:45567606_GCTC/G_CLASRP","0/0","0/0","0/0","0/0","0/0","0/0","0/0","0/0","0/0","0/0","0/0","0/0","0/0","0/0","0/0","0/0","0/0","0/0","0/0","0/0","0/0","0/0","0/0","0/0","0/0","0/0","0/0","0/0","0/0","0/0","0/0","0/0","0/0","0/0","0/0","0/0","0/0","0/0","0/0","0/0","0/0","0/0","0/0","0/0","0/0","0/0","0/0","0/0","0/0","0/0","0/0","0/0","0/0","0/0","0/0","0/0","0/0","0/0","0/1","0/0","0/0","0/1","0/0","0/0","0/0","0/0","0/0","0/0","0/0","0/0","0/0","0/0","0/0","0/0","0/0","0/0","0/0","0/0","0/0","0/0","0/0","0/0","0/0","0/0","0/0","0/0","0/0","0/0","0/0","0/0","0/0","0/0","0/0","0/0","0/0","0/0","0/0","0/0","0/0","0/0","0/0","0/0","0/0","0/0","0/0","0/0","0/0","0/0","0/0","0/0","0/0","0/0","0/0","0/0","0/0","0/0","0/0","0/0","0/0","0/0","0/0","0/1","0/0","0/0","0/0","0/0","0/0","0/0","0/0","0/0","0/0","0/1","0/0","0/0","0/1","0/0","0/0","0/0","0/0","0/0","0/0","0/0","0/0","0/0","0/0","0/0","0/0","0/0","0/0","0/0","0/0","0/0","0/1"
"chr19:45853919_ACT/A_KLC3","0/0","0/0","0/0","0/0","0/0","0/0","0/0","0/0","0/0","0/0","0/0","0/0","0/0","0/0","0/0","0/0","0/0","0/0","0/0","0/0","0/0","0/0","0/0","0/0","0/0","0/0","0/0","0/0","0/0","0/0","0/0","0/0","0/0","0/0","0/0","0/0","0/0","0/0","0/0","0/0","0/0","0/0","0/0","0/0","0/0","0/0","0/0","0/0","0/0","0/0","0/0","0/0","0/0","0/0","0/0","0/0","0/0","0/0","0/0","0/0","0/0","0/0","0/0","0/0","0/0","0/0","0/0","0/0","0/0","0/0","0/0","0/0","0/0","0/0","0/0","0/0","0/0","0/1","0/1","0/0","0/0","0/0","0/0","0/0","0/0","0/0","0/0","0/0","0/0","0/0","0/0","0/0","0/0","0/0","0/0","0/0","0/0","0/0","0/0","0/0","0/0","0/0","0/0","0/0","0/0","0/0","0/0","0/0","0/0","0/0","0/0","0/0","0/0","0/0","0/0","0/0","0/0","0/0","0/0","0/0","0/0","0/0","0/0","0/0","0/0","0/0","0/0","0/0","0/0","0/0","0/0","0/0","0/0","0/0","0/0","0/0","0/0","0/0","0/0","0/0","0/0","0/0","0/0","0/0","0/0","0/0","0/0","0/0","0/0","0/0","0/0","0/0","0/0"
"chr19:45853931_C/CCGTGAGTCTATCAGG_KLC3","0/0","0/0","0/0","0/0","0/0","0/0","0/0","0/0","0/0","0/0","0/0","0/0","0/0","0/0","0/0","0/0","0/0","0/0","0/0","0/0","0/0","0/0","0/0","0/0","0/0","0/0","0/0","0/0","0/0","0/1","0/0","0/0","0/0","0/0","0/0","0/0","0/0","0/0","0/0","0/0","0/0","0/0","0/0","0/0","0/0","0/0","0/0","0/0","0/0","0/0","0/0","0/0","0/0","0/0","0/0","0/0","0/0","0/0","0/0","0/0","0/0","0/0","0/0","0/0","0/0","0/0","0/0","0/0","0/0","0/0","0/0","0/0","0/0","0/0","0/0","0/0","0/0","0/0","0/0","0/0","0/0","0/0","0/0","0/0","0/0","0/0","0/0","0/0","0/0","0/0","0/0","0/0","0/0","0/0","0/0","0/0","0/0","0/0","0/0","0/0","0/0","0/0","0/0","0/0","0/0","0/0","0/0","0/0","0/0","0/0","0/0","0/0","0/0","0/0","0/0","0/0","0/0","0/0","0/0","0/0","0/0","0/0","0/0","0/0","0/0","0/0","0/0","0/0","0/0","0/0","0/0","0/0","0/0","0/0","0/0","0/0","0/0","0/0","0/0","0/0","0/0","0/0","0/0","0/0","0/0","0/0","0/0","0/0","0/0","0/0","0/0","0/0","0/0"
"chr19:45867690_T/TG_ERCC2","0/0","0/0","0/0","0/0","0/0","0/0","0/0","0/0","0/0","0/0","0/0","0/0","0/0","0/0","0/0","0/0","0/0","0/0","0/0","0/0","0/0","0/0","0/0","0/0","0/0","0/0","0/0","0/0","0/0","0/0","0/0","0/0","0/0","0/0","0/0","0/0","0/0","0/0","0/0","0/0","0/0","0/0","0/0","0/0","0/0","0/0","0/0","0/0","0/0","0/0","0/0","0/0","0/0","0/0","0/0","0/0","0/0","0/0","0/0","0/0","0/0","0/0","0/0","0/0","0/0","0/0","0/0","0/0","0/0","0/0","0/0","0/0","0/0","0/0","0/0","0/0","0/0","0/0","0/0","0/0","0/0","0/0","0/0","0/0","0/0","0/1","0/1","0/0","0/0","0/0","0/0","0/0","0/0","0/0","0/0","0/0","0/0","0/0","0/0","0/0","0/0","0/0","0/0","0/0","0/0","0/0","0/0","0/0","0/0","0/0","0/0","0/0","0/0","0/0","0/0","0/0","0/0","0/0","0/0","0/0","0/0","0/0","0/0","0/0","0/0","0/0","0/0","0/0","0/0","0/0","0/0","0/0","0/0","0/0","0/0","0/0","0/0","0/0","0/0","0/0","0/0","0/0","0/0","0/0","0/0","0/0","0/0","0/0","0/0","0/0","0/0","0/0","0/0"
"chr19:45912489_CAAG/C_CD3EAP","0/0","0/0","0/0","0/0","0/0","0/0","0/0","0/0","0/0","0/0","0/0","0/0","0/0","0/0","0/0","0/0","0/0","0/0","0/0","0/0","0/0","0/0","0/0","0/0","0/0","0/0","0/0","0/0","0/0","0/0","0/0","0/0","0/0","0/0","0/0","0/0","0/0","0/0","0/0","0/0","0/0","0/0","0/0","0/0","0/0","0/0","0/0","0/1","0/0","0/0","0/0","0/0","0/0","0/0","0/0","0/0","0/0","0/0","0/0","0/0","0/0","0/0","0/0","0/0","0/0","0/0","0/0","0/0","0/0","0/0","0/0","0/0","0/0","0/0","0/0","0/0","0/0","0/0","0/0","0/0","0/0","0/1","0/0","0/0","0/0","0/0","0/0","0/1","0/0","0/0","0/0","0/0","0/0","0/0","0/0","0/0","0/1","0/0","0/0","0/0","0/0","0/0","0/0","0/0","0/0","0/0","0/0","0/0","0/0","0/0","0/0","0/0","0/0","0/0","0/0","0/0","0/0","0/0","0/0","0/0","0/0","0/0","0/0","0/0","0/0","0/0","0/0","0/0","0/0","0/0","0/0","0/0","0/0","0/1","0/0","0/0","0/1","0/1","0/0","0/0","0/0","0/0","0/0","0/0","0/0","0/0","0/0","0/0","0/0","0/0","0/0","0/0","0/0"
"chr19:46056992_TGCGCCTGGTGGCGC/T_OPA3","0/0","0/0","0/0","0/0","0/0","0/0","0/0","0/0","0/0","0/0","0/0","0/0","0/0","0/0","0/0","0/0","0/0","0/0","0/0","0/0","0/0","0/0","0/0","0/0","0/0","0/0","0/0","0/0","0/0","0/0","0/0","0/0","0/0","0/0","0/0","0/0","0/0","0/0","0/0","0/0","0/0","0/0","0/0","0/0","0/0","0/0","0/0","0/0","0/0","0/0","0/0","0/0","0/1","0/0","0/0","0/0","0/0","0/0","0/0","0/0","0/0","0/0","0/0","0/0","0/0","0/0","0/0","0/0","0/0","0/0","0/0","0/0","0/0","0/0","0/0","0/0","0/0","0/0","0/0","0/0","0/0","0/0","0/0","0/0","0/0","0/0","0/0","0/0","0/0","0/0","0/0","0/0","0/0","0/0","0/0","0/0","0/0","0/0","0/0","0/0","0/0","0/0","0/0","0/0","0/0","0/0","0/0","0/0","0/0","0/0","0/0","0/0","0/0","0/0","0/0","0/0","0/0","0/0","0/0","0/0","0/0","0/0","0/0","0/0","0/0","0/0","0/0","0/0","0/0","0/0","0/0","0/0","0/0","0/0","0/0","0/0","0/0","0/0","0/0","0/0","0/0","0/0","0/0","0/0","0/0","0/0","0/0","0/0","0/0","0/0","0/0","0/0","0/0"
"chr19:46180296_GCA/G_GIPR","0/0","0/0","0/0","0/0","0/0","0/0","0/0","0/0","0/0","0/0","0/0","0/0","0/0","0/0","0/0","0/0","0/0","0/0","0/1","0/0","0/0","0/0","0/0","0/0","0/0","0/0","0/0","0/0","0/0","0/0","0/0","0/0","0/0","0/0","0/0","0/0","0/0","0/0","0/0","0/0","0/0","0/0","0/0","0/0","0/0","0/0","0/0","0/0","0/0","0/0","0/0","0/0","0/0","0/0","0/0","0/0","0/0","0/0","0/0","0/0","0/0","0/0","0/0","0/0","0/0","0/0","0/0","0/0","0/0","0/0","0/0","0/0","0/0","0/0","0/0","0/0","0/0","0/0","0/0","0/0","0/0","0/0","0/0","0/0","0/0","0/0","0/0","0/0","0/0","0/0","0/0","0/0","0/0","0/0","0/0","0/0","0/0","0/0","0/0","0/0","0/0","0/0","0/0","0/0","0/0","0/0","0/0","0/0","0/0","0/0","0/0","0/0","0/0","0/0","0/0","0/0","0/0","0/0","0/0","0/0","0/0","0/0","0/0","0/0","0/0","0/0","0/0","0/0","0/0","0/0","0/0","0/0","0/0","0/0","0/0","0/0","0/0","0/0","0/0","0/0","0/0","0/0","0/0","0/0","0/0","0/0","0/0","0/0","0/0","0/0","0/0","0/0","0/0"
"chr19:46265047_ATCCAGC/ATCCAGCTCCAGC_BHMG1","0/1","0/1","0/1","1/1","1/1","1/1","1/1","1/1","1/1","0/1","1/1","1/1","1/1","1/1","1/1","1/1","0/1","1/1","1/1","0/1","0/1","0/1","0/0","1/1","0/0","0/1","1/1","0/1","0/0","1/1","0/1","0/1","0/1","0/1","1/1","0/1","1/1","1/1","1/1","1/1","1/1","1/1","0/1","0/1","0/1","0/1","0/1","0/2","1/1","0/1","1/1","1/1","0/1","0/1","0/1","1/1","0/1","1/1","0/1","1/1","1/1","0/1","1/1","0/0","0/0","0/1","0/1","0/1","0/1","0/1","0/1","1/1","1/1","1/1","1/1","0/1","0/1","0/1","0/1","0/0","0/0","0/1","1/1","0/1","0/1","1/1","1/1","0/0","1/1","1/1","0/1","1/1","1/1","0/1","0/1","0/1","0/0","1/1","1/1","1/1","1/1","0/1","1/1","1/1","1/1","0/0","0/0","0/1","0/1","0/1","1/1","0/1","0/1","1/1","0/1","0/1","0/1","0/1","0/1","0/1","0/1","0/1","0/1","0/1","0/1","0/1","1/1","1/1","0/1","0/1","0/1","0/1","0/1","1/1","0/1","0/1","1/1","1/1","0/1","0/1","0/1","0/1","0/1","0/1","0/1","0/1","1/1","1/1","1/1","0/1","0/1","0/1","0/1"
"chr19:46271953_GGCC/G_SIX5","0/0","0/0","0/0","0/0","0/0","0/0","0/0","0/0","0/0","0/0","0/0","0/0","0/0","0/0","0/0","0/0","0/0","0/0","0/0","0/0","0/0","0/0","0/0","0/0","0/0","0/0","0/0","0/0","0/0","0/0","0/0","0/0","0/0","0/0","0/0","0/0","0/0","0/0","0/0","0/0","0/0","0/0","0/0","0/0","0/0","0/0","0/0","0/0","0/0","0/0","0/0","0/0","0/0","0/0","0/0","0/0","0/0","0/0","0/0","0/0","0/0","0/0","0/0","0/0","0/0","0/0","0/0","0/0","0/0","0/0","0/0","0/0","0/0","0/0","0/0","0/0","0/0","0/0","0/0","0/0","0/0","0/0","0/0","0/0","0/0","0/0","0/0","0/0","0/0","0/0","0/0","0/0","0/0","0/0","0/0","0/0","0/0","0/0","0/0","0/0","0/0","0/1","0/0","0/0","0/0","0/0","0/0","0/0","0/0","0/0","0/0","0/0","0/0","0/0","0/0","0/0","0/0","0/0","0/0","0/0","0/0","0/0","0/0","0/0","0/0","0/0","0/0","0/0","0/0","0/0","0/0","0/0","0/0","0/0","0/0","0/0","0/0","0/0","0/0","0/0","0/0","0/0","0/0","0/0","0/0","0/0","0/0","0/0","0/0","0/0","0/0","0/0","0/0"
"chr19:46299138_T/TCTCCTCGCCCTCCTCCTC_RSPH6A","0/0","0/0","0/0","1/1","0/0","0/0","1/1","1/1","1/1","0/0","0/1","1/1","0/1","1/1","0/1","0/1","0/1","0/1","1/1","0/1","0/0","0/0","0/0","0/0","0/0","0/1","0/0","0/1","0/0","0/1","0/0","1/1","0/0","0/1","0/0","0/0","0/1","0/1","1/1","0/1","0/1","0/1","0/1","0/1","0/1","0/1","0/0","0/1","0/0","0/1","0/0","0/0","0/0","0/0","0/1","1/1","0/0","0/1","0/1","0/1","0/1","0/0","1/1","0/0","0/0","0/0","0/1","0/0","0/0","0/1","0/0","0/1","0/1","1/1","1/1","0/1","0/1","0/1","0/1","0/0","0/0","0/0","0/0","0/1","0/1","0/1","0/1","0/0","0/1","0/1","0/1","1/1","1/1","0/1","0/1","0/1","0/0","0/1","1/1","1/1","1/1","0/1","1/1","0/1","0/1","0/0","0/0","0/1","0/1","0/1","1/1","0/1","0/1","0/0","0/1","0/1","0/1","0/1","0/1","0/1","0/1","0/1","0/1","0/1","0/1","0/1","0/0","0/0","0/0","0/0","0/0","0/0","0/0","0/1","0/0","0/0","0/1","0/1","0/1","0/1","0/1","0/0","0/0","0/1","0/1","0/1","0/0","0/0","0/0","0/0","0/0","0/0","0/0"
"chr19:46299146_CCCT/C_RSPH6A","0/0","0/0","0/0","0/0","0/0","0/0","0/0","0/0","0/0","0/0","0/0","0/0","0/0","0/0","0/0","0/0","0/0","0/0","0/0","0/0","0/0","0/0","0/0","0/0","0/0","0/0","0/0","0/0","0/0","0/0","0/0","0/0","0/0","0/0","0/0","0/0","0/0","0/0","0/0","0/0","0/0","0/0","0/0","0/0","0/0","0/0","0/0","0/0","0/0","0/0","0/0","0/0","0/0","0/0","0/0","0/0","0/0","0/0","0/0","0/0","0/0","0/0","0/0","0/0","0/0","0/0","0/0","0/0","0/1","0/0","0/0","0/0","0/0","0/0","0/0","0/0","0/0","0/0","0/0","0/0","0/0","0/0","0/0","0/0","0/0","0/0","0/0","0/0","0/0","0/0","0/0","0/0","0/0","0/0","0/0","0/0","0/0","0/0","0/0","0/0","0/0","0/1","0/0","0/0","0/0","0/1","0/0","0/0","0/0","0/0","0/0","0/0","0/0","0/0","0/0","0/0","0/0","0/0","0/0","0/0","0/0","0/0","0/0","0/0","0/0","0/0","0/0","0/0","0/0","0/0","0/0","0/0","0/0","0/0","0/0","0/0","0/0","0/0","0/0","0/0","0/0","0/0","0/0","0/0","0/0","0/1","0/0","0/0","0/0","0/0","0/0","0/0","0/0"
"chr19:46973546_GTTC/G_PNMAL1","0/0","0/0","0/0","0/0","0/0","0/0","0/0","0/0","0/0","0/0","0/0","0/0","0/0","0/0","0/0","0/0","0/0","0/0","0/0","0/0","0/0","0/0","0/0","0/0","0/0","0/0","0/0","0/0","0/0","0/0","0/0","0/0","0/0","0/0","0/0","0/0","0/0","0/0","0/0","0/0","0/0","0/0","0/0","0/0","0/0","0/0","0/0","0/0","0/0","0/0","0/0","0/0","0/0","0/0","0/0","0/0","0/0","0/0","0/0","0/1","0/0","0/0","0/0","0/0","0/0","0/0","0/0","0/0","0/0","0/0","0/0","0/0","0/0","0/0","0/0","0/0","0/0","0/0","0/0","0/0","0/0","0/0","0/0","0/0","0/0","0/0","0/0","0/0","0/0","0/0","0/0","0/0","0/0","0/0","0/0","0/0","0/0","0/0","0/0","0/0","0/0","0/0","0/0","0/0","0/0","0/0","0/0","0/0","0/0","0/0","0/0","0/0","0/0","0/0","0/0","0/0","0/0","0/0","0/0","0/0","0/0","0/0","0/0","0/0","0/0","0/0","0/0","0/0","0/0","0/0","0/0","0/0","0/0","0/0","0/0","0/0","0/0","0/0","0/0","0/0","0/0","0/0","0/0","0/0","0/0","0/0","0/0","0/0","0/0","0/0","0/0","0/0","0/0"
"chr19:47575761_TGGGGGA/T_ZC3H4","0/0","0/0","0/0","0/0","0/0","0/0","0/0","0/0","0/0","0/0","0/0","0/0","0/0","0/0","0/0","0/0","0/0","0/0","0/0","0/0","0/0","0/0","0/0","0/0","0/0","0/0","0/0","0/0","0/0","0/0","0/0","0/0","0/0","0/0","0/0","0/0","0/0","0/0","0/0","0/0","0/0","0/0","0/0","0/0","0/0","0/0","0/0","0/0","0/0","0/0","0/0","0/1","0/0","0/0","0/0","0/0","0/0","0/0","0/0","0/0","0/0","0/0","0/0","0/0","0/0","0/0","0/0","0/0","0/0","0/0","0/0","0/0","0/0","0/0","0/0","0/0","0/0","0/0","0/0","0/0","0/0","0/0","0/0","0/0","0/0","0/0","0/0","0/0","0/0","0/0","0/0","0/0","0/0","0/0","0/0","0/0","0/0","0/0","0/0","0/0","0/0","0/0","0/0","0/0","0/0","0/0","0/0","0/0","0/0","0/0","0/0","0/0","0/0","0/0","0/0","0/0","0/0","0/0","0/0","0/0","0/0","0/0","0/0","0/0","0/0","0/0","0/0","0/0","0/0","0/0","0/0","0/0","0/0","0/0","0/0","0/0","0/0","0/0","0/0","0/0","0/0","0/0","0/0","0/0","0/0","0/0","0/0","0/0","0/0","0/0","0/0","0/0","0/0"
"chr19:47774665_TGAG/T_CCDC9","0/0","0/0","0/0","0/0","0/0","0/0","0/1","0/1","0/1","0/0","0/0","0/0","0/0","0/0","0/0","0/1","0/0","0/0","0/1","0/0","0/0","0/0","0/0","0/0","0/1","0/0","0/0","0/0","0/0","0/0","0/0","0/0","0/1","0/0","0/0","0/0","0/0","0/1","0/0","0/0","0/1","0/0","0/0","0/0","0/0","0/0","0/0","0/1","0/0","0/0","0/0","0/0","0/0","0/0","0/0","0/0","0/0","0/0","0/0","0/0","0/0","0/0","0/1","0/0","0/0","0/0","0/0","0/1","0/1","0/0","0/0","0/0","0/0","0/1","0/1","0/0","0/0","0/0","0/0","0/0","0/0","0/0","0/0","0/0","0/0","0/0","0/0","0/1","0/0","0/0","0/1","0/1","0/1","0/0","0/0","0/1","0/1","0/0","0/0","0/0","0/0","0/0","0/0","0/0","0/0","0/1","0/1","0/0","0/0","0/0","0/0","0/0","0/0","0/0","0/0","0/1","0/1","0/1","0/0","0/1","0/0","0/0","0/1","0/1","0/0","0/0","0/0","0/0","0/0","0/0","0/0","0/1","0/0","0/0","0/0","0/0","0/0","0/0","0/0","0/0","0/0","0/1","0/1","0/0","0/0","0/0","0/0","0/0","0/0","0/0","0/0","0/0","0/0"
"chr19:47778203_CGGCGCCGAGAGCCCCGGA/C_INAFM1","0/0","0/0","0/0","0/0","0/0","0/0","0/0","0/0","0/0","0/0","0/0","0/0","0/0","0/0","0/0","0/0","0/0","0/0","0/0","0/0","0/0","0/0","0/0","0/0","0/0","0/0","0/0","0/0","0/0","0/0","0/0","0/0","0/0","0/0","0/0","0/0","0/0","0/0","0/0","0/0","0/0","0/0","0/0","0/0","0/0","0/0","0/0","0/0","0/0","0/0","0/0","0/0","0/0","0/0","0/0","0/0","0/0","0/0","0/0","0/0","0/0","0/0","0/0","0/0","0/0","0/0","0/0","0/0","0/0","0/0","0/0","0/0","0/0","0/0","0/0","0/0","0/0","0/0","0/0","0/0","0/0","0/0","0/0","0/0","0/0","0/0","0/0","0/0","0/0","0/0","0/0","0/0","0/0","0/0","0/0","0/0","0/0","0/0","0/0","0/0","0/0","0/0","0/0","0/0","0/0","0/0","0/0","0/0","0/0","0/0","0/0","0/0","0/0","0/0","0/0","0/0","0/0","0/0","0/0","0/0","0/0","0/0","0/0","0/0","0/0","0/0","0/0","0/0","0/0","0/0","0/0","0/0","0/0","0/0","0/0","0/0","0/0","0/0","0/0","0/0","0/0","0/0","0/0","0/1","0/1","0/1","0/0","0/0","0/0","0/0","0/0","0/0","0/0"
"chr19:47935680_GTCC/G_SLC8A2","0/0","0/0","0/0","0/0","0/0","0/0","0/0","0/0","0/0","0/0","0/0","0/0","0/0","0/0","0/0","0/0","0/0","0/0","0/0","0/0","0/0","0/0","0/0","0/0","0/0","0/1","0/0","0/0","0/0","0/0","0/0","0/0","0/0","0/0","0/1","0/0","0/0","0/0","0/0","0/0","0/0","0/0","0/0","0/0","0/0","0/0","0/0","0/0","0/0","0/0","0/0","0/0","0/0","0/0","0/0","0/0","0/0","0/0","0/0","0/0","0/0","0/0","0/0","0/0","0/0","0/0","0/0","0/0","0/0","0/0","0/0","0/0","0/0","0/0","0/0","0/0","0/0","0/0","0/0","0/0","0/0","0/0","0/0","0/0","0/0","0/0","0/0","0/0","0/0","0/0","0/0","0/0","0/0","0/0","0/0","0/0","0/0","0/0","0/0","0/0","0/0","0/0","0/0","0/0","0/0","0/0","0/0","0/0","0/0","0/0","0/0","0/0","0/0","0/0","0/0","0/0","0/0","0/0","0/0","0/0","0/0","0/0","0/0","0/0","0/0","0/0","0/0","0/0","0/0","0/0","0/0","0/0","0/0","0/0","0/0","0/0","0/0","0/0","0/0","0/0","0/0","0/0","0/0","0/0","0/0","0/0","0/0","0/0","0/0","0/0","0/0","0/0","0/0"
"chr19:48197859_CAA/C_GLTSCR1","0/0","0/0","0/0","0/0","0/0","0/0","0/0","0/0","0/0","0/0","0/0","0/0","0/0","0/0","0/0","0/0","0/0","0/0","0/0","0/0","0/0","0/0","0/0","0/0","0/0","0/0","0/0","0/0","0/0","0/0","0/0","0/0","0/0","0/0","0/0","0/0","0/0","0/0","0/0","0/0","0/0","0/0","0/0","0/0","0/0","0/0","0/0","0/0","0/0","0/0","0/0","0/0","0/0","0/0","0/0","0/0","0/0","0/0","0/0","0/0","0/0","0/0","0/0","0/0","0/0","0/0","0/0","0/0","0/0","0/0","0/0","0/0","0/0","0/0","0/0","0/0","0/0","0/0","0/0","0/0","0/0","0/1","0/0","0/0","0/0","0/0","0/0","0/0","0/0","0/0","0/0","0/0","0/0","0/0","0/0","0/0","0/0","0/0","0/0","0/0","0/0","0/0","0/0","0/0","0/0","0/0","0/0","0/0","0/0","0/0","0/0","0/0","0/0","0/0","0/0","0/0","0/0","0/0","0/0","0/0","0/0","0/0","0/0","0/0","0/0","0/0","0/0","0/0","0/0","0/0","0/0","0/0","0/0","0/0","0/0","0/0","0/0","0/0","0/0","0/0","0/0","0/0","0/0","0/0","0/0","0/0","0/0","0/0","0/0","0/0","0/0","0/0","0/0"
"chr19:48197897_CCACCGCCTCCT/C_GLTSCR1","0/0","0/0","0/0","0/0","0/0","0/0","0/0","0/0","0/0","0/0","0/0","0/0","0/0","0/0","0/0","0/0","0/0","0/0","0/0","0/0","0/0","0/0","0/0","0/0","0/0","0/0","0/0","0/0","0/0","0/0","0/0","0/0","0/0","0/0","0/0","0/0","0/0","0/0","0/0","0/0","0/0","0/0","0/0","0/0","0/0","0/0","0/0","0/0","0/0","0/0","0/0","0/0","0/0","0/0","0/0","0/0","0/0","0/0","0/0","0/0","0/0","0/0","0/0","0/0","0/0","0/0","0/0","0/0","0/0","0/0","0/0","0/0","0/0","0/0","0/0","0/0","0/0","0/0","0/0","0/0","0/0","0/1","0/0","0/0","0/0","0/0","0/0","0/0","0/0","0/0","0/0","0/0","0/0","0/0","0/0","0/0","0/0","0/0","0/0","0/0","0/0","0/0","0/0","0/0","0/0","0/0","0/0","0/0","0/0","0/0","0/0","0/0","0/0","0/0","0/0","0/0","0/0","0/0","0/0","0/0","0/0","0/0","0/0","0/0","0/0","0/0","0/0","0/0","0/0","0/0","0/0","0/0","0/0","0/0","0/0","0/0","0/0","0/0","0/0","0/0","0/0","0/0","0/0","0/0","0/0","0/0","0/0","0/0","0/0","0/0","0/0","0/0","0/0"
"chr19:48205309_C/CCAG_GLTSCR1","0/0","0/0","0/0","0/0","0/0","0/0","0/0","0/0","0/0","0/0","0/0","0/0","0/0","0/0","0/0","0/0","0/0","0/0","0/0","0/0","0/0","0/0","0/0","0/0","0/0","0/0","0/0","0/0","0/0","0/0","0/0","0/0","0/0","0/0","0/0","0/0","0/0","0/0","0/0","0/0","0/0","0/0","0/0","0/0","0/0","0/0","0/0","0/0","0/0","0/0","0/0","0/0","0/0","0/0","0/0","0/0","0/1","0/0","0/0","0/0","0/0","0/0","0/0","0/0","0/0","0/0","0/0","0/0","0/0","0/0","0/0","0/0","0/0","0/0","0/0","0/0","0/0","0/0","0/0","0/0","0/0","0/0","0/0","0/0","0/0","0/0","0/0","0/0","0/0","0/0","0/0","0/0","0/0","0/0","0/0","0/0","0/0","0/0","0/0","0/0","0/0","0/0","0/0","0/0","0/0","0/0","0/0","0/0","0/0","0/0","0/0","0/0","0/0","0/0","0/0","0/0","0/0","0/0","0/0","0/0","0/0","0/0","0/0","0/0","0/0","0/0","0/0","0/0","0/0","0/0","0/0","0/0","0/0","0/0","0/0","0/0","0/0","0/0","0/0","0/0","0/0","0/0","0/0","0/0","0/0","0/0","0/0","0/0","0/0","0/0","0/0","0/0","0/0"
"chr19:48556263_TTCA/T_PLA2G4C","0/0","0/0","0/0","0/0","0/0","0/0","0/0","0/0","0/0","0/0","0/0","0/0","0/0","0/0","0/0","0/0","0/0","0/0","0/0","0/0","0/0","0/0","0/0","0/0","0/0","0/0","0/1","0/0","0/0","0/0","0/0","0/0","0/0","0/0","0/0","0/0","0/0","0/0","0/0","0/0","0/0","0/0","0/0","0/0","0/0","0/0","0/0","0/0","0/0","0/0","0/0","0/0","0/0","0/0","0/0","0/0","0/0","0/0","0/0","0/0","0/0","0/0","0/0","0/0","0/0","0/0","0/0","0/0","0/0","0/0","0/0","0/0","0/0","0/0","0/0","0/0","0/0","0/0","0/0","0/0","0/0","0/0","0/0","0/0","0/0","0/0","0/0","0/0","0/0","0/0","0/0","0/0","0/0","0/0","0/0","0/0","0/0","0/0","0/0","0/0","0/0","0/0","0/0","0/0","0/0","0/0","0/0","0/0","0/0","0/0","0/0","0/0","0/0","0/0","0/0","0/0","0/0","0/0","0/0","0/0","0/0","0/0","0/0","0/0","0/0","0/0","0/0","0/0","0/0","0/0","0/0","0/0","0/0","0/0","0/0","0/0","0/0","0/0","0/0","0/0","0/0","0/0","0/0","0/0","0/0","0/0","0/0","0/0","0/0","0/0","0/0","0/0","0/0"
"chr19:48735017_C/CTT_CARD8","0/0","0/0","0/0","0/0","0/0","0/0","0/0","0/0","0/0","0/0","0/0","0/0","0/1","0/0","0/0","0/0","0/0","0/1","0/0","0/0","0/1","0/0","0/0","0/0","0/0","0/0","0/0","0/0","0/0","0/0","0/1","0/1","0/0","0/0","0/0","0/0","0/0","0/1","0/0","0/1","0/0","0/0","0/0","0/1","0/0","0/0","0/1","0/0","0/0","0/0","0/0","0/0","0/0","0/1","0/0","0/0","0/0","0/0","0/0","0/1","0/0","0/0","0/0","0/0","0/0","0/0","0/0","0/0","0/0","0/0","0/0","0/0","0/0","0/0","0/0","0/0","0/0","0/1","0/1","0/0","0/0","0/0","0/0","0/0","0/0","0/0","0/0","0/0","0/0","0/0","0/0","0/0","0/0","0/0","0/0","0/0","0/0","0/0","0/1","0/1","0/0","0/0","0/0","0/1","0/1","0/0","0/0","0/0","0/0","0/0","0/0","0/0","0/0","0/0","0/0","0/0","0/0","0/0","0/0","0/0","0/0","0/0","0/0","0/0","0/0","0/0","0/0","0/0","0/0","0/0","0/0","0/0","0/0","0/0","0/0","0/0","0/0","0/0","0/1","0/1","0/1","0/0","0/0","0/0","0/0","0/0","0/0","0/0","0/0","0/1","0/1","0/1","0/1"
"chr19:48950001_TGAA/T_GRWD1","0/0","0/0","0/0","0/1","0/0","0/0","0/0","0/0","0/0","0/0","0/0","0/0","0/0","0/0","0/0","0/0","0/0","0/0","0/0","0/0","0/0","0/0","0/0","0/0","0/0","0/0","0/0","0/0","0/0","0/0","0/0","0/0","0/0","0/0","0/1","0/0","0/0","0/0","0/1","0/0","0/0","0/0","0/0","0/0","0/0","0/0","0/0","0/0","0/1","0/1","0/0","0/0","0/0","0/0","0/0","0/0","0/0","0/0","0/0","0/0","0/0","0/0","0/0","0/0","0/0","0/0","0/0","0/0","0/0","0/0","0/0","0/0","0/0","0/0","0/0","0/0","0/0","0/0","0/0","0/0","0/0","0/0","0/0","0/0","0/0","0/0","0/0","0/0","0/0","0/0","0/0","0/1","0/1","0/0","0/0","0/0","0/0","0/0","0/0","0/0","0/0","0/0","0/0","0/0","0/0","0/0","0/0","0/0","0/0","0/0","0/1","0/0","0/0","0/0","0/0","0/0","0/0","0/0","0/0","0/0","0/0","0/0","0/0","0/0","0/0","0/0","0/0","0/0","0/0","0/0","0/0","0/0","0/0","0/0","0/0","0/0","0/0","0/0","0/0","0/1","0/0","0/0","0/0","0/0","0/0","0/0","0/0","0/0","0/0","0/0","0/0","0/0","0/0"
"chr19:49002058_CGG/CG_LMTK3",".",".",".","0/0",".","0/0","0/0","0/0","0/0","0/0","0/0","0/0",".","0/0","0/0","0/0","0/0","0/0","0/0","0/1","0/0","0/0","0/0","0/1","0/0","0/0","0/0",".","0/0","0/0",".","0/1","0/0","0/0",".","0/0","0/2","0/0","0/0","0/1","0/0","0/0","0/0","0/0","0/0","0/0","0/0","0/1","0/0","0/0",".","0/0","0/0","0/0","0/0","0/0","0/1","0/0","0/0","0/0","0/0","0/0","0/0","0/0","0/0","0/0","0/1","0/0",".","0/0","0/0","0/0","0/0","0/0","0/0","0/0","0/0","0/0","0/0","0/0","0/0","0/0","0/0","0/0","0/0",".",".","0/0","0/0","0/0","0/0","0/1","0/0","0/0","0/0",".","0/0","0/0","0/0","0/1","0/0",".","0/0","0/1","0/0","0/0",".","0/0","0/0","0/0","0/0","0/0","0/0",".","0/0","0/0","0/0",".","0/0","0/0","0/0","0/0","0/0","0/0","0/0","0/0","0/0",".","0/0",".","0/0",".","0/0","0/0","0/0","0/0","0/0","0/0","0/0","0/0","0/0","0/0","0/0","0/0","0/0","0/0","0/0","0/0","0/0","0/0","0/0",".","."
"chr19:49348832_G/GC_PLEKHA4","0/0","0/0","0/0","0/0","0/0","0/0","0/0","0/0","0/0","0/0","0/0","0/0","0/0","0/0","0/0","0/0","0/0","0/0","0/0","0/0","0/0","0/0","0/0","0/0","0/0","0/0","0/0","0/0","0/0","0/0","0/0","0/0","0/0","0/0","0/0","0/0","0/0","0/0","0/0","0/0","0/0","0/0","0/0","0/0","0/0","0/0","0/0","0/0","0/0","0/0","0/0","0/0","0/1","0/0","0/0","0/0","0/0","0/0","0/0","0/0","0/0","0/0","0/0","0/0","0/0","0/0","0/0","0/0","0/0","0/0","0/0","0/0","0/0","0/0","0/0","0/0","0/0","0/0","0/0","0/0","0/0","0/0","0/0","0/0","0/0","0/0","0/0","0/0","0/0","0/0","0/0","0/0","0/0","0/0","0/0","0/0","0/0","0/0","0/0","0/0","0/0","0/0","0/0","0/0","0/0","0/0","0/0","0/0","0/0","0/0","0/0","0/0","0/0","0/0","0/0","0/0","0/0","0/0","0/0","0/0","0/0","0/0","0/0","0/0","0/0","0/0","0/0","0/0","0/0","0/0","0/0","0/0","0/0","0/0","0/0","0/0","0/0","0/0","0/0","0/0","0/0","0/0","0/0","0/0","0/0","0/0","0/0","0/0","0/0","0/0","0/0","0/0","0/0"
"chr19:49425108_A/AAGC_NUCB1","0/0","0/0","0/0","0/0","0/0","0/0","0/0","0/0","0/0","0/0","0/0","0/0","0/0","0/0","0/0","0/0","0/0","0/0","0/0","0/0","0/0","0/0","0/0","0/0","0/0","0/0","0/0","0/0","0/0","0/0","0/0","0/1","0/0","0/0","0/0","0/0","0/0","0/0","0/0","0/0","0/0","0/0","0/0","0/0","0/0","0/0","0/0","0/0","0/0","0/0","0/0","0/0","0/0","0/0","0/0","0/0","0/0","0/0","0/0","0/0","0/0","0/0","0/0","0/0","0/0","0/0","0/0","0/0","0/0","0/0","0/0","0/0","0/0","0/0","0/0","0/0","0/0","0/0","0/0","0/0","0/0","0/0","0/0","0/0","0/0","0/0","0/0","0/0","0/0","0/0","0/0","0/0","0/0","0/0","0/0","0/0","0/0","0/0","0/0","0/0","0/0","0/0","0/0","0/0","0/0","0/0","0/0","0/0","0/0","0/0","0/0","0/0","0/0","0/0","0/0","0/0","0/0","0/0","0/0","0/0","0/0","0/0","0/0","0/0","0/0","0/0","0/0","0/0","0/0","0/0","0/0","0/0","0/0","0/0","0/0","0/0","0/0","0/0","0/0","0/0","0/0","0/0","0/0","0/0","0/0","0/0","0/0","0/0","0/0","0/0","0/0","0/0","0/0"
"chr19:49442849_T/TG_DHDH","0/1","0/1","0/1","0/1","0/1","0/1","1/1","1/1","1/1","0/1","1/1","0/1","0/1","0/1","1/1","0/1","0/0","0/1","0/1","0/0","0/1","1/1","1/1","0/1","0/1","0/1","0/1","0/0","0/1","0/0","1/1","1/1","0/1","0/1","0/0","0/1","0/1","0/0","0/0","1/1","0/1","0/1","0/1","0/0","0/1","0/1","0/0","0/1","1/1","0/1","0/1","0/1","1/1","0/1","0/1","0/0","1/1","0/0","0/1","0/1","0/0","1/1","0/0","0/0","0/0","0/0","1/1","0/1","0/1","1/1","0/0","0/1","0/1","0/1","0/1","1/1","1/1","0/1","0/1","0/1","0/1","1/1","0/1","0/1","0/1","0/1","0/1","0/1","1/1","1/1","0/1","1/1","1/1","0/1","0/1","0/1","0/1","1/1","1/1","1/1","1/1","0/1","1/1","0/1","0/1","0/1","0/1","0/1","0/1","0/1","0/1","0/1","0/1","0/1","0/1","0/1","0/1","0/1","1/1","0/1","1/1","1/1","0/1","0/1","0/1","0/1","0/1","0/1","1/1","1/1","1/1","0/0","0/1","0/1","0/1","0/1","0/1","0/1","0/0","0/0","0/0","0/0","0/0","0/1","0/1","0/1","0/0","0/0","0/0","0/1","0/1","0/1","0/1"
"chr19:49447748_GGA/G_DHDH","0/0","0/0","0/0","0/0","0/0","0/0","0/0","0/0","0/0","0/0","0/0","0/0","0/0","0/0","0/0","0/1","0/0","0/0","0/0","0/0","0/0","0/0","0/0","0/0","0/0","0/0","0/0","0/0","0/0","0/0","0/1","0/0","0/0","0/0","0/0","0/0","0/0","0/0","0/0","0/0","0/0","0/1","0/0","0/0","0/0","0/0","0/0","0/0","0/0","0/0","0/0","0/0","0/0","0/0","0/0","0/0","0/1","0/0","0/0","0/0","0/0","0/0","0/0","0/0","0/0","0/0","0/0","0/0","0/0","0/0","0/0","0/0","0/0","0/0","0/0","0/0","0/0","0/1","0/1","0/0","0/0","0/0","0/0","0/0","0/0","0/0","0/0","0/0","0/0","0/0","0/0","0/1","0/1","0/0","0/0","0/0","0/0","0/0","0/0","0/0","0/0","0/0","0/0","0/0","0/0","0/0","0/0","0/0","0/0","0/0","0/0","0/1","0/1","0/0","0/0","0/0","0/0","0/0","0/0","0/0","0/0","0/0","0/0","0/0","0/0","0/0","0/0","0/0","0/0","0/0","0/0","0/0","0/0","0/0","0/0","0/0","0/0","0/0","0/0","0/0","0/0","0/0","0/0","0/0","0/0","0/0","0/0","0/0","0/0","0/0","0/0","0/0","0/0"
"chr19:49573362_TGGA/T_KCNA7","0/0","0/0","0/0","0/0","0/0","0/0","0/0","0/0","0/0","0/0","0/0","0/0","0/0","0/0","0/0","0/0","0/0","0/0","0/0","0/0","0/0","0/0","0/0","0/0","0/0","0/0","0/0","0/1","0/1","0/0","0/0","0/0","0/0","0/0","0/0","0/0","0/0","0/0","0/0","0/1","0/0","0/0","0/0","0/0","0/0","0/0","0/0","0/0","0/0","0/0","0/0","0/0","0/0","0/0","0/0","0/0","0/0","0/1","0/1","0/0","0/0","0/0","0/0","0/0","0/0","0/0","0/0","0/0","0/0","0/0","0/0","0/0","0/0","0/0","0/0","0/0","0/0","0/1","0/1","0/0","0/0","0/1","0/0","0/0","0/0","0/0","0/0","0/0","0/0","0/0","0/0","0/1","0/1","0/0","0/0","0/0","0/0","0/0","0/0","0/0","0/1","0/0","0/1","0/0","0/0","0/0","0/0","0/0","0/0","0/0","0/0","0/1","0/1","0/0","0/0","0/0","0/0","0/0","0/0","0/0","0/0","0/0","0/0","0/0","0/0","0/0","0/0","0/0","0/0","0/0","0/0","0/0","0/0","0/0","0/0","0/0","0/0","0/0","0/0","0/0","0/0","0/0","0/0","0/1","0/1","0/1","0/0","0/0","0/0","0/0","0/0","0/0","0/0"
"chr19:49657710_ACATCAT/ACAT_HRC","0/1","0/1","0/1","0/0","0/1","0/1","0/1","0/1","0/1","0/0","0/1","0/0","0/0","0/1","0/0","0/0","0/0","1/2","0/1","0/0","0/0","0/0","1/1","0/1","0/0","0/2","0/1","1/1","0/2","0/0","0/0","0/2","0/0","0/0","0/1","0/2","1/3","0/0","0/0","0/1","0/1","0/0","0/4","0/1","0/0","0/0","0/1","0/0","0/1","0/1","0/0","0/1","0/0","1/1","0/2","0/0","0/2","0/0","0/1","0/0","0/0","0/1","0/0","0/0","0/0","0/1","0/0","0/0","0/0","0/0","0/1","0/0","0/0","0/0","0/0","0/1","0/1","0/1","0/1","0/0","0/0","1/2","0/0","0/1","0/1","0/0","0/0","0/0","0/1","0/1","0/1","0/1","0/1","0/2","0/2","0/1","0/0","0/1","0/0","0/0","1/2","0/1","1/2","0/1","0/1","1/1","1/1","0/0","0/0","0/1","0/0","0/0","0/0","0/1","0/0","0/0","0/0","0/0","0/0","0/0","0/0","0/0","0/0","0/0","0/1","0/0","0/1","0/1","1/3","1/1","1/1","0/2","0/0","0/0","0/0","0/0","0/0","0/0","0/1","0/1","0/1","0/2","0/2","0/1","0/1","0/1","0/1","0/1","0/1","0/1","0/1","0/1","0/1"
"chr19:49657889_TTCC/TTCCTCC_HRC","0/1","0/1","0/1","0/0","0/1","0/1","0/1","0/1","0/1","0/0","0/1","0/0","0/0","0/1","0/0","0/0","0/0","0/1","0/2","0/0","0/2","0/0","1/1","0/1","0/0","0/0","0/2","0/1","0/0","0/0","0/0","0/0","0/0","0/0","0/1","0/0","0/2","0/0","0/0","0/1","0/1","0/0","0/0","0/1","0/0","0/0","0/1","0/0","0/2","0/1","0/2","0/1","0/1","1/1","0/0","0/0","0/0","0/0","0/1","0/0","0/0","0/1","0/0","0/0","0/0","0/1","0/0","0/0","0/0","0/0","0/1","0/0","0/0","0/1","0/1","0/2","0/2","0/1","0/1","0/0","0/0","0/1","0/0","0/1","0/1","0/0","0/0","0/0","0/1","0/1","0/1","0/1","0/1","0/0","0/0","0/1","0/0","0/1","0/0","0/0","0/1","0/1","0/1","0/1","0/1","0/1","1/1","0/0","0/0","0/1","0/0","0/0","0/0","0/1","0/0","0/0","0/0","0/0","0/0","0/0","0/0","0/0","0/0","0/0","0/0","0/0","0/1","0/1","1/1","1/1","0/1","0/1","0/0","0/1","0/0","0/0","0/1","0/1","0/1","0/1","0/1","0/1","0/1","0/1","0/1","0/1","0/1","0/1","0/1","0/1","0/1","0/1","0/1"
"chr19:49850472_TGG/T_TEAD2","0/0","0/0","0/0","0/0","0/0","0/0","0/0","0/0","0/0","0/0","0/0","0/0","0/0","0/0","0/0","0/0","0/0","0/0","0/0","0/0","0/0","0/0","0/0","0/0","0/0","0/0","0/0","0/0","0/0","0/0","0/0","0/0","0/0","0/0","0/0","0/0","0/1","0/0","0/0","0/0","0/0","0/0","0/0","0/0","0/0","0/0","0/0","0/0","0/0","0/0","0/0","0/0","0/0","0/0","0/0","0/0","0/0","0/0","0/0","0/0","0/0","0/0","0/0","0/0","0/0","0/0","0/0","0/0","0/0","0/0","0/0","0/0","0/0","0/0","0/0","0/0","0/0","0/0","0/0","0/0","0/0","0/0","0/0","0/0","0/0","0/0","0/0","0/0","0/0","0/0","0/0","0/0","0/0","0/0","0/0","0/0","0/0","0/0","0/0","0/0","0/0","0/0","0/0","0/0","0/0","0/0","0/0","0/0","0/0","0/0","0/0","0/0","0/0","0/0","0/0","0/0","0/0","0/0","0/0","0/0","0/0","0/0","0/0","0/0","0/0","0/0","0/0","0/0","0/0","0/0","0/0","0/0","0/0","0/0","0/0","0/0","0/0","0/0","0/0","0/0","0/0","0/0","0/0","0/0","0/0","0/0","0/0","0/0","0/0","0/0","0/0","0/0","0/0"
"chr19:49926530_CCAG/C_PTH2","0/0","0/0","0/0","0/0","0/0","0/0","0/0","0/0","0/0","0/0","0/0","0/0","0/0","0/0","0/0","0/0","0/0","0/0","0/0","0/0","0/0","0/0","0/1","0/0","0/0","0/0","0/0","0/0","0/0","0/0","0/0","0/0","0/0","0/0","0/0","0/0","0/0","0/0","0/0","0/0","0/0","0/0","0/0","0/0","0/0","0/0","0/0","0/0","0/0","0/0","0/0","0/0","0/0","0/2","0/0","0/0","0/0","0/0","0/0","0/0","0/0","0/0","0/0","0/0","0/0","0/1","0/0","0/0","0/0","0/0","0/1","0/0","0/0","0/0","0/0","0/0","0/0","0/0","0/0","0/0","0/0","0/0","0/0","0/0","0/0","0/0","0/0","0/0","0/0","0/0","0/1","0/1","0/1","0/0","0/0","0/1","0/0","0/0","0/0","0/0","0/0","0/0","0/0","0/0","0/0","0/0","0/0","0/0","0/0","0/0","0/0","0/0","0/0","0/0","0/0","0/0","0/0","0/0","0/0","0/0","0/0","0/0","0/0","0/0","0/0","0/0","0/0","0/0","0/0","0/0","0/0","0/0","0/0","0/0","0/0","0/0","0/0","0/0","0/0","0/0","0/0","0/0","0/0","0/0","0/0","0/0","0/0","0/0","0/0","0/0","0/0","0/0","0/0"
"chr19:50060352_C/CTGG_NOSIP","0/0","0/0","0/0","0/0","0/0","0/0","0/0","0/0","0/0","0/0","0/0","0/0","0/0","0/0","0/0","0/0","0/0","0/1","0/0","0/0","0/0","0/0","0/0","0/0","0/0","0/0","0/0","0/0","0/0","0/0","0/0","0/0","0/0","0/0","0/0","0/0","0/0","0/0","0/0","0/0","0/0","0/0","0/0","0/0","0/0","0/0","0/0","0/0","0/0","0/0","0/0","0/0","0/0","0/0","0/0","0/0","0/0","0/0","0/0","0/0","0/0","0/0","0/0","0/0","0/0","0/0","0/0","0/0","0/0","0/0","0/0","0/0","0/0","0/0","0/0","0/0","0/0","0/0","0/0","0/0","0/0","0/0","0/0","0/0","0/0","0/0","0/0","0/0","0/0","0/0","0/0","0/0","0/0","0/0","0/0","0/0","0/0","0/0","0/0","0/0","0/0","0/0","0/0","0/0","0/0","0/0","0/0","0/0","0/0","0/0","0/0","0/0","0/0","0/0","0/0","0/0","0/0","0/0","0/0","0/0","0/0","0/0","0/0","0/0","0/0","0/0","0/0","0/0","0/0","0/0","0/0","0/0","0/0","0/0","0/0","0/0","0/0","0/0","0/0","0/0","0/0","0/0","0/0","0/0","0/0","0/0","0/0","0/0","0/0","0/0","0/0","0/0","0/0"
"chr19:50104890_ACCGCCACCG/A_PRR12","0/0","0/0","0/0","0/0","0/0","0/0","0/0","0/0","0/0","0/0","0/0","0/0","0/0","0/0","0/0","0/0","0/0","0/0","0/0","0/0","0/0","0/0","0/0","0/0","0/0","0/0","0/0","0/0","0/0","0/0","0/0","0/0","0/0","0/0","0/0","0/0","0/0","0/0","0/0","0/0","0/0","0/0","0/0","0/0","0/0","0/0","0/0","0/0","0/0","0/0","0/0","0/0","0/0","0/0","0/0","0/0","0/0","0/0","0/0","0/0","0/0","0/0","0/0","0/0","0/0","0/0","0/0","0/0","0/0","0/0","0/0","0/0","0/0","0/1","0/1","0/0","0/0","0/0","0/0","0/0","0/0","0/0","0/0","0/0","0/0","0/0","0/0","0/0","0/0","0/0","0/0","0/0","0/0","0/0","0/0","0/0","0/0","0/0","0/0","0/0","0/0","0/0","0/0","0/0","0/0","0/0","0/0","0/0","0/0","0/0","0/0","0/0","0/0","0/0","0/0","0/0","0/0","0/0","0/0","0/0","0/0","0/0","0/0","0/0","0/0","0/0","0/0","0/0","0/0","0/0","0/0","0/0","0/0","0/0","0/0","0/0","0/0","0/0","0/0","0/0","0/0","0/0","0/0","0/0","0/0","0/0","0/0","0/0","0/0","0/0","0/0","0/0","0/0"
"chr19:50155361_GCCGCTCCCGCTC/GCCGCTC_SCAF1","0/0","0/0","0/0",".","0/1",".","0/0","0/0","0/0","0/0","0/0","1/2","0/0","1/1","2/2","0/0","0/0","0/3","0/0","0/1","1/3","0/2","0/0","0/0","0/0","0/0","1/1","0/2","0/1","0/0","1/1","0/1","0/0","0/0","0/1","0/2","0/0","0/0","1/1","0/0","0/0","0/0","0/0","1/1","0/0","0/0","0/0","0/0","0/0",".","0/0","0/0","0/0","1/1","0/1","1/1","0/0","0/0","0/1","0/0","0/0","0/1","1/1","0/0","0/1",".","0/1","0/1","0/0","0/1","0/0","0/1","0/1","0/1","0/1","1/3","1/3","0/1","0/0","1/1","1/1","0/0",".","0/1","0/1","0/0","0/0","0/0","1/1","1/1","0/0","0/0","0/1","0/0","0/0","0/0","0/1","2/2","0/0","0/0","0/0","0/0","0/1","0/1","0/0","0/3","0/0",".",".","1/1",".","0/0","0/0","0/1","0/1","1/1","0/0",".","1/1","1/1","1/1","1/1","0/0","1/1","0/1","0/0","0/0","0/0","0/0","0/0","0/0","0/0","0/0","0/0","0/1","0/0","0/0","0/1","0/0","0/0","0/0","0/0","0/0","0/3","0/0","0/0","0/0","0/0","0/0","2/3",".",".","2/2"
"chr19:50155566_CAAG/C_SCAF1","0/0","0/0","0/0","0/0","0/0","0/0","0/0","0/0","0/0","0/0","0/0","0/0","0/0","0/0","0/0","0/0","0/0","0/0","0/0","0/0","0/0","0/0","0/0","0/0","0/0","0/0","0/0","0/0","0/0","0/0","0/0","0/0","0/0","0/0","0/0","0/0","0/0","0/0","0/0","0/0","0/0","0/0","0/0","0/0","0/0","0/0","0/0","0/0","0/0","0/0","0/0","0/0","0/0","0/0","0/0","0/0","0/0","0/0","0/0","0/0","0/0","0/0","0/0","0/0","0/0","0/0","0/0","0/0","0/0","0/0","0/0","0/0","0/0","0/0","0/0","0/0","0/0","0/0","0/0","0/0","0/0","0/0","0/0","0/0","0/0","0/0","0/0","0/0","0/0","0/0","0/0","0/0","0/0","0/0","0/0","0/0","0/0","0/0","0/0","0/0","0/0","0/0","0/0","0/0","0/0","0/0","0/0","0/0","0/0","0/0","0/0","0/0","0/0","0/0","0/0","0/0","0/0","0/1","0/0","0/0","0/0","0/0","0/0","0/0","0/0","0/0","0/0","0/0","0/0","0/0","0/0","0/0","0/0","0/0","0/0","0/0","0/0","0/0","0/0","0/0","0/0","0/0","0/0","0/0","0/0","0/0","0/0","0/0","0/0","0/0","0/0","0/0","0/0"
"chr19:50155915_GCCT/G_SCAF1","0/0","0/0","0/0","0/0","0/0","0/0","0/0","0/0","0/0","0/0","0/0","0/0","0/0","0/0","0/0","0/0","0/0","0/0","0/0","0/0","0/0","0/0","0/0","0/0","0/0","0/0","0/0","0/0","0/0","0/0","0/0","0/0","0/0","0/0","0/0","0/0","0/0","0/0","0/0","0/0","0/0","0/0","0/0","0/0","0/0","0/0","0/0","0/0","0/0","0/0","0/0","0/0","0/0","0/0","0/0","0/0","0/0","0/0","0/0","0/0","0/0","0/0","0/0","0/0","0/0","0/0","0/0","0/0","0/0","0/0","0/0","0/0","0/0","0/0","0/0","0/0","0/0","0/0","0/0","0/0","0/0","0/1","0/0","0/0","0/0","0/0","0/0","0/0","0/0","0/0","0/0","0/0","0/0","0/0","0/0","0/0","0/0","0/0","0/0","0/0","0/0","0/0","0/0","0/0","0/0","0/0","0/0","0/0","0/0","0/0","0/0","0/0","0/0","0/0","0/0","0/0","0/0","0/0","0/0","0/0","0/0","0/0","0/0","0/0","0/0","0/0","0/0","0/0","0/0","0/0","0/0","0/0","0/0","0/0","0/0","0/0","0/0","0/0","0/0","0/0","0/0","0/0","0/0","0/0","0/0","0/0","0/0","0/0","0/0","0/0","0/0","0/0","0/0"
"chr19:50156708_CGGA/C_SCAF1","0/0","0/0","0/0","0/0","0/0","0/0","0/0","0/0","0/0","0/0","0/0","0/0","0/0","0/0","0/0","0/0","0/0","0/0","0/0","0/0","0/0","0/0","0/0","0/0","0/0","0/0","0/0","0/0","0/0","0/0","0/0","0/0","0/0","0/0","0/0","0/0","0/0","0/0","0/0","0/0","0/0","0/0","0/0","0/0","0/0","0/0","0/0","0/0","0/0","0/0","0/0","0/0","0/0","0/0","0/0","0/0","0/0","0/0","0/0","0/0","0/0","0/0","0/0","0/0","0/0","0/0","0/0","0/0","0/0","0/0","0/0","0/0","0/0","0/0","0/0","0/0","0/0","0/0","0/0","0/0","0/0","0/0","0/0","0/0","0/0","0/0","0/0","0/0","0/0","0/0","0/0","0/0","0/0","0/0","0/0","0/0","0/0","0/0","0/0","0/0","0/0","0/0","0/0","0/0","0/0","0/0","0/0","0/0","0/0","0/0","0/0","0/0","0/0","0/0","0/0","0/0","0/0","0/0","0/0","0/0","0/0","0/0","0/0","0/1","0/0","0/0","0/0","0/0","0/0","0/0","0/0","0/0","0/0","0/0","0/0","0/0","0/0","0/0","0/0","0/0","0/0","0/0","0/0","0/0","0/0","0/0","0/0","0/0","0/0","0/0","0/0","0/0","0/0"
"chr19:50249932_TCTGCTTCTCCTCCGGCTC/T_TSKS","0/0","0/0","0/0","0/1","0/0","0/0","0/0","0/0","0/0","0/0","0/1","0/1","0/1","0/0","0/0","0/0","0/0","0/0","0/0","0/0","0/1","0/0","0/0","0/0","0/0","0/0","0/0","0/0","0/0","0/0","0/1","0/0","0/1","0/1","0/0","0/0","0/1","0/0","0/0","0/1","0/0","0/0","0/0","0/0","0/1","0/1","0/1","0/0","0/0","0/0","0/1","0/0","0/0","0/0","0/0","0/0","0/0","0/1","0/0","0/0","0/0","0/0","0/0","0/1","0/1","0/0","0/0","0/1","0/1","0/0","0/0","0/0","0/0","0/0","0/0","0/0","0/0","0/0","0/0","0/1","0/1","0/1","0/1","0/1","0/1","0/0","0/0","0/0","0/0","0/0","0/0","0/1","0/1","0/1","0/1","0/0","0/0","0/0","0/0","0/0","0/0","0/1","0/0","0/0","0/0","0/0","0/0","0/1","0/1","0/1","0/1","0/0","0/0","1/1","0/0","0/0","0/0","0/0","0/1","0/0","0/1","0/1","0/0","0/0","0/0","0/0","1/1","1/1","0/0","0/0","0/0","0/1","0/0","0/0","0/0","0/0","0/0","0/0","0/0","0/0","0/0","0/1","0/1","0/1","0/1","0/1","0/0","0/0","0/0","0/1","0/1","0/1","0/1"
"chr19:50881820_A/AAAC_NR1H2","1/1","1/1","1/1","1/1","1/1","1/1","1/1","1/1","1/1","1/1","1/1","0/1","1/1","1/1","1/1","0/1","1/1","0/1","1/1","0/1","0/1","0/1","0/1","0/1","0/1","0/1","1/1","0/1","1/1","0/1","1/1","0/1","1/1","1/1","1/1","1/1","1/1","1/1","1/1","1/1","0/1","1/1","1/1","0/1","1/1","0/0","1/1","1/1","1/1","1/1","1/1","1/1","1/1","1/1","0/1","1/1","1/1","1/1","1/1","1/1","1/1","0/1","1/1","1/1","1/1","0/0","1/1","1/1","1/1","1/1","0/0","1/1","1/1","0/1","0/1","1/1","1/1","1/1","1/1","1/1","1/1","1/1","1/1","0/0","0/0","0/1","0/1","0/1","1/1","1/1","1/1","1/1","1/1","1/1","1/1","1/1","0/1","1/1","1/1","1/1","0/1","1/1","0/1","1/1","1/1","1/1","1/1","0/0","0/0","1/1","1/1","0/1","0/1","1/1","1/1","1/1","1/1","1/1","0/1","1/1","0/1","0/1","1/1","1/1","1/1","1/1","1/1","1/1","0/1","0/1","0/1","0/1","0/1","1/1","0/1","0/1","1/1","1/1","1/1","0/1","1/1","0/1","0/1","1/1","1/1","1/1","1/1","1/1","1/1","1/1","1/1","1/1","1/1"
"chr19:50983953_T/TG_EMC10","0/0","0/0","0/0","0/0","0/0","0/0","0/0","0/0","0/0","0/0","0/0","0/0","0/0","0/0","0/0","0/0","0/0","0/0","0/0","0/0","0/0","0/0","0/0","0/0","0/0","0/0","0/0","0/0","0/0","0/0","0/0","0/0","0/0","0/0","0/0","0/0","0/0","0/0","0/1","0/0","0/0","0/0","0/0","0/0","0/0","0/0","0/0","0/0","0/0","0/0","0/0","0/0","0/0","0/0","0/0","0/0","0/0","0/0","0/0","0/0","0/0","0/0","0/0","0/0","0/0","0/0","0/0","0/0","0/0","0/0","0/0","0/0","0/0","0/0","0/0","0/0","0/0","0/0","0/0","0/0","0/0","0/0","0/0","0/0","0/0","0/0","0/0","0/0","0/0","0/0","0/0","0/0","0/0","0/0","0/0","0/0","0/0","0/0","0/0","0/0","0/0","0/0","0/0","0/0","0/0","0/0","0/0","0/0","0/0","0/0","0/0","0/0","0/0","0/0","0/0","0/0","0/0","0/0","0/0","0/0","0/0","0/0","0/0","0/0","0/0","0/0","0/0","0/0","0/0","0/0","0/0","0/0","0/0","0/0","0/0","0/0","0/0","0/0","0/0","0/0","0/0","0/0","0/0","0/0","0/0","0/0","0/0","0/0","0/0","0/0","0/0","0/0","0/0"
"chr19:51293713_CCTG/C_ACPT","0/0","0/0","0/0","0/0","0/0","0/0","0/0","0/0","0/0","0/0","0/0","0/0","0/0","0/0","0/0","0/0","0/0","0/0","0/0","0/0","0/0","0/0","0/0","0/0","0/0","0/0","0/0","0/0","0/0","0/0","0/0","0/0","0/0","0/0","0/0","0/0","0/0","0/0","0/0","0/0","0/0","0/0","0/0","0/0","0/0","0/0","0/0","0/0","0/0","0/0","0/0","0/0","0/0","0/0","0/0","0/0","0/0","0/0","0/0","0/0","0/0","0/0","0/0","0/0","0/0","0/0","0/0","0/0","0/0","0/1","0/0","0/0","0/0","0/0","0/0","0/0","0/0","0/0","0/0","0/0","0/0","0/0","0/0","0/0","0/0","0/0","0/0","0/0","0/0","0/0","0/0","0/0","0/0","0/0","0/0","0/0","0/0","0/1","0/0","0/0","0/0","0/0","0/0","0/0","0/0","0/0","0/0","0/0","0/0","0/0","0/0","0/0","0/0","0/0","0/0","0/0","0/0","0/0","0/0","0/0","0/0","0/0","0/0","0/0","0/1","0/0","0/0","0/0","0/0","0/0","0/0","0/0","0/0","0/0","0/0","0/0","0/0","0/0","0/0","0/0","0/0","0/0","0/0","0/0","0/0","0/0","0/0","0/0","0/0","0/0","0/0","0/0","0/0"
"chr19:51537286_AC/A_KLK12","0/0","0/0","0/0","0/0","0/0","0/0","0/0","0/0","0/0","0/0","0/0","0/0","0/0","0/0","0/0","0/0","0/0","0/0","0/0","0/0","0/0","0/0","0/0","0/0","0/0","0/0","0/0","0/0","0/0","0/0","0/0","0/0","0/0","0/0","0/0","0/0","0/1","0/0","0/0","0/0","0/0","0/0","0/0","0/0","0/0","0/0","0/0","0/0","0/0","0/0","0/0","0/0","0/0","0/0","0/0","0/0","0/0","0/0","0/0","0/0","0/0","0/0","0/0","0/0","0/0","0/0","0/0","0/0","0/0","0/0","0/0","0/0","0/0","0/0","0/0","0/0","0/0","0/0","0/0","0/0","0/0","0/0","0/0","0/0","0/0","0/0","0/0","0/0","0/0","0/0","0/0","0/0","0/0","0/0","0/0","0/0","0/0","0/0","0/0","0/0","0/0","0/0","0/0","0/0","0/0","0/0","0/0","0/0","0/0","0/0","0/0","0/0","0/0","0/0","0/0","0/0","0/0","0/0","0/0","0/0","0/0","0/0","0/0","0/0","0/0","0/0","0/0","0/0","0/0","0/0","0/0","0/0","0/0","0/0","0/0","0/0","0/0","0/0","0/0","0/0","0/0","0/0","0/0","0/0","0/0","0/0","0/0","0/0","0/0","0/0","0/0","0/0","0/0"
"chr19:51729577_ACCCAACAACTGGTATCTTT/A_CD33","0/0","0/0","0/0","0/1","0/0","0/0","0/0","0/0","0/0","0/0","0/0","0/0","0/0","0/0","0/0","0/0","0/0","0/0","0/0","0/0","0/0","0/0","0/0","0/0","0/0","0/0","0/1","0/0","0/0","0/0","0/1","0/0","0/0","0/0","0/0","0/0","0/0","0/0","0/0","0/1","0/0","0/0","0/0","0/0","0/0","0/1","0/0","0/0","0/0","0/0","0/0","0/0","0/0","0/0","0/0","0/0","0/0","0/0","0/0","0/0","0/1","0/0","0/0","0/0","0/0","0/0","0/0","0/0","0/0","0/0","0/0","0/0","0/0","0/0","0/0","0/0","0/0","0/0","0/0","0/0","0/0","0/0","0/0","0/0","0/0","0/0","0/0","0/0","0/0","0/0","0/0","0/0","0/0","0/0","0/0","0/0","0/0","0/0","0/0","0/0","0/0","0/0","0/0","0/0","0/0","0/0","0/0","0/0","0/0","0/0","0/1","0/0","0/0","0/0","0/0","0/0","0/0","0/0","0/0","0/0","0/0","0/0","0/0","0/0","0/0","0/0","0/0","0/0","0/0","0/0","0/0","0/0","0/0","0/0","0/0","0/0","0/0","0/0","0/0","0/1","0/0","0/0","0/0","0/0","0/0","0/0","0/1","0/1","0/1","0/0","0/0","0/0","0/0"
"chr19:51835892_T/TG_VSIG10L","1/1","1/1","1/1","1/1","1/1","1/1","1/1","1/1","1/1","1/1","1/1","1/1","1/1","1/1","1/1","1/1","1/1","1/1","1/1","1/1","1/1","1/1","1/1","1/1","1/1","1/1","1/1","1/1","1/1","1/1","1/1","1/1","1/1","1/1","1/1","1/1","1/1","1/1","1/1","1/1","1/1","1/1","1/1","1/1","1/1","1/1","1/1","1/1","1/1","1/1","1/1","1/1","1/1","1/1","1/1","1/1","1/1","1/1","1/1","1/1","1/1","1/1","1/1","1/1","1/1","1/1","1/1","1/1","1/1","1/1","1/1","1/1","1/1","1/1","1/1","1/1","1/1","1/1","1/1","1/1","1/1","1/1","1/1","1/1","1/1","1/1","1/1","1/1","1/1","1/1","1/1","1/1","1/1","1/1","1/1","1/1","1/1","1/1","1/1","1/1","1/1","1/1","1/1","1/1","1/1","1/1","1/1","1/1","1/1","1/1","1/1","1/1","1/1","1/1","1/1","1/1","1/1","1/1","1/1","1/1","1/1","1/1","1/1","1/1","1/1","1/1","1/1","1/1","1/1","1/1","1/1","1/1","1/1","1/1","1/1","1/1","1/1","1/1","1/1","1/1","1/1","1/1","1/1","1/1","1/1","1/1","1/1","1/1","1/1","1/1","1/1","1/1","1/1"
"chr19:51994905_A/ATGT_SIGLEC12","0/0","0/0","0/0","0/0","0/0","0/0","0/0","0/0","0/0","0/0","0/0","0/0","0/0","0/0","0/0","0/0","0/0","0/0","0/0","0/1","0/0","0/0","0/0","0/0","0/0","0/0","0/0","0/0","0/0","0/0","0/0","0/0","0/0","0/0","0/0","0/0","0/0","0/0","0/0","0/0","0/0","0/0","0/0","0/0","0/0","0/0","0/0","0/0","0/0","0/0","0/0","0/0","0/0","0/0","0/0","0/0","0/0","0/0","0/0","0/0","0/0","0/0","0/0","0/0","0/0","0/0","0/0","0/0","0/0","0/0","0/0","0/0","0/0","0/0","0/0","0/0","0/0","0/0","0/0","0/0","0/0","0/0","0/0","0/0","0/0","0/0","0/0","0/0","0/0","0/0","0/0","0/0","0/0","0/0","0/0","0/0","0/0","0/0","0/0","0/0","0/0","0/0","0/0","0/0","0/0","0/0","0/0","0/0","0/0","0/0","0/0","0/0","0/0","0/0","0/0","0/0","0/0","0/0","0/0","0/0","0/0","0/0","0/0","0/0","0/0","0/0","0/0","0/0","0/0","0/0","0/0","0/0","0/0","0/0","0/0","0/0","0/0","0/0","0/0","0/0","0/0","0/0","0/0","0/0","0/0","0/0","0/0","0/0","0/0","0/0","0/0","0/0","0/0"
"chr19:52004791_G/GC_SIGLEC12","0/0","0/0","0/0","0/1","0/0","0/0","0/0","0/0","0/0","0/0","0/0","0/1","0/1","0/0","0/1","0/1","0/1","0/1","0/0","0/1","0/1","0/0","0/1","0/0","1/1","0/1","1/1","0/1","0/1","1/1","0/1","0/1","0/0","0/1","0/0","0/1","1/1","0/1","0/1","0/1","0/1","0/1","0/0","0/0","0/0","0/1","0/1","0/0","0/1","0/1","0/0","1/1","1/1","0/1","1/1","0/0","0/0","1/1","0/0","0/0","0/1","0/0","0/0","0/0","0/0","0/0","0/1","0/1","0/1","0/1","0/0","1/1","1/1","0/0","0/0","0/0","0/0","0/0","0/0","0/1","0/1","0/0","0/0","1/1","1/1","0/0","0/0","1/1","0/1","0/1","0/0","0/1","0/1","1/1","1/1","0/0","1/1","0/1","0/1","0/1","0/0","0/0","0/0","0/0","0/0","0/0","0/0","0/0","0/0","0/0","0/1","0/0","0/0","0/1","0/0","0/0","0/0","0/1","0/1","0/1","0/1","0/1","0/0","0/1","0/0","0/0","0/1","0/1","0/0","0/0","0/0","0/1","0/0","0/0","0/0","0/0","0/0","0/0","0/0","0/0","0/0","0/1","0/1","0/1","0/1","0/1","0/1","0/1","0/1","0/1","0/1","0/1","0/1"
"chr19:52084690_A/AG_ZNF175","0/0","0/0","0/0","0/0","0/1","0/1","0/0","0/0","0/0","0/0","0/0","0/0","0/0","0/0","0/0","0/0","0/0","0/0","0/0","0/0","0/0","0/0","0/0","0/0","0/0","0/0","0/0","0/0","0/0","0/0","0/0","0/0","0/0","0/0","0/0","0/0","0/0","0/0","0/0","0/0","0/1","0/0","0/0","0/0","0/0","0/0","0/0","0/0","0/0","0/0","0/0","0/0","0/0","0/0","0/0","0/0","0/0","0/0","0/1","0/0","0/0","0/0","0/0","0/0","0/0","0/0","0/0","0/0","0/0","0/0","0/0","0/0","0/0","0/0","0/0","0/1","0/1","0/0","0/0","0/0","0/0","0/1","0/0","0/0","0/0","0/0","0/0","0/0","0/0","0/0","0/0","0/0","0/0","0/0","0/0","0/0","0/0","0/0","0/0","0/0","0/0","0/0","0/0","0/0","0/0","0/0","0/0","0/0","0/0","0/0","0/0","0/1","0/1","0/0","0/0","0/0","0/0","0/1","0/0","0/1","0/0","0/0","0/0","0/1","0/0","0/0","0/0","0/0","0/0","0/0","0/0","0/0","0/0","0/0","0/0","0/0","0/0","0/0","0/0","0/0","0/0","0/0","0/0","0/0","0/0","0/0","0/0","0/0","0/0","0/0","0/0","0/0","0/0"
"chr19:52803669_CTG/C_ZNF480","1/1","1/1","1/1","0/1","1/1","1/1","1/1","1/1","1/1","1/1","0/1","0/1","0/1","0/0","0/1","0/1","0/1","0/0","0/1","0/1","0/1","1/1","0/1","0/1","1/1","1/1","1/1","0/1","0/0","0/0","1/1","0/0","1/1","1/1","0/1","0/1","0/1","0/1","1/1","1/1","1/1","0/0","1/1","0/1","0/1","1/1","0/1","0/0","0/1","1/1","1/1","0/1","0/1","0/1","1/1","0/1","1/1","1/1","0/1","0/1","1/1","1/1","0/0","0/0","0/0","0/0","0/1","1/1","1/1","0/1","0/0","1/1","1/1","1/1","1/1","1/1","1/1","0/1","0/1","1/1","1/1","0/0","1/1","0/1","0/1","1/1","1/1","0/1","0/1","0/1","1/1","1/1","1/1","0/1","0/1","1/1","0/1","0/0","0/1","0/1","1/1","0/0","1/1","1/1","1/1","0/1","0/1","1/1","1/1","0/0","0/1","1/1","1/1","1/1","0/1","1/1","1/1","1/1","1/1","1/1","1/1","1/1","1/1","1/1","0/1","0/1","1/1","1/1","0/1","0/1","0/1","1/1","1/1","0/0","1/1","1/1","0/0","0/0","1/1","1/1","1/1","1/1","1/1","0/1","0/1","0/1","0/1","0/1","0/1","0/1","0/1","0/1","0/1"
"chr19:52887145_TA/T_ZNF880","0/0","0/0","0/0","0/1","0/0","0/0","0/0","0/0","0/0","0/0","0/1","0/0","0/0","0/0","0/1","0/1","0/0","0/1","0/0","1/1","0/0","0/1","0/1","0/0","0/0","0/0","0/1","1/1","0/0","0/1","0/0","0/1","0/0","0/0","1/1","0/0","0/0","0/1","0/0","0/0","0/1","0/0","1/1","0/1","0/0","0/0","0/0","0/0","0/0","0/0","0/0","0/1","0/0","0/0","0/1","0/1","0/0","0/1","0/0","0/0","0/1","0/1","0/0","0/1","0/1","0/0","0/1","0/1","0/1","0/1","0/0","0/1","0/1","0/1","0/1","0/0","0/0","0/1","0/1","0/0","0/0","0/1","0/0","0/0","0/0","0/0","0/0","0/0","0/0","0/0","0/0","0/1","0/1","0/0","0/0","0/0","0/0","0/0","0/0","0/0","0/0","0/0","0/0","0/0","0/0","0/1","0/1","1/1","1/1","0/0","0/1","0/0","0/0","0/1","0/0","0/0","0/0","0/1","0/0","0/1","0/0","0/0","0/0","0/1","0/0","0/0","0/1","0/1","0/1","0/1","0/1","0/0","0/1","0/1","0/1","0/1","0/1","0/1","0/0","0/0","0/0","0/0","0/0","0/0","0/0","0/0","0/0","0/0","0/0","0/0","0/0","0/0","0/0"
"chr19:52887246_T/TCAA_ZNF880","0/1","0/1","0/1","0/1","0/0","0/0","0/0","0/0","0/0","0/0","0/1","0/0","0/0","0/0","0/1","0/1","0/0","0/1","0/0","1/1","0/0","0/1","0/1","0/1","0/1","0/1","0/1","1/1","0/0","0/1","0/0","0/1","0/0","0/0","1/1","0/0","0/0","0/1","0/0","0/0","1/1","0/0","1/1","0/1","0/0","0/0","0/0","0/0","0/1","0/0","0/0","0/1","0/1","0/0","0/1","0/1","0/0","0/1","0/0","0/0","0/1","0/1","0/1","0/1","0/1","0/0","0/1","0/1","0/1","0/1","0/0","0/1","0/1","0/1","0/1","0/0","0/0","0/1","0/1","0/0","0/0","0/1","0/0","0/0","0/0","0/0","0/0","0/1","0/0","0/0","0/0","0/1","0/1","0/1","0/1","0/0","0/1","0/1","0/1","0/1","0/0","0/0","0/0","0/0","0/0","0/1","0/1","1/1","1/1","0/0","0/1","0/0","0/0","0/1","0/0","0/0","0/0","0/1","0/0","0/1","0/0","0/0","0/0","0/1","0/0","0/0","0/1","0/1","0/1","0/1","0/1","0/0","0/1","0/1","0/1","0/1","0/1","0/1","0/0","0/0","0/0","0/0","0/0","0/1","0/1","0/1","0/0","0/0","0/0","0/0","0/0","0/0","0/0"
"chr19:52887600_CACG/C_ZNF880","0/1","0/1","0/1","0/0","0/0","0/0","0/0","0/0","0/0","0/0","0/0","0/0","0/0","0/0","0/0","0/0","0/0","0/0","0/0","0/0","0/0","0/0","0/0","0/1","0/1","0/1","0/0","0/0","0/0","0/0","0/0","0/0","0/0","0/0","0/0","0/0","0/0","0/0","0/0","0/0","0/1","0/0","0/0","0/0","0/0","0/0","0/0","0/0","0/1","0/0","0/0","0/0","0/1","0/0","0/0","0/0","0/0","0/0","0/0","0/0","0/0","0/0","0/1","0/0","0/0","0/0","0/0","0/0","0/0","0/0","0/0","0/0","0/0","0/0","0/0","0/0","0/0","0/0","0/0","0/0","0/0","0/0","0/0","0/0","0/0","0/0","0/0","0/1","0/0","0/0","0/0","0/0","0/0","0/1","0/1","0/0","0/1","0/1","0/1","0/1","0/0","0/0","0/0","0/0","0/0","0/0","0/0","0/0","0/0","0/0","0/0","0/0","0/0","0/0","0/0","0/0","0/0","0/0","0/0","0/0","0/0","0/0","0/0","0/0","0/0","0/0","0/0","0/0","0/0","0/0","0/0","0/0","0/0","0/0","0/0","0/0","0/0","0/0","0/0","0/0","0/0","0/0","0/0","0/1","0/1","0/1","0/0","0/0","0/0","0/0","0/0","0/0","0/0"
"chr19:53304468_CAT/C_ZNF28","0/0","0/0","0/0","0/0","0/0","0/0","0/0","0/0","0/0","0/0","0/0","0/0","0/0","0/0","0/0","0/0","0/0","0/0","0/0","0/0","0/0","0/0","0/0","0/0","0/0","0/0","0/0","0/0","0/0","0/0","0/0","0/0","0/0","0/0","0/0","0/0","0/0","0/0","0/0","0/0","0/0","0/0","0/0","0/0","0/0","0/0","0/1","0/0","0/0","0/0","0/0","0/0","0/0","0/0","0/0","0/0","0/0","0/1","0/0","0/0","0/0","0/0","0/0","0/0","0/0","0/0","0/0","0/0","0/0","0/0","0/0","0/0","0/0","0/0","0/0","0/1","0/1","0/0","0/0","0/0","0/0","0/0","0/0","0/0","0/0","0/0","0/0","0/0","0/0","0/0","0/1","0/0","0/0","0/0","0/0","0/1","0/0","0/0","0/0","0/0","0/0","0/0","0/0","0/0","0/0","0/0","0/0","0/0","0/0","0/0","0/0","0/0","0/0","0/0","0/1","0/0","0/0","0/0","0/0","0/0","0/0","0/0","0/0","0/0","0/1","0/1","0/0","0/0","0/0","0/0","0/0","0/0","0/0","0/0","0/0","0/0","0/0","0/0","0/0","0/0","0/0","0/0","0/0","0/0","0/0","0/0","0/0","0/0","0/0","0/1","0/1","0/1","0/1"
"chr19:53454475_C/CACT_ZNF816","1/1","1/1","1/1","1/1","0/0","0/0","0/1","0/1","0/1","0/1","0/0","0/0","0/1","0/1","0/0","0/0","0/0","0/0","0/1","0/0","0/1","0/1","0/1","0/0","0/0","0/0","0/1","0/1","1/1","0/1","0/1","0/0","0/0","1/1","0/1","0/0","0/0","0/0","0/1","0/1","0/1","0/1","0/1","0/1","0/0","0/1","0/1","0/1","0/1","0/1","1/1","0/1","0/0","1/1","0/0","1/1","0/0","0/1","0/0","1/1","0/1","0/1","0/1","0/0","0/0","1/1","0/1","0/0","0/0","0/1","1/1","0/0","0/0","0/1","0/1","0/1","0/1","0/0","0/0","0/1","0/1","0/1","1/1","0/1","0/1","0/0","0/0","0/1","0/0","0/0","0/1","0/1","0/1","0/1","0/1","0/1","0/1","0/0","0/1","0/1","0/1","0/1","0/1","0/1","0/1","0/1","0/1","0/0","0/0","0/1","1/1","0/0","0/0","0/1","0/1","0/0","0/0","0/0","0/1","0/0","0/1","0/1","0/0","0/0","0/1","0/1","0/1","0/1","0/0","0/0","0/0","0/1","0/0","0/0","0/0","0/0","0/0","0/0","0/0","0/1","0/0","0/1","0/1","0/1","0/1","0/1","0/1","0/1","0/1","0/1","0/1","0/1","0/1"
"chr19:54578120_TG/T_TARM1","0/0","0/0","0/0","0/0","0/0","0/0","0/0","0/0","0/0","0/0","0/0","0/0","0/0","0/0","0/0","0/0","0/0","0/0","0/0","0/0","0/0","0/0","0/0","0/0","0/0","0/0","0/0","0/0","0/0","0/0","0/0","0/0","0/0","0/0","0/0","0/0","0/1","0/0","0/0","0/0","0/0","0/0","0/0","0/0","0/0","0/0","0/0","0/0","0/0","0/0","0/0","0/0","0/0","0/0","0/0","0/0","0/0","0/0","0/0","0/0","0/0","0/0","0/0","0/0","0/0","0/0","0/0","0/0","0/0","0/0","0/0","0/0","0/0","0/0","0/0","0/0","0/0","0/0","0/0","0/0","0/0","0/0","0/0","0/0","0/0","0/0","0/0","0/0","0/0","0/0","0/0","0/0","0/0","0/0","0/0","0/0","0/0","0/0","0/0","0/0","0/0","0/0","0/0","0/0","0/0","0/0","0/0","0/0","0/0","0/0","0/0","0/0","0/0","0/0","0/0","0/0","0/0","0/0","0/0","0/0","0/0","0/0","0/0","0/0","0/0","0/0","0/0","0/0","0/0","0/0","0/0","0/0","0/0","0/0","0/0","0/0","0/0","0/0","0/0","0/0","0/0","0/0","0/0","0/0","0/0","0/0","0/0","0/0","0/0","0/0","0/0","0/0","0/0"
"chr19:54675746_A/ATCC_TMC4","0/0","0/0","0/0","0/0","0/0","0/0","0/0","0/0","0/0","0/0","0/0","0/0","0/0","0/0","0/0","0/0","0/0","0/0","0/0","0/0","0/0","0/0","0/0","0/0","0/0","0/0","0/0","0/0","0/0","0/0","0/0","0/0","0/0","0/0","0/0","0/0","0/0","0/0","0/0","0/0","0/0","0/0","0/0","0/0","0/0","0/0","0/0","0/0","0/0","0/0","0/0","0/0","0/0","0/0","0/0","0/0","0/0","0/1","0/0","0/0","0/0","0/0","0/0","0/0","0/0","0/0","0/0","0/0","0/0","0/0","0/0","0/0","0/0","0/1","0/1","0/0","0/0","0/0","0/0","0/0","0/0","0/0","0/0","0/0","0/0","0/0","0/0","0/0","0/0","0/0","0/0","0/0","0/0","0/0","0/0","0/0","0/0","0/0","0/0","0/0","0/0","0/0","0/0","0/0","0/0","0/0","0/0","0/0","0/0","0/0","0/0","0/0","0/0","0/0","0/0","0/0","0/0","0/0","0/0","0/0","0/0","0/0","0/0","0/0","0/0","0/0","0/0","0/0","0/0","0/0","0/0","0/0","0/0","0/0","0/0","0/0","0/0","0/0","0/0","0/0","0/0","0/0","0/0","0/1","0/1","0/1","0/0","0/0","0/0","0/0","0/0","0/0","0/0"
"chr19:54675768_GCCC/G_TMC4","0/0","0/0","0/0","0/1","0/0","0/0","0/0","0/0","0/0","0/0","0/0","0/0","0/0","0/1","0/0","1/1","0/0","0/0","0/0","0/0","0/0","0/1","0/0","0/0","0/1","0/1","0/0","0/0","0/0","0/0","0/0","0/0","0/0","0/1","0/1","0/0","0/0","0/0","0/0","0/0","0/0","0/0","0/1","0/1","0/0","0/1","0/1","0/0","0/0","0/0","0/0","0/0","0/0","0/0","0/0","0/1","0/0","0/1","0/0","0/0","0/1","0/1","0/0","1/1","1/1","0/0","0/1","0/1","0/1","0/1","0/0","0/0","0/0","0/1","0/1","0/0","0/0","0/0","0/0","0/0","0/0","0/0","0/0","0/1","0/1","0/0","0/0","0/1","0/0","0/0","0/1","0/1","0/1","0/0","0/0","0/1","0/1","0/0","0/0","0/0","0/0","0/0","0/0","0/0","0/0","0/0","0/0","0/1","0/1","0/0","0/1","0/0","0/0","0/0","0/0","0/1","0/1","0/0","0/0","0/0","0/0","0/0","0/1","0/0","0/0","0/0","0/0","0/0","0/0","0/0","0/0","0/0","0/0","0/1","0/0","0/0","0/1","0/1","0/0","0/0","0/0","0/0","0/0","0/1","0/1","0/1","0/1","0/1","0/1","0/0","0/0","0/0","0/0"
"chr19:54754841_G/GA_LILRB5","0/0","0/0","0/0","0/0","0/0","0/0","0/0","0/0",".","0/0","0/0","0/0","0/0","0/0","0/0","0/0","0/0","0/0","0/0","0/0","0/0","0/0","0/0","0/0",".","0/0","0/0","0/0","0/0","0/0","0/0","0/0","0/0","0/0","0/0","0/0","0/0","0/0","0/0","0/0","1/1","0/0","0/0","0/0","0/0","0/0","0/0","0/0","0/0","0/0","0/0","0/0","0/0","0/0","0/0","0/0","0/0","0/0","0/0","0/0","0/0","0/0","0/0","0/0","0/0","0/0","0/0","0/0","0/0","0/0","0/0","0/0","0/0","0/0","0/0","0/0","0/0","0/0","0/0","0/0","0/0","0/0","0/0","0/0","0/0","0/0","0/0","0/0","0/0","0/0","0/0","0/0","0/0","0/0","0/0","0/0","0/0","0/0","0/0","0/0","0/0","0/0","0/0","0/0","0/0","0/0","0/0","0/0","0/0","0/0","0/0","0/0","0/0","0/0","0/0","0/0","0/0",".","0/0",".","0/0","0/0","0/0","0/0","0/0","0/0","0/0","0/0","0/0","0/0","0/0","0/0","0/0","0/0","0/0","0/0","0/0","0/0","0/0","0/0","0/0","0/0","0/0","0/0","0/0","0/0","0/0","0/0","0/0","0/0","0/0","0/0","0/0"
"chr19:54973988_GCCT/G_LENG9","0/1","0/1","0/1","0/1","0/0","0/0","0/0","0/0","0/0","0/0","0/0","0/1","0/1","0/1","0/0","0/0","0/0","0/0","1/1","0/1","0/0","0/0","0/0","1/1","0/1","0/0","0/0","0/0","0/0","0/0","1/1","0/0","0/0","0/0","0/0","0/1","0/1","1/1","0/1","0/0","0/0","1/1","0/1","0/1","0/0","0/0","0/0","0/1","0/0","0/1","1/1","0/0","0/0","1/1","0/1","0/0","0/1","0/1","0/1","0/1","0/0","1/1","0/0","0/0","0/0","0/1","0/1","0/0","0/0","0/1","0/1","0/0","0/0","0/0","0/0","0/0","0/0","0/1","0/1","0/1","0/1","0/0","1/1","0/0","0/0","0/0","0/0","0/0","0/0","0/0","0/0","0/0","0/0","0/0","0/0","0/0","0/0","0/1","0/1","0/1","0/0","0/0","0/0","0/1","0/1","0/0","0/0","0/1","0/1","0/0","0/1","0/1","0/1","1/1","0/1","0/1","0/1","0/1","0/0","0/1","0/0","0/0","0/1","0/1","0/1","0/1","1/1","1/1","0/0","0/0","0/0","0/0","0/0","0/1","0/0","0/0","0/1","0/1","0/1","0/1","0/1","0/0","0/0","0/0","0/0","0/0","0/1","0/1","0/1","0/1","0/1","0/1","0/1"
"chr19:55324674_C/CA_KIR2DL4","0/0","0/1","0/1","0/1","1/1","1/1","0/1","0/1","0/1","0/1","0/1","1/1","0/1","0/1","0/1","1/1","1/1","0/1","0/1","1/1","1/1","0/1","0/1","1/1","1/1","1/1","1/1","1/1","0/0","0/1","0/1","1/1","1/1","1/1","1/1","1/1","0/1","1/1","1/1","1/1","0/1","0/1","1/1","1/1","1/1","0/1","0/1","0/1","1/1","1/1","1/1","1/1","1/1","1/1","0/0","1/1","1/1","0/1","1/1","1/1","1/1","0/1","1/1","0/0","0/0","0/1","1/1","0/0","0/0","1/1","0/1","1/1","1/1","0/1","0/1","0/1","0/1","0/1","0/1","1/1","1/1","1/1","1/1","1/1","1/1","1/1","0/1","1/1","0/1","0/1","1/1","1/1","1/1","1/1","1/1","1/1","1/1","1/1","0/0","0/0","0/0","0/1","0/0","0/1","0/1","1/1","1/1","0/1","0/1","0/1","0/1","1/1","1/1","1/1","1/1","0/1","0/1","1/1","0/1","1/1","0/1","0/1","0/1","1/1","1/1","1/1","1/1","1/1","1/1","0/1","1/1","0/1","1/1","1/1","1/1","1/1","1/1","0/1","1/1","1/1","1/1","0/1","0/1","0/1","1/1","1/1","1/1","1/1","1/1","1/1","1/1","1/1","1/1"
"chr19:55341707_TC/T_KIR3DL1","0/0","0/0","0/0","0/0","0/0","0/0","0/0","0/0","0/0","0/0","0/1","0/0","0/0","0/0","0/0","0/0","0/0","0/1","0/0","0/1","0/0","0/0","0/0","0/0","0/0","0/0",".","0/0","0/0","0/0","0/0","0/0","0/0","0/0","0/0","0/0","0/0","0/0","0/0","0/0","0/0","0/0","0/0","0/0","0/0","0/0","0/0","0/0","0/0","0/0","0/0","0/0","0/1","0/0","0/0","0/0","0/0","0/0","0/0",".","0/0","0/0",".","0/0","0/0","0/0","0/1","0/0","0/0","0/0","0/0","0/0","0/0","0/0","0/0","0/1","0/0","0/0","0/0","0/0","0/0","0/0","0/0","0/0","0/0","0/0","0/0","1/1","0/0","0/0","0/0","0/0","0/0","0/0","0/0","0/0","1/1","0/0","0/0","0/0","0/0","0/0","0/0","0/0","0/0","0/0","0/0","0/0","0/0","0/0","0/0","0/0","0/0","0/0","0/0","0/0","0/0","0/0","0/0","0/0","0/0","0/0","0/0","0/0","0/0","0/0","0/0","0/0","0/0","0/0","0/0","0/0","0/0","0/0","0/1","0/0","0/0","0/0","0/0","0/0","0/0","0/0","0/0","0/0","0/0","0/0","0/0","0/0","0/0","0/0","0/0","0/0","0/0"
"chr19:55341710_AAAG/A_KIR3DL1","0/0","0/0","0/0","0/0","0/0","0/0","0/0","0/0","0/0","0/0","0/1","0/0","0/0","0/0","0/0","0/0","0/0","0/1","0/0","0/1","0/0","0/0","0/0","0/0","0/0","0/0",".","0/0","0/0","0/0","0/0","0/0","0/0","0/0","0/0","0/0","0/0","0/0","0/0","0/0","0/0","0/0","0/0","0/0","0/0","0/0","0/0","0/0","0/0","0/0","0/0","0/0","0/1","0/0","0/0","0/0","0/0","0/0","0/0",".","0/0","0/0",".","0/0","0/0","0/0","0/1","0/0","0/0","0/0","0/0","0/0","0/0","0/0","0/0","0/1","0/0","0/0","0/0","0/0","0/0","0/0","0/0","0/0","0/0","0/0","0/0","1/1","0/0","0/0","0/0","0/0","0/0","0/0","0/0","0/0","1/1","0/0","0/0","0/0","0/0","0/0","0/0","0/0","0/0","0/0","0/0","0/0","0/0","0/0","0/0","0/0","0/0","0/0","0/0","0/0","0/0","0/0","0/0","0/0","0/0","0/0","0/0","0/0","0/0","0/0","0/0","0/0","0/0","0/0","0/0","0/0","0/0","0/0","0/1","0/0","0/0","0/0","0/0","0/0","0/0","0/0","0/0","0/0","0/0","0/0","0/0","0/0","0/0","0/0","0/0","0/0","0/0"
"chr19:55396781_CGA/C_FCAR","0/0","0/0","0/0","0/0","0/0","0/0","0/0","0/0","0/0","0/0","0/0","0/0","0/0","0/0","0/0","0/1","0/0","0/0","0/0","0/0","0/0","0/0","0/0","0/0","0/1","0/0","0/0","0/0","0/0","0/0","0/0","0/0","0/0","0/0","0/0","0/0","0/0","0/0","0/0","0/0","0/0","0/0","0/0","0/0","0/0","0/0","0/0","0/0","0/0","0/0","0/0","0/0","0/0","0/0","0/0","0/0","0/0","0/0","0/0","0/0","0/0","0/0","0/0","0/0","0/0","0/0","0/0","0/0","0/0","0/0","0/0","0/0","0/0","0/0","0/0","0/0","0/0","0/0","0/0","0/0","0/0","0/0","0/0","0/0","0/0","0/0","0/0","0/0","0/0","0/0","0/0","0/0","0/0","0/0","0/0","0/0","0/0","0/0","0/0","0/0","0/0","0/0","0/0","0/0","0/0","0/0","0/0","0/0","0/0","0/0","0/0","0/0","0/0","0/0","0/0","0/0","0/0","0/0","0/0","0/0","0/0","0/0","0/0","0/0","0/0","0/0","0/0","0/0","0/0","0/0","0/0","0/0","0/0","0/0","0/0","0/0","0/0","0/0","0/0","0/0","0/0","0/0","0/0","0/0","0/0","0/0","0/0","0/0","0/0","0/0","0/0","0/0","0/0"
"chr19:55424203_GGAA/G_NCR1","0/0","0/0","0/0","0/1","0/0","0/0","0/1","0/1","0/1","0/0","0/0","0/0","0/0","0/1","0/0","0/0","0/1","0/0","0/1","0/0","0/0","0/0","0/1","0/0","0/1","0/1","0/0","0/0","0/0","0/0","0/0","0/0","1/1","0/0","0/1","0/0","0/1","0/1","0/0","0/0","0/0","0/0","0/0","0/0","0/0","0/0","0/0","0/0","0/0","0/1","0/1","0/1","0/0","0/0","0/0","0/0","0/0","0/0","0/0","0/0","0/0","0/0","0/0","0/0","0/0","0/0","0/0","0/0","0/0","0/0","0/0","0/1","0/1","0/0","0/0","0/0","0/0","0/0","0/0","0/0","0/0","0/0","0/1","0/1","0/1","0/0","0/0","0/0","0/0","0/0","0/1","0/1","0/1","0/1","0/1","0/1","0/0","0/0","0/0","0/0","0/0","0/0","0/0","0/0","0/0","0/0","0/0","0/0","0/0","0/0","0/1","0/0","0/0","0/1","0/0","0/0","0/0","0/0","0/0","0/0","0/0","0/0","0/0","0/0","0/0","0/0","0/1","0/1","0/0","0/0","0/0","0/0","0/0","0/0","0/0","0/0","0/0","0/0","0/0","0/0","0/0","0/0","0/0","0/0","0/0","0/0","0/0","0/0","0/0","0/0","0/0","0/0","0/0"
"chr19:55526103_G/GCAGA_GP6","0/0","0/0","0/0","0/0","0/0","0/0","0/0","0/0","0/0","0/0","0/0","0/0","0/0","0/0","0/0","0/0","0/1","0/0","0/0","0/0","0/1","0/1","0/0","0/0","0/0","0/0","0/0","0/0","0/1","0/0","0/0","0/0","0/0","0/1","0/0","0/0","0/0","0/1","0/0","0/0","0/0","0/0","0/0","0/0","0/1","0/1","0/0","0/0","0/0","0/0","0/0","0/1","0/0","0/0","0/0","0/0","0/0","0/1","0/0","0/0","0/0","0/0","0/1","0/0","0/0","0/0","0/0","0/0","0/0","0/0","0/0","0/0","0/0","0/0","0/0","0/1","0/1","0/0","0/0","0/1","0/1","0/1","0/0","0/0","0/0","0/0","0/0","0/0","0/1","0/1","0/0","0/0","0/0","0/0","0/0","0/0","0/0","0/0","0/0","0/0","0/0","0/0","0/0","0/0","0/0","0/0","0/0","0/0","0/0","0/0","0/0","0/1","0/1","0/0","0/1","0/0","0/0","0/1","0/0","0/1","0/0","0/0","0/0","0/1","0/1","0/1","0/0","0/0","0/0","0/0","0/0","0/0","0/0","0/0","0/0","0/0","0/0","0/0","0/0","0/0","0/0","0/0","0/0","0/0","0/0","0/0","0/0","0/0","0/0","0/0","0/0","0/0","0/0"
"chr19:55628808_GCGCCCGCCCGCGCCCCCCACTGCCGCAGCTGCTCCCGTCGCCGCTCCCGGGCAGCCGCCGCCGCCGCCCCCGGGCCAGCCGCCGGGCCATCCTCTCCGGACATCGCAC/G_PPP1R12C","0/0","0/0","0/0",".","0/0","0/0","0/0","0/0","0/0","0/0","0/0","0/0",".",".","0/0","0/0","0/0","0/0",".","0/0","0/0","0/0","0/0","0/0","0/0","0/0","0/0","0/0","0/0","0/0","0/0","0/0","0/0","0/0","0/0","0/0","0/0","0/0","0/0","0/0","0/0","0/0","0/0","0/0","0/0","0/0","0/0","0/0","0/0","0/0","0/0","0/0","0/0","0/0","0/0","0/0","0/0","0/0","0/0","0/0","0/0","0/0","0/0","0/0","0/0","0/0","0/0","0/0","0/0","0/0",".","0/0","0/0","0/0","0/0","0/0","0/0","0/0","0/0","0/0","0/0","0/0","0/0","0/0","0/0","0/0","0/0","0/0","0/0","0/0","0/0","0/0","0/0",".","0/0","0/0","0/0","0/0","0/0","0/0",".","0/0","0/0","0/0","0/0","0/0","0/0","0/0",".",".","0/0","0/0",".","0/0","0/0","0/0",".",".","0/0","0/0","0/0","0/0","0/0","0/0","0/0","0/0",".","0/0","0/0","0/0","0/0","0/0","0/0",".","0/0","0/0","0/0","0/0","0/0","0/0","0/0",".","0/0","0/1","0/0","0/0","0/0","0/0","0/0","0/0","0/0",".","0/0"
"chr19:55711644_AT/A_PTPRH","0/0","0/0","0/0","0/0","0/0","0/0","0/0","0/0","0/0","0/0","0/0","0/0","0/0","0/0","0/0","0/0","0/0","0/0","0/0","0/0","0/0","0/0","0/0","0/0","0/0","0/0","0/0","0/0","0/0","0/0","0/0","0/0","0/0","0/0","0/0","0/0","0/0","0/0","0/0","0/0","0/0","0/0","0/0","0/0","0/0","0/0","0/0","0/0","0/0","0/0","0/0","0/0","0/0","0/0","0/1","0/0","0/0","0/0","0/0","0/0","0/0","0/0","0/0","0/0","0/0","0/0","0/0","0/0","0/0","0/0","0/0","0/0","0/0","0/0","0/0","0/0","0/0","0/0","0/0","0/0","0/0","0/0","0/0","0/0","0/0","0/0","0/0","0/0","0/0","0/0","0/0","0/0","0/0","0/0","0/0","0/0","0/0","0/0","0/0","0/0","0/0","0/0","0/0","0/0","0/0","0/0","0/0","0/0","0/0","0/0","0/0","0/0","0/0","0/0","0/0","0/0","0/0","0/0","0/0","0/0","0/0","0/0","0/0","0/0","0/0","0/0","0/0","0/0","0/0","0/0","0/0","0/0","0/0","0/0","0/0","0/0","0/0","0/0","0/0","0/0","0/0","0/0","0/0","0/0","0/0","0/0","0/0","0/0","0/0","0/0","0/0","0/0","0/0"
"chr19:55869879_GGCTCCTTCATCTCGCCCCATGGCT/G_FAM71E2","1/1","1/1","1/1","1/1","1/1","1/1","1/1","1/1","1/1","1/1","1/1","1/1","1/1","1/1","1/1","1/1","1/1","1/1","1/1","1/1","1/1","1/1","0/0","1/1","1/1","1/1","1/1","1/1","0/1","1/1","1/1","1/1","1/1","1/1","1/1","0/0","1/1","1/1","1/1","1/1","1/1","1/1","0/1","1/1","1/1","1/1","1/1","1/1","1/1","1/1","0/1","1/1","1/1","1/1","1/1","1/1","1/1","0/1","1/1","1/1","1/1","1/1","1/1","0/1","0/1","1/1","1/1","1/1","1/1","1/1","1/1","1/1","1/1","1/1","1/1","1/1","1/1","0/1","0/1","1/1","1/1","1/1","0/1","1/1","1/1","1/1","1/1","1/1","1/1","1/1","0/1","1/1","1/1","1/1","1/1","0/1","1/1","1/1","1/1","1/1","1/1","1/1","1/1","1/1","1/1","1/1","1/1","1/1","1/1","1/1","1/1","1/1","1/1","1/1","1/1","1/1","1/1","0/0","1/1","0/0","1/1","1/1","1/1","0/0","1/1","1/1","1/1","1/1","1/1","1/1","1/1","0/1","1/1","1/1","1/1","1/1","1/1","1/1","1/1","1/1","1/1","0/1","0/1","1/1","1/1","1/1","0/1","0/1","0/1","1/1","1/1","1/1","1/1"
"chr19:56002275_T/TG_SSC5D","0/0","0/0","0/0","0/0","0/0","0/0","0/0","0/0","0/0","0/0","0/0","0/0","0/0","0/0","0/0","0/0","0/0","0/0","0/0","0/0","0/0","0/0","0/0","0/0","0/0","0/0","0/0","0/0","0/0","0/0","0/0","0/0","0/0","0/0","0/0","0/0","0/0","0/0","0/0","0/0","0/0","0/0","0/0","0/0","0/0","0/0","0/0","0/0","0/0","0/1","0/0","0/0","0/0","0/0","0/0","0/0","0/0","0/0","0/0","0/0","0/0","0/0","0/0","0/0","0/0","0/0","0/0","0/0","0/0","0/0","0/0","0/0","0/0","0/0","0/0","0/0","0/0","0/0","0/0","0/0","0/0","0/0","0/0","0/0","0/0","0/0","0/0","0/0","0/0","0/0","0/0","0/0","0/0","0/0","0/0","0/0","0/0","0/0","0/0","0/0","0/0","0/0","0/0","0/0","0/0","0/0","0/0","0/0","0/0","0/0","0/0","0/0","0/0","0/0","0/0","0/0","0/0","0/0","0/0","0/0","0/0","0/0","0/0","0/0","0/0","0/0","0/0","0/0","0/0","0/0","0/0","0/0","0/0","0/0","0/0","0/0","0/0","0/0","0/0","0/0","0/0","0/0","0/0","0/0","0/0","0/0","0/0","0/0","0/0","0/0","0/0","0/0","0/0"
"chr19:56029616_C/CCCA_SSC5D","0/0","0/0","0/0","0/1","0/1","0/1","1/1","1/1","1/1","1/1","1/1","0/1","0/0","0/0","0/1","0/0","1/1","0/0","1/1","0/0","0/1","1/1","1/1","0/0","1/1","0/1","0/1","0/0","0/1","0/0","0/1","1/1","0/1","1/1","0/1","0/1","1/1","0/0","0/1","0/1","0/1","0/1","0/1","0/1","0/1","1/1","0/1","0/0","0/0","0/1","0/0","0/1","0/1","0/1","0/1","0/1","0/0","0/0","0/1","0/1","0/0","0/1","1/1","0/1","0/1","1/1","0/1","0/1","0/1","0/1","1/1","0/1","0/1","0/1","0/1","0/1","0/1","0/0","0/0","1/1","1/1","0/1","0/0","0/1","0/1","0/0","0/0","1/1","0/1","0/1","0/1","0/1","0/1","1/1","1/1","0/1","1/1","1/1","1/1","1/1","1/1","0/1","1/1","0/1","0/1","1/1","1/1","0/1","0/1","0/1","0/1","0/0","0/0","1/1","1/1","0/1","0/1","1/1","0/1","1/1","0/1","0/1","0/1","1/1","1/1","0/1","1/1","1/1","0/1","1/1","1/1","1/1","1/1","0/1","1/1","1/1","0/1","0/1","0/0","0/0","0/0","1/1","1/1","1/1","1/1","1/1","1/1","0/1","0/1","0/1","0/1","0/1","0/1"
"chr19:56052337_A/AC_SBK3","1/1","1/1","1/1","1/1","1/1","1/1","1/1","1/1","1/1","1/1","1/1","1/1","1/1","1/1","1/1","1/1","1/1","1/1","1/1","1/1","1/1","1/1","1/1","1/1","1/1","1/1","1/1","1/1","1/1","1/1","1/1","1/1","1/1","1/1","1/1","1/1","1/1","1/1","1/1","1/1","1/1","1/1","1/1","1/1","1/1","1/1","1/1","1/1","1/1","1/1","1/1","1/1","1/1","1/1","1/1","1/1","1/1","1/1","1/1","1/1","1/1","1/1","1/1","1/1","1/1","1/1","1/1","1/1","1/1","1/1","1/1","1/1","1/1","1/1","1/1","1/1","1/1","1/1","1/1","1/1","1/1","1/1","1/1","1/1","1/1","1/1","1/1","1/1","1/1","1/1","1/1","1/1","1/1","1/1","1/1","1/1","1/1","1/1","1/1","1/1","1/1","1/1","1/1","1/1","1/1","1/1","1/1","1/1","1/1","1/1","1/1","1/1","1/1","1/1","1/1","1/1","1/1","1/1","1/1","1/1","1/1","1/1","1/1","1/1","1/1","1/1","1/1","1/1","1/1","1/1","1/1","1/1","1/1","1/1","1/1","1/1","1/1","1/1","1/1","1/1","1/1","1/1","1/1","1/1","1/1","1/1","1/1","1/1","1/1","1/1","1/1","1/1","1/1"
"chr19:56089908_C/CCCG_ZNF579","0/0","0/0","0/0","0/1","1/1","1/1","0/1","0/1","0/1","0/0","0/1","0/1","0/0","0/0","0/1","0/0","0/0","1/1","0/0","0/1","0/1","0/1","0/0","0/0","0/1","0/1","0/1","0/0","0/0","0/0","0/0","0/1","0/0","0/1","0/0","1/1","1/1","0/1","1/1","0/1","0/0","0/0","0/1","0/1","1/1","0/0","0/0","1/1","0/0","0/0","0/1","0/0","0/0","0/0","1/1","0/0","0/0","0/1","0/0","0/0","0/0","0/0","0/0","0/0","0/0","0/0","0/0","0/1","0/1","0/0","0/0","0/0","0/0","0/0","0/0","0/0","0/0","0/0","0/0","0/0","0/0","0/0","0/1","0/0","0/0","1/1","1/1","0/1","0/0","0/0","0/0","0/1","0/1","0/1","0/1","0/0","0/1","0/1","0/1","0/1","0/1","0/1","0/1","0/0","0/0","0/0","0/0","0/0","0/0","0/1","0/1","0/1","0/1","1/1","0/0","0/1","0/1","0/0","0/0","0/0","0/0","0/0","0/1","0/0","0/0","0/0","1/1","1/1","0/0","0/0","0/0","0/1","0/0","1/1","0/0","0/0","1/1","1/1","0/0","0/0","0/0","0/1","0/1","0/0","0/0","0/0","0/1","0/1","0/1","0/1","0/1","0/1","0/1"
"chr19:56133523_CCCG/C_ZNF784","0/0","0/0","0/0","0/0","0/0","0/0","0/0","0/0","0/0","0/0","0/0","0/0","0/0","0/0","0/0","0/0","0/0","0/0","0/0","0/0","0/0","0/0","0/0","0/0","0/0","0/0","0/0","0/0","0/0","0/0","0/0","0/0","0/0","0/0","0/0","0/0","0/0","0/0","0/0","0/0","0/0","0/0","0/0","0/0","0/0","0/0","0/0","0/0","0/0","0/0","0/0","0/0","0/0","0/0","0/0","0/0","0/0","0/0","0/0","0/0","0/0","0/0","0/0","0/0","0/0","0/0","0/0","0/0","0/0","0/0","0/0","0/0","0/0","0/0","0/0","0/0","0/0","0/1","0/0","0/1","0/0","0/0","0/0","0/0","0/0","0/0","0/0","0/0","0/0","0/0","0/0","0/0","0/0","0/0","0/0","0/0","0/0","0/0","0/0","0/0","0/0","0/0","0/0","0/0","0/0","0/0","0/0","0/0","0/0","0/0","0/0","0/0","0/0","0/0","0/0","0/0","0/0","0/0","0/0","0/0","0/0","0/0","0/0","0/0","0/0","0/0","0/0","0/0","0/0","0/0","0/0","0/0","0/0","0/0","0/0","0/0","0/0","0/0","0/0","0/0","0/0","0/0","0/0","0/0","0/0","0/0","0/0","0/0","0/0","0/0","0/0","0/0","0/0"
"chr19:56249721_G/GA_NLRP9","0/0","0/0","0/0","0/0","0/0","0/0","0/0","0/0","0/0","0/0","0/0","0/0","0/0","0/0","0/0","0/0","0/0","0/0","0/0","0/0","0/0","0/0","0/0","0/0","0/0","0/0","0/0","0/0","0/0","0/0","0/0","0/0","0/0","0/0","0/0","0/0","0/0","0/0","0/0","0/0","0/0","0/0","0/0","0/0","0/0","0/0","0/0","0/0","0/0","0/0","0/0","0/0","0/0","0/0","0/0","0/0","0/0","0/0","0/0","0/0","0/0","0/0","0/0","0/0","0/0","0/0","0/0","0/0","0/0","0/0","0/0","0/0","0/0","0/0","0/0","0/0","0/0","0/0","0/0","0/0","0/0","0/0","0/0","0/0","0/0","0/0","0/0","0/0","0/0","0/0","0/0","0/0","0/0","0/0","0/0","0/0","0/0","0/0","0/0","0/0","0/0","0/0","0/0","0/0","0/0","0/0","0/0","0/0","0/0","0/0","0/0","0/0","0/0","0/0","0/0","0/0","0/0","0/0","0/0","0/0","0/0","0/0","0/0","0/0","0/0","0/0","0/0","0/0","0/0","0/0","0/0","0/1","0/0","0/0","0/0","0/0","0/0","0/0","0/0","0/0","0/0","0/1","0/1","0/0","0/0","0/0","0/0","0/0","0/0","0/0","0/0","0/0","0/0"
"chr19:56544065_GGCA/G_NLRP5","0/0","0/0","0/0","0/0","0/0","0/0","0/0","0/0","0/0","0/0","0/0","0/0","0/0","0/0","0/0","0/0","0/0","0/0","0/0","0/0","0/0","0/0","0/0","0/0","0/1","0/0","0/0","0/0","0/0","0/0","0/0","0/0","0/0","0/0","0/0","0/0","0/0","0/0","0/0","0/0","0/0","0/0","0/0","0/0","0/0","0/0","0/0","0/0","0/0","0/0","0/0","0/0","0/0","0/0","0/0","0/0","0/0","0/0","0/0","0/0","0/0","0/0","0/0","0/0","0/0","0/0","0/0","0/0","0/0","0/0","0/0","0/0","0/0","0/0","0/0","0/0","0/0","0/0","0/0","0/0","0/0","0/0","0/0","0/0","0/0","0/0","0/0","0/0","0/0","0/0","0/0","0/0","0/0","0/0","0/0","0/0","0/0","0/0","0/0","0/0","0/0","0/0","0/0","0/0","0/0","0/0","0/0","0/0","0/0","0/0","0/0","0/0","0/0","0/0","0/0","0/0","0/0","0/0","0/0","0/0","0/0","0/0","0/0","0/0","0/0","0/0","0/0","0/0","0/0","0/0","0/0","0/0","0/0","0/0","0/0","0/0","0/0","0/0","0/0","0/0","0/0","0/0","0/0","0/0","0/0","0/0","0/0","0/0","0/0","0/0","0/0","0/0","0/0"
"chr19:56599437_CTCGTCGTCG/CTCGTCG_ZNF787","0/1","0/1","0/1","1/1","0/1","0/0","0/1","0/1","0/1","0/1","0/0","1/1","0/0","1/1","1/1","1/2","1/1","1/1","1/1","0/0","0/1","1/1","0/1","0/1","0/1","0/2","0/0","0/1","0/1","1/1","0/1","1/1","0/1","1/2","1/1","1/1",".","0/1","0/1","1/1","0/2","0/1","1/2","1/1","0/1","1/1","1/1","1/1","0/1","1/1","1/1",".","1/1","0/0","1/1","0/0","1/1","1/1","1/1","1/1","0/1","1/1","1/1",".","1/1","1/1","0/1","0/0","0/1","0/1",".","0/0","0/0","0/1","0/1","0/0","0/1","1/1","1/1","1/1","1/1","0/0","1/1","1/1","1/1","1/1","1/1","0/0","1/1","1/1","1/1","0/1","0/1","0/1","0/1","1/1","0/0","0/2","1/1","1/1","0/0","1/1","0/0","0/1","0/1","0/0","0/0","1/1","1/1","1/1","1/1","0/0","0/1","1/1","1/1","1/1","1/1","1/1","0/1","1/1","0/1","0/0","1/1","1/1","0/1","0/1","1/1","1/1","1/1","1/1","1/1","0/0","1/1","1/2","1/1","1/1","0/2","1/2","1/2","0/0","1/2","0/1","0/1","1/1","1/2","1/2","0/0","0/0","0/0","1/2","1/1","1/2","1/1"
"chr19:56599441_TCG/T_ZNF787","0/0",".",".",".","0/0","0/0",".","0/0","0/0",".","0/0",".","0/0",".",".","2/2",".",".",".","0/0",".",".","0/0","0/0",".","0/2","0/0","0/0","0/1",".",".",".","0/0","2/2",".",".",".",".","0/0",".","0/2","0/0","2/2",".",".",".",".",".","0/0",".",".",".",".","0/0",".","0/0",".",".",".",".",".",".",".",".",".",".","0/0","0/0",".","0/0",".","0/0","0/0","0/0",".","0/0",".",".",".",".",".","0/0",".",".",".",".",".","0/0",".",".",".","0/0",".","0/0","0/0",".","0/0","0/2",".",".","0/0",".","0/0",".","0/0","0/0","0/0",".",".",".",".","0/0",".",".",".",".",".",".",".",".","0/0","0/0",".",".",".","0/0",".",".",".",".",".","0/0",".","0/2",".",".","0/2","2/2","2/2","0/0","2/2",".","0/0",".","2/2","0/2","0/0","0/0","0/0","2/2",".","2/2","."
"chr19:56599444_TC/T_ZNF787","0/0","0/0","0/0","0/0","0/0","0/0","0/0","0/0","0/0","0/0","0/0","0/0","0/0","0/0","0/0","2/2","0/0","0/0","0/0","0/0","0/0","0/0","0/0","0/0","0/0","0/2","0/0","0/0","0/1","0/0","0/0","0/0","0/0","2/2","0/0","0/0","0/0","0/0","0/0","0/0","0/2","0/0","2/2","0/0","0/0","0/0","0/0","0/0","0/0","0/0","0/0",".","0/0","0/0","0/0","0/0","0/0","0/0","0/0","0/0","0/0","0/0","0/0","0/0","0/0","0/0","0/0","0/0","0/0","0/0",".","0/0","0/0","0/0","0/0","0/0","0/0","0/0","0/0","0/0","0/0","0/0","0/0","0/0","0/0","0/0","0/0","0/0","0/0",".","0/0","0/0","0/0","0/0","0/0","0/0","0/0","0/2","0/0","0/0","0/0","0/0","0/0","0/0","0/0","0/0","0/0","0/0","0/0","0/0","0/0","0/0","0/0","0/0","0/0","0/0","0/0","0/0","0/0","0/0","0/0","0/0","0/0","0/0","0/0","0/0","0/0","0/0","0/0","0/0","0/0","0/0","0/0","0/2","0/0","0/0","0/2","2/2","2/2","0/0","2/2","0/0","0/0",".","2/2","0/2","0/0","0/0","0/0","2/2",".","2/2","."
"chr19:56671248_AC/A_ZNF444","0/0","0/0","0/0","0/0","0/0","0/0","0/0","0/0","0/0","0/0","0/0","0/0","0/0","0/0","0/0","0/0","0/0","0/0","0/0","0/0","0/0","0/0","0/0","0/0","0/0","0/0","0/0","0/0","0/0","0/0","0/0","0/0","0/0","0/0","0/0","0/0","0/0","0/0","0/1","0/0","0/0","0/0","0/0","0/0","0/0","0/0","0/0","0/0","0/0","0/0","0/0","0/0","0/0","0/0","0/0","0/0","0/0","0/0","0/0","0/0","0/0","0/0","0/0","0/0","0/0","0/0","0/0","0/0","0/0","0/0","0/0","0/0","0/0","0/0","0/0","0/0","0/0","0/0","0/0","0/0","0/0","0/0","0/0","0/0","0/0","0/0","0/0","0/0","0/0","0/0","0/0","0/0","0/0","0/0","0/0","0/0","0/0","0/0","0/0","0/0","0/0","0/0","0/0","0/0","0/0","0/0","0/0","0/0","0/0","0/0","0/0","0/0","0/0","0/0","0/0","0/0","0/0","0/0","0/0","0/0","0/0","0/0","0/0","0/0","0/0","0/0","0/0","0/0","0/0","0/0","0/0","0/0","0/0","0/0","0/0","0/0","0/0","0/0","0/0","0/0","0/0","0/0","0/0","0/0","0/0","0/0","0/0","0/0","0/0","0/0","0/0","0/0","0/0"
"chr19:57035985_T/TA_ZNF471","0/0","0/0","0/0","0/0","0/0","0/0","0/0","0/0","0/0","0/0","0/0","0/0","0/0","0/0","0/0","0/0","0/0","0/0","0/0","0/0","0/0","0/0","0/0","0/0","0/0","0/0","0/0","0/0","0/0","0/0","0/0","0/0","0/0","0/0","0/0","0/0","0/0","0/0","0/0","0/0","0/0","0/0","0/0","0/0","0/0","0/0","0/0","0/0","0/0","0/0","0/0","0/0","0/0","0/0","0/0","0/0","0/0","0/0","0/0","0/0","0/0","0/0","0/0","0/0","0/0","0/0","0/0","0/0","0/0","0/0","0/0","0/0","0/0","0/0","0/0","0/0","0/0","0/0","0/0","0/0","0/0","0/0","0/0","0/0","0/0","0/0","0/0","0/0","0/0","0/0","0/0","0/0","0/0","0/0","0/0","0/0","0/0","0/0","0/0","0/0","0/0","0/0","0/0","0/0","0/0","0/0","0/0","0/0","0/0","0/0","0/0","0/0","0/0","0/0","0/0","0/0","0/0","0/0","0/1","0/0","0/1","0/1","0/0","0/0","0/0","0/0","0/0","0/0","0/0","0/0","0/0","0/0","0/0","0/0","0/0","0/0","0/0","0/0","0/0","0/0","0/0","0/0","0/0","0/0","0/0","0/0","0/0","0/0","0/0","0/0","0/0","0/0","0/0"
"chr19:57166531_CT/C_SMIM17","0/0","0/0","0/0","0/0","0/0","0/0","0/0","0/0","0/0","0/0","0/0","0/0","0/0","0/0","0/0","0/0","0/0","0/0","0/0","0/0","0/0","0/0","0/0","0/0","0/0","0/0","0/0","0/0","0/0","0/0","0/0","0/0","0/0","0/0","0/0","0/0","0/1","0/0","0/0","0/0","0/0","0/0","0/0","0/0","0/0","0/0","0/0","0/0","0/0","0/0","0/0","0/0","0/0","0/0","0/0","0/0","0/0","0/0","0/0","0/0","0/0","0/0","0/0","0/0","0/0","0/0","0/0","0/0","0/0","0/0","0/0","0/0","0/0","0/0","0/0","0/0","0/0","0/0","0/0","0/0","0/0","0/0","0/0","0/0","0/0","0/0","0/0","0/0","0/0","0/0","0/0","0/0","0/0","0/0","0/0","0/0","0/0","0/0","0/0","0/0","0/0","0/0","0/0","0/0","0/0","0/0","0/0","0/0","0/0","0/0","0/0","0/0","0/0","0/0","0/0","0/0","0/0","0/0","0/0","0/0","0/0","0/0","0/0","0/0","0/0","0/0","0/0","0/0","0/0","0/0","0/0","0/0","0/0","0/0","0/0","0/0","0/0","0/0","0/0","0/0","0/0","0/0","0/0","0/0","0/0","0/0","0/0","0/0","0/0","0/0","0/0","0/0","0/0"
"chr19:57325727_ATCT/A_PEG3","0/1","0/0","0/0","0/0","0/0","0/0","0/0","0/0","0/0","0/0","0/0","0/0","0/0","0/0","0/0","0/0","0/0","0/0","0/0","0/0","0/0","0/0","0/0","0/0","0/0","0/0","0/0","0/0","0/0","0/0","0/0","0/0","0/0","0/0","0/0","0/0","0/0","0/0","0/0","0/0","0/0","0/0","0/0","0/0","0/0","0/0","0/0","0/0","0/0","0/0","0/0","0/0","0/0","0/0","0/0","0/0","0/0","0/0","0/0","0/0","0/0","0/0","0/0","0/0","0/0","0/0","0/0","0/0","0/0","0/0","0/0","0/0","0/0","0/0","0/0","0/0","0/0","0/0","0/0","0/0","0/0","0/0","0/0","0/0","0/0","0/0","0/0","0/0","0/0","0/0","0/0","0/0","0/0","0/0","0/0","0/0","0/0","0/0","0/0","0/0","0/0","0/0","0/0","0/0","0/0","0/0","0/0","0/0","0/0","0/0","0/0","0/0","0/0","0/0","0/0","0/0","0/0","0/0","0/0","0/0","0/0","0/0","0/0","0/0","0/0","0/0","0/0","0/0","0/0","0/0","0/0","0/0","0/0","0/0","0/0","0/0","0/0","0/0","0/0","0/0","0/0","0/0","0/0","0/0","0/0","0/0","0/0","0/0","0/0","0/0","0/0","0/0","0/0"
"chr19:57642168_ACT/A_USP29","0/0","0/0","0/0","0/0","0/0","0/0","0/0","0/0","0/0","0/0","0/0","0/0","0/0","0/0","0/0","0/0","0/0","0/0","0/0","0/0","0/0","0/0","0/0","0/0","0/0","0/0","0/0","0/0","0/0","0/1","0/0","0/0","0/0","0/0","0/0","0/0","0/0","0/0","0/0","0/0","0/0","0/0","0/0","0/0","0/0","0/0","0/0","0/0","0/0","0/0","0/0","0/0","0/0","0/0","0/0","0/0","0/0","0/0","0/0","0/0","0/0","0/0","0/0","0/0","0/0","0/0","0/0","0/0","0/0","0/0","0/0","0/0","0/0","0/0","0/0","0/0","0/0","0/0","0/0","0/0","0/0","0/0","0/0","0/0","0/0","0/0","0/0","0/0","0/0","0/0","0/0","0/0","0/0","0/0","0/0","0/0","0/0","0/0","0/0","0/0","0/0","0/0","0/0","0/0","0/0","0/0","0/0","0/0","0/0","0/0","0/0","0/0","0/0","0/0","0/0","0/0","0/0","0/0","0/0","0/0","0/0","0/0","0/0","0/0","0/0","0/0","0/0","0/0","0/0","0/0","0/0","0/0","0/0","0/0","0/0","0/0","0/0","0/0","0/0","0/0","0/0","0/0","0/0","0/0","0/0","0/0","0/0","0/0","0/0","0/0","0/0","0/0","0/0"
"chr19:57956740_C/CA_ZNF749","0/0","0/0","0/0","0/0","0/0","0/0","0/0","0/0","0/0","0/0","0/0","0/0","0/0","0/0","0/0","0/1","0/0","0/0","0/0","0/0","0/0","0/0","0/0","0/0","0/0","0/0","0/0","0/0","0/1","0/0","0/0","0/0","0/0","0/0","0/1","0/1","0/0","0/0","0/0","0/0","0/0","0/0","0/0","0/0","0/0","0/0","0/0","0/0","0/0","0/1","0/0","0/0","0/0","0/1","0/1","0/0","0/0","0/0","0/0","0/0","0/0","0/0","0/0","0/0","0/0","0/0","0/0","0/0","0/0","0/0","0/0","0/0","0/0","0/0","0/0","0/0","0/0","0/0","0/0","0/0","0/0","0/0","0/0","0/0","0/0","0/0","0/0","0/0","0/0","0/0","0/0","0/0","0/0","0/1","0/1","0/0","0/0","0/0","0/0","0/0","0/0","0/1","0/0","0/0","0/0","0/0","0/0","0/0","0/0","0/1","0/0","0/0","0/0","0/0","0/0","0/0","0/0","0/0","0/0","0/0","0/0","0/0","0/0","0/0","0/0","0/0","0/0","0/0","0/0","0/0","0/0","0/0","0/0","0/0","0/0","0/0","0/0","0/0","0/0","0/0","0/0","0/0","0/0","0/0","0/0","0/0","0/0","0/0","0/0","0/0","0/0","0/0","0/0"
"chr19:57988666_A/AGCC_ZNF772","0/0","0/0","0/0","0/1","0/1","0/1","0/1","0/1","0/1","1/1","1/1","0/1","1/1","1/1","0/1","0/1","0/0","0/1","0/0","0/1","1/1","0/1","0/0","0/1","0/1","0/1","1/1","1/1","1/1","0/0","1/1","0/1","1/1","0/0","1/1","0/1","1/1","0/0","0/1","1/1","0/1","0/1","0/1","1/1","1/1","1/1","0/1","0/1","1/1","0/1","0/1","1/1","0/1","1/1","1/1","1/1","1/1","0/1","0/1","0/1","1/1","1/1","0/1","0/0","0/0","1/1","0/1","0/1","0/1","0/1","1/1","0/0","0/0","0/1","0/1","0/1","0/1","0/1","0/1","0/1","0/1","0/1","0/1","1/1","1/1","0/1","0/1","0/1","0/1","0/1","0/1","1/1","1/1","0/1","0/1","0/1","0/1","1/1","0/1","0/1","1/1","1/1","1/1","1/1","1/1","0/1","0/1","0/1","0/1","1/1","0/1","0/1","0/1","1/1","0/1","1/1","1/1","0/0","1/1","0/0","1/1","1/1","1/1","0/0","0/1","0/1","1/1","1/1","0/0","0/0","0/0","0/0","1/1","0/0","1/1","1/1","0/0","0/0","0/0","0/1","0/0","0/0","0/0","0/1","0/1","0/1","0/0","0/0","0/0","1/1","1/1","1/1","1/1"
"chr19:58151338_TG/T_ZNF211","0/0","0/0","0/0","0/0","0/0","0/0","0/0","0/0","0/0","0/0","0/0","0/0","0/1","0/1","0/1","0/0","0/0","0/0","0/0","0/0","0/1","0/1","0/0","0/0","0/0","0/0","0/0","0/0","0/1","0/0","0/0","0/0","1/1","0/0","0/1","0/1","0/0","0/1","0/1","0/0","0/0","0/0","0/0","0/0","0/0","0/1","0/0","0/0","0/1","0/1","0/1","0/1","0/0","1/1","0/0","0/1","0/0","0/0","0/1","0/1","0/0","0/1","0/0","0/0","0/0","0/1","0/1","0/0","0/0","0/1","0/1","0/0","0/0","0/0","0/0","0/1","0/1","0/0","0/0","0/1","0/1","0/0","0/1","1/1","1/1","0/1","0/1","0/0","0/0","0/0","0/1","0/0","0/0","0/1","0/1","0/1","0/0","0/1","0/0","0/0","0/0","1/1","0/0","0/1","0/1","0/1","0/1","0/1","0/1","1/1","0/0","0/1","0/1","0/1","0/0","0/0","0/0","0/0","1/1","0/0","1/1","1/1","0/0","0/0","0/0","0/0","0/1","0/1","0/0","0/0","0/0","0/0","0/0","0/0","0/0","0/0","0/0","0/0","0/0","0/0","0/0","0/0","0/0","0/0","0/0","0/0","0/0","0/0","0/0","0/1","0/1","0/1","0/1"
"chr19:58385869_C/CATA_ZNF814",".",".",".",".",".",".",".",".",".",".",".",".","1/1",".",".","1/1",".","1/1",".","1/1",".",".",".",".",".","1/1","1/1",".",".","1/1",".",".",".",".",".",".","1/1",".",".",".","1/1",".",".",".",".",".",".",".",".",".",".",".","1/1",".",".",".",".",".",".",".","1/1",".",".","1/1",".",".",".",".","1/1",".",".",".",".",".",".",".",".",".",".",".",".","1/1",".",".","1/1",".",".",".",".",".",".",".",".",".",".",".",".",".",".",".","1/1",".",".",".",".",".",".",".",".",".",".","1/1",".",".",".",".",".",".",".",".","1/1",".",".",".",".",".",".",".",".",".",".",".",".",".","1/1",".",".",".",".",".",".","1/1",".","1/1",".","1/1",".",".","1/1",".","1/1","1/1","."
"chr19:58485756_T/TAAAAAC_C19orf18","0/0","0/0","0/0","0/0","0/0","0/0","0/0","0/0","0/0","0/0","0/0","0/0","0/0","0/0","0/0","0/0","0/0","0/0","0/0","0/0","0/0","0/0","0/0","0/0","0/0","0/0","0/0","0/0","0/0","0/0","0/0","0/0","0/0","0/0","0/0","0/0","0/0","0/0","0/0","0/0","0/0","0/0","0/0","0/0","0/0","0/0","0/0","0/0","0/0","0/0","0/0","0/0","0/0","0/0","0/0","0/0","0/0","0/0","0/0","0/0","0/0","0/0","0/0","0/0","0/0","0/0","0/0","0/0","0/0","0/0","0/0","0/0","0/0","0/0","0/0","0/0","0/0","0/0","0/0","0/0","0/0","0/0","0/0","0/0","0/0","0/0","0/0","0/0","0/0","0/0","0/0","0/0","0/0","0/0","0/0","0/0","0/0","0/0","0/0","0/0","0/1","0/0","0/1","0/0","0/0","0/0","0/0","0/0","0/0","0/0","0/0","0/0","0/0","0/0","0/0","0/0","0/0","0/0","0/0","0/0","0/0","0/0","0/0","0/0","0/0","0/0","0/0","0/0","0/0","0/0","0/0","0/0","0/0","0/0","0/0","0/0","0/0","0/0","0/0","0/0","0/0","0/0","0/0","0/0","0/0","0/0","0/0","0/0","0/0","0/0","0/0","0/0","0/0"
"chr19:58718360_A/AG_ZNF274","1/1","1/1","1/1","1/1","1/1","1/1","1/1","1/1","1/1","1/1","1/1","1/1","1/1","1/1","1/1","1/1","1/1","1/1","1/1","1/1","1/1","1/1","1/1","1/1","1/1","1/1","1/1","1/1","1/1","1/1","1/1","1/1","1/1","1/1","1/1","1/1","1/1","1/1","1/1","1/1","1/1","1/1","1/1","1/1","1/1","1/1","1/1","1/1","1/1","1/1","1/1","1/1","1/1","1/1","1/1","1/1","1/1","1/1","1/1","1/1","1/1","1/1","1/1","1/1","1/1","1/1","1/1","1/1","1/1","1/1","1/1","1/1","1/1","1/1","1/1","1/1","1/1","1/1","1/1","1/1","1/1","1/1","1/1","1/1","1/1","1/1","1/1","1/1","1/1","1/1","1/1","1/1","1/1","1/1","1/1","1/1","1/1","1/1","1/1","1/1","1/1","1/1","1/1","1/1","1/1","1/1","1/1","1/1","1/1","1/1","1/1","1/1","1/1","1/1","1/1","1/1","1/1","1/1","1/1","1/1","1/1","1/1","1/1","1/1","1/1","1/1","1/1","1/1","1/1","1/1","1/1","1/1","1/1","1/1","1/1","1/1","1/1","1/1","1/1","1/1","1/1","1/1","1/1","1/1","1/1","1/1","1/1","1/1","1/1","1/1","1/1","1/1","1/1"
"chr19:58774040_T/TGTAG_ZNF544","0/0","0/0","0/0","0/0","0/0","0/0","0/0","0/0","0/0","0/0","0/0","0/0","0/0","0/0","0/0","0/0","0/0","0/0","0/0","0/0","0/0","0/0","0/0","0/0","0/0","0/0","0/0","0/0","0/0","0/0","0/0","0/1","0/0","0/0","0/0","0/0","0/0","0/0","0/0","0/0","0/0","0/0","0/0","0/0","0/0","0/0","0/0","0/0","0/0","0/0","0/0","0/0","0/0","0/0","0/0","0/0","0/0","0/1","0/0","0/0","0/0","0/0","0/0","0/0","0/0","0/0","0/0","0/0","0/0","0/0","0/0","0/0","0/0","0/0","0/0","0/0","0/0","0/0","0/0","0/0","0/0","0/0","0/0","0/0","0/0","0/0","0/0","0/0","0/0","0/0","0/0","0/0","0/0","0/0","0/0","0/0","0/0","0/0","0/0","0/0","0/0","0/0","0/0","0/0","0/0","0/0","0/0","0/0","0/0","0/0","0/0","0/0","0/0","0/0","0/0","0/0","0/0","0/0","0/0","0/0","0/0","0/0","0/0","0/0","0/0","0/0","0/0","0/0","0/0","0/0","0/0","0/0","0/0","0/0","0/0","0/0","0/0","0/0","0/0","0/0","0/0","0/0","0/0","0/0","0/0","0/0","0/0","0/0","0/0","0/0","0/0","0/0","0/0"
"chr19:58907568_CAGG/C_RNF225","0/0","0/0","0/0","0/0","0/0","0/0","0/0","0/0","0/0","0/0","0/0","0/0","0/0","0/0","0/0","0/0","0/0","0/0","0/0","0/0","0/0","0/0","0/0","0/0","0/0","0/0","0/0","0/0","0/0","0/0","0/0","0/0","0/0","0/0","0/0","0/0","0/0","0/0","0/0","0/0","0/0","0/0","0/0","0/0","0/0","0/0","0/0","0/0","0/0","0/0","0/0","0/0","0/0","0/0","0/0","0/0","0/0","0/0","0/0","0/0","0/0","0/0","0/0","0/0","0/0","0/0","0/0","0/0","0/0","0/0","0/1","0/0","0/0","0/0","0/0","0/0","0/0","0/0","0/0","0/0","0/0","0/0","0/0","0/0","0/0","0/0","0/0","0/0","0/0","0/0","0/0","0/0","0/0","0/0","0/0","0/0","0/0","0/1","0/0","0/0","0/0","0/0","0/0","0/0","0/0","0/0","0/0","0/0","0/0","0/0","0/0","0/0","0/0","0/0","0/0","0/0","0/0","0/0","0/0","0/0","0/0","0/0","0/0","0/0","0/0","0/0","0/0","0/0","0/0","0/0","0/0","0/0","0/0","0/0","0/0","0/0","0/0","0/0","0/0","0/0","0/0","0/0","0/0","0/0","0/0","0/0","0/0","0/0","0/0","0/0","0/0","0/0","0/0"
"chr19:58921456_TG/T_ZNF584","0/0","0/0","0/0","0/0","0/0","0/0","0/0","0/0","0/0","0/0","0/1","0/0","0/0","0/0","0/0","0/0","0/0","0/0","0/0","0/0","0/0","0/0","0/0","0/0","0/0","0/0","0/0","0/0","0/0","0/0","0/0","0/0","0/0","0/0","0/0","0/0","0/0","0/0","0/0","0/0","0/0","0/0","0/0","0/0","0/0","0/0","0/0","0/0","0/0","0/0","0/0","0/0","0/0","0/0","0/0","0/0","0/0","0/0","0/0","0/0","0/0","0/0","0/0","0/0","0/0","0/0","0/0","0/0","0/0","0/0","0/0","0/0","0/0","0/0","0/0","0/0","0/0","0/0","0/0","0/0","0/0","0/0","0/0","0/0","0/0","0/0","0/0","0/0","0/0","0/0","0/0","0/0","0/0","0/0","0/0","0/0","0/0","0/0","0/0","0/0","0/0","0/0","0/0","0/0","0/0","0/0","0/0","0/0","0/0","0/0","0/0","0/0","0/0","0/0","0/0","0/0","0/0","0/0","0/0","0/0","0/0","0/0","0/0","0/0","0/0","0/0","0/0","0/0","0/0","0/0","0/0","0/0","0/0","0/0","0/0","0/0","0/0","0/0","0/0","0/0","0/0","0/0","0/0","0/0","0/0","0/0","0/0","0/0","0/0","0/0","0/0","0/0","0/0"
"chr20:126155_GCAAA/G_DEFB126","0/0","0/0","0/0","0/0","0/1","0/1","0/0","0/0","0/0","0/0","0/0","0/0","0/0","0/0","0/1","0/0","0/0","0/0","0/0","0/1","0/0","0/0","0/0","0/0","0/0","0/0","0/1","0/0","0/0","0/0","0/0","0/0","0/1","0/0","0/0","0/0","0/0","0/0","0/0","0/0","0/1","0/1","0/0","0/0","0/0","0/0","0/0","0/0","0/0","0/0","0/0","0/0","0/0","0/0","0/0","0/0","0/0","0/0","0/0","0/0","0/0","0/0","0/0","0/0","0/0","0/0","0/0","0/0","0/0","0/0","0/0","0/0","0/0","0/0","0/0","0/1","0/1","0/0","0/0","0/0","0/0","0/0","0/0","0/0","0/0","0/0","0/0","0/0","0/0","0/0","0/0","0/0","0/0","0/0","0/0","0/0","0/0","0/1","0/0","0/0","0/0","0/0","0/0","0/0","0/0","0/0","0/0","0/0","0/0","0/0","0/0","0/0","0/0","0/0","0/0","0/0","0/0","0/0","0/0","0/0","0/0","0/0","0/0","0/0","0/0","0/0","0/0","0/0","0/0","0/0","0/0","0/0","0/0","0/0","0/0","0/0","0/0","0/0","0/0","0/0","0/0","0/0","0/0","0/0","0/0","0/0","0/0","0/0","0/0","0/0","0/0","0/0","0/0"
"chr20:126310_ACC/A_DEFB126","0/0","0/0","0/0","1/1","1/1","1/1","0/0","0/0","0/0","0/1","0/0","0/0","0/1","0/1","0/1","0/0","0/0","0/1","1/1","0/1","0/1","0/1","0/1","0/1","0/1","1/1","0/1","0/1","0/0","0/0","0/0","0/1","1/1","0/0","1/1","1/1","0/1","0/1","1/1","0/1","0/1","1/1","0/0","0/1","0/0","0/1","0/1","0/0","0/0","0/0","1/1","0/0","0/0","0/0","0/1","1/1","1/1","0/0","0/0","1/1","0/0","0/1","0/1","0/0","0/0","1/1","0/1","0/1","0/1","0/1","1/1","0/1","0/1","0/0","0/0","1/1","1/1","0/1","0/1","0/0","0/0","0/1","1/1","0/1","0/1","0/0","0/0","1/1","0/1","0/1","0/1","0/1","0/1","0/0","0/0","0/1","1/1","1/1","1/1","1/1","0/1","0/0","0/1","0/0","0/0","0/1","0/1","0/1","0/1","0/0","1/1","0/1","0/1","0/1","0/0","0/1","0/1","0/0","0/0","0/0","0/0","0/0","0/1","0/0","0/0","0/0","0/1","0/1","0/0","0/0","0/0","0/1","1/1","0/0","1/1","1/1","0/0","0/0","0/1","0/1","0/1","0/1","0/1","0/1","0/1","0/1","1/1","1/1","1/1","1/1","1/1","1/1","1/1"
"chr20:238435_CTGGTCT/C_DEFB132","1/1","1/1","1/1","1/1","0/1","0/1","1/1","1/1","1/1","1/1","0/1","1/1","1/1","1/1","0/1","1/1","1/1","0/1","0/0","0/1","1/1","1/1","0/1","0/1","0/1","1/1","0/1","0/1","1/1","1/1","1/1","1/1","0/1","1/1","0/1","0/1","1/1","0/1","1/1","1/1","0/1","0/0","0/1","1/1","0/1","1/1","0/1","1/1","1/1","0/1","1/1","0/1","1/1","0/1","0/1","0/1","0/1","1/1","0/1","0/1","1/1","0/1","0/1","1/1","1/1","1/1","1/1","0/1","0/1","1/1","1/1","0/1","0/1","0/1","0/1","0/1","0/1","1/1","1/1","0/1","0/1","1/1","1/1","0/1","0/1","1/1","1/1","0/1","1/1","1/1","1/1","1/1","1/1","1/1","1/1","1/1","0/1","0/1","0/0","0/0","0/1","1/1","0/1","0/1","0/1","1/1","1/1","0/1","0/1","1/1","1/1","1/1","1/1","1/1","1/1","1/1","1/1","1/1","1/1","1/1","1/1","1/1","1/1","1/1","1/1","1/1","1/1","1/1","0/0","0/0","0/0","0/1","1/1","1/1","1/1","1/1","1/1","1/1","0/1","0/1","0/1","0/1","0/1","0/1","0/1","0/1","1/1","1/1","1/1","0/1","0/1","0/1","0/1"
"chr20:271225_TACC/AACC_C20orf96","0/1",".","2/2","0/0","0/1","0/1","0/1","0/3","0/1","2/4","0/0","2/2","0/0","0/0","0/0","0/2","0/5","2/2","0/1","0/0","0/0","2/2","2/3","0/6","0/5","0/1","2/2","0/6","0/1","4/5","0/1",".","0/6","2/5","0/0","0/0","0/1","0/0","2/2","0/2","0/6","0/2","2/2","0/0","0/0","1/1","0/0","3/5","2/4","1/4","0/0","0/2","5/5","0/0","0/5","0/2","0/0","2/4","0/5",".","0/1","0/2","0/0","2/2","2/2","0/2","0/2","0/0","0/0","0/2","0/1","0/4","0/0","0/2","0/2","0/4","0/0","2/5","0/2","0/0","0/0","0/2","0/0","0/2","0/1","0/0","0/4","0/0","0/6","0/1",".","0/2","0/2","2/2","2/2","1/1","0/5","0/0","0/5","0/6","0/0","2/2","0/0","0/0","0/0","0/0","0/2","0/2","0/1","2/6","0/0","0/2","0/2","0/4","2/4","0/6","0/5","0/1","1/1","0/0","1/6","2/2","0/0",".","0/1",".","0/0","0/0","0/2","0/5","0/2","0/0","0/1","0/2","0/1","0/1","0/1","0/1","0/2","0/2","0/1","0/4","0/0","0/0","0/4","0/2","2/2","2/2","0/1","0/1","0/2","0/1","0/1"
"chr20:278687_CCGG/C_ZCCHC3","1/1","1/1","1/1","0/1","1/1","1/1","0/1","0/1","0/1","1/1","1/1","1/1","0/1","1/1","1/1","0/1","0/1","1/1","1/1","1/1","0/1","1/1","1/1","1/1","1/1","1/1","1/1","1/1","1/1","0/1","1/1","1/1","1/1","1/1","1/1","1/1","1/1","0/1","0/1","0/1","1/1","0/1","1/1","0/1","0/1","1/1","1/1","1/1","1/1","1/1","1/1","0/1","1/1","1/1","1/1","0/1","1/1","1/1","1/1","1/1","1/1","1/1","0/0","1/1","1/1","0/1","0/1","0/1","0/1","0/1","0/1","1/1","1/1","1/1","1/1","0/0","0/0","0/1","0/1","1/1","1/1","1/1","1/1","1/1","1/1","0/1","0/1","1/1","0/1","0/1","1/1","1/1","1/1","1/1","1/1","1/1","1/1","0/1","1/1","1/1","0/1","1/1","0/1","0/1","0/1","1/1","1/1","0/1","1/1","1/1","0/1","1/1","1/1","1/1","1/1","1/1","1/1","1/1","1/1","1/1","1/1","1/1","1/1","1/1","1/1","1/1","1/1","1/1","1/1","1/1","1/1","0/0","1/1","1/1","1/1","1/1","1/1","1/1","1/1","0/1","1/1","0/0","0/0","1/1","1/1","1/1","0/1","0/1","0/1","0/1","0/1","0/1","0/1"
"chr20:363262_TG/T_TRIB3","0/0","0/0","0/0","0/0","0/0","0/0","0/0","0/0","0/0","0/0","0/0","0/0","0/0","0/0","0/0","0/0","0/0","0/0","0/0","0/0","0/0","0/0","0/0","0/0","0/0","0/0","0/0","0/0","0/0","0/0","0/0","0/0","0/0","0/0","0/0","0/0","0/0","0/0","0/0","0/0","0/0","0/0","0/0","0/0","0/0","0/0","0/0","0/0","0/0","0/0","0/0","0/0","0/0","0/0","0/0","0/0","0/0","0/0","0/0","0/0","0/0","0/0","0/0","0/0","0/0","0/0","0/0","0/0","0/0","0/0","0/0","0/0","0/0","0/0","0/0","0/0","0/0","0/0","0/0","0/0","0/0","0/0","0/0","0/0","0/0","0/1","0/1","0/0","0/0","0/0","0/0","0/0","0/0","0/0","0/0","0/0","0/0","0/0","0/0","0/0","0/0","0/0","0/0","0/0","0/0","0/0","0/0","0/0","0/0","0/0","0/0","0/0","0/0","0/0","0/0","0/0","0/0","0/0","0/0","0/0","0/0","0/0","0/0","0/0","0/0","0/0","0/0","0/0","0/0","0/0","0/0","0/0","0/0","0/0","0/0","0/0","0/0","0/0","0/0","0/0","0/0","0/0","0/0","0/0","0/0","0/0","0/0","0/0","0/0","0/0","0/0","0/0","0/0"
"chr20:896443_AGCCCTCTGTGCTCAGGGAAGGCCTCTTGGATGGACACTCCACCTGCTGATTGTGACAGACCCCAAAGCCGCCCTCTGCCCCCTGCAAACCTCCCATGCCCCGTACCTTCTTCAGCCACT/A_ANGPT4","0/0","0/0","0/0","0/0","0/0","0/0","0/0","0/0","0/0","0/0","0/0","0/0","0/0","0/0","0/0","0/0","0/0","0/0","0/0","0/0",".","0/0","0/0","0/0","0/0","0/0","0/0","0/0","0/0","0/0","0/0","0/0","0/0","0/0","0/0","0/0","0/0","0/0","0/0","0/0","0/0","0/0","0/0","0/0","0/0","0/0","0/0","0/0","0/0","0/0","0/0","0/0","0/0","0/0","0/0","0/0","0/0","0/0","0/1","0/0","0/0","0/0","0/0","0/0","0/0","0/0","0/0","0/0","0/0","0/0","0/0","0/0","0/0","0/0","0/0","0/0","0/0","0/0","0/0","0/0","0/0","0/0","0/0","0/0","0/0","0/0","0/0","0/0","0/0","0/0","0/0","0/0","0/0","0/0","0/0","0/0","0/0","0/0","0/0","0/0","0/0","0/0","0/0","0/0","0/0","0/0","0/0","0/0","0/0","0/0","0/0","0/0","0/0","0/0","0/0","0/0","0/0","0/0","0/0","0/0","0/0","0/0","0/0","0/0","0/0","0/0","0/0","0/0","0/0","0/0","0/0","0/0","0/0","0/0","0/0","0/0","0/0","0/0","0/0","0/0","0/0","0/0","0/0","0/0","0/0","0/0","0/0","0/0","0/0","0/0","0/0","0/0","0/0"
"chr20:1546854_G/GC_SIRPB1","0/0","0/0","0/0","0/0","0/0","0/0","0/0","0/0","0/0","0/0","0/0","0/0","0/0","0/0","0/0","0/0","0/0","0/0","0/0","0/0","0/0","0/0","0/0","0/0","0/0","0/0","0/0","0/0","0/0","0/0","0/0","0/0","0/0","0/0","0/0","0/0","0/0","0/0","0/0","0/0","0/0","0/0","0/0","0/0","0/0","0/0","0/0","0/0","0/0","0/0","0/0","0/0","0/0","0/0","0/0","0/1","0/0","0/0","0/0","0/0","0/0","0/0","0/0","0/0","0/0","0/0","0/0","0/0","0/0","0/0","0/0","0/0","0/0","0/0","0/0","0/0","0/0","0/0","0/0","0/0","0/0","0/0","0/0","0/0","0/0","0/0","0/0","0/0","0/0","0/0","0/0","0/0","0/0","0/0","0/0","0/0","0/0","0/0","0/0","0/0","0/0","0/0","0/0","0/0","0/0","0/0","0/0","0/0","0/0","0/0","0/0","0/0","0/0","0/0","0/0","0/0","0/0","0/0","0/0","0/0","0/0","0/0","0/0","0/0","0/0","0/0","0/0","0/0","0/0","0/0","0/0","0/0","0/0","0/0","0/0","0/0","0/0","0/0","0/0","0/0","0/0","0/0","0/0","0/0","0/0","0/0","0/0","0/0","0/0","0/0","0/0","0/0","0/0"
"chr20:1592348_CGCCAGCT/C_SIRPB1",".","0/0","1/1","0/0",".",".",".","0/0",".","0/0","0/0","0/0","0/0","0/0","0/0","0/0","0/0","0/0","0/0",".","0/0","0/0","0/0","0/0","0/0","0/0",".","0/0","0/0","0/0","0/0","0/0",".","0/0","0/0","0/0","0/0","0/0","0/0","0/0",".","0/0","0/0","0/0","0/0","0/0","0/0","0/0","0/0","0/0","0/0","0/0","0/0","0/0","0/0","0/0","0/0","0/0","0/0","0/0","0/0","0/0","0/0",".",".","0/0","0/0","0/0","0/0","0/0","0/0","0/0","0/0","0/0","0/0","0/0","0/0","0/0","0/0",".",".","0/0","0/0","0/0","0/0","0/0","0/0","0/0","0/0","0/0","0/0","0/0","0/0","0/0","0/0","0/0","0/0","0/0","0/0","0/0","0/0","0/0","0/0","0/0","0/0","0/0","0/0","0/0","0/0","0/0","0/0","0/0","0/0","0/0","0/0","0/0","0/0","0/0","0/0","0/0","0/0","0/0","0/0","0/0","0/0","0/0","0/0","0/0",".",".",".","0/0","0/0","0/0","0/0","0/0","0/0","0/0","0/0","0/0","0/0","0/0","0/0","0/0","0/0","0/0","0/0","0/0","0/0","0/0","0/0","0/0","0/0"
"chr20:2621820_CAAG/C_TMC2","0/0","0/0","0/0","0/0","0/0","0/0","0/0","0/0","0/0","0/0","0/0","0/0","0/0","0/0","0/0","0/0","0/0","0/0","0/0","0/0","0/0","0/0","0/0","0/0","0/0","0/0","0/0","0/0","0/0","0/0","0/0","0/0","0/0","0/0","0/0","0/0","0/0","0/0","0/0","0/0","0/0","0/0","0/0","0/0","0/0","0/0","0/0","0/0","0/0","0/0","0/0","0/0","0/0","0/0","0/0","0/0","0/0","0/1","0/0","0/0","0/0","0/0","0/0","0/0","0/0","0/0","0/1","0/0","0/0","0/1","0/0","0/0","0/0","0/0","0/0","0/0","0/0","0/0","0/0","0/0","0/0","0/0","0/0","0/0","0/0","0/0","0/0","0/0","0/0","0/0","0/0","0/0","0/0","0/0","0/0","0/0","0/0","0/0","0/0","0/0","0/0","0/0","0/0","0/0","0/0","0/0","0/0","0/0","0/0","0/0","0/0","0/0","0/0","0/0","0/0","0/1","0/1","0/1","0/0","0/1","0/0","0/0","0/1","0/1","0/0","0/0","0/0","0/0","0/0","0/0","0/0","0/0","0/0","0/0","0/0","0/0","0/0","0/0","0/0","0/0","0/0","0/0","0/0","0/0","0/0","0/0","0/0","0/0","0/0","0/0","0/0","0/0","0/0"
"chr20:2795898_TGGGTGCTGGGGAG/T_C20orf141","0/0","0/0","0/0","0/0","0/0","0/0","0/0","0/0","0/0","0/0","0/0","0/0","0/0","0/0","0/0","0/0","0/0","0/0","0/0","0/0","0/0","0/0","0/0","0/0","0/0","0/0","0/0","0/0","0/0","0/0","0/0","0/0","0/0","0/0","0/0","0/0","0/0","0/0","0/0","0/0","0/0","0/0","0/0","0/0","0/0","0/0","0/0","0/0","0/0","0/0","0/0","0/0","0/0","0/0","0/0","0/0","0/0","0/0","0/0","0/0","0/0","0/0","0/0","0/0","0/0","0/0","0/0","0/0","0/0","0/0","0/0","0/0","0/0","0/0","0/0","0/0","0/0","0/0","0/0","0/0","0/0","0/0","0/0","0/0","0/0","0/0","0/0","0/0","0/0","0/0","0/0","0/0","0/0","0/0","0/0","0/0","0/0","0/0","0/0","0/0","0/0","0/0","0/0","0/0","0/0","0/0","0/0","0/0","0/0","0/0","0/0","0/0","0/0","0/0","0/0","0/0","0/0","0/0","0/0","0/0","0/0","0/0","0/0","0/0","0/0","0/0","0/0","0/0","0/0","0/0","0/0","0/0","0/0","0/0","0/0","0/0","0/0","0/0","0/0","0/0","0/0","0/0","0/0","0/1","0/1","0/1","0/0","0/0","0/0","0/0","0/0","0/0","0/0"
"chr20:3026345_A/AGCCCC_GNRH2","0/0","0/0","0/0","0/1","0/0","0/0","0/0","0/0","0/0","0/0","0/1","0/1","0/1","0/0","0/0","0/1","0/0","1/1","0/1","0/1","1/1","0/0","0/0","0/1","0/1","0/0","0/1","0/1","1/1","1/1","0/0","0/1","0/1","0/1","0/1","1/1","0/0","0/0","0/1","0/1","1/1","0/1","0/1","0/1","0/0","0/1","0/0","0/0","0/0","0/0","1/1","0/1","0/1","0/0","0/1","0/1","0/0","0/1","0/1","0/0","0/1","0/0","0/1","0/0","0/0","0/1","0/1","1/1","1/1","0/1","0/1","0/1","0/1","0/1","0/1","1/1","1/1","1/1","1/1","0/1","0/1","0/1","1/1","0/1","0/1","0/0","0/0","0/0","0/0","0/0","1/1","1/1","1/1","1/1","1/1","1/1","0/0","0/1","0/1","0/1","0/0","0/0","0/0","0/1","0/1","1/1","1/1","0/0","0/0","0/0","0/1","0/0","0/0","0/0","0/1","0/1","0/1","0/0","0/0","0/0","0/0","0/0","0/1","0/0","0/1","0/1","0/0","0/0","0/1","0/1","1/1","1/1","1/1","0/0","1/1","0/1","0/0","0/0","0/0","0/0","0/0","1/1","1/1","0/0","0/0","0/0","0/0","0/0","0/0","0/1","0/1","0/1","0/1"
"chr20:3027286_G/GGGAGCA_MRPS26","0/0","0/0","0/0","0/0","0/0","0/0","0/0","0/0","0/0","0/0","0/0","0/0","0/0","0/0","0/0","0/0","0/0","0/0","0/0","0/0","0/0","0/0","0/0","0/0","0/0","0/0","0/0","0/0","0/0","0/0","0/0","0/0","0/0","0/0","0/0","0/0","0/0","0/0","0/0","0/0","0/0","0/0","0/0","0/0","0/0","0/0","0/0","0/0","0/0","0/0","0/0","0/0","0/0","0/0","0/0","0/0","0/0","0/0","0/0","0/0","0/0","0/0","0/0","0/0","0/0","0/0","0/0","0/0","0/0","0/0","0/0","0/0","0/0","0/0","0/0","0/0","0/0","0/0","0/0","0/0","0/0","0/0","0/0","0/0","0/0","0/0","0/0","0/0","0/0","0/0","0/0","0/0","0/0","0/0","0/0","0/0","0/0","0/0","0/0","0/0","0/0","0/0","0/0","0/0","0/0","0/0","0/0","0/0","0/0","0/0","0/0","0/0","0/0","0/0","0/0","0/0","0/0","0/0","0/0","0/0","0/0","0/0","0/0","0/0","0/0","0/0","0/0","0/0","0/0","0/0","0/0","0/0","0/1","0/0","0/1","0/1","0/0","0/0","0/0","0/0","0/0","0/0","0/0","0/0","0/0","0/0","0/0","0/0","0/0","0/0","0/0","0/0","0/0"
"chr20:3127716_GC/G_FASTKD5","0/0","0/0","0/0","0/0","0/0","0/0","0/0","0/0","0/0","0/0","0/0","0/0","0/0","0/0","0/0","0/0","0/0","0/0","0/0","0/0","0/0","0/0","0/0","0/0","0/0","0/0","0/0","0/0","0/0","0/0","0/0","0/0","0/0","0/0","0/0","0/0","0/1","0/0","0/0","0/0","0/0","0/0","0/0","0/0","0/0","0/0","0/0","0/0","0/0","0/0","0/0","0/0","0/0","0/0","0/0","0/0","0/0","0/0","0/0","0/0","0/0","0/0","0/0","0/0","0/0","0/0","0/0","0/0","0/0","0/0","0/0","0/0","0/0","0/0","0/0","0/0","0/0","0/0","0/0","0/0","0/0","0/0","0/0","0/0","0/0","0/0","0/0","0/0","0/0","0/0","0/0","0/0","0/0","0/0","0/0","0/0","0/0","0/0","0/0","0/0","0/0","0/0","0/0","0/0","0/0","0/0","0/0","0/0","0/0","0/0","0/0","0/0","0/0","0/0","0/0","0/0","0/0","0/0","0/0","0/0","0/0","0/0","0/0","0/0","0/0","0/0","0/0","0/0","0/0","0/0","0/0","0/0","0/0","0/0","0/0","0/0","0/0","0/0","0/0","0/0","0/0","0/0","0/0","0/0","0/0","0/0","0/0","0/0","0/0","0/0","0/0","0/0","0/0"
"chr20:3649632_ATCTGGACT/A_ADAM33","0/0","0/0","0/0","0/0","0/0","0/0","0/0","0/0","0/0","0/0","0/0","0/0","0/0","0/0","0/0","0/1","0/0","0/0","0/0","0/0","0/1","0/0","0/0","0/0","0/1","0/0","0/0","0/0","0/1","0/0","1/1","1/1","0/0","0/0","0/0","0/0","0/0","0/0","0/0","0/0","0/1","0/0","0/1","0/0","0/0","0/1","0/0","0/1","0/1","0/0","0/1","0/0","0/0","0/0","0/0","0/0","0/0","0/0","0/0","0/1","0/1","0/0","0/1","0/0","0/0","0/0","0/0","0/0","0/0","0/0","0/0","0/0","0/0","0/0","0/0","0/0","0/0","0/0","0/0","0/0","0/0","0/0","0/1","0/0","0/0","0/1","0/1","0/0","0/0","0/0","0/0","0/0","0/0","0/0","0/0","0/0","0/0","0/1","0/0","0/0","0/1","0/0","0/1","0/1","0/1","0/0","0/0","0/1","0/1","0/0","0/0","0/0","0/0","0/0","0/1","0/0","0/0","0/0","0/1","0/0","0/1","0/1","0/0","0/0","0/1","0/1","0/0","0/0","0/0","0/0","0/0","0/0","0/1","0/1","0/1","0/1","0/1","0/1","0/0","0/0","0/0","0/0","0/0","0/0","0/0","0/0","0/0","0/0","0/0","0/1","0/1","0/1","0/1"
"chr20:3767121_TGGGGCCCATCCCGGCGCGCCCCCCGCCCCGGGGCCCGGCGCCGCCGCCGCCGCCCCGGGGCGG/T_CENPB","0/1","0/1","0/0","0/1","0/1","0/1","0/1","0/1","0/1","0/1","0/0","0/1","0/1","0/1","0/1","0/0","0/1","0/1","0/1","0/1","0/1","0/1","0/1","0/1","0/1","0/1","0/1","0/1","0/1","0/1","0/1","0/1","0/1","0/1","0/1","0/1","0/1","0/1","0/1","0/1","0/1","0/1","0/1","0/1","0/1","0/1","0/1","0/1","0/1","0/0","0/1","0/1","0/1","0/1","0/1","0/1","0/1","0/1","0/1","0/1","0/1","0/0","0/1","0/1","0/1","0/1","0/1","0/1","0/1","0/1","0/1","0/1","0/1","0/1","0/1","0/1","0/1","0/1","0/1","0/1","0/1","0/1","0/0","0/1","0/1","0/1","0/1","0/1","0/1","0/1","0/1","0/1","0/1","0/1","0/1","0/1","0/1","0/1","0/1","0/1","0/1","0/1","0/1","0/1","0/1","0/1","0/0","0/1","0/1","0/0","0/1","0/1","0/1","0/1","0/1","0/1","0/1","0/0","0/1","0/1","0/1","0/1","0/1","0/1","0/1","0/1","0/1","0/1","0/1","0/1","0/1","0/0","0/1","0/1","0/1","0/1","0/1","0/1","0/1","0/1","0/1","0/0","0/1","0/1","0/1","0/1","0/1","0/1","0/1","0/1","0/1","0/1","0/1"
"chr20:3843030_GAC/G_MAVS","0/0","0/0","0/0","0/0","0/0","0/0","0/0","0/0","0/0","0/0","0/0","0/0","0/0","0/0","0/0","0/0","0/0","0/0","0/0","0/0","0/0","0/0","0/0","0/0","0/0","0/0","0/0","0/0","0/0","0/0","0/0","0/0","0/0","0/0","0/0","0/0","0/0","0/0","0/0","0/0","0/0","0/0","0/0","0/1","0/0","0/0","0/0","0/0","0/0","0/0","0/0","0/0","0/0","0/0","0/0","0/0","0/0","0/0","0/0","0/0","0/0","0/0","0/0","0/0","0/0","0/0","0/0","0/0","0/0","0/0","0/0","0/0","0/0","0/0","0/0","0/0","0/0","0/0","0/0","0/0","0/0","0/0","0/0","0/0","0/0","0/0","0/0","0/0","0/0","0/0","0/0","0/0","0/0","0/0","0/0","0/0","0/0","0/0","0/0","0/0","0/0","0/0","0/0","0/0","0/0","0/0","0/0","0/0","0/0","0/0","0/0","0/0","0/0","0/0","0/0","0/0","0/0","0/0","0/0","0/0","0/0","0/0","0/0","0/0","0/0","0/0","0/0","0/0","0/0","0/0","0/0","0/0","0/0","0/0","0/0","0/0","0/0","0/0","0/0","0/0","0/0","0/0","0/0","0/0","0/0","0/0","0/0","0/0","0/0","0/0","0/0","0/0","0/0"
"chr20:6033177_AG/A_LRRN4","0/0","0/0","0/0","0/0","0/0","0/0","0/0","0/0","0/0","0/0","0/0","0/0","0/0","0/0","0/0","0/0","0/0","0/0","0/0","0/0","0/0","0/0","0/0","0/0","0/0","0/0","0/0","0/0","0/0","0/0","0/0","0/0","0/0","0/0","0/0","0/0","0/0","0/0","0/0","0/0","0/0","0/0","0/0","0/0","0/0","0/0","0/0","0/0","0/0","0/0","0/0","0/0","0/0","0/0","0/0","0/0","0/0","0/0","0/0","0/0","0/0","0/0","0/0","0/0","0/0","0/0","0/0","0/0","0/0","0/0","0/0","0/0","0/0","0/0","0/0","0/0","0/0","0/0","0/0","0/0","0/0","0/0","0/0","0/0","0/0","0/0","0/0","0/0","0/0","0/0","0/0","0/0","0/0","0/0","0/0","0/0","0/0","0/0","0/0","0/0","0/1","0/0","0/1","0/0","0/0","0/0","0/0","0/0","0/0","0/0","0/0","0/0","0/0","0/0","0/0","0/0","0/0","0/0","0/0","0/0","0/0","0/0","0/0","0/0","0/0","0/0","0/0","0/0","0/0","0/0","0/0","0/0","0/0","0/0","0/0","0/0","0/0","0/0","0/0","0/0","0/0","0/0","0/0","0/0","0/0","0/0","0/0","0/0","0/0","0/0","0/0","0/0","0/0"
"chr20:9457363_GC/G_PLCB4","0/0","0/0","0/0","0/0","0/0","0/0","0/0","0/0","0/0","0/0","0/0","0/0","0/0","0/0","0/0","0/0","0/0","0/0","0/0","0/0","0/0","0/0","0/0","0/0","0/0","0/0","0/0","0/0","0/0","0/0","0/0","0/0","0/0","0/0","0/0","0/0","0/0","0/0","0/0","0/0","0/0","0/0","0/0","0/0","0/0","0/0","0/0","0/0","0/0","0/0","0/0","0/0","0/0","0/0","0/1","0/0","0/0","0/0","0/0","0/0","0/0","0/0","0/0","0/0","0/0","0/0","0/0","0/0","0/0","0/0","0/0","0/0","0/0","0/0","0/0","0/0","0/0","0/0","0/0","0/0","0/0","0/0","0/0","0/0","0/0","0/0","0/0","0/0","0/0","0/0","0/0","0/0","0/0","0/0","0/0","0/0","0/0","0/0","0/0","0/0","0/0","0/0","0/0","0/0","0/0","0/0","0/0","0/0","0/0","0/0","0/0","0/0","0/0","0/0","0/0","0/0","0/0","0/0","0/0","0/0","0/0","0/0","0/0","0/0","0/0","0/0","0/0","0/0","0/0","0/0","0/0","0/0","0/0","0/0","0/0","0/0","0/0","0/0","0/0","0/0","0/0","0/0","0/0","0/0","0/0","0/0","0/0","0/0","0/0","0/0","0/0","0/0","0/0"
"chr20:13140647_AAGGGC/A_SPTLC3","0/0","0/0","0/0","0/0","0/0","0/0","0/0","0/0","0/0","0/0","0/0","0/0","0/0","0/0","0/0","0/0","0/0","0/0","0/0","0/0","0/0","0/0","0/0","0/0","0/0","0/0","0/0","0/0","0/0","0/0","0/0","0/0","0/0","0/0","0/0","0/1","0/0","0/0","0/0","0/0","0/0","0/0","0/0","0/0","0/0","0/0","0/0","0/0","0/0","0/0","0/0","0/0","0/0","0/0","0/0","0/0","0/0","0/0","0/0","0/0","0/0","0/0","0/0","0/0","0/0","0/0","0/0","0/0","0/0","0/0","0/0","0/0","0/0","0/0","0/0","0/0","0/0","0/0","0/0","0/0","0/0","0/0","0/0","0/0","0/0","0/0","0/0","0/0","0/0","0/0","0/0","0/0","0/0","0/0","0/0","0/0","0/0","0/0","0/0","0/0","0/0","0/0","0/0","0/0","0/0","0/0","0/0","0/0","0/0","0/0","0/0","0/0","0/0","0/0","0/0","0/0","0/0","0/0","0/0","0/0","0/0","0/0","0/0","0/0","0/0","0/0","0/0","0/0","0/0","0/0","0/0","0/0","0/0","0/0","0/0","0/0","0/0","0/0","0/0","0/0","0/0","0/0","0/0","0/0","0/0","0/0","0/0","0/0","0/0","0/0","0/0","0/0","0/0"
"chr20:13202443_AGCT/A_ISM1","0/0","0/0","0/0","0/0","0/0","0/0","0/0","0/0","0/0","0/0","0/0","0/0","0/0","0/0","0/0","0/0","0/0","0/0","0/0","0/0","0/0","0/0","0/0","0/0","0/0","0/0","0/0","0/0","0/0","0/0","0/0","0/0","0/0","0/0","0/0","0/0","0/0","0/0","0/0","0/0","0/0","0/0","0/0","0/0","0/0","0/0","0/0","0/0","0/0","0/0","0/0","0/1","0/0","0/0","0/0","0/0","0/0","0/0","0/0","0/0","0/0","0/0","0/0","0/0","0/0","0/0","0/0","0/0","0/0","0/0","0/0","0/0","0/0","0/0","0/0","0/0","0/0","0/0","0/0","0/0","0/0","0/0","0/0","0/0","0/0","0/0","0/0","0/0","0/0","0/0","0/0","0/0","0/0","0/0","0/0","0/0","0/0","0/0","0/1","0/0","0/0","0/0","0/0","0/0","0/0","0/0","0/0","0/0","0/0","0/0","0/0","0/0","0/0","0/0","0/0","0/0","0/0","0/0","0/0","0/0","0/0","0/0","0/0","0/0","0/0","0/0","0/0","0/0","0/0","0/0","0/0","0/0","0/0","0/0","0/0","0/0","0/0","0/0","0/0","0/0","0/0","0/0","0/0","0/0","0/0","0/0","0/0","0/0","0/0","0/0","0/0","0/0","0/0"
"chr20:13740447_CCTT/C_ESF1","0/0","0/0","0/0","0/0","0/0","0/0","0/0","0/0","0/0","0/0","0/0","0/0","0/0","0/1","0/0","0/0","0/0","0/0","0/0","0/0","0/0","0/0","0/0","0/0","0/0","0/0","0/0","0/0","0/0","0/0","0/0","0/0","0/0","0/0","0/0","0/0","0/0","0/0","0/0","0/0","0/0","0/1","0/0","0/0","0/0","0/0","0/0","0/0","0/0","0/0","0/0","0/0","0/0","0/0","0/0","0/0","0/0","0/0","0/0","0/0","0/0","0/0","0/0","0/0","0/0","0/0","0/0","0/0","0/0","0/0","0/0","0/0","0/0","0/0","0/0","0/0","0/0","0/0","0/0","0/0","0/0","0/0","0/0","0/0","0/0","0/1","0/1","0/0","0/0","0/0","0/0","0/0","0/0","0/0","0/0","0/0","0/0","0/1","0/0","0/0","0/0","0/0","0/0","0/0","0/0","0/1","0/1","0/1","0/1","0/0","0/0","0/1","0/1","0/0","0/0","0/0","0/0","0/0","0/0","0/0","0/0","0/0","0/0","0/0","0/0","0/0","0/0","0/0","0/0","0/0","0/0","0/0","0/0","0/0","0/0","0/0","0/0","0/0","0/0","0/0","0/0","0/0","0/0","0/0","0/0","0/0","0/0","0/0","0/0","0/0","0/0","0/0","0/0"
"chr20:16348389_AG/A_KIF16B","0/0","0/0","0/0","0/0","0/0","0/0","0/0","0/0","0/0","0/0","0/0","0/0","0/0","0/0","0/0","0/0","0/0","0/1","0/0","0/0","0/0","0/0","0/0","0/0","0/0","0/0","0/0","0/0","0/0","0/0","0/0","0/0","0/0","0/0","0/0","0/0","0/0","0/0","0/0","0/0","0/0","0/0","0/0","0/0","0/0","0/0","0/0","0/0","0/0","0/0","0/0","0/0","0/0","0/0","0/0","0/0","0/0","0/0","0/0","0/0","0/0","0/0","0/0","0/0","0/0","0/0","0/0","0/0","0/0","0/0","0/0","0/0","0/0","0/0","0/0","0/0","0/0","0/0","0/0","0/0","0/0","0/0","0/0","0/0","0/0","0/0","0/0","0/0","0/0","0/0","0/0","0/0","0/0","0/0","0/0","0/0","0/0","0/0","0/0","0/0","0/0","0/0","0/0","0/0","0/0","0/0","0/0","0/0","0/0","0/0","0/0","0/0","0/0","0/0","0/0","0/0","0/0","0/0","0/0","0/0","0/0","0/0","0/0","0/0","0/0","0/0","0/0","0/0","0/0","0/0","0/0","0/0","0/0","0/0","0/0","0/0","0/0","0/0","0/0","0/0","0/0","0/0","0/0","0/0","0/0","0/0","0/0","0/0","0/0","0/0","0/0","0/0","0/0"
"chr20:17595501_ACTT/A_RRBP1","0/0","0/0","0/0","0/0","0/0","0/0","0/0","0/0","0/0","0/0","0/0","0/0","0/0","0/0","0/0","0/0","0/0","0/0","0/0","0/0","0/0","0/0","0/0","0/0","0/0","0/0","0/0","0/0","0/0","0/0","0/0","0/0","0/0","0/0","0/0","0/0","0/0","0/0","0/0","0/0","0/0","0/0","0/0","0/0","0/0","0/0","0/0","0/0","0/0","0/0","0/0","0/0","0/0","0/0","0/0","0/0","0/0","0/0","0/0","0/0","0/0","0/0","0/0","0/0","0/0","0/0","0/0","0/0","0/1","0/0","0/0","0/0","0/0","0/0","0/0","0/0","0/0","0/0","0/0","0/0","0/0","0/0","0/0","0/0","0/0","0/0","0/0","0/0","0/0","0/0","0/0","0/0","0/0","0/0","0/0","0/0","0/0","0/0","0/0","0/0","0/0","0/0","0/0","0/0","0/0","0/0","0/0","0/0","0/0","0/0","0/0","0/0","0/0","0/0","0/0","0/0","0/0","0/0","0/0","0/0","0/0","0/0","0/0","0/0","0/0","0/0","0/0","0/0","0/0","0/0","0/0","0/0","0/0","0/0","0/0","0/0","0/0","0/0","0/0","0/0","0/0","0/0","0/0","0/0","0/0","0/0","0/0","0/0","0/0","0/0","0/0","0/0","0/0"
"chr20:19193519_TCGC/T_SLC24A3","0/0","0/0","0/0","0/0","0/0","0/0","0/0","0/0","0/0","0/0","0/0","0/0","0/0","0/0","0/0","0/0","0/0","0/0","0/0","0/0","0/0","0/0","0/0","0/0","0/0","0/0","0/0","0/0","0/0","0/0","0/0","0/0","0/0","0/0","0/0","0/0","0/0","0/0","0/0","0/0","0/0","0/0","0/0","0/0","0/0","0/0","0/0","0/0","0/0","0/0","0/0","0/0","0/0","0/0","0/0","0/0","0/0","0/0","0/0","0/0","0/0","0/0","0/0","0/0","0/0","0/0","0/0","0/0","0/0","0/0","0/0","0/0","0/0","0/0","0/0","0/0","0/1","0/0","0/0","0/0","0/0","0/0","0/0","0/0","0/0","0/0","0/0","0/0","0/0","0/0","0/0","0/0","0/0","0/0","0/0","0/0","0/0","0/0","0/0","0/0","0/0","0/0","0/0","0/0","0/0","0/0","0/0","0/0","0/0","0/0","0/0","0/0","0/0","0/0","0/0","0/0","0/0","0/0","0/0","0/0","0/0","0/0","0/0","0/0","0/0","0/0","0/0","0/0","0/0","0/0","0/0","0/0","0/0","0/0","0/0","0/0","0/0","0/0","0/0","0/0",".","0/0","0/0","0/0","0/0","0/0","0/0","0/0","0/0","0/0","0/0","0/0","0/0"
"chr20:20033392_CA/C_CRNKL1","0/0","0/0","0/0","0/0","0/0","0/0","0/0","0/0","0/0","0/0","0/0","0/0","0/0","0/0","0/0","0/0","0/0","0/0","0/0","0/0","0/0","0/0","0/0","0/0","0/0","0/0","0/0","0/0","0/0","0/0","0/0","0/0","0/0","0/0","0/0","0/0","0/0","0/0","0/0","0/0","0/0","0/0","0/0","0/0","0/0","0/0","0/0","0/0","0/0","0/0","0/0","0/0","0/0","0/0","0/0","0/0","0/0","0/0","0/0","0/0","0/0","0/0","0/0","0/0","0/0","0/0","0/0","0/0","0/0","0/0","0/0","0/0","0/0","0/1","0/1","0/0","0/0","0/0","0/0","0/0","0/0","0/0","0/0","0/0","0/0","0/0","0/0","0/0","0/0","0/0","0/0","0/0","0/0","0/0","0/0","0/0","0/0","0/0","0/0","0/0","0/0","0/0","0/0","0/0","0/0","0/0","0/0","0/0","0/0","0/0","0/0","0/0","0/0","0/0","0/0","0/0","0/0","0/0","0/0","0/0","0/0","0/0","0/0","0/0","0/0","0/0","0/0","0/0","0/0","0/0","0/0","0/0","0/0","0/0","0/0","0/0","0/0","0/0","0/0","0/0","0/0","0/0","0/0","0/0","0/0","0/0","0/0","0/0","0/0","0/0","0/0","0/0","0/0"
"chr20:21106714_C/CG_KIZ","0/0","0/0","0/0","0/0","1/1","1/1","1/1","1/1","1/1","0/1","1/1","0/0","0/1","1/1","0/1","0/0","0/1","0/0","0/1","0/1","0/1","0/0","0/1","0/1","0/0","0/1","1/1","0/0","1/1","0/1","0/1","0/1","0/1","0/1","0/0","0/0","1/1","0/1","0/0","0/1","1/1","1/1","1/1","0/1","1/1","0/1","0/1","1/1","0/1","0/1","1/1","0/0","1/1","1/1","0/1","1/1","0/1","0/1","0/1","0/1","0/1","0/1","0/1","0/0","0/0","0/0","0/1","1/1","1/1","0/1","0/0","0/0","0/0","1/1","1/1","0/1","0/1","0/1","0/1","0/1","0/1","1/1","1/1","0/0","0/0","0/1","0/1","0/0","0/1","0/1","0/0","1/1","1/1","0/1","0/1","0/0","0/0","1/1","0/1","0/1","0/0","0/1","0/0","0/1","0/1","0/1","0/1","0/1","0/1","0/1","0/0","0/1","0/1","0/1","0/1","0/1","0/1","1/1","0/1","1/1","0/1","0/1","0/1","1/1","0/1","0/1","0/1","0/1","0/1","0/1","0/1","0/1","0/1","0/1","0/1","0/1","0/1","0/1","1/1","1/1","1/1","0/1","0/1","0/0","0/0","0/0","1/1","1/1","1/1","0/1","0/1","0/1","0/1"
"chr20:21186161_A/AG_KIZ","1/1","1/1","1/1","1/1","1/1","1/1","1/1","1/1","1/1","1/1","1/1","1/1","1/1","1/1","1/1","1/1","1/1","1/1","1/1","1/1","1/1","1/1","1/1","1/1","1/1","1/1","1/1","1/1","1/1","1/1","1/1","1/1","1/1","1/1","1/1","1/1","1/1","1/1","1/1","1/1","1/1","1/1","1/1","1/1","1/1","1/1","1/1","1/1","1/1","1/1","1/1","1/1","1/1","1/1","1/1","1/1","1/1","1/1","1/1","1/1","1/1","1/1","1/1","1/1","1/1","1/1","1/1","1/1","1/1","1/1","1/1","1/1","1/1","1/1","1/1","1/1","1/1","1/1","1/1","1/1","1/1","1/1","1/1","1/1","1/1","1/1","1/1","1/1","1/1","1/1","1/1","1/1","1/1","1/1","1/1","1/1","1/1","1/1","1/1","1/1","1/1","1/1","1/1","1/1","1/1","1/1","1/1","0/1","0/1","1/1","1/1","1/1","1/1","1/1","1/1","1/1","1/1","1/1","1/1","1/1","1/1","1/1","1/1","1/1","1/1","1/1","1/1","1/1","1/1","1/1","1/1","1/1","1/1","1/1","1/1","1/1","1/1","1/1","1/1","1/1","1/1","1/1","1/1","1/1","1/1","1/1","1/1","1/1","1/1","1/1","1/1","1/1","1/1"
"chr20:21186163_G/GA_KIZ","0/0","0/0","0/0","0/0","0/0","0/0","0/0","0/0","0/0","0/0","0/0","0/0","0/0","0/0","0/0","0/0","0/0","0/0","0/0","0/0","0/0","0/0","0/0","0/0","0/0","0/0","0/0","0/0","0/0","0/0","0/0","0/0","0/0","0/0","0/0","0/0","0/0","0/0","0/0","0/0","0/0","0/0","0/0","0/0","0/0","0/0","0/0","0/0","0/0","0/0","0/0","0/0","0/0","0/0","0/0","0/0","0/0","0/0","0/0","0/0","0/0","0/0","0/0","0/0","0/0","0/0","0/0","0/0","0/0","0/0","0/0","0/0","0/0","0/0","0/0","0/0","0/0","0/0","0/0","0/0","0/0","0/0","0/0","0/0","0/0","0/0","0/0","0/0","0/0","0/0","0/0","0/0","0/0","0/0","0/0","0/0","0/0","0/0","0/0","0/0","0/0","0/0","0/0","0/0","0/0","0/0","0/0","0/1","0/1","0/0","0/0","0/0","0/0","0/0","0/0","0/0","0/0","0/0","0/0","0/0","0/0","0/0","0/0","0/0","0/0","0/0","0/0","0/0","0/0","0/0","0/0","0/0","0/0","0/0","0/0","0/0","0/0","0/0","0/0","0/0","0/0","0/0","0/0","0/0","0/0","0/0","0/0","0/0","0/0","0/0","0/0","0/0","0/0"
"chr20:21686534_C/CGCG_PAX1","0/0","0/0","0/0","0/0","0/0","0/0","0/0","0/0","0/0","0/0","0/0","0/0","0/0","0/0","0/0","0/0","0/0","0/0","0/0","0/0","0/0","0/0","0/0","0/0","0/0","0/0","0/0","0/0","0/0","0/0","0/0","0/0","0/0","0/0","0/0","0/0","0/0","0/0","0/0","0/0","0/0","0/0","0/0","0/0","0/0","0/0","0/0","0/0","0/0","0/0","0/0","0/0","0/0","0/0","0/0","0/0","0/0","0/0","0/0","0/0","0/0","0/0","0/0","0/0","0/0","0/0","0/0","0/0","0/0","0/0","0/0","0/0","0/0","0/0","0/0","0/0","0/0","0/0","0/0","0/0","0/0","0/0","0/0","0/0","0/0","0/0","0/0","0/0","0/0","0/0","0/0","0/0","0/0","0/0","0/0","0/0","0/0","0/0","0/0","0/0","0/0","0/0","0/0","0/0","0/0","0/0","0/0","0/1","0/1","0/0","0/0","0/0","0/0","0/0","0/0","0/0","0/0","0/0","0/0","0/0","0/0","0/0","0/0","0/0","0/0","0/0","0/0","0/0","0/0","0/0","0/0","0/0","0/0","0/0","0/0","0/0","0/0","0/0","0/0","0/0","0/0","0/0","0/0","0/0","0/0","0/0","0/0","0/0","0/0","0/0","0/0","0/0","0/0"
"chr20:23066788_GAGC/G_CD93","0/0","0/0","0/0","0/0","0/0","0/0","0/0","0/0","0/0","0/0","0/0","0/0","0/0","0/0","0/0","0/0","0/0","0/0","0/0","0/0","0/0","0/0","0/0","0/0","0/0","0/0","0/0","0/0","0/0","0/0","0/0","0/0","0/0","0/0","0/0","0/0","0/0","0/0","0/0","0/0","0/0","0/0","0/0","0/0","0/0","0/0","0/0","0/0","0/0","0/0","0/0","0/0","0/0","0/0","0/0","0/0","0/0","0/0","0/0","0/0","0/0","0/0","0/0","0/0","0/0","0/0","0/0","0/0","0/0","0/0","0/0","0/0","0/0","0/0","0/0","0/0","0/0","0/0","0/0","0/0","0/0","0/0","0/0","0/0","0/0","0/1","0/0","0/0","0/0","0/0","0/0","0/0","0/0","0/0","0/0","0/1","0/0","0/0","0/0","0/0","0/0","0/0","0/0","0/0","0/0","0/0","0/0","0/0","0/0","0/0","0/0","0/0","0/0","0/0","0/0","0/0","0/0","0/0","0/0","0/0","0/0","0/0","0/0","0/0","0/0","0/0","0/0","0/0","0/0","0/0","0/0","0/0","0/0","0/0","0/0","0/0","0/0","0/0","0/0","0/0","0/0","0/0","0/0","0/0","0/0","0/0","0/0","0/0","0/0","0/0","0/0","0/0","0/0"
"chr20:23345920_AGAG/A_GZF1","0/0","0/0","0/0","0/0","0/0","0/0","0/0","0/0","0/0","0/0","0/0","0/0","0/0","0/0","0/0","0/0","0/0","0/0","0/0","0/0","0/0","0/0","0/0","0/0","0/0","0/0","0/0","0/0","0/0","0/0","0/0","0/0","0/0","0/0","0/0","0/0","0/0","0/0","0/0","0/0","0/0","0/0","0/0","0/0","0/0","0/0","0/0","0/0","0/0","0/0","0/0","0/0","0/0","0/0","0/1","0/0","0/0","0/0","0/0","0/0","0/0","0/0","0/0","0/0","0/0","0/0","0/0","0/0","0/0","0/0","0/0","0/0","0/0","0/0","0/0","0/0","0/0","0/0","0/0","0/0","0/0","0/0","0/0","0/0","0/0","0/0","0/0","0/0","0/0","0/0","0/0","0/0","0/0","0/0","0/0","0/0","0/0","0/0","0/0","0/0","0/0","0/0","0/0","0/0","0/0","0/0","0/0","0/0","0/0","0/0","0/0","0/0","0/0","0/0","0/0","0/0","0/0","0/0","0/0","0/0","0/1","0/0","0/0","0/0","0/1","0/0","0/0","0/0","0/0","0/0","0/0","0/0","0/0","0/0","0/0","0/0","0/0","0/0","0/0","0/0","0/0","0/0","0/0","0/1","0/0","0/0","0/0","0/0","0/0","0/0","0/0","0/0","0/0"
"chr20:23473641_GC/G_CST8","0/0","0/0","0/0","0/0","0/0","0/0","0/0","0/0","0/0","0/0","0/0","0/0","0/0","0/0","0/0","0/0","0/0","0/0","0/0","0/0","0/0","0/0","0/0","0/0","0/0","0/0","0/0","0/0","0/0","0/0","0/0","0/0","0/0","0/0","0/0","0/0","0/0","0/0","0/0","0/0","0/0","0/0","0/0","0/0","0/0","0/0","0/0","0/0","0/0","0/0","0/0","0/0","0/0","0/0","0/0","0/0","0/0","0/0","0/0","0/0","0/0","0/0","0/0","0/0","0/0","0/0","0/0","0/0","0/0","0/0","0/0","0/0","0/0","0/0","0/0","0/0","0/0","0/0","0/0","0/0","0/0","0/0","0/0","0/0","0/0","0/0","0/0","0/0","0/0","0/0","0/0","0/0","0/0","0/0","0/0","0/0","0/0","0/0","0/0","0/0","0/0","0/0","0/0","0/0","0/0","0/0","0/0","0/0","0/0","0/0","0/0","0/0","0/0","0/0","0/0","0/0","0/0","0/0","0/0","0/0","0/0","0/0","0/0","0/0","0/0","0/0","0/0","0/0","0/0","0/0","0/0","0/1","0/0","0/0","0/0","0/0","0/0","0/0","0/0","0/0","0/0","0/1","0/1","0/0","0/0","0/0","0/0","0/0","0/0","0/0","0/0","0/0","0/0"
"chr20:25201924_T/TG_ENTPD6","0/0","0/0","0/0","0/0","0/0","0/0","0/0","0/0","0/0","0/0","0/0","0/0","0/0","0/0","0/0","0/0","0/0","0/0","0/0","0/0","0/0","0/0","0/0","0/0","0/0","0/0","0/0","0/0","0/0","0/0","0/0","0/0","0/0","0/0","0/0","0/0","0/0","0/0","0/0","0/0","0/0","0/0","0/0","0/0","0/1","0/0","0/0","0/0","0/0","0/0","0/0","0/0","0/0","0/0","0/0","0/0","0/0","0/0","0/0","0/0","0/0","0/0","0/0","0/0","0/0","0/0","0/0","0/0","0/0","0/0","0/0","0/0","0/0","0/0","0/0","0/0","0/0","0/0","0/0","0/0","0/0","0/0","0/0","0/0","0/0","0/0","0/0","0/0","0/0","0/0","0/0","0/0","0/0","0/0","0/0","0/0","0/0","0/0","0/0","0/0","0/0","0/0","0/0","0/0","0/0","0/0","0/0","0/0","0/0","0/0","0/0","0/0","0/0","0/0","0/0","0/0","0/0","0/0","0/0","0/0","0/0","0/0","0/0","0/0","0/0","0/0","0/0","0/0","0/0","0/0","0/0","0/0","0/0","0/0","0/0","0/0","0/0","0/0","0/0","0/0","0/0","0/0","0/0","0/0","0/0","0/0","0/0","0/0","0/0","0/0","0/0","0/0","0/0"
"chr20:25371149_CTG/C_ABHD12","0/0","0/0","0/0","0/0","0/0","0/0","0/0","0/0","0/0","0/0","0/0","0/0","0/0","0/0","0/0","0/0","0/0","0/0","0/0","0/0","0/0","0/0","0/0","0/0","0/0","0/0","0/0","0/0","0/1","0/0","0/0","0/0","0/0","0/0","0/0","0/0","0/0","0/0","0/0","0/0","0/0","0/0","0/0","0/0","0/0","0/0","0/0","0/0","0/0","0/0","0/0","0/0","0/0","0/0","0/0","0/0","0/0","0/0","0/0","0/0","0/0","0/0","0/0","0/0","0/0","0/0","0/0","0/0","0/0","0/0","0/0","0/0","0/0","0/0","0/0","0/0","0/0","0/0","0/0","0/0","0/0","0/0","0/0","0/0","0/0","0/0","0/0","0/0","0/0","0/0","0/0","0/0","0/0","0/0","0/0","0/0","0/0","0/0","0/0","0/0","0/0","0/0","0/0","0/0","0/0","0/0","0/0","0/0","0/0","0/0",".","0/0","0/0","0/0","0/0","0/0","0/0","0/0","0/0","0/0","0/0","0/0","0/0","0/0","0/0","0/0","0/0","0/0","0/0","0/0","0/0","0/0","0/0","0/0","0/0","0/0","0/0","0/0","0/0","0/0","0/0","0/0","0/0","0/0","0/0","0/0","0/0","0/0","0/0","0/0","0/0","0/0","0/0"
"chr20:25422396_TA/T_GINS1","0/0","0/0","0/0","0/0","0/0","0/0","0/0","0/0","0/0","0/0","0/0","0/0","0/0","0/0","0/0","0/0","0/0","0/0","0/0","0/0","0/0","0/0","0/0","0/0","0/0","0/0","0/0","0/0","0/0","0/0","0/0","0/0","0/0","0/0","0/0","0/0","0/1","0/0","0/0","0/0","0/0","0/0","0/0","0/0","0/0","0/0","0/1","0/0","0/0","0/0","0/0","0/0","0/0","0/0","0/0","0/0","0/0","0/0","0/0","0/0","0/0","0/0","0/0","0/0","0/0","0/0","0/0","0/0","0/0","0/0","0/0","0/0","0/0","0/0","0/0","0/0","0/0","0/0","0/0","0/0","0/0","0/0","0/0","0/0","0/0","0/0","0/0","0/0","0/0","0/0","0/0","0/0","0/0","0/0","0/0","0/0","0/0","0/0","0/0","0/0","0/0","0/0","0/0","0/0","0/0","0/0","0/0","0/0","0/0","0/0","0/0","0/0","0/0","0/0","0/0","0/0","0/0","0/0","0/0","0/0","0/0","0/0","0/0","0/0","0/0","0/0","0/0","0/0","0/0","0/0","0/0","0/0","0/0","0/0","0/0","0/0","0/0","0/0","0/0","0/0","0/0","0/0","0/0","0/0","0/0","0/0","0/0","0/0","0/0","0/0","0/0","0/0","0/0"
"chr20:25434092_CAG/C_NINL","0/0","0/0","0/0","0/0","0/0","0/0","0/0","0/0","0/0","0/0","0/1","0/0","0/0","0/0","0/0","0/0","0/0","0/0","0/0","0/0","0/0","0/0","0/1","0/0","0/0","0/0","0/0","0/0","0/0","0/0","0/0","0/0","0/0","0/0","0/0","0/1","0/0","0/0","0/0","0/0","0/0","0/1","0/0","0/0","0/0","0/0","0/0","0/0","0/0","0/0","0/0","0/0","0/0","0/0","0/0","0/0","0/0","0/0","0/0","0/1","0/0","0/0","0/0","0/0","0/0","0/1","0/0","0/0","0/0","0/0","0/1","0/0","0/0","0/0","0/0","0/0","0/0","0/0","0/0","0/0","0/0","0/0","0/0","0/0","0/0","0/0","0/0","0/0","0/0","0/0","0/0","0/0","0/0","0/0","0/0","0/0","0/0","0/0","0/0","0/0","0/0","0/0","0/0","0/0","0/0","0/0","0/0","0/0","0/0","0/0","0/0","0/1","0/1","0/0","0/0","0/0","0/0","0/0","0/0","0/0","0/0","0/0","0/0","0/0","0/0","0/0","0/0","0/0","0/0","0/0","0/0","0/0","0/0","0/0","0/0","0/0","0/0","0/0","0/0","0/0","0/0","0/0","0/0","0/0","0/0","0/0","0/0","0/0","0/0","0/0","0/0","0/0","0/0"
"chr20:25457049_GCTCCCA/G_NINL","1/1","1/1","1/1","1/1","1/1","1/1","0/1","0/1","0/1","1/1","1/1","1/1","1/1","1/1","1/1","0/1","1/1","1/1","0/1","1/1","1/1","0/1","1/1","1/1","1/1","1/1","1/1","1/1","0/1","1/1","1/1","1/1","1/1","1/1","1/1","1/1","1/1","1/1","1/1","1/1","1/1","1/1","1/1","1/1","0/1","1/1","1/1","1/1","1/1","0/1","1/1","0/0","0/1","0/1","1/1","0/1","1/1","1/1","1/1","1/1","1/1","1/1","1/1","1/1","1/1","1/1","1/1","1/1","1/1","1/1","1/1","1/1","1/1","1/1","1/1","1/1","1/1","1/1","1/1","1/1","1/1","1/1","1/1","1/1","1/1","1/1","1/1","0/1","0/1","0/1","1/1","1/1","1/1","1/1","1/1","1/1","0/1","1/1","0/1","0/1","1/1","1/1","1/1","1/1","1/1","1/1","1/1","1/1","1/1","1/1","1/1","1/1","1/1","1/1","1/1","0/1","0/1","1/1","1/1","1/1","1/1","1/1","0/1","1/1","1/1","1/1","1/1","1/1","1/1","1/1","1/1","1/1","1/1","1/1","1/1","1/1","1/1","1/1","0/0","0/1","0/1","1/1","1/1","1/1","1/1","1/1","1/1","1/1","1/1","1/1","1/1","1/1","1/1"
"chr20:30365364_A/AAAC_TPX2","0/0","0/0","0/0","0/0","0/0","0/0","0/0","0/0","0/0","0/0","0/0","0/0","0/0","0/0","0/0","0/0","0/0","0/0","0/0","0/0","0/0","0/0","0/0","0/0","0/0","0/0","0/0","0/0","0/0","0/0","0/0","0/0","0/0","0/0","0/0","0/0","0/0","0/0","0/0","0/0","0/0","0/0","0/0","0/0","0/0","0/0","0/0","0/0","0/0","0/0","0/0","0/0","0/1","0/0","0/0","0/0","0/0","0/0","0/0","0/0","0/0","0/0","0/0","0/0","0/0","0/0","0/0","0/0","0/0","0/0","0/0","0/0","0/0","0/0","0/0","0/0","0/0","0/0","0/0","0/0","0/0","0/0","0/0","0/0","0/0","0/0","0/0","0/0","0/0","0/0","0/0","0/0","0/0","0/0","0/0","0/0","0/0","0/0","0/0","0/0","0/0","0/0","0/0","0/0","0/0","0/0","0/0","0/0","0/0","0/0","0/0","0/0","0/0","0/0","0/0","0/0","0/0","0/0","0/0","0/0","0/0","0/0","0/0","0/0","0/0","0/0","0/0","0/0","0/0","0/0","0/0","0/0","0/0","0/0","0/0","0/0","0/0","0/0","0/0","0/0","0/0","0/0","0/0","0/0","0/0","0/0","0/0","0/0","0/0","0/0","0/0","0/0","0/0"
"chr20:31022441_AG/A_ASXL1","0/0","0/0","0/0","0/0","0/0","0/0","0/0","0/0","0/0","0/0","0/0","0/0","0/1","0/0","0/0","0/0","0/0","0/0","0/0","0/0","0/0","0/0","0/0","0/0","0/0","0/0","0/0","0/0","0/0","0/0","0/0","0/1","0/0","0/0","0/0","0/0","0/0","0/0","0/0","0/0","0/0","0/0","0/0","0/0","0/0","0/0","0/0","0/0","0/0","0/0","0/0","0/2","0/0","0/0","0/0","0/0","0/0","0/0","0/0","0/0","0/0","0/1","0/0","0/0","0/0","0/0","0/0","0/0","0/0","0/0","0/0","0/0","0/0","0/0","0/0","0/0","0/0","0/0","0/0","0/0","0/0","0/0","0/0","0/0","0/0","0/0","0/0","0/0","0/0","0/0","0/0","0/0","0/0","0/0","0/0","0/0","0/0","0/1","0/0","0/0","0/0","0/0","0/0","0/0","0/0","0/0","0/0","0/0","0/0","0/0","0/0","0/0","0/0","0/0","0/0","0/0","0/0","0/0","0/0","0/0","0/0","0/0","0/0","0/0","0/0","0/0","0/0","0/0","0/0","0/0","0/0","0/0","0/0","0/0","0/0","0/0","0/0","0/0","0/0","0/0","0/0","0/0","0/0","0/0","0/0","0/0","0/0","0/0","0/0","0/0","0/0","0/0","0/0"
"chr20:32664864_C/CCAG_RALY","1/1","1/1","1/1","1/1","1/1","1/1","0/1","0/1","0/0","1/1","0/0","1/1","0/1","1/1","0/1","0/1","0/1","0/1","1/1","0/1","1/1","1/1","1/1","1/1","0/1","0/1","1/1","1/1","0/0","0/1","0/1","0/1","0/1","0/1","1/1","0/1","1/1","1/1","0/0","1/1","1/1","1/1","1/1","1/1","0/1","0/1","1/1","1/1","0/1","1/1","1/1","0/1","1/1","1/2","0/1","0/1","1/1","1/1","1/1","1/1","1/1","1/1","0/1","1/1","1/1","1/1","0/1","1/1","1/1","0/1","1/1","1/1","1/1","1/1","1/1","1/1","1/1","1/1","1/1","1/1","1/1","1/1","1/1","1/1","1/1","0/1","0/1","1/1","1/1","1/1","1/1","0/1","0/1","1/1","1/1","1/1","1/1","1/1","0/1","0/1","0/1","1/1","0/1","1/1","1/1","1/1","1/1","1/1","1/1","1/1","1/1","1/1","1/1","1/1","1/1","1/1","1/1","0/1","1/1","0/1","1/1","1/1","1/1","0/1","1/1","1/1","1/1","1/1","0/1","0/1","0/1","1/1","1/1","0/1","0/1","1/1","0/1","0/1","0/0","0/0","0/0","1/1","1/1","0/1","0/1","0/1","0/0","0/0","0/0","0/1","0/1","0/1","0/1"
"chr20:33570270_CG/C_MYH7B","0/0","0/0","0/0","0/0","0/0","0/0","0/0","0/0","0/0","0/0","0/0","0/0","0/0","0/0","0/0","0/0","0/0","0/0","0/0","0/0","0/0","0/0","0/0","0/0","0/0","0/0","0/0","0/0","0/0","0/0","0/0","0/1","0/0","0/0","0/0","0/0","0/0","0/0","0/0","0/0","0/0","0/0","0/0","0/0","0/0","0/0","0/0","0/0","0/0","0/0","0/0","0/0","0/0","0/0","0/0","0/0","0/0","0/0","0/0","0/0","0/0","0/0","0/0","0/0","0/0","0/0","0/0","0/0","0/0","0/0","0/0","0/0","0/0","0/0","0/0","0/0","0/0","0/0","0/0","0/0","0/0","0/0","0/0","0/0","0/0","0/0","0/0","0/0","0/0","0/0","0/0","0/0","0/0","0/0","0/0","0/0","0/0","0/0","0/0","0/0","0/0","0/0","0/0","0/0","0/0","0/0","0/0","0/0","0/0","0/0","0/0","0/0","0/0","0/0","0/0","0/0","0/0","0/0","0/0","0/0","0/0","0/0","0/0","0/0","0/0","0/0","0/0","0/0","0/0","0/0","0/0","0/0","0/0","0/0","0/0","0/0","0/0","0/0","0/0","0/0","0/0","0/0","0/0","0/0","0/0","0/0","0/0","0/0","0/0","0/0","0/0","0/0","0/0"
"chr20:33814576_GGCCGCCGCC/G_MMP24",".","0/0",".",".",".",".",".",".",".","0/0",".",".","1/1","0/0","0/0","1/1",".","0/0",".","1/1","0/1","1/1",".","0/1",".",".","0/0",".","1/1",".","1/1","1/1","0/0",".",".",".",".",".",".",".",".","1/1",".",".","0/0",".",".",".",".",".",".",".",".",".",".",".",".",".",".",".",".",".",".",".",".","0/0",".",".",".",".",".",".",".",".","1/1","0/0",".","0/0",".","1/1",".",".",".",".",".",".",".",".",".",".",".","1/1",".",".",".",".","0/0",".","0/0",".",".",".",".","0/0","0/0",".",".",".",".","0/0",".",".",".",".","1/1",".",".",".",".",".",".",".",".","1/1",".",".",".",".",".",".",".",".",".",".","0/0",".",".",".","1/1",".",".",".",".",".","0/0",".",".",".",".",".",".",".","."
"chr20:33814693_GGGC/G_MMP24","0/0","0/0","0/0",".",".","0/0",".","0/0","0/0","0/0","0/0","0/0","0/0","0/0","0/0","0/0","0/0","0/0","0/0","0/0","0/0",".","0/0","0/0","0/0","0/0","0/0","0/0",".","0/0","0/0","0/1","0/0","0/0","0/0","0/0",".",".","0/0","0/0","0/0","0/0",".","0/0","0/0","0/0","0/0",".","0/0","0/0","0/0","0/0","0/0","0/0","0/0","0/0","0/0","0/0",".","0/0","0/0","0/0","0/0","0/0","0/0","0/0","0/0","0/0","0/0",".","0/0","0/0","0/0","0/0","0/0","0/0","0/0","0/0","0/0",".","0/0","0/0","0/0","0/0",".","0/0","0/0","0/0","0/0","0/0","0/0","0/0","0/0","0/0","0/0","0/0","0/0","0/0","0/0","0/0",".",".","0/0","0/0","0/0","0/0","0/0",".","0/0","0/0","0/0","0/0",".","0/0","0/0","0/0","0/0","0/0",".","0/0","0/0","0/0","0/0","0/0","0/0","0/0",".","0/0",".","0/0",".",".","0/0","0/0","0/0","0/0","0/0","0/0","0/0",".","0/0","0/0",".","0/0","0/0","0/0","0/0","0/0",".","0/0","0/0","0/0","0/0"
"chr20:33814705_CGGCGGCGGG/C_MMP24","0/0","0/0","0/0","0/0","0/0","0/0",".","0/0","0/0","0/0","0/0","0/0","0/0","0/0","0/0","0/0","0/0","0/0","0/0","0/0","0/0","0/0","0/0","0/0","0/0","0/0","0/0","0/0",".","0/0","0/0","0/0","0/0","0/0","0/0","0/0",".",".","0/0","0/0","0/0","0/0",".","0/0","0/0","0/0","0/0",".","0/0","0/0","0/0","0/0","0/0","0/0","0/0","0/0","0/0","0/0","0/0","0/0","0/0","0/0","0/0","0/0","0/0","0/0","0/0","0/0","0/0",".","0/0","0/0","0/0","0/0","0/0","0/0","0/0","0/0","0/0","0/0","0/0","0/0","0/0","0/0",".","0/0","0/0","0/0","0/0","0/0","0/0","0/0","0/0","0/0","0/0","0/0","0/0","0/0","0/0","0/0",".",".","0/0","0/0","0/0","0/0","0/0",".","0/0","0/0","0/0","0/0",".","0/0","0/0","0/0","0/0","0/0",".","0/0","0/0","0/0","0/0","0/0","0/0","0/0",".","0/0",".","0/0","0/0",".","0/0","0/0","0/1","0/0","0/0","0/0","0/0",".","0/0","0/0",".","0/0","0/0","0/0","0/0",".",".","0/0","0/0","0/0","0/0"
"chr20:34117097_GT/G_C20orf173","0/0","0/0","0/0","0/0","0/0","0/0","0/0","0/0","0/0","0/0","0/0","0/0","0/0","0/0","0/0","0/0","0/0","0/0","0/0","0/0","0/0","0/0","0/0","0/0","0/0","0/0","0/0","0/0","0/0","0/0","0/0","0/0","0/0","0/0","0/0","0/0","0/1","0/0","0/0","0/0","0/0","0/0","0/0","0/0","0/0","0/0","0/0","0/0","0/0","0/0","0/0","0/0","0/0","0/0","0/0","0/0","0/0","0/2","0/0","0/0","0/0","0/0","0/0","0/0","0/0","0/0","0/0","0/0","0/0","0/0","0/0","0/0","0/0","0/0","0/0","0/0","0/0","0/0","0/0","0/0","0/0","0/0","0/0","0/0","0/0","0/0","0/0","0/0","0/0","0/0","0/0","0/0","0/0","0/0","0/0","0/0","0/0","0/0","0/0","0/0","0/0","0/0","0/0","0/0","0/0","0/0","0/0","0/0","0/0","0/0","0/0","0/0","0/0","0/0","0/0","0/0","0/0","0/0","0/0","0/0","0/0","0/0","0/0","0/0","0/0","0/0","0/0","0/0","0/0","0/0","0/0","0/0","0/0","0/0","0/0","0/0","0/0","0/0","0/0","0/0","0/0","0/0","0/0","0/0","0/0","0/0","0/0","0/0","0/0","0/0","0/0","0/0","0/0"
"chr20:34207645_G/GC_SPAG4","0/0","0/0","0/0","0/0","0/0","0/0","0/0","0/0","0/0","0/0","0/0","0/0","0/0","0/0","0/0","0/0","0/0","0/0","0/0","0/0","0/0","0/0","0/0","0/0","0/0","0/0","0/0","0/0","0/0","0/0","0/0","0/0","0/0","0/0","0/0","0/0","0/0","0/0","0/0","0/0","0/1","0/0","0/0","0/0","0/0","0/0","0/0","0/0","0/0","0/0","0/0","0/0","0/0","0/0","0/0","0/0","0/0","0/0","0/0","0/0","0/0","0/0","0/0","0/0","0/0","0/0","0/0","0/0","0/0","0/0","0/0","0/0","0/0","0/0","0/0","0/0","0/0","0/0","0/0","0/0","0/0","0/0","0/0","0/0","0/0","0/1","0/1","0/0","0/0","0/0","0/0","0/0","0/0","0/0","0/0","0/0","0/0","0/0","0/0","0/0","0/0","0/0","0/0","0/0","0/0","0/0","0/0","0/0","0/0","0/0","0/0","0/0","0/0","0/0","0/0","0/0","0/0","0/0","0/0","0/0","0/0","0/0","0/0","0/0","0/0","0/0","0/0","0/0","0/0","0/0","0/0","0/0","0/0","0/0","0/0","0/0","0/0","0/0","0/0","0/0","0/0","0/0","0/0","0/0","0/0","0/0","0/0","0/0","0/0","0/0","0/0","0/0","0/0"
"chr20:34215234_C/CA_CPNE1","0/0","0/0","0/0","0/0","0/0","0/0","0/0","0/0","0/0","0/0","0/0","0/0","0/0","0/0","0/0","0/1","0/0","0/1","0/1","0/0","0/0","0/0","0/0","0/0","0/0","0/0","0/0","0/0","0/0","0/1","0/0","0/0","0/1","0/0","0/0","0/0","0/0","0/0","0/0","0/0","0/0","0/0","0/0","0/0","0/1","0/1","0/0","0/0","0/0","0/0","0/0","0/0","0/0","0/0","0/0","0/0","0/0","0/0","0/1","0/0","0/0","0/0","0/0","0/0","0/0","0/1","0/0","0/0","0/0","0/0","0/1","0/0","0/0","0/0","0/0","0/1","0/1","0/1","0/1","0/0","0/0","0/0","0/0","0/1","0/1","0/0","0/0","0/1","0/0","0/0","0/0","0/0","0/0","0/0","0/0","0/0","0/1","0/1","0/1","0/1","0/0","0/0","0/0","0/0","0/0","0/0","0/0","0/0","0/0","0/0","0/0","0/0","0/0","0/0","0/0","0/0","0/0","0/0","0/0","0/0","0/0","0/0","0/0","0/0","0/0","0/0","0/0","0/0","0/1","0/1","0/1","0/0","0/1","0/1","0/1","0/1","0/1","0/1","0/0","0/0","0/0","0/0","0/0","0/0","0/0","0/0","0/0","0/0","0/0","0/0","0/0","0/0","0/0"
"chr20:34526717_CCA/C_PHF20","0/0","0/0","0/0","0/0","0/0","0/0","0/0","0/0","0/0","0/0","0/0","0/0","0/0","0/0","0/0","0/0","0/0","0/0","0/0","0/0","0/1","0/0","0/0","0/0","0/0","0/0","0/0","0/0","0/0","0/0","0/0","0/0","0/0","0/0","0/0","0/0","0/0","0/0","0/0","0/0","0/0","0/0","0/0","0/0","0/0","0/0","0/0","0/0","0/0","0/0","0/0","0/0","0/0","0/0","0/0","0/0","0/0","0/0","0/0","0/0","0/0","0/0","0/0","0/0","0/0","0/0","0/0","0/0","0/0","0/0","0/0","0/0","0/0","0/0","0/0","0/0","0/0","0/0","0/0","0/0","0/0","0/0","0/0","0/0","0/0","0/0","0/0","0/0","0/0","0/0","0/0","0/0","0/0","0/0","0/0","0/0","0/0","0/0","0/0","0/0","0/0","0/0","0/0","0/0","0/0","0/0","0/0","0/0","0/0","0/0","0/0","0/0","0/0","0/0","0/0","0/0","0/0","0/0","0/0","0/0","0/0","0/0","0/0","0/0","0/0","0/0","0/0","0/0","0/0","0/0","0/0","0/0","0/0","0/0","0/0","0/0","0/0","0/0","0/0","0/0","0/0","0/0","0/0","0/0","0/0","0/0","0/0","0/0","0/0","0/0","0/0","0/0","0/0"
"chr20:34526720_GGAGCAAGGAGGAA/G_PHF20","0/0","0/0","0/0","0/0","0/0","0/0","0/0","0/0","0/0","0/0","0/0","0/0","0/0","0/0","0/0","0/0","0/0","0/0","0/0","0/0","0/1","0/0","0/0","0/0","0/0","0/0","0/0","0/0","0/0","0/0","0/0","0/0","0/0","0/0","0/0","0/0","0/0","0/0","0/0","0/0","0/0","0/0","0/0","0/0","0/0","0/0","0/0","0/0","0/0","0/0","0/0","0/0","0/0","0/0","0/0","0/0","0/0","0/0","0/0","0/0","0/0","0/0","0/0","0/0","0/0","0/0","0/0","0/0","0/0","0/0","0/0","0/0","0/0","0/0","0/0","0/0","0/0","0/0","0/0","0/0","0/0","0/0","0/0","0/0","0/0","0/0","0/0","0/0","0/0","0/0","0/0","0/0","0/0","0/0","0/0","0/0","0/0","0/0","0/0","0/0","0/0","0/0","0/0","0/0","0/0","0/0","0/0","0/0","0/0","0/0","0/0","0/0","0/0","0/0","0/0","0/0","0/0","0/0","0/0","0/0","0/0","0/0","0/0","0/0","0/0","0/0","0/0","0/0","0/0","0/0","0/0","0/0","0/0","0/0","0/0","0/0","0/0","0/0","0/0","0/0","0/0","0/0","0/0","0/0","0/0","0/0","0/0","0/0","0/0","0/0","0/0","0/0","0/0"
"chr20:34542229_CTT/C_SCAND1","0/0","0/0","0/0","0/0","0/0","0/0","0/0","0/0","0/0","0/0","0/0","0/0","0/0","0/0","0/0","0/0","0/0","0/0","0/0","0/0","0/0","0/1","0/0","0/0","0/0","0/0","0/0","0/0","0/0","0/0","0/0","0/0","0/0","0/0","0/0","0/0","0/0","0/0","0/0","0/0","0/0","0/0","0/0","0/0","0/0","0/0","0/0","0/0","0/0","0/0","0/0","0/0","0/0","0/0","0/0","0/0","0/0","0/0","0/0","0/0","0/0","0/0","0/0","0/0","0/0","0/0","0/0","0/0","0/0","0/0","0/0","0/0","0/0","0/0","0/0","0/0","0/0","0/0","0/0","0/0","0/0","0/0","0/0","0/0","0/0","0/0","0/0","0/0","0/0","0/0","0/0","0/0","0/0","0/0","0/0","0/0","0/0","0/0","0/0","0/0","0/0","0/0","0/0","0/0","0/0","0/0","0/0","0/0","0/0","0/0","0/0","0/0","0/0","0/0","0/0","0/0","0/0","0/0","0/0","0/0","0/0","0/0","0/0","0/0","0/0","0/0","0/0","0/0","0/0","0/0","0/0","0/0","0/0","0/0","0/0","0/0","0/0","0/0","0/0","0/0","0/0","0/0","0/0","0/0","0/0","0/0","0/0","0/0","0/0","0/0","0/0","0/0","0/0"
"chr20:35807790_G/GCTTACAGACAGGGCCCCGCGGCCGGCACT_MROH8","1/2","1/2","1/2","2/2","2/2","2/2","1/2","1/2","1/2","1/2","1/2","1/2","1/2","1/1","1/2","2/2","1/2","1/2","1/1","2/2","2/2","2/2","2/2","2/2","1/2","1/2","1/1","1/2","1/1","1/1","1/1","1/2","1/1","2/2","1/1","1/2","1/1","2/2","1/2","2/2","1/2","1/1","1/1","1/2","2/2","1/2","1/2","1/2","2/2","1/2","2/2","1/1","2/2","2/2","1/2","1/2","1/2","1/2","1/2","1/2","1/2","2/2","1/2","1/2","1/2","1/1","1/2","2/2","2/2","1/2","1/1","1/2","1/2","1/2","1/2","1/1","1/1","1/2","1/2","1/1","1/1","1/2","2/2","1/2","1/2","1/2","1/2","2/2","1/1","1/1","1/2","1/2","1/2","1/2","1/2","1/2","2/2","2/2","1/2","1/2","2/2","1/2","2/2","2/2","2/2","2/2","2/2","1/2","1/2","1/2","2/2","2/2","2/2","1/2","1/2","1/1","1/1","1/2","1/2","1/2","1/2","1/2","1/1","1/2","1/2","1/2","1/2","1/2","1/2","1/2","1/2","1/2","1/1","1/1","1/2","1/2","1/1","1/1","2/2","1/2","2/2","1/2","1/2","1/2","1/2","1/2","1/2","1/2","1/2","1/2","1/2","1/2","1/2"
"chr20:35807797_GGA/G_MROH8","0/0","0/0","0/0","0/1","0/0","0/0","0/0","0/0","0/0","0/0","0/0","0/0","0/0","0/0","0/0","0/0","0/0","0/1","0/0","0/0","0/0","0/0","0/0","0/0","0/0","0/0","0/0","0/0","0/0","0/0","0/0","0/0","0/0","0/0","0/0","0/0","0/0","0/0","0/0","0/0","0/0","0/0","0/0","0/0","0/0","0/0","0/0","0/0","0/0","0/0","0/1","0/0","0/0","0/0","0/0","0/0","0/0","0/0","0/0","0/0","0/0","0/0","0/0","0/0","0/0","0/0","0/0","0/0","0/0","0/0","0/0","0/0","0/0","0/0","0/0","0/0","0/0","0/0","0/0","0/0","0/0","0/0","0/1","0/0","0/0","0/0","0/0","0/0","0/0","0/0","0/0","0/0","0/0","0/0","0/0","0/0","0/0","0/0","0/0","0/0","0/0","0/0","0/0","0/0","0/0","0/0","0/0","0/0","0/0","0/0","0/1","0/0","0/0","0/0","0/0","0/0","0/0","0/0","0/0","0/0","0/0","0/0","0/0","0/0","0/0","0/0","0/0","0/0","0/0","0/0","0/0","0/0","0/0","0/0","0/0","0/0","0/0","0/0","0/1","0/1","0/1","0/0","0/0","0/0","0/0","0/0","0/0","0/0","0/0","0/0","0/0","0/0","0/0"
"chr20:36026143_CCCACGT/C_SRC","0/0","0/0","0/0","0/0","0/0","0/0","0/0","0/0","0/0","0/0","0/0","0/0","0/0","0/0","0/0","0/0","0/0","0/0","0/0","0/0","0/0","0/0","0/0","0/0","0/0","0/0","0/0","0/0","0/0","0/0","0/1","0/0","0/0","0/0","0/0","0/0","0/0","0/0","0/0","0/0","0/0","0/0","0/0","0/0","0/0","0/0","0/0","0/0","0/0","0/0","0/0","0/0","0/0","0/0","0/0","0/0","0/0","0/0","0/0","0/0","0/0","0/0","0/0","0/0","0/0","0/0","0/0","0/0","0/0","0/0","0/0","0/0","0/0","0/0","0/0","0/0","0/0","0/0","0/0","0/0","0/0","0/0","0/0","0/0","0/0","0/0","0/0","0/0","0/0","0/0","0/0","0/0","0/0","0/0","0/0","0/0","0/0","0/0","0/0","0/0","0/0","0/0","0/0","0/0","0/0","0/0","0/0","0/0","0/0","0/0","0/0","0/0","0/0","0/0","0/0","0/0","0/0","0/0","0/0","0/0","0/0","0/0","0/0","0/0","0/0","0/0","0/0","0/0","0/0","0/0","0/0","0/0","0/0","0/0","0/0","0/0","0/0","0/0","0/0","0/0","0/0","0/0","0/0","0/0","0/0","0/0","0/0","0/0","0/0","0/0","0/0","0/0","0/0"
"chr20:37396238_A/AG_ACTR5","0/0","0/0","0/0","0/0","0/0","0/0","0/0","0/0","0/0","0/0","0/0","0/0","0/0","0/0","0/0","0/0","0/0","0/0","0/0","0/0","0/0","0/0","0/0","0/0","0/0","0/0","0/0","0/0","0/0","0/0","0/0","0/0","0/0","0/0","0/0","0/0","0/0","0/0","0/0","0/0","0/0","0/0","0/0","0/0","0/0","0/0","0/0","0/0","0/0","0/0","0/0","0/0","0/0","0/0","0/0","0/0","0/0","0/0","0/0","0/0","0/0","0/0","0/0","0/0","0/0","0/0","0/0","0/0","0/0","0/0","0/0","0/0","0/0","0/0","0/0","0/0","0/0","0/0","0/0","0/0","0/0","0/0","0/0","0/0","0/0","0/0","0/0","0/0","0/0","0/0","0/0","0/0","0/0","0/0","0/0","0/0","0/0","0/0","0/0","0/0","0/0","0/0","0/0","0/0","0/0","0/0","0/0","0/0","0/0","0/0","0/0","0/0","0/0","0/0","0/0","0/0","0/0","0/0","0/0","0/0","0/0","0/0","0/0","0/0","0/0","0/0","0/0","0/0","0/0","0/0","0/0","0/1","0/0","0/0","0/0","0/0","0/0","0/0","0/0","0/0","0/0","0/1","0/1","0/0","0/0","0/0","0/0","0/0","0/0","0/0","0/0","0/0","0/0"
"chr20:37555322_C/CGCGGCG_FAM83D","0/0","0/0","0/0","0/0","0/0","0/0","0/0","0/0","0/0","0/0","0/0","0/1","0/0","0/0","0/0","0/0","0/0","0/0","0/0","0/0","0/0","0/0","0/0","0/0","0/0","0/0","0/0","0/1","0/0","0/0","0/0","0/0","0/0","0/0","0/0","0/0","0/0","0/0","0/0","0/0","0/0","0/0","0/0","0/0","0/0","0/0","0/0","0/0","0/0","0/0","0/0","0/0","0/0","0/0","0/0","0/0","0/0","0/0","0/0","0/0","0/0","0/0","0/0","0/0","0/0","0/0","0/0","0/0","0/0","0/0","0/0","0/0","0/0","0/0","0/0","0/0","0/0","0/0","0/0","0/0","0/0","0/1","0/0","0/0","0/0","0/0","0/0","0/0","0/0","0/0","0/0","0/0","0/0","0/0","0/0","0/0","0/0","0/0","0/0","0/0","0/0","0/0","0/0","0/0","0/0","0/0","0/0","0/0","0/0","0/0","0/0","0/0","0/0","0/0","0/0","0/0","0/0","0/0","0/0","0/0","0/0","0/0","0/0","0/0","0/0","0/0","0/0","0/0","0/0","0/0","0/0","0/0","0/0","0/0","0/0","0/0","0/0","0/0","0/0","0/0","0/0","0/0","0/0","0/0","0/0","0/0","0/0","0/0","0/0","0/0","0/0","0/0","0/0"
"chr20:39800892_TGTC/T_PLCG1","0/0","0/0","0/0","0/0","0/0","0/0","0/0","0/0","0/0","0/0","0/0","0/0","0/0","0/0","0/0","0/0","0/0","0/0","0/0","0/0","0/0","0/0","0/0","0/1","0/0","0/0","0/0","0/0","0/0","0/0","0/0","0/0","0/0","0/0","0/0","0/0","0/0","0/0","0/0","0/0","0/0","0/0","0/0","0/0","0/0","0/0","0/0","0/0","0/0","0/0","0/0","0/0","0/0","0/0","0/0","0/0","0/0","0/0","0/0","0/0","0/0","0/0","0/0","0/0","0/0","0/0","0/0","0/0","0/0","0/0","0/0","0/0","0/0","0/0","0/0","0/0","0/0","0/0","0/0","0/0","0/0","0/0","0/0","0/0","0/0","0/0","0/0","0/0","0/0","0/0","0/0","0/0","0/0","0/0","0/0","0/0","0/0","0/0","0/0","0/0","0/0","0/0","0/0","0/0","0/0","0/0","0/0","0/0","0/0","0/0","0/0","0/0","0/0","0/0","0/0","0/0","0/0","0/0","0/0","0/0","0/0","0/0","0/0","0/0","0/0","0/0","0/0","0/0","0/0","0/0","0/0","0/0","0/0","0/0","0/0","0/0","0/0","0/0","0/0","0/0","0/0","0/0","0/0","0/0","0/0","0/0","0/0","0/0","0/0","0/0","0/0","0/0","0/0"
"chr20:39978837_CAG/C_LPIN3","0/0","0/0","0/0","0/0","0/0","0/0","0/0","0/0","0/0","0/0","0/0","0/0","0/0","0/0","0/0","0/0","0/0","0/0","0/0","0/0","0/0","0/0","0/0","0/0","0/0","0/0","0/0","0/0","0/0","0/0","0/0","0/0","0/0","0/0","0/0","0/0","0/0","0/0","0/0","0/0","0/0","0/0","0/1","0/0","0/0","0/0","0/0","0/0","0/0","0/0","0/0","0/0","0/0","0/0","0/0","0/0","0/0","0/0","0/0","0/0","0/0","0/0","0/0","0/0","0/0","0/0","0/0","0/0","0/0","0/0","0/0","0/0","0/0","0/0","0/0","0/0","0/0","0/0","0/0","0/0","0/0","0/0","0/0","0/0","0/0","0/0","0/0","0/0","0/0","0/0","0/0","0/0","0/0","0/0","0/0","0/0","0/0","0/0","0/0","0/0","0/0","0/0","0/0","0/0","0/0","0/0","0/0","0/0","0/0","0/0","0/0","0/0","0/0","0/0","0/0","0/0","0/0","0/0","0/0","0/0","0/0","0/0","0/0","0/0","0/0","0/0","0/0","0/0","0/0","0/0","0/0","0/0","0/0","0/0","0/0","0/0","0/0","0/0","0/0","0/0","0/0","0/0","0/0","0/0","0/0","0/0","0/0","0/0","0/0","0/0","0/0","0/0","0/0"
"chr20:43580532_CTCCGAAGGCAAGGAAT/C_TOMM34","0/0","0/0","0/0","0/0","0/0","0/0","0/0","0/0","0/0","0/0","0/0","0/0","0/0","0/0","0/0","0/0","0/0","0/0","0/0","0/0","0/0","0/0","0/0","0/0","0/0","0/0","0/0","0/0","0/0","0/0","0/0","0/0","0/0","0/0","0/0","0/0","0/0","0/0","0/0","0/0","0/0","0/0","0/0","0/0","0/0","0/0","0/0","0/0","0/0","0/0","0/0","0/0","0/0","0/0","0/0","0/0","0/0","0/0","0/0","0/0","0/0","0/0","0/0","0/0","0/0","0/0","0/0","0/0","0/0","0/0","0/0","0/0","0/0","0/0","0/0","0/0","0/0","0/0","0/0","0/0","0/0","0/0","0/0","0/0","0/0","0/0","0/0","0/0","0/0","0/0","0/0","0/0","0/0","0/0","0/0","0/0","0/0","0/0","0/0","0/0","0/0","0/0","0/0","0/0","0/0","0/0","0/0","0/0","0/0","0/0","0/0","0/0","0/0","0/0","0/0","0/0","0/0","0/0","0/0","0/0","0/0","0/0","0/0","0/0","0/0","0/0","0/0","0/0","0/0","0/0","0/0","0/0","0/0","0/0","0/0","0/0","0/0","0/0","0/0","0/0","0/0","0/0","0/0","0/1","0/0","0/0","0/0","0/0","0/0","0/0","0/0","0/0","0/0"
"chr20:44004155_CATT/C_TP53TG5","1/1","1/1","1/1","0/0","0/1","0/1","0/0","0/0","0/0","0/1","0/0","0/0","0/0","0/1","0/1","0/0","0/1","0/0","0/0","0/1","0/0","0/1","0/1","0/0","0/0","0/0","0/0","0/0","0/1","0/1","0/1","0/0","0/0","0/1","0/0","0/0","0/1","0/0","0/0","0/0","0/0","0/0","0/0","0/1","0/1","0/0","0/0","0/0","0/0","0/1","0/0","0/0","0/0","0/1","0/0","0/0","0/0","0/0","0/0","0/0","0/1","0/0","0/0","0/0","0/0","0/0","0/0","0/0","0/0","0/0","0/0","0/1","0/1","0/0","0/0","0/0","0/0","1/1","1/1","0/1","0/1","0/0","0/0","0/0","0/0","0/1","0/1","0/0","0/0","0/0","0/0","0/0","0/0","0/0","0/0","0/0","0/0","0/1","0/1","0/1","0/1","0/0","0/1","0/0","0/0","0/0","0/0","0/1","0/1","0/0","0/0","0/1","0/1","0/1","0/0","0/0","0/0","0/0","0/0","0/0","0/0","0/0","0/0","0/0","0/0","0/0","0/1","0/1","0/1","0/1","0/1","0/1","0/0","0/1","0/0","0/0","0/1","0/1","0/1","0/1","0/1","0/1","0/1","0/1","0/1","0/1","0/1","0/1","0/1","1/1","1/1","1/1","1/1"
"chr20:44005854_AGAG/A_TP53TG5","0/0","0/0","0/0","0/0","0/0","0/0","0/0","0/0","0/0","0/0","0/0","0/0","0/0","0/0","0/0","0/0","0/0","0/0","0/0","0/0","0/0","0/0","0/0","0/0","0/0","0/0","0/0","0/0","0/0","0/0","0/0","0/0","0/0","0/0","0/0","0/0","0/0","0/0","0/0","0/0","0/0","0/0","0/0","0/0","0/0","0/0","0/0","0/0","0/0","0/0","0/0","0/0","0/0","0/0","0/0","0/0","0/0","0/0","0/0","0/0","0/0","0/0","0/0","0/0","0/0","0/0","0/0","0/0","0/0","0/0","0/0","0/0","0/0","0/0","0/0","0/0","0/0","0/0","0/0","0/0","0/0","0/0","0/0","0/0","0/0","0/0","0/0","0/0","0/0","0/0","0/0","0/0","0/0","0/0","0/0","0/0","0/0","0/0","0/0","0/0","0/1","0/0","0/1","0/0","0/0","0/0","0/0","0/0","0/0","0/0","0/0","0/0","0/0","0/0","0/0","0/0","0/0","0/0","0/0","0/0","0/0","0/0","0/0","0/0","0/0","0/0","0/0","0/0","0/0","0/0","0/0","0/0","0/0","0/0","0/0","0/0","0/0","0/0","0/0","0/0","0/0","0/0","0/0","0/0","0/0","0/0","0/0","0/0","0/0","0/0","0/0","0/0","0/0"
"chr20:44038637_ACCT/A_DBNDD2","0/0","0/0","0/0","0/0","0/0","0/0","0/0","0/0","0/0","0/0","0/0","0/0","0/0","0/0","0/0","0/0","0/0","0/0","0/0","0/0","0/0","0/0","0/0","0/0","0/0","0/0","0/0","0/0","0/0","0/0","0/0","0/0","0/0","0/0","0/0","0/0","0/0","0/0","0/0","0/0","0/0","0/0","0/0","0/0","0/0","0/0","0/0","0/0","0/0","0/0","0/0","0/0","0/0","0/0","0/0","0/0","0/0","0/0","0/0","0/0","0/0","0/0","0/0","0/0","0/0","0/0","0/0","0/0","0/0","0/0","0/0","0/0","0/0","0/0","0/0","0/0","0/0","0/0","0/0","0/0","0/0","0/0","0/0","0/0","0/0","0/0","0/0","0/0","0/0","0/0","0/0","0/0","0/0","0/0","0/0","0/0","0/0","0/0","0/0","0/0","0/0","0/0","0/0","0/0","0/0","0/0","0/0","0/0","0/0","0/0","0/0","0/0","0/0","0/0","0/0","0/0","0/0","0/0","0/0","0/0","0/0","0/0","0/0","0/0","0/0","0/0","0/0","0/0","0/0","0/0","0/0","0/0","0/0","0/0","0/0","0/0","0/0","0/0","0/0","0/0","0/0","0/0","0/0","0/0","0/1","0/0","0/0","0/0","0/0","0/0","0/0","0/0","0/0"
"chr20:44485952_C/CATCT_ACOT8","0/0","0/0","0/0","0/0","0/0","0/0","0/1","0/1","0/1","0/0","0/0","0/0","0/0","0/0","0/0","0/0","0/0","0/0","0/0","0/0","0/0","0/0","0/0","0/0","0/1","0/0","0/0","0/0","0/0","0/0","0/0","0/0","0/0","0/0","0/0","0/0","0/0","0/0","0/0","0/0","0/0","0/0","0/0","0/0","0/0","0/0","0/0","0/0","0/0","0/0","0/0","0/1","0/0","0/0","0/0","0/0","0/0","0/0","0/0","0/0","0/0","0/0","0/0","0/0","0/0","0/0","0/0","0/0","0/0","0/0","0/0","0/0","0/0","0/0","0/0","0/0","0/0","0/0","0/0","0/0","0/0","0/0","0/0","0/0","0/0","0/0","0/0","0/0","0/0","0/0","0/0","0/0","0/0","0/0","0/0","0/0","0/0","0/0","0/0","0/0","0/0","0/0","0/0","0/0","0/0","0/0","0/0","0/1","0/1","0/0","0/0","0/0","0/0","0/0","0/0","0/1","0/1","0/0","0/0","0/0","0/0","0/0","0/1","0/0","0/0","0/0","0/0","0/0","0/0","0/0","0/0","0/0","0/0","0/0","0/0","0/0","0/0","0/0","0/0","0/0","0/0","0/0","0/0","0/0","0/0","0/0","0/0","0/0","0/0","0/0","0/0","0/0","0/0"
"chr20:44512429_ATGC/A_ZSWIM1","0/0","0/0","0/0","0/0","0/0","0/0","0/0","0/0","0/0","0/0","0/0","0/0","0/0","0/0","0/0","0/0","0/0","0/0","0/0","0/0","0/0","0/0","0/0","0/0","0/0","0/0","0/0","0/0","0/0","0/0","0/0","0/0","0/0","0/0","0/0","0/0","0/0","0/0","0/0","0/0","0/0","0/0","0/0","0/0","0/0","0/0","0/1","0/0","0/0","0/0","0/0","0/0","0/0","0/0","0/0","0/0","0/0","0/0","0/0","0/0","0/0","0/0","0/0","0/0","0/0","0/0","0/0","0/0","0/0","0/0","0/0","0/0","0/0","0/0","0/0","0/0","0/0","0/0","0/0","0/0","0/0","0/0","0/0","0/0","0/0","0/0","0/0","0/0","0/0","0/0","0/0","0/0","0/0","0/0","0/0","0/0","0/0","0/0","0/0","0/0","0/0","0/0","0/0","0/0","0/0","0/0","0/0","0/0","0/0","0/0","0/0","0/0","0/0","0/0","0/0","0/0","0/0","0/0","0/0","0/0","0/0","0/0","0/0","0/0","0/0","0/0","0/0","0/0","0/0","0/0","0/0","0/0","0/0","0/0","0/0","0/0","0/0","0/0","0/0","0/0","0/0","0/0","0/0","0/0","0/0","0/0","0/0","0/0","0/0","0/0","0/0","0/0","0/0"
"chr20:44520237_CCTG/C_CTSA","0/0","0/0","0/0","1/1","0/1","0/1","1/1","1/1","1/1","0/1","0/1","0/0","0/1","0/0","0/1","0/1","0/1","0/1","1/1","0/0","0/0","0/1","0/1","0/1","0/1","0/1","0/1","0/1","1/1","0/0","1/1","0/1","1/1","0/0","0/1","0/1","0/1","0/1","1/1","0/1","0/1","1/1","0/1","0/1","1/1","0/1","0/1","0/1","0/1","0/1","0/1","1/1","0/1","0/0","0/1","1/1",".","1/1","1/1","1/1","0/0","0/0","0/0","0/1","0/1","1/1","0/1","1/1","1/1","0/1","1/1","0/1","0/1","0/0","0/0","1/1","1/1","0/1","0/1","0/0","0/0","0/1","0/1","0/0","0/0","0/1","0/1","0/0","0/1","0/1","1/1","0/1","0/1","0/0","0/0","1/1","0/0","0/1","0/1","0/1","0/1","0/0","0/1","0/0","0/0","1/1","1/1","1/1","1/1","0/0","1/1","1/1","1/1","0/0","0/0","1/1","1/1","0/0","1/1","0/0","1/1","1/1","1/1","0/0","0/0","0/2","0/0","0/0","0/1","0/1","0/1","0/1","0/1","0/1","0/1","0/1","0/1","0/1","0/1","0/1","0/1","0/1","0/1","1/1","1/1","1/1","0/0","0/0",".","0/0","0/0","0/0","0/0"
"chr20:44520257_TG/T_CTSA","0/1","0/1","0/1","0/0","0/0","0/0","0/0","0/0","0/0","0/1","0/0","0/1","0/0","0/0","0/0","0/0","0/0","0/1","0/0","0/1","0/1","0/0","0/0","0/0","0/0","0/1","0/0","0/0","0/0","0/1","0/0","0/0","0/0","0/0","0/0","0/0","0/1","0/0","0/0","0/0","0/0","0/0","0/0","0/0","0/0","0/0","0/0","0/1","0/0","0/0","0/0","0/0","0/0","0/1","0/0","0/0","1/1","0/0","0/0","0/0","0/0","0/0","0/0","0/1","0/1","0/0","0/1","0/0","0/0","0/1","0/0","0/1","0/1","0/0","0/0","0/0","0/0","0/0","0/0","0/1","0/1","0/0","0/0","0/0","0/0","0/0","0/0","0/1","0/0","0/0","0/0","0/1","0/1","0/0","0/0","0/0","0/1","0/1","0/0","0/0","0/0","0/0","0/0","0/0","0/0","0/0","0/0","0/0","0/0","0/0","0/0","0/0","0/0","0/1","0/0","0/0","0/0","0/0","0/0","0/0","0/0","0/0","0/0","0/0","0/0","0/0","0/1","0/1","0/0","0/0","0/0","0/0","0/0","0/0","0/0","0/0","0/0","0/0","0/0","0/0","0/0","0/0","0/0","0/0","0/0","0/0","0/1","0/1","0/1","0/0","0/0","0/0","0/0"
"chr20:44520259_CTG/C_CTSA","0/1","0/1","0/1","0/0","0/0","0/0","0/0","0/0","0/0","0/1","0/0","0/1","0/0","0/0","0/0","0/0","0/0","0/1","0/0","0/1","0/1","0/0","0/0","0/0","0/0","0/1","0/0","0/0","0/0","0/1","0/0","0/0","0/0","0/0","0/0","0/0","0/1","0/0","0/0","0/0","0/0","0/0","0/0","0/0","0/0","0/0","0/0","0/1","0/0","0/0","0/0","0/0","0/0","0/1","0/0","0/0","1/1","0/0","0/0","0/0","0/0","0/0","0/0","0/1","0/1","0/0","0/1","0/0","0/0","0/1","0/0","0/1","0/1","0/0","0/0","0/0","0/0","0/0","0/0","0/1","0/1","0/0","0/0","0/0","0/0","0/0","0/0","0/1","0/0","0/0","0/0","0/1","0/1","0/0","0/0","0/0","0/1","0/1","0/0","0/0","0/0","0/0","0/0","0/0","0/0","0/0","0/0","0/0","0/0","0/0","0/0","0/0","0/0","0/1","0/0","0/0","0/0","0/0","0/0","0/0","0/0","0/0","0/0","0/0","0/0","0/0","0/1","0/1","0/0","0/0","0/0","0/0","0/0","0/0","0/0","0/0","0/0","0/0","0/0","0/0","0/0","0/0","0/0","0/0","0/0","0/0","0/1","0/1","0/1","0/0","0/0","0/0","0/0"
"chr20:45315734_GGA/G_TP53RK","0/0","0/0","0/0","0/0","0/0","0/0","0/0","0/0","0/0","0/0","0/0","0/0","0/0","0/0","0/0","0/0","0/0","0/0","0/0","0/0","0/0","0/0","0/0","0/0","0/0","0/0","0/0","0/0","0/0","0/0","0/0","0/1","0/0","0/0","0/0","0/0","0/0","0/0","0/0","0/0","0/0","0/0","0/0","0/0","0/0","0/0","0/0","0/0","0/0","0/0","0/0","0/0","0/0","0/0","0/0","0/0","0/0","0/0","0/0","0/0","0/0","0/0","0/0","0/0","0/0","0/0","0/0","0/0","0/0","0/0","0/0","0/0","0/0","0/0","0/0","0/0","0/0","0/0","0/0","0/0","0/0","0/0","0/0","0/0","0/0","0/0","0/0","0/0","0/0","0/0","0/0","0/0","0/0","0/0","0/0","0/0","0/0","0/0","0/0","0/0","0/0","0/0","0/0","0/0","0/0","0/0","0/0","0/0","0/0","0/0","0/0","0/0","0/0","0/0","0/0","0/0","0/0","0/0","0/0","0/0","0/0","0/0","0/0","0/0","0/0","0/0","0/0","0/0","0/0","0/0","0/0","0/0","0/0","0/0","0/0","0/0","0/0","0/0","0/0","0/0","0/0","0/0","0/0","0/0","0/0","0/0","0/0","0/0","0/0","0/0","0/0","0/0","0/0"
"chr20:45867566_TTGC/T_ZMYND8","0/0","0/0","0/0","0/0","0/0","0/0","0/0","0/0","0/0","0/0","0/0","0/0","0/0","0/0","0/0","0/0","0/0","0/0","0/0","0/0","0/0","0/0","0/0","0/0","0/0","0/0","0/0","0/0","0/0","0/0","0/0","0/0","0/0","0/0","0/0","0/0","0/0","0/0","0/0","0/0","0/0","0/0","0/0","0/0","0/0","0/0","0/0","0/0","0/0","0/1","0/0","0/0","0/0","0/0","0/0","0/0","0/0","0/0","0/0","0/0","0/0","0/0","0/0","0/0","0/0","0/0","0/0","0/0","0/0","0/0","0/0","0/0","0/0","0/0","0/0","0/0","0/0","0/0","0/0","0/0","0/0","0/0","0/0","0/0","0/0","0/0","0/0","0/0","0/0","0/0","0/0","0/0","0/0","0/0","0/0","0/0","0/0","0/0","0/0","0/0","0/0","0/0","0/0","0/0","0/0","0/0","0/0","0/0","0/0","0/0","0/0","0/0","0/0","0/0","0/0","0/0","0/0","0/0","0/0","0/0","0/0","0/0","0/0","0/0","0/0","0/0","0/0","0/0","0/0","0/0","0/0","0/0","0/0","0/0","0/0","0/0","0/0","0/0","0/0","0/0","0/0","0/0","0/0","0/0","0/0","0/0","0/0","0/0","0/0","0/0","0/0","0/0","0/0"
"chr20:46279836_ACAGCAGCAG/ACAGCAG_NCOA3","1/1","1/1","1/1","0/1","0/1","0/1","0/1","0/1","0/0","0/1","0/0","0/1","0/0","0/0","0/0","0/0","0/1","1/1","0/0","0/0","1/1","0/1","0/0","1/1","0/0","0/0","0/0","0/0","0/0","0/0","0/1","0/1","0/1","1/1","1/1","1/2","0/1","0/0","0/1","1/1","0/1","0/0","1/1","1/1","0/0","0/0","0/0","0/0","0/0","0/0","0/1","0/1","0/1","0/1","0/0","0/0","0/0","0/0","0/0","1/1","0/0","0/1","0/1","0/0","0/0","0/0","0/1","0/1","0/1","0/1","0/0","0/1","0/1","0/1","0/1","0/1","0/1","0/0","0/0","0/1","0/1","0/0","0/1","0/0","0/0","0/0","0/0","0/1","0/0","0/0","0/1","0/3","0/0","0/0","0/0","0/1","0/1","0/1","0/1","0/1","0/0","0/0","0/0","0/1","0/1","1/1","1/1","0/0","0/0","0/0","0/1","0/0","0/0","0/1","0/1","0/0","0/0","0/0","0/1","0/0","0/1","0/1","0/0","0/0","0/1","0/1","0/1","0/1","0/0","0/0","0/0","0/1","0/0","0/1","0/0","0/0","0/1","0/1","1/1","0/1","1/1","0/0","0/0","1/1","1/1","1/1","0/0","0/0","0/0","0/0","0/0","0/0","0/0"
"chr20:46279865_A/AGC_NCOA3","0/0","0/0","0/0","0/0","0/0","0/0","0/0","0/0","0/0","0/0","0/0","0/0","0/0","0/0","0/0","0/0","0/0","0/0","0/0","0/0","0/0","0/0","0/0","0/0","0/0","0/0","0/0","0/0","0/0","0/0","0/0","0/0","0/0","0/0","0/0","0/0","0/0","0/0","0/0","0/0","0/0","0/0","0/0","0/0","0/0","0/0","0/0","0/0","0/0","0/0","0/0","0/0","0/0","0/0","0/0","0/0","0/0","0/0","0/1","0/0","0/0","0/0","0/0","0/0","0/0","0/0","0/0","0/0","0/0","0/0","0/0","0/0","0/0","0/0","0/0","0/0","0/0","0/0","0/0","0/0","0/0","0/0","0/0","0/0","0/0","0/0","0/0","0/0","0/0","0/0","0/0","0/0","0/0","0/0","0/0","0/0","0/0","0/0","0/0","0/0","0/0","0/0","0/0","0/0","0/0","0/0","0/0","0/0","0/0","0/0","0/0","0/0","0/0","0/0","0/0","0/0","0/0","0/0","0/0","0/0","0/0","0/0","0/0","0/0","0/0","0/0","0/0","0/0","0/0","0/0","0/0","0/0","0/0","0/0","0/0","0/0","0/0","0/0","0/0","0/0","0/0","0/0","0/0","0/0","0/0","0/0","0/0","0/0","0/0","0/0","0/0","0/0","0/0"
"chr20:47989890_C/CG_KCNB1","0/0","0/0","0/0","0/0","0/0","0/0","0/0","0/0","0/0","0/0","0/0","0/0","0/0","0/0","0/0","0/0","0/0","0/0","0/0","0/0","0/0","0/0","0/0","0/0","0/0","0/0","0/0","0/0","0/0","0/0","0/0","0/0","0/0","0/0","0/0","0/0","0/0","0/0","0/0","0/0","0/0","0/0","0/0","0/0","0/0","0/0","0/0","0/0","0/0","0/0","0/0","0/0","0/0","0/1","0/0","0/0","0/0","0/0","0/0","0/0","0/0","0/0","0/0","0/0","0/0","0/0","0/0","0/0","0/0","0/0","0/0","0/0","0/0","0/0","0/0","0/0","0/0","0/0","0/0","0/0","0/0","0/0","0/0","0/0","0/0","0/0","0/0","0/0","0/0","0/0","0/0","0/0","0/0","0/0","0/0","0/0","0/0","0/0","0/0","0/0","0/0","0/0","0/0","0/0","0/0","0/0","0/0","0/0","0/0","0/0","0/0","0/0","0/0","0/0","0/0","0/0","0/0","0/0","0/0","0/0","0/0","0/0","0/0","0/0","0/0","0/0","0/0","0/0","0/0","0/0","0/0","0/0","0/0","0/0","0/0","0/0","0/0","0/0","0/0","0/0","0/0","0/0","0/0","0/0","0/0","0/0","0/0","0/0","0/0","0/0","0/0","0/0","0/0"
"chr20:48467300_G/GT_SLC9A8","0/0","0/0","0/1","0/0","0/0","0/0","0/0","0/0","0/0","0/0","0/0","0/0","0/0","0/0","0/1","0/0","0/0","0/0","0/1","0/0","0/0","0/0","0/0","0/0","0/0","0/0","0/1","0/0","0/0","0/0","0/0","0/0","0/0","0/0","0/1","0/0","0/0","0/0","0/0","0/0","0/0","0/0","0/0","0/0","0/0","0/0","0/0","0/0","0/0","0/0","0/0","0/0","0/0","0/0","0/0","0/0","0/0","0/0","0/0","0/0","0/0","0/0","0/0","0/1","0/0","0/0","0/0","0/1","0/1","0/0","0/0","0/0","0/0","0/0","0/0","0/0","0/0","0/0","0/1","0/0","0/0","0/0","0/0","0/0","0/0","0/0","0/0","0/0","0/0","0/0","0/0","0/0","0/0","0/0","0/0","0/1","0/0","0/0","0/0","0/0","0/0","0/0","0/0","0/0","0/0","0/0","0/0","0/0","0/0","0/1","0/0","0/0","0/0","0/0","0/0","0/0","0/0","0/1","0/0","0/0","0/0","0/0","0/0","0/0","0/0","0/0","0/0","0/0","0/0","0/0","0/0","0/0","0/0","0/0","0/0","0/0","0/0","0/0","0/1","0/0","0/0","0/0","0/0","0/0","0/1","0/0","0/0","0/0","0/0","0/0","0/0","0/1","0/0"
"chr20:48807740_GC/G_CEBPB","0/0","0/0","0/0","0/0","0/0","0/0","0/0","0/0","0/0","0/1","0/0","0/0","0/0","0/0","0/0","0/0","0/0","0/0","0/0","0/0","0/0","0/0","0/0","0/0","0/0","0/0","0/0","0/0","0/0","0/0","0/0","0/0","0/0","0/0","0/0","0/0","0/0","0/0","0/0","0/0","0/0","0/0","0/0","0/0","0/0","0/0","0/0","0/0","0/0","0/0","0/0","0/0","0/0","0/0","0/0","0/0","0/0","0/0","0/0","0/0","0/0","0/0","0/0","0/0","0/0","0/0","0/0","0/0","0/0","0/0","0/0","0/0","0/0","0/0","0/0","0/0","0/0","0/0","0/0","0/0","0/0","0/0","0/0","0/0","0/0","0/0","0/0","0/0","0/0","0/0","0/0","0/0","0/0","0/0","0/0","0/0","0/0","0/0","0/0","0/0","0/0","0/0","0/0","0/0","0/0","0/0","0/0","0/0","0/0","0/0","0/0","0/0","0/0","0/0","0/0","0/0","0/0","0/0","0/0","0/0","0/0","0/0","0/0","0/0","0/0","0/0","0/0","0/0","0/0","0/0","0/0","0/0","0/0","0/0","0/0","0/0","0/0","0/0","0/0","0/0","0/0","0/0","0/0","0/0","0/0","0/0","0/0","0/0","0/0","0/0","0/0","0/0","0/0"
"chr20:50400982_AC/A_SALL4","0/0","0/0","0/0","0/0","0/0","0/0","0/0","0/0","0/0","0/0","0/0","0/0","0/0","0/0","0/0","0/0","0/0","0/0","0/0","0/0","0/0","0/0","0/0","0/0","0/0","0/0","0/0","0/0","0/0","0/0","0/0","0/0","0/0","0/0","0/0","0/0","0/1","0/0","0/0","0/0","0/0","0/0","0/0","0/0","0/0","0/0","0/0","0/0","0/0","0/0","0/0","0/0","0/0","0/0","0/0","0/0","0/0","0/0","0/0","0/0","0/0","0/0","0/0","0/0","0/0","0/0","0/0","0/0","0/0","0/0","0/0","0/0","0/0","0/0","0/0","0/0","0/0","0/0","0/0","0/0","0/0","0/0","0/0","0/0","0/0","0/0","0/0","0/0","0/0","0/0","0/0","0/0","0/0","0/0","0/0","0/0","0/0","0/0","0/0","0/0","0/0","0/0","0/0","0/0","0/0","0/0","0/0","0/0","0/0","0/0","0/0","0/0","0/0","0/0","0/0","0/0","0/0","0/0","0/0","0/0","0/0","0/0","0/0","0/0","0/0","0/0","0/0","0/0","0/0","0/0","0/0","0/0","0/0","0/0","0/0","0/0","0/0","0/0","0/0","0/0","0/0","0/0","0/0","0/0","0/0","0/0","0/0","0/0","0/0","0/0","0/0","0/0","0/0"
"chr20:54963210_ACCTT/A_AURKA","0/0","0/0","0/0","0/1","0/0","0/0","0/0","0/0","0/0","0/0","0/0","0/0","0/0","0/0","0/0","0/0","0/0","0/0","0/0","0/0","0/0","0/0","0/0","0/0","0/0","0/0","0/0","0/0","0/0","0/0","0/0","0/0","0/0","0/0","0/0","0/0","0/0","0/0","0/0","0/0","0/0","0/0","0/0","0/0","0/0","0/0","0/0","0/0","0/0","0/0","0/0","0/0","0/0","0/0","0/0","0/0","0/0","0/0","0/0","0/0","0/0","0/0","0/0","0/0","0/0","0/0","0/0","0/0","0/0","0/0","0/0","0/0","0/0","0/0","0/0","0/0","0/0","0/0","0/0","0/0","0/0","0/0","0/0","0/0","0/0","0/0","0/0","0/0","0/0","0/0","0/0","0/0","0/0","0/0","0/0","0/0","0/0","0/0","0/0","0/0","0/0","0/0","0/0","0/0","0/0","0/0","0/0","0/0","0/0","0/0","0/0","0/0","0/0","0/0","0/0","0/0","0/0","0/0","0/0","0/0","0/0","0/0","0/0","0/0","0/0","0/0","0/0","0/0","0/0","0/0","0/0","0/0","0/0","0/0","0/0","0/0","0/0","0/0","0/0","0/0","0/0","0/0","0/0","0/0","0/0","0/0","0/0","0/0","0/0","0/0","0/0","0/0","0/0"
"chr20:55953092_GA/G_RAE1","0/0","0/0","0/0","0/0","0/0","0/0","0/0","0/0","0/0","0/0","0/0","0/0","0/0","0/0","0/0","0/0","0/0","0/0","0/0","0/0","0/0","0/0","0/0","0/0","0/0","0/0","0/0","0/0","0/0","0/0","0/0","0/0","0/0","0/0","0/0","0/0","0/1","0/0","0/0","0/0","0/0","0/0","0/0","0/0","0/0","0/0","0/0","0/0","0/0","0/0","0/0","0/0","0/0","0/0","0/0","0/0","0/0","0/0","0/0","0/0","0/0","0/0","0/0","0/0","0/0","0/0","0/0","0/0","0/0","0/0","0/0","0/0","0/0","0/0","0/0","0/0","0/0","0/0","0/0","0/0","0/0","0/0","0/0","0/0","0/0","0/0","0/0","0/0","0/0","0/0","0/0","0/0","0/0","0/0","0/0","0/0","0/0","0/0","0/0","0/0","0/0","0/0","0/0","0/0","0/0","0/0","0/0","0/0","0/0","0/0","0/0","0/0","0/0","0/0","0/0","0/0","0/0","0/0","0/0","0/0","0/0","0/0","0/0","0/0","0/0","0/0","0/0","0/0","0/0","0/0","0/0","0/0","0/0","0/0","0/0","0/0","0/0","0/0","0/0","0/0","0/0","0/0","0/0","0/0","0/0","0/0","0/0","0/0","0/0","0/0","0/0","0/0","0/0"
"chr20:56071351_G/GT_CTCFL","0/0","0/0","0/0","0/0","0/0","0/0","0/0","0/0","0/0","0/0","0/0","0/0","0/0","0/0","0/0","0/0","0/0","0/0","0/0","0/0","0/0","0/0","0/0","0/0","0/0","0/0","0/0","0/0","0/0","0/0","0/0","0/0","0/0","0/0","0/0","0/0","0/0","0/0","0/0","0/0","0/0","0/0","0/0","0/0","0/0","0/0","0/0","0/0","0/0","0/0","0/0","0/0","0/0","0/0","0/0","0/0","0/0","0/0","0/0","0/0","0/0","0/0","0/0","0/0","0/0","0/0","0/0","0/0","0/0","0/0","0/0","0/0","0/0","0/0","0/0","0/0","0/0","0/0","0/0","0/0","0/0","0/0","0/0","0/0","0/0","0/0","0/0","0/0","0/0","0/0","0/0","0/0","0/0","0/0","0/0","0/0","0/0","0/0","0/0","0/0","0/0","0/0","0/0","0/0","0/0","0/0","0/0","0/0","0/0","0/0","0/0","0/0","0/0","0/0","0/0","0/0","0/0","0/0","0/0","0/0","0/0","0/0","0/0","0/0","0/0","0/0","0/0","0/0","0/0","0/0","0/0","0/0","0/1","0/0","0/1","0/1","0/0","0/0","0/0","0/0","0/0","0/0","0/0","0/0","0/0","0/0","0/0","0/0","0/0","0/0","0/0","0/0","0/0"
"chr20:56803676_C/CCCG_ANKRD60","0/0","0/0","1/1","0/0","1/1",".","0/0",".",".","0/0","0/0","1/1","0/0","0/0","1/1","1/1","0/0","0/0","0/0","0/1","1/1","0/0","1/1","2/2","0/1","0/1","0/0","1/1","0/1","0/1","1/1","0/1","0/0","0/0",".","0/1","0/0","0/1","1/1","1/1","1/1","1/1",".","0/0","0/0","0/0","0/1","0/0","0/1","0/1","0/0","0/1","0/0","0/0","0/0","0/1","0/1","0/0","0/1","0/0","0/1","0/0","1/1","0/0","0/0","0/1","0/1","0/1","0/0","0/1","0/1","0/1",".","0/0","0/1","1/1","1/1","1/1","0/0","0/0","0/0","0/0","0/0","0/1","0/0","1/1",".","0/1","0/1",".","1/1","1/1","1/1","0/0","0/0","1/1","0/1","0/0","0/0","0/0","0/0","0/0","0/0","0/1","0/0","1/1","1/1","0/0","0/1","0/0","0/1","0/0","0/0",".","0/0","0/1","0/0","0/0","1/1","0/0","0/0","0/1","0/0","0/0","1/1","0/1",".",".","0/0","0/0","0/0","1/1",".","0/1",".","0/0",".","0/0","1/1","1/1",".","1/1","0/0","0/0","0/0","0/0","0/0","0/0","0/0","0/0","0/0","0/1","0/0"
"chr20:57769139_TG/T_ZNF831","0/0","0/0","0/0","0/0","0/0","0/0","0/0","0/0","0/0","0/0","0/0","0/0","0/0","0/0","0/0","0/0","0/0","0/0","0/0","0/0","0/0","0/0","0/0","0/0","0/0","0/0","0/0","0/0","0/0","0/0","0/0","0/1","0/0","0/0","0/0","0/0","0/0","0/0","0/0","0/0","0/0","0/0","0/0","0/0","0/0","0/0","0/0","0/0","0/0","0/0","0/0","0/0","0/0","0/0","0/0","0/0","0/0","0/0","0/0","0/0","0/0","0/0","0/0","0/0","0/0","0/0","0/0","0/0","0/0","0/0","0/0","0/0","0/0","0/0","0/0","0/0","0/0","0/0","0/0","0/0","0/0","0/0","0/0","0/0","0/0","0/0","0/0","0/0","0/0","0/0","0/0","0/0","0/0","0/0","0/0","0/0","0/0","0/0","0/0","0/0","0/0","0/0","0/0","0/0","0/0","0/0","0/0","0/0","0/0","0/0","0/0","0/0","0/0","0/0","0/0","0/0","0/0","0/0","0/0","0/0","0/0","0/0","0/0","0/0","0/0","0/0","0/0","0/0","0/0","0/0","0/0","0/0","0/0","0/0","0/0","0/0","0/0","0/0","0/0","0/0","0/0","0/0","0/0","0/0","0/0","0/0","0/0","0/0","0/0","0/0","0/0","0/0","0/0"
"chr20:58587783_T/TA_CDH26","0/0","0/0","0/0","0/0","0/0","0/1","0/0","0/0","0/0","0/0","0/0","0/0","0/0","0/0","0/0","0/0","0/0","0/0","0/0","0/0","0/0","0/0","0/0","0/0","0/0","0/0","0/0","0/0","0/0","0/0","0/0","0/0","0/0","0/0","0/0","0/0","0/0","0/0","0/0","0/0","0/0","0/0","0/0","0/0","0/0","0/0","0/0","0/0","0/0","0/0","0/0","0/1","0/0","0/0","0/0","0/0","0/0","0/0","0/0","0/0","0/0","0/0","0/1","0/0","0/0","0/0","0/0","0/1","0/0","0/0","0/0","0/0","0/0","0/0","0/0","0/0","0/0","0/0","0/0","0/0","0/0","0/0","0/0","0/0","0/0","0/0","0/0","0/0","0/0","0/0","0/0","0/0","0/0","0/0","0/0","0/0","0/0","0/0","0/0","0/0","0/0","0/0","0/0","0/0","0/0","0/0","0/0","0/0","0/0","0/0","0/0","0/0","0/1","0/0","0/0","0/0","0/0","0/0","0/0","0/0","0/0","0/0","0/0","0/0","0/0","0/0","0/0","0/0","0/0","0/0","0/0","0/0","0/0","0/0","0/0","0/0","0/0","0/0","0/0","0/0","0/0","0/0","0/0","0/0","0/0","0/0","0/0","0/0","0/0","0/0","0/0","0/0","0/0"
"chr20:60640110_CGGGCGCGGG/C_TAF4","0/0","0/0","0/0",".","0/0","0/0","0/0","0/0","0/0","0/0","0/0","0/0","0/0","0/0","0/0","0/0","0/0","0/0","0/0","0/0","0/0","0/0","0/0","0/0","0/0","0/0","0/0","0/0","0/0","0/0","0/0","0/0","0/0",".","0/0","0/0","0/0","0/0","0/0",".","0/0","0/0",".","0/0","0/0","0/0","0/0",".","0/0","0/0",".","0/0","0/0","0/0","0/0","0/0","0/0",".","0/0","0/0","0/0","0/0","0/0","0/0","0/0","0/0",".",".","0/0","0/0","0/0","0/0","0/0","0/0","0/0","0/0","0/0","0/0",".","0/0","0/0","0/0","0/0","0/0","0/0","0/0","0/0","0/0","0/0","0/0","0/0","0/0","0/0","0/0","0/0","0/0","0/0","0/0","0/0","0/0",".","0/0","0/0","0/0","0/0","0/0","0/0","0/0","0/0","0/1","0/0","0/0","0/0","0/0","0/0","0/0","0/0","0/0","0/0","0/0","0/0","0/0","0/0","0/0",".",".","0/0","0/0","0/0","0/0","0/0","0/0","0/0","0/0",".","0/0","0/0","0/0","0/0",".",".","0/0","0/0","0/0","0/0","0/0","0/0","0/0",".","0/0","0/0","0/0","0/0"
"chr20:61448935_GC/G_COL9A3","0/0","0/0","0/0","0/0","0/0","0/0","0/0","0/0","0/0","0/0","0/0","0/0","0/0","0/0","0/0","0/0","0/0","0/0","0/0","0/0","0/0","0/0","0/0","0/0","0/0","0/0","0/0","0/0","0/0","0/0","0/0","0/0","0/0","0/0","0/0","0/0","0/1","0/0","0/0","0/0","0/0","0/0","0/0","0/0","0/0","0/0","0/0","0/2","0/0","0/0","0/0","0/0","0/0","0/0","0/0","0/0","0/0","0/0","0/0","0/0","0/0","0/0","0/0","0/0","0/0","0/0","0/0","0/0","0/0","0/0","0/0","0/0","0/0","0/0","0/0","0/0","0/0","0/0","0/0","0/0","0/0","0/0","0/0","0/0","0/0","0/0","0/0","0/0","0/0","0/0","0/0","0/0","0/0","0/0","0/0","0/0","0/0","0/0","0/0","0/0","0/0","0/0","0/0","0/0","0/0","0/0","0/0","0/0","0/0","0/0","0/0","0/0","0/0","0/0","0/0","0/0","0/0","0/0","0/0","0/0","0/0","0/0","0/0","0/0","0/0","0/0","0/0","0/0","0/0","0/0","0/0","0/0","0/0","0/0","0/0","0/0","0/0","0/0","0/0","0/0","0/0","0/0","0/0","0/0","0/0","0/0","0/0","0/0","0/0","0/0","0/0","0/0","0/0"
"chr20:61472084_A/AAAT_COL9A3","0/0","0/0","0/0","0/0","0/0","0/0","0/0","0/0","0/0","0/0","0/0","0/0","0/0","0/0","0/0","0/0","0/0","0/0","0/0","0/0","0/0","0/0","0/0","0/0","0/0","0/0","0/0","0/0","0/0","0/0","0/0","0/0","0/0","0/0","0/0","0/0","0/0","0/0","0/0","0/0","0/0","0/0","0/0","0/0","0/0","0/0","0/0","0/0","0/0","0/0","0/1","0/0","0/0","0/0","0/0","0/0","0/0","0/0","0/0","0/0","0/0","0/0","0/0","0/0","0/0","0/0","0/0","0/0","0/0","0/0","0/0","0/0","0/0","0/0","0/0","0/0","0/0","0/0","0/0","0/0","0/0","0/0","0/1","0/0","0/0","0/0","0/0","0/0","0/0","0/0","0/0","0/0","0/0","0/0","0/0","0/0","0/0","0/0","0/0","0/0","0/0","0/0","0/0","0/0","0/0","0/0","0/0","0/0","0/0","0/0","0/0","0/0","0/0","0/0","0/0","0/0","0/0","0/0","0/0","0/0","0/0","0/0","0/0","0/0","0/0","0/0","0/0","0/0","0/0","0/0","0/0","0/0","0/0","0/0","0/0","0/0","0/0","0/0","0/0","0/0","0/0","0/0","0/0","0/0","0/0","0/0","0/0","0/0","0/0","0/0","0/0","0/0","0/0"
"chr20:61492514_CCAGCCG/C_TCFL5","0/0","0/0","0/0","0/0","0/0","0/0","0/0","0/0","0/0","0/0","0/0",".","0/0","0/0","0/0","0/0","0/0","0/0","0/0","0/0","0/0","0/0","0/0","0/0","0/0","0/0","0/0","0/0","0/0","0/0","0/1","0/0","0/0","0/0","0/0","0/0","0/0","0/0","0/0","0/0","0/0","0/0","0/0","0/0","0/0","0/0","0/0","0/0","0/0","0/0","0/0","0/0","0/0","0/0","0/0","0/0","0/0","0/1","0/0","0/0","0/0","0/0","0/0","0/0","0/0","0/0","0/0","0/0","0/0","0/0","0/0","0/0","0/0","0/0","0/0","0/0","0/0","0/0","0/0","0/0","0/0","0/0","0/0","0/0","0/0","0/0","0/0","0/0","0/0","0/0","0/0","0/0","0/0","0/0","0/0","0/0","0/0",".","0/0","0/0","0/0","0/0","0/0","0/0","0/0","0/0","0/0","0/0","0/0","0/0","0/0","0/0","0/0","0/0","0/0","0/0","0/0",".","0/0","0/0","0/0","0/0","0/0","0/0","0/0","0/0","0/0","0/0",".","1/1","0/1","0/0","0/0","0/0","0/0","0/0","0/0","0/0","0/0","0/0","0/0","0/0","0/0","0/0","0/0","0/0","0/0","0/0","0/0","0/0","0/0","0/0","0/0"
"chr20:61594971_CCTT/C_SLC17A9","0/0","0/0","0/0","0/0","0/0","0/0","0/0","0/0","0/0","0/0","0/0","0/0","0/0","0/0","0/0","0/0","0/0","0/0","0/0","0/0","0/0","0/0","0/0","0/0","0/0","0/0","0/0","0/0","0/0","0/0","0/0","0/0","0/0","0/0","0/0","0/0","0/0","0/0","0/0","0/0","0/0","0/0","0/0","0/0","0/0","0/0","0/0","0/0","0/0","0/0","0/0","0/0","0/0","0/0","0/0","0/0","0/0","0/0","0/0","0/0","0/0","0/0","0/0","0/0","0/0","0/0","0/0","0/0","0/0","0/0","0/0","0/0","0/0","0/0","0/0","0/0","0/0","0/0","0/0","0/0","0/0","0/0","0/0","0/0","0/0","0/0","0/0","0/0","0/0","0/0","0/0","0/0","0/0","0/0","0/0","0/0","0/0","0/0","0/0","0/0","0/0","0/0","0/0","0/1","0/1","0/0","0/0","0/0","0/0","0/0","0/0","0/0","0/0","0/0","0/0","0/0","0/0","0/0","0/0","0/0","0/0","0/0","0/0","0/0","0/0","0/0","0/0","0/0","0/0","0/0","0/0","0/0","0/0","0/0","0/0","0/0","0/0","0/0","0/0","0/0","0/0","0/0","0/0","0/0","0/0","0/0","0/0","0/0","0/0","0/0","0/0","0/0","0/0"
"chr20:61940766_TC/T_COL20A1","0/0","0/0","0/0","0/0","0/0","0/0","0/0","0/0","0/0","0/0","0/0","0/0","0/0","0/0","0/0","0/0","0/0","0/0","0/0","0/0","0/0","0/0","0/0","0/0","0/0","0/0","0/0","0/0","0/0","0/0","0/0","0/0","0/0","0/0","0/0","0/0","0/0","0/0","0/0","0/1","0/0","0/0","0/0","0/0","0/0","0/0","0/0","0/0","0/0","0/0","0/0","0/1","0/0","0/0","0/0","0/0","0/0","0/0","0/1","0/0","0/0","0/1","0/0","0/0","0/0","0/0","0/0","0/0","0/0","0/0","0/0","0/0","0/0","0/0","0/0","0/1","0/1","0/0","0/0","0/0","0/0","0/0","0/0","0/0","0/0","0/0","0/0","0/0","0/0","0/0","0/0","0/0","0/0","0/0","0/0","0/0","0/0","0/0","0/0","0/0","0/0","0/1","0/0","0/0","0/0","0/0","0/0","0/0","0/0","0/1","0/0","0/0","0/0","0/0","0/0","0/0","0/0","0/0","0/0","0/0","0/0","0/0","0/0","0/0","0/0","0/0","0/0","0/0","0/0","0/0","0/0","0/0","0/0","0/0","0/0","0/0","0/0","0/0","0/0","0/0","0/0","0/0","0/0","0/0","0/0","0/0","0/0","0/0","0/0","0/0","0/0","0/0","0/0"
"chr20:62163971_ATG/A_PTK6","0/0","0/0","0/0","0/0","0/0","0/0","0/0","0/0","0/0","0/0","0/0","0/0","0/0","0/0","0/0","0/1","0/0","0/0","0/0","0/0","0/0","0/0","0/0","0/0","0/0","0/0","0/0","0/0","0/0","0/0","0/0","0/0","0/0","0/0","0/0","0/0","0/0","0/0","0/0","0/0","0/0","0/0","0/0","0/0","0/0","0/0","0/0","0/0","0/0","0/0","0/0","0/0","0/0","0/0","0/0","0/0","0/0","0/0","0/0","0/0","0/0","0/0","0/0","0/0","0/0","0/0","0/0","0/0","0/0","0/0","0/0","0/0","0/0","0/0","0/0","0/0","0/0","0/0","0/0","0/0","0/0","0/0","0/0","0/0","0/0","0/0","0/0","0/0","0/0","0/0","0/0","0/0","0/0","0/0","0/0","0/0","0/0","0/0","0/0","0/0","0/0","0/0","0/0","0/0","0/0","0/0","0/0","0/0","0/0","0/0","0/0","0/0","0/0","0/0","0/0","0/0","0/0","0/0","0/0","0/0","0/0","0/0","0/0","0/0","0/0","0/0","0/0","0/0","0/0","0/0","0/0","0/0","0/0","0/0","0/0","0/0","0/0","0/0","0/0","0/0","0/0","0/0","0/0","0/0","0/0","0/0","0/0","0/0","0/0","0/0","0/0","0/0","0/0"
"chr20:62364964_C/CAAGTTTGACTCGCTGCTGCTGAGGGAGGCCGTGGTGG_ZGPAT","0/0","0/0","0/0","0/0","0/0","0/0","0/0","0/0","0/0","0/0","0/0","0/0","0/0","0/0","0/0","0/0","0/0","0/0","0/0","0/0","0/0","0/0","0/0","0/0","0/0","0/0","0/0","0/0","0/0","0/0","0/0","0/0","0/0","0/0","0/0","0/0","0/0","0/0","0/0","0/0","0/0","0/0","0/0","0/0","0/0","0/0","0/0","0/0","0/0","0/0","0/0","0/0","0/0","0/0","0/0","0/0","0/0","0/0","0/0","0/0","0/0","0/0","0/0","0/0","0/0","0/0","0/0","0/0","0/0","0/0","0/0","0/0","0/0","0/0","0/0","0/0","0/0","0/0","0/0","0/1","0/1","0/0","0/0","0/0","0/0","0/0","0/0","0/0","0/0","0/0","0/0","0/0","0/0","0/0","0/0","0/0","0/0","0/0","0/0","0/0","0/0","0/0","0/0","0/0","0/0","0/0","0/0","0/0","0/0","0/0","0/0","0/0","0/0","0/0","0/0","0/0","0/0","0/0","0/0","0/0","0/0","0/0","0/0","0/0","0/0","0/0","0/0","0/0","0/0","0/0","0/0","0/0","0/0","0/0","0/0","0/0","0/0","0/0","0/0","0/0","0/0","0/0","0/0","0/0","0/0","0/0","0/0","0/0","0/0","0/0","0/0","0/0","0/0"
"chr20:62576078_TGTCCAGGAGCTGGTGGAGACAGCGG/T_UCKL1","0/0","0/0","0/0","0/0","0/0","0/0","0/0","0/0","0/0","0/0","0/0","0/0","0/0","0/0","0/0","0/0","0/0","0/0","0/0","0/0","0/0","0/0","0/0","0/0","0/0","0/0","0/0","0/0","0/0","0/0","0/0","0/0","0/0","0/0","0/0","0/0","0/0","0/0","0/0","0/0","0/0","0/0","0/0","0/0","0/0","0/0","0/0","0/0","0/0","0/0","0/0","0/0","0/0","0/0","0/0","0/0","0/0","0/0","0/0","0/0","0/0","0/0","0/0","0/0","0/0","0/0","0/0","0/0","0/0","0/0","0/0","0/0","0/0","0/0","0/0","0/0","0/0","0/0","0/0","0/0","0/0","0/1","0/0","0/0","0/0","0/0","0/0","0/0","0/0","0/0","0/0","0/0","0/0","0/0","0/0","0/0","0/0","0/0","0/0","0/0","0/0","0/0","0/0","0/0","0/0","0/0","0/0","0/0","0/0","0/0","0/0","0/0","0/0","0/0","0/0","0/0","0/0","0/0","0/0","0/0","0/0","0/0","0/0","0/0","0/0","0/0","0/0","0/0","0/0","0/0","0/0","0/0","0/0","0/0","0/0","0/0","0/0","0/0","0/0","0/0","0/0","0/0","0/0","0/0","0/0","0/0","0/0","0/0","0/0","0/0","0/0","0/0","0/0"
"chr20:62680566_GCTTGCGCTCGTC/G_SOX18","0/0","0/0","0/0","0/0","0/0","0/0","0/0","0/0","0/0","0/0","0/0","0/0","0/0","0/0","0/0","0/0","0/0","0/0","0/0","0/0","0/0","0/0","0/0","0/0","0/0","0/0","0/0","0/0","0/0","0/0","0/0","0/0","0/0","0/0","0/0","0/0","0/0","0/0","0/0","0/0","0/0","0/0","0/0","0/0","0/0","0/0","0/0","0/0","0/0","0/0","0/0","0/0","0/0","0/0","0/1","0/0","0/0","0/0","0/0","0/0","0/0","0/0","0/0","0/0","0/0","0/0","0/0","0/0","0/0","0/0","0/0","0/0","0/0","0/0","0/0","0/0","0/0","0/0","0/0","0/0","0/0","0/0","0/0","0/0","0/0","0/0","0/0","0/0","0/0","0/0","0/0","0/0","0/0","0/0","0/0","0/0","0/0","0/0","0/0","0/0","0/0","0/0","0/0","0/0","0/0","0/0","0/0","0/0","0/0","0/0","0/0","0/0","0/0","0/0","0/0","0/0","0/0","0/0","0/0","0/0","0/0","0/0","0/0","0/0","0/0","0/0","0/0","0/0","0/0","0/0","0/0","0/0","0/0","0/0","0/0","0/0","0/0","0/0","0/0","0/0","0/0","0/0","0/0","0/0","0/0","0/0","0/0","0/0","0/0","0/0","0/0","0/0","0/0"
"chr21:10942924_CCTT/C_TPTE","0/1","0/1","0/1","0/1","0/1","0/1","0/1","0/1","0/1","0/1","0/1","0/1","0/1","0/1","0/1","0/1","0/1","0/0","0/0","0/1","0/1","0/1","0/1","0/1","0/1","0/1","0/1","0/1","0/1","0/0","0/1","0/1","0/0","0/1","0/0","0/0","0/1","0/1","0/1","0/1","0/1","0/1","0/1","0/0","0/1","0/1","0/1","0/0","0/1","0/1","0/1","0/1","0/1","0/1","0/1","0/1","0/1","0/1","0/1","0/1","0/1","0/1","0/1","0/1","0/1","0/0","0/1","0/1","0/1","0/1","0/0","0/1","0/1","0/1","0/1","0/0","0/0","0/0","0/1","0/1","0/1","0/1","0/1","0/1","0/1","0/1","0/1","0/1","0/0","0/0","0/1","0/1","0/1","0/0","0/0","0/1","0/1","0/0","0/1","0/1","0/0","0/1","0/0","0/1","0/1","0/1","0/1","0/1","0/1","0/1","0/1","0/0","0/0","0/1","0/1","0/1","0/1","0/1","0/0","0/1","0/0","0/0","0/1","0/1","0/1","0/1","0/1","0/1","0/1","0/1","0/1","0/1","0/1","0/1","0/1","0/1","0/1","0/1","0/1","0/1","0/1","0/1","0/1","0/1","0/1","0/1","0/1","0/1","0/1","0/0","0/1","0/1","0/1"
"chr21:22881168_TAAGACACGC/T_NCAM2","0/0","0/0","0/0","0/0","0/0","0/0","0/0","0/0","0/0","0/0","0/0","0/0","0/0","0/0","0/0","0/0","0/0","0/0","0/0","0/0","0/0","0/0","0/0","0/0","0/0","0/0","0/0","0/0","0/0","0/0","0/0","0/0","0/0","0/0","0/0","0/0","0/0","0/0","0/0","0/0","0/0","0/0","0/0","0/0","0/0","0/0","0/0","0/0","0/0","0/0","0/0","0/0","0/0","0/0","0/0","0/0","0/0","0/0","0/0","0/0","0/0","0/0",".","0/0","0/0","0/0","0/0","0/0","0/0","0/0","0/0","0/0","0/0","0/0","0/0","0/0","0/0","0/0","0/0","0/0","0/0","0/0","0/0","0/0","0/0","0/0","0/0","0/0","0/0","0/0","0/0","0/0","0/0","0/0","0/0","0/0","0/0","0/0","0/0","0/0","0/0","0/0","0/0","0/0","0/0","0/0","0/0","0/0","0/0","0/0","0/0","0/0","0/0","0/0","0/0","0/0","0/0","0/0","0/0","0/0","0/0","0/0","0/0","0/0","0/0","0/0","0/0","0/0","0/0","0/0","0/0","0/0","0/0","0/0","0/0","0/0","0/0","0/1","0/0","0/1","0/0","0/0","0/0","0/0","0/0","0/0","0/0","0/0","0/0",".","0/1","0/0","0/0"
"chr21:27012163_CCTG/C_JAM2","0/0","0/0","0/0","0/0","0/0","0/0","0/0","0/0","0/0","0/0","0/0","0/0","0/0","0/0","0/0","0/0","0/0","0/0","0/0","0/0","0/0","0/0","0/0","0/0","0/0","0/0","0/0","0/0","0/0","0/0","0/0","0/0","0/0","0/0","0/0","0/0","0/0","0/0","0/0","0/0","0/0","0/0","0/0","0/0","0/0","0/0","0/0","0/0","0/0","0/0","0/0","0/1","0/0","0/0","0/0","0/0","0/0","0/0","0/0","0/0","0/0","0/0","0/0","0/0","0/0","0/0","0/0","0/0","0/0","0/0","0/0","0/0","0/0","0/0","0/0","0/0","0/0","0/0","0/0","0/0","0/0","0/0","0/0","0/0","0/0","0/0","0/0","0/0","0/0","0/0","0/0","0/0","0/0","0/0","0/0","0/0","0/0","0/0","0/0","0/0","0/0","0/0","0/0","0/0","0/0","0/0","0/0","0/0","0/0","0/0","0/0","0/0","0/0","0/0","0/0","0/0","0/0","0/0","0/0","0/0","0/0","0/0","0/0","0/0","0/0","0/0","0/0","0/0","0/0","0/0","0/0","0/0","0/0","0/0","0/0","0/0","0/0","0/0","0/0","0/0","0/0","0/0","0/0","0/0","0/0","0/0","0/0","0/0","0/0","0/0","0/0","0/0","0/0"
"chr21:30339205_ATT/AT_LTN1","0/0","0/0","0/0","0/1","0/0","0/0","0/0","0/1","0/0","0/0","0/0","0/0","0/0","0/1","0/0","0/0","0/0","0/0","0/0","0/0","0/1","0/0","0/0","0/0","0/0","0/0","0/0","0/0","0/0","0/0","0/0","0/1","0/0","0/0","0/0","0/0","0/2","0/0","0/0","0/0","0/0","0/0","0/0","0/0","0/0","0/0","0/0","0/0","0/0","0/0","0/0","0/0","0/0","0/0","0/0","0/0","0/0","0/0","0/0","0/0","0/0","0/0","0/0","0/0","0/0","0/0","0/0","0/0","0/0","0/0","0/0","0/0","0/0","0/0","0/0","0/0","0/0","0/1","0/0","0/0","0/0","0/0","0/0","0/0","0/0","0/0","0/0","0/0","0/0","0/0","0/0","0/0","0/0","0/0","0/0","0/0","0/0","0/0","0/1","0/0","0/0","0/1","0/0","0/0","0/0","0/0","0/0","0/0","0/0","0/0","0/0","0/0","0/0","0/0","0/0","0/0","0/1","0/0","0/0","0/0","0/0","0/0","0/1","0/0","0/0","0/0","0/0","0/0","0/0","0/0","0/0","0/0","0/0","0/0","0/0","0/0","0/0","0/0","0/0","0/0","0/0","0/0","0/0","0/0","0/0","0/0","0/0","0/0","0/0","0/0","0/0","0/0","0/0"
"chr21:31587835_C/CA_CLDN8","0/0","0/0","0/0","0/0","0/0","0/0","0/0","0/0","0/0","0/0","0/0","0/0","0/0","0/0","0/0","0/0","0/0","0/0","0/0","0/0","0/0","0/0","0/0","0/0","0/0","0/0","0/0","0/0","0/0","0/0","0/0","0/0","0/0","0/0","0/0","0/0","0/0","0/0","0/0","0/0","0/0","0/0","0/0","0/0","0/0","0/0","0/0","0/0","0/0","0/0","0/0","0/0","0/0","0/0","0/0","0/0","0/0","0/0","0/0","0/0","0/0","0/0","0/0","0/0","0/0","0/0","0/0","0/0","0/0","0/0","0/0","0/0","0/0","0/0","0/0","0/0","0/0","0/0","0/0","0/0","0/0","0/0","0/0","0/0","0/0","0/0","0/0","0/0","0/0","0/0","0/0","0/0","0/0","0/0","0/0","0/0","0/0","0/1","0/0","0/0","0/0","0/0","0/0","0/0","0/0","0/0","0/0","0/0","0/0","0/0","0/0","0/0","0/0","0/0","0/0","0/0","0/0","0/0","0/0","0/0","0/0","0/0","0/0","0/0","0/0","0/0","0/0","0/0","0/0","0/0","0/0","0/0","0/0","0/0","0/0","0/0","0/0","0/0","0/0","0/0","0/0","0/0","0/0","0/0","0/0","0/0","0/0","0/0","0/0","0/0","0/0","0/0","0/0"
"chr21:31661779_GA/GAA_KRTAP25-1","0/0","0/0","0/0","0/0","0/0","0/0","0/0","0/0","0/0","0/0","0/0","0/0","0/0","0/0","0/0","0/0","0/1","0/0","0/0","0/0","0/0","0/0","0/0","0/0","0/0","0/0","0/0","0/0","0/0","0/0","0/0","0/0","0/0","0/0","0/0","0/0","0/2","0/0","0/0","0/0","0/0","0/0","0/0","0/0","0/0","0/0","0/0","0/0","0/0","0/0","0/0","0/0","0/0","0/0","0/0","0/0","0/0","0/0","0/0","0/0","0/0","0/0","0/0","0/0","0/0","0/0","0/0","0/0","0/0","0/0","0/0","0/0","0/0","0/0","0/0","0/0","0/0","0/0","0/0","0/0","0/0","0/0","0/0","0/0","0/0","0/0","0/0","0/0","0/0","0/0","0/0","0/0","0/0","0/0","0/0","0/0","0/0","0/0","0/0","0/0","0/0","0/0","0/0","0/0","0/0","0/0","0/0","0/0","0/0","0/0","0/0","0/0","0/0","0/0","0/0","0/0","0/0","0/0","0/0","0/0","0/0","0/0","0/0","0/0","0/0","0/0","0/0","0/0","0/0","0/0","0/0","0/0","0/0","0/0","0/0","0/0","0/0","0/0","0/0","0/0","0/0","0/0","0/0","0/0","0/0","0/0","0/0","0/0","0/0","0/0","0/0","0/0","0/0"
"chr21:31913981_AG/A_KRTAP19-6\x3bKRTAP19-6","1/1","1/1","1/1","1/1","1/1","1/1","0/1","0/1","0/1","0/1","0/1","1/1","1/1","1/1","0/1","1/1","1/1","0/1","1/1","0/1","1/1","0/1","0/1","0/1","0/1","0/0","1/1","1/1","1/1","1/1","0/1","1/1","1/1","1/1","0/1","0/0","0/1","0/1","1/1","0/1","1/1","0/1","0/1","1/1","0/1","1/1","1/1","1/1","0/1","1/1","1/1","0/1","0/1","0/1","0/1","1/1","0/0","0/1","1/1","1/1","0/1","1/1","1/1","0/1","0/1","1/1","1/1","0/1","0/1","1/1","1/1","0/1","0/1","0/1","0/1","1/1","1/1","1/1","1/1","0/1","0/1","0/1","1/1","1/1","1/1","0/1","0/1","0/1","1/1","1/1","1/1","1/1","1/1","0/1","0/1","1/1","0/1","0/1","0/0","0/0","0/1","1/1","0/1","1/1","1/1","1/1","1/1","1/1","1/1","1/1","1/1","1/1","1/1","0/1","1/1","1/1","1/1","0/1","0/1","0/1","0/1","0/1","1/1","0/1","1/1","1/1","0/1","0/1","0/0","0/0","0/0","1/1","0/1","1/1","0/1","0/1","1/1","1/1","0/1","0/1","0/1","1/1","1/1","0/1","0/1","0/1","1/1","1/1","1/1","0/0","0/0","0/0","0/0"
"chr21:33982269_C/CA_C21orf59","0/0","0/0","0/0","0/0","0/0","0/0","0/0","0/0","0/0","0/0","0/0","0/0","0/0","0/0","0/0","0/0","0/0","0/0","0/0","0/0","0/0","0/0","0/0","0/0","0/0","0/0","0/0","0/1","0/0","0/0","0/0","0/0","0/0","0/0","0/0","0/0","0/0","0/0","0/0","0/0","0/0","0/0","0/0","0/0","0/0","0/0","0/0","0/0","0/0","0/0","0/0","0/0","0/0","0/0","0/0","0/0","0/0","0/0","0/0","0/0","0/0","0/0","0/0","0/0","0/0","0/0","0/0","0/0","0/0","0/0","0/0","0/0","0/0","0/0","0/0","0/0","0/0","0/0","0/0","0/0","0/0","0/0","0/0","0/0","0/0","0/0","0/0","0/0","0/0","0/0","0/0","0/0","0/0","0/0","0/0","0/0","0/0","0/0","0/0","0/0","0/0","0/0","0/0","0/0","0/0","0/0","0/0","0/0","0/0","0/0","0/0","0/0","0/0","0/0","0/0","0/0","0/0","0/0","0/0","0/0","0/0","0/0","0/0","0/0","0/0","0/0","0/0","0/0","0/0","0/0","0/0","0/0","0/0","0/0","0/0","0/0","0/0","0/0","0/0","0/0","0/0","0/0","0/0","0/0","0/0","0/0","0/0","0/0","0/0","0/0","0/0","0/0","0/0"
"chr21:34003928_A/AAGTATT_SYNJ1","0/0","0/0","0/0","0/1","0/1","0/1","0/1","0/1","0/1","0/0","0/0","0/0","0/0","1/1","0/1","0/1","0/1","0/0","0/0","0/1","0/0","1/1","0/1","0/1","0/1","0/1","0/1","0/0","0/0","0/1","0/1","0/1","0/1","0/1","1/1","0/0","0/1","0/1","0/1","0/0","1/1","0/1","0/0","0/1","0/1","0/0","0/1","0/0","0/0","0/1","0/1","0/0","0/1","1/1","1/1","0/1","0/1","1/1","0/0","0/0","0/1","0/1","1/1","0/1","0/1","1/1","0/0","0/0","0/0","0/0","1/1","1/1","1/1","0/0","0/0","0/0","0/0","0/1","0/1","0/1","0/1","1/1","0/1","0/1","0/1","0/1","0/1","0/1","1/1","1/1","0/1","0/1","0/1","1/1","1/1","0/1","0/1","0/1","1/1","1/1","0/1","0/0","0/1","0/0","0/0","1/1","1/1","1/1","1/1","0/0","0/1","0/0","0/0","0/1","0/1","0/1","0/1","0/0","1/1","0/0","1/1","1/1","0/1","0/0","0/1","0/1","0/1","0/1","0/0","0/0","0/0","0/0","0/1","0/1","0/1","0/1","0/1","0/1","1/1","0/1","1/1","0/0","0/0","0/1","0/1","0/1","0/0","0/0","0/0","0/1","0/1","0/1","0/1"
"chr21:34860749_CAATTA/C_DNAJC28","0/0","0/0","0/0","0/0","0/0","0/0","0/1","0/1","0/1","0/1","0/0","0/0","0/1","0/0","0/0","0/0","0/0","0/0","0/0","0/1","0/0","0/1","0/0","0/1","0/0","0/1","0/1","0/0","0/0","0/0","0/0","0/0","0/1","0/0","0/0","0/0","0/0","0/0","0/0","0/1","0/0","0/0","0/0","1/1","0/1","0/0","0/0","0/0","0/0","0/0","0/0","0/1","0/1","0/0","0/0","0/0","0/0","0/1","0/0","0/0","0/0","0/0","0/0","0/0","0/0","0/0","0/1","0/0","0/0","0/1","0/0","0/1","0/1","0/0","0/0","0/0","0/0","0/0","0/0","0/0","0/0","0/0","0/0","0/0","0/0","0/0","0/0","0/0","0/0","0/0","0/0","0/0","0/0","0/0","0/0","0/0","0/0","0/0","0/0","0/0","0/0","0/0","0/0","0/0","0/0","0/0","0/0","0/1","0/1","0/0","0/0","0/1","0/1","0/0","0/0","0/1","0/1","0/0","0/1","0/0","0/1","0/1","0/1","0/0","0/0","0/0","0/0","0/0","0/0","0/0","0/0","0/0","0/1","0/0","0/1","0/1","0/0","0/0","0/0","0/0","0/0","0/0","0/0","0/0","0/0","0/0","0/0","0/0","0/0","0/0","0/0","0/0","0/0"
"chr21:34882121_C/CT_GART","0/0","0/0","0/0","0/0","0/0","0/0","0/0","0/0","0/0","0/0","0/0","0/0","0/0","0/0","0/0","0/0","0/0","0/0","0/0","0/0","0/0","0/0","0/0","0/0","0/0","0/0","0/0","0/1","0/0","0/0","0/0","0/1","0/0","0/0","0/0","0/0","0/0","0/0","0/0","0/0","0/0","0/0","0/0","0/0","0/0","0/0","0/0","0/0","0/0","0/0","0/0","0/0","0/0","0/0","0/0","0/0","0/0","0/0","0/0","0/0","0/0","0/0","0/0","0/0","0/0","0/0","0/0","0/0","0/0","0/0","0/0","0/0","0/0","0/0","0/0","0/0","0/1","0/0","0/0","0/0","0/0","0/1","0/0","0/0","0/0","0/0","0/0","0/0","0/0","0/0","0/0","0/0","0/0","0/0","0/0","0/0","0/0","0/0","0/0","0/0","0/0","0/0","0/0","0/0","0/0","0/0","0/0","0/0","0/0","0/0","0/0","0/0","0/0","0/0","0/0","0/0","0/0","0/0","0/0","0/0","0/0","0/0","0/0","0/0","0/0","0/0","0/0","0/0","0/0","0/0","0/0","0/0","0/0","0/0","0/0","0/0","0/0","0/0","0/0","0/0","0/0","0/0","0/0","0/0","0/0","0/0","0/0","0/0","0/0","0/0","0/0","0/0","0/0"
"chr21:34948684_G/GA_SON","1/1","1/1","1/1","1/1","1/1","1/1","1/1","1/1","1/1","1/1","1/1","1/1","1/1","1/1","1/1","1/1","1/1","1/1","1/1","1/1","1/1","1/1","1/1","1/1","1/1","1/1","1/1","1/1","1/1","1/1","1/1","1/1","1/1","1/1","1/1","1/1","1/1","1/1","1/1","1/1","1/1","1/1","1/1","1/1","1/1","1/1","1/1","1/1","1/1","1/1","1/1","1/1","1/1","1/1","1/1","1/1","1/1","1/1","1/1","1/1","1/1","1/1","1/1","1/1","1/1","1/1","1/1","1/1","1/1","1/1","1/1","1/1","1/1","1/1","1/1","1/1","1/1","1/1","1/1","1/1","1/1","1/1","1/1","1/1","1/1","1/1","1/1","1/1","1/1","1/1","1/1","1/1","1/1","1/1","1/1","1/1","1/1","1/1","1/1","1/1","1/1","1/1","1/1","1/1","1/1","1/1","1/1","1/1","1/1","1/1","1/1","1/1","1/1","1/1","1/1","1/1","1/1","1/1","1/1","1/1","1/1","1/1","1/1","1/1","1/1","1/1","1/1","1/1","1/1","1/1","1/1","1/1","1/1","1/1","1/1","1/1","1/1","1/1","1/1","1/1","1/1","1/1","1/1","1/1","1/1","1/1","1/1","1/1","1/1","1/1","1/1","1/1","1/1"
"chr21:34948696_GA/G_SON","1/1","1/1","1/1","1/1","1/1","1/1","1/1","1/1","1/1","1/1","1/1","1/1","1/1","1/1","1/1","1/1","1/1","1/1","1/1","1/1","1/1","1/1","1/1","1/1","1/1","1/1","1/1","1/1","1/1","1/1","1/1","1/1","1/1","1/1","1/1","1/1","1/1","1/1","1/1","1/1","1/1","1/1","1/1","1/1","1/1","1/1","1/1","1/1","1/1","1/1","1/1","1/1","1/1","1/1","1/1","1/1","1/1","1/1","1/1","1/1","1/1","1/1","1/1","1/1","1/1","1/1","1/1","1/1","1/1","1/1","1/1","1/1","1/1","1/1","1/1","1/1","1/1","1/1","1/1","1/1","1/1","1/1","1/1","1/1","1/1","1/1","1/1","1/1","1/1","1/1","1/1","1/1","1/1","1/1","1/1","1/1","1/1","1/1","1/1","1/1","1/1","1/1","1/1","1/1","1/1","1/1","1/1","1/1","1/1","1/1","1/1","1/1","1/1","1/1","1/1","1/1","1/1","1/1","1/1","1/1","1/1","1/1","1/1","1/1","1/1","1/1","1/1","1/1","1/1","1/1","1/1","1/1","1/1","1/1","1/1","1/1","1/1","1/1","1/1","1/1","1/1","1/1","1/1","1/1","1/1","1/1","1/1","1/1","1/1","1/1","1/1","1/1","1/1"
"chr21:36252917_CGG/C_RUNX1","0/0","0/0","0/0","0/0","0/0","0/0","0/0","0/0","0/0","0/0","0/0","0/0","0/0","0/0","0/0","0/0","0/0","0/0","0/0","0/0","0/0","0/0","0/0","0/0","0/0","0/0","0/0","0/0","0/0","0/0","0/0","0/0","0/0","0/0","0/0","0/0","0/1","0/0","0/0","0/0","0/0","0/0","0/0","0/0","0/0","0/0","0/0","0/0","0/0","0/0","0/0","0/0","0/0","0/0","0/0","0/0","0/0","0/0","0/0","0/0","0/0","0/0","0/0","0/0","0/0","0/0","0/0","0/0","0/0","0/0","0/0","0/0","0/0","0/0","0/0","0/0","0/0","0/0","0/0","0/0","0/0","0/0","0/0","0/0","0/0","0/0","0/0","0/0","0/0","0/0","0/0","0/0","0/0","0/0","0/0","0/0","0/0","0/0","0/0","0/0","0/0","0/0","0/0","0/0","0/0","0/0","0/0","0/0","0/0","0/0","0/0","0/0","0/0","0/0","0/0","0/0","0/0","0/0","0/0","0/0","0/0","0/0","0/0","0/0","0/0","0/0","0/0","0/0","0/0","0/0","0/0","0/0","0/0","0/0","0/0","0/0","0/0","0/0","0/0","0/0","0/0","0/0","0/0","0/0","0/0","0/0","0/0","0/0","0/0","0/0","0/0","0/0","0/0"
"chr21:38522367_TAATCAAATAGGA/T_TTC3","0/0","0/0","0/0",".","0/0","0/0","0/0","0/0","0/0","0/0","0/0","0/0","0/0","0/0","0/0","0/0","0/0","0/0","0/0","0/0","0/0","0/0","0/0","0/0","0/0","0/0","0/0","0/0","0/0","0/0","0/0","0/0","0/0","0/0","0/1","0/0","0/0","0/0","0/0","0/0",".","0/0","0/0","0/0","0/0","0/0","0/0","0/0",".","0/0","0/0","0/0","0/0","0/0","0/0","0/0","0/0","0/0","0/0","0/0","0/0","0/0","0/0","0/0","0/0","0/0","0/0",".","0/0","0/0","0/0","0/0","0/0","0/0","0/0","0/0","0/0","0/1","0/0","0/0","0/0","0/0","0/0","0/0","0/0","0/0","0/0","0/0","0/0","0/0","0/0","0/1","0/0","0/0","0/0","0/0","0/0","0/0","0/0","0/0","0/0","0/0","0/0","0/0","0/0","0/0","0/0","0/0",".","0/0","0/0","0/0","0/0","0/0","0/0","0/0",".","0/0","0/0",".",".","0/0","0/0","0/0","0/0","0/0","0/0","0/0","0/0",".","0/0","0/0","0/0","0/0","0/0","0/0","0/0","0/0",".","0/0","0/0","0/0","0/0","0/0","0/0","0/0","0/0","0/0","0/0",".","0/0","0/0","0/0"
"chr21:40177952_GCGCCCT/GCGCCCTCGCCCT_ETS2","0/0","0/0","0/0","0/0","0/0","0/0","0/0","0/0","0/0","0/0","0/0","0/0","0/0","0/0","0/0","0/0","0/0","0/0","0/0","0/0","0/0","0/0","0/0","0/0","0/0","0/0","0/0","0/0","0/0","0/0","0/0","0/0","0/0","0/0","0/0","0/0","0/0","0/0","0/0","0/0","0/0","0/0","0/0","0/0","0/1","0/0","0/0","0/0","0/0","0/0","0/0","0/0","0/0","0/0","0/0","0/0","0/0","0/0","0/0","0/0","0/0","0/0","0/0","0/0","0/0","0/0","0/0","0/0","0/0","0/0","0/0","0/0","0/0","0/0","0/0","0/0","0/0","0/0","0/0","0/0","0/0","0/0","0/0","0/0","0/0","0/0","0/0","0/0","0/0","0/0","0/0","0/0","0/0","0/0","0/0","0/0","0/0","0/0","0/0","0/0","0/0","0/2","0/0","0/0","0/0","0/0","0/0","0/0","0/0","0/2","0/1","0/0","0/0","0/0","0/0","0/0","0/0","0/0","0/0","0/0","0/0","0/0","0/0","0/0","0/0","0/0","0/0","0/0","0/0","0/0","0/0","0/0","0/0","0/0","0/0","0/0","0/0","0/0","0/0","0/0","0/0","0/0","0/0","0/0","0/0","0/0","0/0","0/0","0/0","0/0","0/0","0/0","0/0"
"chr21:40883671_G/GAGA_SH3BGR","0/1","0/1","0/1","1/1","1/1","1/1","0/1","0/1","0/1","1/1","1/1","1/1","1/1","0/1","0/0","0/1","1/1","1/1","0/1","1/1","0/1","0/1","0/0","0/0","0/1","1/1","0/1","0/0","1/1","1/1","1/1","1/1","1/1","0/1","0/0","1/1","0/1","1/1","1/1","1/1","0/1","0/1","0/1","1/1","0/0","0/1","1/1","1/1","0/1","0/1","0/1","0/1","0/1","1/1","0/1","1/1","1/1","1/1","1/1","0/1","0/0","0/1","0/1","0/1","0/1","1/1","0/1","0/1","0/1","0/1","1/1","0/1","0/1","0/1","0/1","1/1","1/1","1/1","1/1","1/1","1/1","1/1","0/1","1/1","1/1","0/1","0/1","0/1","1/1","1/1","0/1","0/1","0/1","0/1","0/1","0/1","0/1","0/1","1/1","1/1","1/1","1/1","1/1","0/1","0/1","0/1","0/0","1/1","1/1","1/1","1/1","0/1","0/1","1/1","0/1","1/1","1/1","1/1","1/1","1/1","1/1","1/1","1/1","1/1","0/1","0/1","1/1","1/1","1/1","1/1","1/1","0/0","1/1","1/1","1/1","1/1","1/1","1/1","0/1","0/1","0/1","0/0","0/0","1/1","1/1","1/1","1/1","1/1","1/1","0/1","0/1","0/1","0/1"
"chr21:42830692_TCTGTCCAGCCCCGTAGACGTGCACGCACA/T_MX1","0/0","0/0","0/0","0/0","0/0","0/0","0/0","0/0","0/0","0/0","0/0","0/0","0/0","0/0","0/1","0/0","0/0","0/0","0/0","0/0","0/0","0/0","0/0","0/0","0/0","0/0","0/0","0/0","0/0","0/0","0/0","0/0","0/0","0/0","0/0","0/0","0/0","0/0","0/0","0/0","0/0","0/0","0/0","0/0","0/0","0/0","0/0","0/0","0/0","0/0","0/0","0/0","0/0","0/0","0/0","0/0","0/0","0/0","0/0","0/0","0/0","0/0","0/0","0/0","0/0","0/0","0/0","0/0","0/0","0/0","0/0","0/0","0/0","0/0","0/0","0/0","0/0","0/0","0/0","0/0","0/0","0/0","0/0","0/0","0/0","0/0","0/0","0/0","0/0","0/0","0/0","0/0","0/0","0/0","0/0","0/0","0/0","0/0","0/0","0/0","0/0","0/0","0/0","0/0","0/0","0/0","0/0","0/0","0/0","0/0","0/0","0/0","0/0","0/0","0/0","0/0","0/0","0/0","0/0","0/0","0/0","0/0","0/0","0/0","0/0","0/0","0/0","0/0","0/0","0/0","0/0","0/0","0/0","0/0","0/0","0/0","0/0","0/0","0/0","0/0","0/0","0/0","0/0","0/0","0/0","0/0","0/0","0/0","0/0","0/0","0/0","0/0","0/0"
"chr21:43171358_A/AT_RIPK4","0/0","0/0","0/0","0/0","0/0","0/0","0/0","0/0","0/0","0/0","0/0","0/0","0/0","0/0","0/1","0/0","0/0","0/0","0/0","0/0","0/0","0/0","0/0","0/0","0/0","0/0","0/0","0/0","0/0","0/0","0/0","0/0","0/0","0/0","0/0","0/0","0/0","0/0","0/0","0/0","0/0","0/0","0/0","0/0","0/0","0/0","0/0","0/0","0/0","0/0","0/0","0/0","0/0","0/0","0/0","0/0","0/0","0/0","0/0","0/0","0/0","0/0","0/0","0/0","0/0","0/0","0/0","0/0","0/0","0/0","0/0","0/0","0/0","0/0","0/0","0/0","0/0","0/0","0/0","0/0","0/0","0/0","0/0","0/0","0/0","0/0","0/0","0/0","0/0","0/0","0/0","0/0","0/0","0/0","0/0","0/0","0/0","0/0","0/0","0/0","0/0","0/0","0/0","0/0","0/0","0/0","0/0","0/0","0/0","0/0","0/0","0/0","0/0","0/0","0/0","0/0","0/0","0/0","0/0","0/0","0/0","0/0","0/0","0/0","0/0","0/0","0/0","0/0","0/0","0/0","0/0","0/0","0/0","0/0","0/0","0/0","0/0","0/0","0/0","0/0","0/0","0/0","0/0","0/0","0/0","0/0","0/0","0/0","0/0","0/0","0/0","0/0","0/0"
"chr21:43298831_TTGGGGGTCCAGGGACCCCCCCGTGCGACCCGCA/T_PRDM15","0/0","0/0","0/0","0/0","0/0","0/0","0/0","0/0","0/0","0/0","0/0","0/0","0/0","0/0","0/0","0/0","0/0","0/0","0/0","0/0","0/0","0/0","0/0","0/0","0/0","0/0","0/0","0/0","0/0","0/0","0/0","0/0","0/0","0/0","0/0","0/0","0/0","0/0","0/0","0/0","0/0","0/0","0/0","0/0","0/0","0/0","0/0","0/0","0/0","0/0","0/0","0/0","0/0","0/0","0/0","0/0","0/0","0/0","0/0","0/0","0/0","0/0","0/0","0/0","0/0","0/0","0/0","0/0","0/0","0/0","0/0","0/0","0/0","0/0","0/0","0/0","0/0","0/1","0/0","0/0","0/0","0/0","0/0","0/0","0/0","0/0","0/0","0/0","0/0","0/0","0/0","0/0","0/0","0/0","0/0","0/0","0/0","0/0","0/0","0/0","0/0","0/0","0/0","0/0","0/0","0/0","0/0","0/0","0/0","0/0","0/0","0/0","0/0","0/0","0/0","0/0","0/0","0/0","0/0","0/0","0/0","0/0","0/0","0/0","0/0","0/0","0/0","0/0","0/0","0/0","0/0","0/0","0/0","0/0","0/0","0/0","0/0","0/0","0/0","0/0","0/0","0/0","0/0","0/0","0/0","0/0","0/0","0/0","0/0","0/0","0/0","0/0","0/0"
"chr21:43298954_C/CG_PRDM15","1/1","1/1","1/1",".","1/1","1/1","1/1","1/1","1/1","1/1","1/1","1/1","1/1","1/1","1/1","1/1","1/1","1/1","1/1","1/1","1/1","1/1","1/1","1/1","1/1","1/1","1/1","1/1","1/1","1/1","1/1","1/1","1/1","1/1","1/1","1/1",".","1/1",".","1/1","1/1","1/1","1/1","1/1","1/1","1/1","1/1","1/1","1/1","1/1","1/1","1/1","1/1","1/1","1/1","1/1","1/1","1/1","1/1","1/1","1/1","1/1","1/1","1/1","1/1","1/1","1/1","1/1","1/1","1/1","1/1","1/1","1/1","1/1","1/1","1/1","1/1","1/1","1/1","1/1","1/1",".","1/1","1/1","1/1","1/1",".","1/1","1/1","1/1","1/1","1/1","1/1","1/1","1/1","1/1","1/1","1/1","1/1","1/1","1/1","1/1","1/1","1/1","1/1","1/1","1/1","1/1","1/1","1/1","1/1","1/1","1/1","1/1","1/1","1/1","1/1","1/1","1/1","1/1","1/1","1/1","1/1","1/1","1/1","1/1","1/1","1/1","1/1","1/1","1/1","1/1","1/1","1/1","1/1","1/1","1/1","1/1","1/1","1/1","1/1","1/1","1/1","1/1","1/1","1/1","1/1","1/1","1/1","1/1","1/1","1/1","1/1"
"chr21:43543114_G/GCCAT_UMODL1","0/0","0/0","0/0","0/0","0/0","0/0","0/0","0/0","0/0","0/0","0/0","0/0","0/0","0/0","0/0","0/0","0/0","0/0","0/1","0/0","0/0","0/1","0/0","0/0","0/0","0/0","0/0","0/0","0/0","0/0","0/0","0/0","0/0","0/0","0/1","0/0","0/0","0/0","0/0","0/0","0/0","0/0","0/0","0/0","0/0","0/0","0/0","0/0","0/0","0/0","0/0","0/0","0/0","0/0","0/0","0/0","0/0","0/1","0/0","0/0","0/0","0/0","0/0","0/1","0/1","0/0","0/0","0/0","0/0","0/0","0/0","0/0","0/0","0/0","0/0","0/0","0/0","0/0","0/0","0/0","0/0","0/0","0/0","0/0","0/0","0/0","0/0","0/0","0/0","0/0","0/0","0/0","0/0","0/0","0/0","0/0","0/0","0/0","0/0","0/0","0/0","0/0","0/0","0/0","0/0","0/1","0/1","0/0","0/0","0/0","0/0","0/0","0/0","0/0","0/0","0/0","0/0","0/0","0/0","0/0","0/0","0/0","0/0","0/0","0/0","0/0","0/0","0/0","0/0","0/0","0/0","0/0","0/1","0/0","0/1","0/1","0/0","0/0","0/0","0/0","0/0","0/0","0/0","0/0","0/0","0/0","0/0","0/0","0/0","0/0","0/0","0/0","0/0"
"chr21:44185578_TAC/T_PDE9A","0/0","0/0","0/0","0/0","0/0","0/0","0/0","0/0","0/0","0/0","0/0","0/0","0/0","0/0","0/0","0/0","0/0","0/0","0/0","0/0","0/0","0/0","0/0","0/0","0/0","0/0","0/0","0/0","0/0","0/0","0/0","0/0","0/0","0/0","0/0","0/0","0/0","0/0","0/0","0/0","0/0","0/0","0/0","0/0","0/0","0/0","0/0","0/0","0/0","0/0","0/0","0/0","0/0","0/0","0/0","0/0","0/0","0/0","0/0","0/0","0/0","0/0","0/0","0/0","0/0","0/0","0/0","0/0","0/0","0/0","0/0","0/0","0/0","0/0","0/0","0/0","0/0","0/0","0/0","0/0","0/0","0/0","0/0","0/0","0/0","0/0","0/0","0/0","0/0","0/0","0/0","0/0","0/0","0/0","0/0","0/0","0/0","0/0","0/0","0/0","0/0","0/0","0/0","0/0","0/0","0/0","0/0","0/0","0/0","0/1","0/0","0/0","0/0","0/0","0/0","0/0","0/0","0/0","0/0","0/0","0/0","0/0","0/0","0/0","0/0","0/0","0/0","0/0","0/0","0/0","0/0","0/0","0/0","0/0","0/0","0/0","0/0","0/0","0/0","0/0","0/0","0/0","0/0","0/0","0/0","0/0","0/0","0/0","0/0","0/0","0/0","0/0","0/0"
"chr21:45959556_A/ATG_KRTAP10-1","0/1","0/1","0/1","0/1","0/1","0/1","0/1","0/1","0/1","0/0","0/1","0/0","0/1","1/1","1/1","1/1","0/1","0/0","0/1","1/1","0/1","0/1","0/1","0/1","0/1","0/1","0/1","0/1","0/1","1/1","0/1","0/1","0/0","0/1","0/0","0/0","1/1","1/1","0/1","0/1","0/0","1/1","0/0","1/1","0/1","0/1","0/0","0/0","0/1","0/1","0/1","0/1","1/1","0/1","0/1","1/1","0/1","0/0","0/1","0/1","0/1","0/0","0/0","1/1","1/1","1/1","0/0","0/1","0/1","0/0","1/1","0/1","0/1","0/1","0/1","0/1","0/1","0/0","0/0","0/1","0/1","0/0","0/1","1/1","1/1","0/0","0/0","0/1","1/1","1/1","1/1","0/0","0/0","1/1","1/1","1/1","0/1","0/1","1/1","1/1","1/1","0/1","1/1","0/0","0/0","1/1","1/1","0/0","0/0","0/1","0/1","0/1","0/1","1/1","0/0","0/1","0/1","1/1","0/1","1/1","0/1","0/1","0/1","1/1","0/0","0/0","1/1","1/1","1/1","1/1","1/1","1/1","1/1","0/1","1/1","1/1","0/1","0/1","0/0","0/0","0/0","1/1","1/1","0/1","0/1","0/1","1/1","1/1","1/1","0/1","0/1","0/1","0/1"
"chr21:45959557_ATC/A_KRTAP10-1","0/1","0/1","0/1","0/1","0/1","0/1","0/1","0/1","0/1","0/0","0/1","0/0","0/1","1/1","1/1","1/1","0/1","0/0","0/1","1/1","0/1","0/1","0/1","0/1","0/1","0/1","0/1","0/1","0/1","1/1","0/1","0/1","0/0","0/1","0/0","0/0","1/1","1/1","0/1","0/1","0/0","1/1","0/0","1/1","0/1","0/1","0/0","0/0","0/1","0/1","0/1","0/1","1/1","0/1","0/1","1/1","0/1","0/0","0/1","0/1","0/1","0/0","0/0","1/1","1/1","1/1","0/0","0/1","0/1","0/0","1/1","0/1","0/1","0/1","0/1","0/1","0/1","0/0","0/0","0/1","0/1","0/0","0/1","1/1","1/1","0/0","0/0","0/1","1/1","1/1","1/1","0/0","0/0","1/1","1/1","1/1","0/1","0/1","1/1","1/1","1/1","0/1","1/1","0/0","0/0","1/1","1/1","0/0","0/0","0/1","0/1","0/1","0/1","1/1","0/0","0/1","0/1","1/1","0/1","1/1","0/1","0/1","0/1","1/1","0/0","0/0","1/1","1/1","1/1","1/1","1/1","1/1","1/1","0/1","1/1","1/1","0/1","0/1","0/0","0/0","0/0","1/1","1/1","0/1","0/1","0/1","1/1","1/1","1/1","0/1","0/1","0/1","0/1"
"chr21:45970759_ACTTGCAGCAGACAGG/A_KRTAP10-2","0/1","0/1","0/1","0/0","0/0","0/0","0/0","0/0","0/0","0/0","0/0","0/0","0/1","0/1","1/1","0/1","0/1","0/0","0/0","0/1","1/1","0/0","0/1","0/0","0/1","0/1","0/1","0/0","0/1","0/1","0/1","0/1","0/1","0/1","0/1","0/0","0/0","1/1","0/1","0/1","0/0","0/0","0/0","1/1","0/1","0/1","0/0","0/1","0/1","0/0","0/1","0/1","1/1","0/0","0/0","1/1","0/1","0/0","0/1","0/1","0/0","0/0","0/0","0/0","0/0","0/1","0/0","0/1","0/1","0/0","0/1","0/1","0/1","0/0","0/0","0/0","0/0","0/0","0/0","0/0","0/0","1/1","0/1","0/1","0/1","0/1","0/1","0/0","1/1","1/1","0/1","0/0","0/0","0/1","0/1","0/1","0/0","0/0","1/1","1/1","1/1","0/0","1/1","0/1","0/1","0/1","0/1","0/0","0/0","0/0","0/0","0/1","0/1","1/1","0/0","0/0","0/0","0/1","0/0","0/1","0/0","0/0","0/0","0/1","0/0","0/0","1/1","1/1","0/1","0/1","0/1","0/0","1/1","1/1","1/1","1/1","1/1","1/1","0/1","0/1","0/1","0/0","0/0","0/0","0/0","0/0","0/1","0/1","0/1","0/0","0/0","0/0","0/0"
"chr21:46057612_CCTGCTGTGTGCCTGT/C_KRTAP10-10","0/1","0/1","0/1","0/0","0/1","0/1","1/1","1/1","1/1","0/1","0/0","0/0","0/0","0/0","1/1","1/1","0/0","0/0","1/1","0/0","0/0","0/0","1/1","1/1","0/1","0/1","0/1","0/1","0/1","0/1","0/1","0/0","0/1","0/1","0/0","0/1","1/1","0/1","0/0","0/0","0/0","0/0","1/1","0/1","1/1","0/0","0/0","0/0","0/1","0/0","0/0","0/1","0/1","0/1","1/1","0/0","0/0","0/1","1/1","0/1","0/1","0/1","0/0","0/1","0/1","1/1","0/0","1/1","0/1","0/0","1/1","0/0","0/0","0/1","0/1","0/1","0/1","0/0","0/0","0/1","0/1","0/0","0/0","1/1","1/1","0/1","0/1","0/0","0/0","0/0","0/0","0/1","0/1","1/1","1/1","0/0","0/0","0/1","0/1","0/1","0/1","0/1","0/1","0/1","0/1","0/0","0/0","0/1","0/1","0/1","0/0","1/1","1/1","0/1","0/1","0/1","0/1","0/0","0/0","0/0","0/0","0/0","0/1","0/0","0/1","0/1","1/1","1/1","0/1","0/1","0/1","0/1","0/0","1/1","0/0","0/0","1/1","1/1","0/0","0/1","0/0","0/1","0/1","0/1","0/1","0/1","0/1","0/1","0/1","1/1","1/1","1/1","1/1"
"chr21:46707703_G/GGGCCAGAACTCCTGGCCGGAGGCAGAAGCCGGA_POFUT2","0/0","0/0","0/0","0/0","0/0","0/0","0/0","0/0","0/0","0/0","0/0","0/0","0/0","0/0","0/0","0/0","0/0","0/0","0/0","0/0","0/0","0/0","0/0","0/0","0/0","0/0","0/0","0/0","0/0","0/0","0/0","0/0","0/0","0/0","0/0","0/0","0/0","0/0","0/0","0/0","0/0","0/0","0/0","0/0","0/0","0/0","0/0","0/0","0/0","0/0","0/0","0/0","0/0","0/0","0/0","0/0","0/0","0/0","0/0","0/0","0/0","0/0","0/0","0/0","0/0","0/0","0/0","0/0","0/0","0/0","0/0","0/0","0/0","0/0","0/0","0/0","0/0","0/0","0/0","0/0","0/0","0/0","0/0","0/0","0/0","0/0","0/0","0/0","0/0","0/0","0/0","0/0","0/0","0/0","0/0","0/0","0/0","0/0","0/0","0/0","0/0","0/0","0/0","0/0","0/0","0/0","0/0","0/0","0/0","0/0","0/0","0/1","0/1","0/0","0/0","0/0","0/0","0/0","0/0","0/0","0/0","0/0","0/0","0/0","0/0","0/0","0/0","0/0","0/0","0/0","0/0","0/0","0/0","0/0","0/0","0/0","0/0","0/0","0/0","0/0","0/0","0/0","0/0","0/0","0/0","0/0","0/0","0/0","0/0","0/0","0/0","0/0","0/0"
"chr21:46924425_CGGCCCCCCA/C_COL18A1","1/1","1/1","1/1","1/1","1/1","1/1","1/1","1/1","1/1","1/1","0/1","1/1","1/1","1/1","1/1","1/1","0/1","1/1","1/1","1/1","1/1","1/1","1/1","1/1","1/1","1/1","1/1","1/1","1/1","1/1","1/1","1/1","1/1","1/1","1/1","1/1","1/1","1/1","1/1","1/1","1/1","1/1","1/1","1/1","1/1","1/1","1/1","1/1","1/1","1/1","1/1","1/1","1/1","1/1","1/1","1/1","1/1","1/1","1/1","1/1","1/1","1/1","1/1","1/1","1/1","1/1","1/1","1/1","1/1","1/1","1/1","1/1","1/1","1/1","1/1","1/1","1/1","1/1","1/1","1/1","1/1","1/1","1/1","1/1","1/1","1/1","1/1","1/1","1/1","1/1","1/1","1/1","1/1","1/1","1/1","1/1","1/1","1/1","1/1","1/1","1/1","1/1","1/1","1/1","1/1","1/1","1/1","1/1","1/1","1/1","1/1","1/1","1/1","1/1","1/1","1/1","0/1","1/1","1/1","1/1","1/1","1/1","1/1","1/1","1/1","1/1","1/1","1/1","1/1","1/1","1/1","1/1","1/1","1/1","1/1","1/1","1/1","1/1","1/1","1/1","1/1","1/1","1/1","1/1","1/1","1/1","1/1","1/1","1/1","1/1","1/1","1/1","1/1"
"chr21:46925297_CCCCCCTGGG/C_COL18A1","0/0","0/0","0/0","0/0","0/0","0/0","0/0","0/0","0/0","0/1","0/0","0/0","0/0","0/0","0/0","0/0","0/0","0/0","0/0","0/0","0/0","0/0","0/0","0/0","0/0","0/0","0/0","0/0","0/0","0/0","0/0","0/0","0/0","0/0","0/0","0/0","0/0","0/0","0/0","0/0","0/0","0/0","0/0","0/0","0/0","0/0","0/0","0/0","0/0","0/0","0/0","0/0","0/0","0/0","0/0","0/0","0/0","0/0","0/0","0/0","0/0","0/0","0/0","0/0","0/0","0/0","0/0","0/0","0/0","0/0","0/0","0/0","0/0","0/0","0/0","0/0","0/0","0/0","0/0","0/0","0/0","0/0","0/0","0/0","0/0","0/0","0/0","0/0","0/0","0/0","0/0","0/0","0/0","0/0","0/0","0/0","0/0","0/0","0/0","0/0","0/0","0/0","0/0","0/0","0/0","0/0","0/0","0/0","0/0","0/0","0/0","0/0","0/0","0/0","0/0","0/0","0/0","0/0","0/0","0/0","0/0","0/0","0/0","0/0","0/0","0/0","0/0","0/0","0/0","0/0","0/0","0/0","0/0","0/0","0/0","0/0","0/0","0/0","0/0","0/0","0/0","0/0","0/0","0/0","0/0","0/0","0/0","0/0","0/0","0/0","0/0","0/0","0/0"
"chr21:47721985_A/ATGG_C21orf58","1/1","0/1","0/1","0/1","0/1","0/1","0/1","0/1","0/1","0/0","0/1","0/1","0/0","0/1","0/1","0/1","0/1","0/0","1/1","0/0","0/0","1/1","0/1","0/0","1/1","0/1","0/1","0/1","0/1","0/0","0/0","0/0","0/0","0/0","0/0","0/1","0/0","0/1","0/0","0/0","0/1","0/1","0/1","0/1","1/1","0/1","0/1","0/0","0/0","0/1","0/1","0/0","0/0","0/0","0/1","0/0","0/0","0/1","0/1","0/0","0/0","0/1","0/0","0/0","0/0","0/0","0/0","0/1","0/1","0/0","0/0","0/1","0/1","1/1","1/1","0/0","0/0","0/0","0/0","0/0","0/0","0/0","0/1","0/0","0/0","0/0","0/0","0/1","0/0","0/0","0/1","0/1","0/1","0/1","0/1","0/1","0/1","0/0","0/0","0/0","0/0","0/0","0/0","0/1","0/1","0/1","0/1","0/0","0/0","0/0","0/1","0/0","0/0","0/0","1/1","1/1","1/1","0/1","0/1","0/1","0/1","0/1","1/1","0/1","1/1","1/1","0/0","0/0","0/1","0/1","0/1","0/0","0/0","0/0","0/0","0/0","0/0","0/0","0/0","0/0","0/0","0/0","0/0","0/0","0/0","0/0","0/0","0/0","0/0","0/0","0/0","0/0","0/0"
"chr21:47855893_CGAA/C_PCNT","0/0","0/0","0/0","0/0","0/0","0/0","0/0","0/0","0/0","0/0","0/0","0/0","0/0","0/0","0/0","0/0","0/0","0/0","0/0","0/0","0/0","0/0","0/0","0/0","0/0","0/0","0/0","0/0","0/0","0/0","0/0","0/0","0/1","0/0","0/0","0/0","0/0","0/0","0/0","0/0","0/0","0/0","0/0","0/0","0/0","0/0","0/0","0/0","0/0","0/0","0/0","0/0","0/0","0/0","0/0","0/0","0/0","0/0","0/0","0/0","0/0","0/0","0/0","0/0","0/0","0/0","0/1","0/0","0/0","0/1","0/0","0/0","0/0","0/0","0/0","0/0","0/0","0/1","0/1","0/0","0/0","0/0","0/0","0/0","0/0","0/0","0/0","0/0","0/0","0/0","0/0","0/0","0/0","0/0","0/0","0/0","0/0","0/0","0/0","0/0","0/0","0/0","0/0","0/0","0/0","0/0","0/0","0/0","0/0","0/0","0/0","0/0","0/0","0/0","0/0","0/0","0/0","0/0","0/0","0/0","0/0","0/0","0/0","0/0","0/0","0/0","0/0","0/0","0/0","0/0","0/0","0/0","0/0","0/0","0/0","0/0","0/0","0/0","0/0","0/0","0/0","0/0","0/0","0/0","0/0","0/0","0/0","0/0","0/0","0/0","0/0","0/0","0/0"
"chr22:17601858_GGCTGGT/G_CECR6","0/0","0/0","0/0","0/0","0/0","0/0","0/0","0/0","0/0","0/0","0/0","0/0","0/0","0/0","0/0","0/0","0/0","0/0","0/0","0/0","0/0","0/0","0/0","0/0","0/0","0/0","0/0","0/0","0/0","0/0","0/0","0/0","0/0","0/0","0/0","0/0","0/0","0/0","0/0","0/0","0/0","0/0","0/0","0/0","0/0","0/0","0/0","0/0","0/0","0/0","0/0","0/0","0/0","0/0","0/0","0/0","0/0","0/0","0/0","0/0","0/0","0/0","0/1","0/0","0/0","0/0","0/0","0/0","0/0","0/0","0/0","0/0","0/0","0/0","0/0","0/0","0/0","0/0","0/0","0/0","0/0","0/0","0/0","0/0","0/0","0/0","0/0","0/0","0/0","0/0","0/0","0/0","0/0","0/0","0/0","0/0","0/0","0/0","0/0","0/0","0/0","0/0","0/0","0/0","0/0","0/0","0/0","0/0","0/0","0/0","0/0","0/0","0/0","0/0","0/0","0/0","0/0","0/0","0/0","0/0","0/0","0/0","0/0","0/0","0/0","0/0","0/0","0/0","0/0","0/0","0/0","0/0","0/0","0/0","0/0","0/0","0/0","0/0","0/0","0/0","0/0","0/0","0/0","0/0","0/0","0/0","0/0","0/0","0/0","0/0","0/0","0/0","0/0"
"chr22:18020293_C/CCAGCAGGAAACAG_CECR2","0/0","0/0","0/0","0/0","0/0","0/0","0/0","0/0","0/0","0/0","0/0","0/0","0/0","0/0","0/0","0/0","0/0","0/0","0/0","0/0","0/0","0/0","0/0","0/0","0/0","0/0","0/0","0/0","0/0","0/0","0/0","0/0","0/0","0/0","0/0","0/0","0/0","0/0","0/0","0/0","0/0","0/0","0/0","0/0","0/0","0/0","0/0","0/0","0/0","0/0","0/0","0/0","0/0","0/0","0/0","0/0","0/0","0/0","0/0","0/0","0/0","0/0","0/0","0/0","0/0","0/0","0/0","0/0","0/0","0/0","0/0","0/0","0/0","0/0","0/0","0/0","0/0","0/0","0/0","0/0","0/1","0/0","0/0","0/0","0/0","0/0","0/0","0/0","0/0","0/0","0/0","0/0","0/0","0/0","0/0","0/0","0/0","0/0","0/0","0/0","0/0","0/0","0/0","0/0","0/0","0/0","0/0","0/0","0/0","0/0","0/0","0/0","0/0","0/0","0/0","0/0","0/0","0/0","0/0","0/0","0/0","0/0","0/0","0/0","0/0","0/0","0/0","0/0","0/0","0/0","0/0","0/0","0/0","0/0","0/0","0/0","0/0","0/0","0/0","0/0","0/0","0/0","0/0","0/0","0/0","0/0","0/0","0/0","0/0","0/0","0/0","0/0","0/0"
"chr22:19189003_A/AC_CLTCL1","1/1","1/1","1/1","1/1","1/1","1/1","1/1","1/1","1/1","1/1","1/1","1/1","1/1","1/1","1/1","1/1","1/1","1/1","1/1","1/1","1/1","1/1","1/1","1/1","1/1","1/1","1/1","1/1","1/1","1/1","1/1","1/1","1/1","1/1","1/1","1/1","1/1","1/1","1/1","1/1","1/1","1/1","1/1","1/1","1/1","1/1","1/1","1/1","1/1","1/1","1/1","1/1","1/1","1/1","1/1","1/1","1/1","1/1","1/1","1/1","1/1","1/1","1/1","1/1","1/1","1/1","1/1","1/1","1/1","1/1","1/1","1/1","1/1","1/1","1/1","1/1","1/1","1/1","1/1","1/1","1/1","1/1","1/1","1/1","1/1","1/1","1/1","1/1","1/1","1/1","1/1","1/1","1/1","1/1","1/1","1/1","1/1","1/1","1/1","1/1","1/1","1/1","1/1","1/1","1/1","1/1","1/1","1/1","1/1","1/1","1/1","1/1","1/1","1/1","1/1","1/1","1/1","1/1","1/1","1/1","1/1","1/1","1/1","1/1","1/1","1/1","1/1","1/1","1/1","1/1","1/1","1/1","1/1","1/1","1/1","1/1","1/1","1/1","1/1","1/1","1/1","1/1","1/1","1/1","1/1","1/1","1/1","1/1","1/1","1/1","1/1","1/1","1/1"
"chr22:19748521_CCCCGCCGCCGCCGCCGCGCTACGACCCGTGCGCCGCCGCCGCCCCCGGCGCCCCGGG/C_TBX1","0/0","0/0","0/0","0/0",".","0/0","0/0","0/0","0/0","0/0","0/0","0/0","0/0","0/0","0/0","0/0","0/0","0/0","0/0","0/0","0/0","0/0","0/0","0/0","0/0","0/0","0/0","0/0","0/0","0/0","0/0","0/0","0/0","0/0","0/0","0/0",".","0/0","0/0","0/0","0/0","0/0","0/0","0/0","0/0","0/0","0/0","0/0","0/0","0/0","0/0","0/0","0/0",".","0/0","0/0","0/0","0/0","0/0","0/0","0/0","0/0","0/0","0/0","0/0","0/0","0/0","0/0","0/0","0/0","0/0","0/0","0/0","0/0","0/0","0/0","0/0","0/0","0/0","0/0","0/0","0/0","0/0","0/0","0/0","0/0","0/0","0/0","0/0","0/0","0/0","0/0","0/0","0/0","0/0","0/0","0/0","0/0","0/0","0/0","0/0","0/0","0/0","0/0","0/0","0/0","0/0","0/0","0/0","0/0","0/0","0/0","0/0","0/0","0/0","0/0","0/0",".","0/0","0/0","0/0",".","0/0","0/0",".","0/0","0/0","0/0","0/0","0/0","0/0","0/0","0/0","0/0","0/0","0/0","0/0","0/0","0/1","0/1","0/1","0/0","0/0","0/0","0/0","0/0","0/0","0/0","0/0","0/0","0/0","0/0","0/0"
"chr22:19951734_TGAA/T_COMT","0/0","0/0","0/0","0/0","0/0","0/0","0/0","0/0","0/0","0/0","0/0","0/0","0/0","0/0","0/0","0/0","0/0","0/0","0/0","0/0","0/0","0/0","0/0","0/0","0/0","0/0","0/0","0/0","0/0","0/0","0/0","0/0","0/0","0/0","0/0","0/0","0/0","0/0","0/0","0/0","0/0","0/0","0/0","0/0","0/0","0/0","0/0","0/0","0/0","0/0","0/0","0/0","0/0","0/0","0/0","0/0","0/0","0/0","0/0","0/0","0/0","0/0","0/0","0/1","0/1","0/0","0/0","0/0","0/0","0/0","0/0","0/0","0/0","0/0","0/0","0/0","0/0","0/0","0/0","0/0","0/0","0/0","0/0","0/0","0/0","0/0","0/0","0/0","0/0","0/0","0/0","0/0","0/0","0/0","0/0","0/0","0/0","0/0","0/0","0/0","0/0","0/0","0/0","0/0","0/0","0/0","0/0","0/0","0/0","0/0","0/0","0/0","0/0","0/0","0/0","0/0","0/0","0/0","0/0","0/0","0/0","0/0","0/0","0/0","0/0","0/0","0/0","0/0","0/0","0/0","0/0","0/0","0/0","0/0","0/0","0/0","0/0","0/0","0/0","0/0","0/0","0/0","0/0","0/0","0/0","0/0","0/0","0/0","0/0","0/0","0/0","0/0","0/0"
"chr22:20378890_T/TCTA_TMEM191B",".",".",".",".",".",".",".",".",".","1/1",".","1/1",".",".",".","1/1","1/1",".",".",".","1/1","1/1","1/1",".",".","1/1",".",".","1/1","1/1",".",".",".",".","1/1",".",".",".",".","1/1",".",".",".",".",".",".",".",".",".",".",".",".",".",".",".",".","1/1","1/1",".",".",".","1/1",".",".",".",".",".","1/1","1/1",".",".","1/1","1/1",".",".","1/1","1/1","1/1","1/1",".",".",".","1/1",".",".",".",".",".","1/1","1/1","1/1",".",".",".",".","1/1",".",".",".",".","1/1","1/1","1/1",".",".",".",".",".",".","1/1",".","1/1","1/1",".",".",".",".",".",".",".",".",".",".",".",".",".",".",".",".",".",".",".",".",".",".","1/1",".",".","1/1","1/1","1/1",".",".","1/1","1/1","1/1","1/1",".","1/1","1/1","1/1","1/1","."
"chr22:20779973_C/CG_SCARF2","1/1","1/1","1/1","1/1","1/1","1/1","1/1","1/1","1/1","1/1","1/1","1/1","1/1","1/1","1/1","1/1","1/1","1/1","1/1","1/1","1/1","1/1","1/1","1/1","1/1","1/1","1/1","1/1","1/1","1/1","1/1","1/1","1/1","1/1","1/1","1/1","1/1","1/1","1/1","1/1","1/1","1/1","1/1","1/1","1/1","1/1","1/1","1/1","1/1","1/1","1/1","1/1","1/1","1/1","1/1","1/1","1/1","1/1","1/1","1/1","1/1","1/1","1/1","1/1","1/1","1/1","1/1","1/1","1/1","1/1","1/1","1/1","1/1","1/1","1/1","1/1","1/1","1/1","1/1","1/1","1/1","1/1","1/1","1/1","1/1","1/1","1/1","1/1","1/1","1/1","1/1","1/1","1/1","1/1","1/1","1/1","1/1","1/1","1/1","1/1","1/1","1/1","1/1","1/1","1/1","1/1","1/1","1/1","1/1","1/1","1/1","1/1","1/1","1/1","1/1","1/1","1/1","1/1","1/1","1/1","1/1","1/1","1/1","1/1","1/1","1/1","1/1","1/1","1/1","1/1","1/1","1/1","1/1","1/1","1/1","1/1","1/1","1/1","1/1","1/1","1/1","1/1","1/1","1/1","1/1","1/1","1/1","1/1","1/1","1/1","1/1","1/1","1/1"
"chr22:20780024_G/GC_SCARF2","1/1","1/1","1/1","1/1","1/1","1/1","1/1","1/1","1/1","1/1","1/1","1/1","1/1","1/1","1/1","1/1","1/1","1/1","1/1","1/1","1/1","1/1","1/1","1/1","1/1","1/1","1/1","1/1","1/1","1/1","1/1","1/1","1/1","1/1","1/1","1/1","1/1","1/1","1/1","1/1","1/1","1/1","1/1","1/1","1/1","1/1","1/1","1/1","1/1","1/1","1/1","1/1","1/1","1/1","1/1","1/1","1/1","1/1","1/1","1/1","1/1","1/1","1/1","1/1","1/1","1/1","1/1","1/1","1/1","1/1","1/1","1/1","1/1","1/1","1/1","1/1","1/1","1/1","1/1","1/1","1/1","1/1","1/1","1/1","1/1","1/1","1/1","1/1","1/1","1/1","1/1","1/1","1/1","1/1","1/1","1/1","1/1","1/1","1/1","1/1","1/1","1/1","1/1","1/1","1/1","1/1","1/1","1/1","1/1","1/1","1/1","1/1","1/1","1/1","1/1","1/1","1/1","1/1","1/1","1/1","1/1","1/1","1/1","1/1","1/1","1/1","1/1","1/1","1/1","1/1","1/1","1/1","1/1","1/1","1/1","1/1","1/1","1/1","1/1","1/1","1/1","1/1","1/1","1/1","1/1","1/1","1/1","1/1","1/1","1/1","1/1","1/1","1/1"
"chr22:20780029_G/GC_SCARF2","1/1","1/1","1/1","1/1","1/1","1/1","1/1","1/1","1/1","1/1","1/1","1/1","1/1","1/1","1/1","1/1","1/1","1/1","1/1","1/1","1/1","1/1","1/1","1/1","1/1","1/1","1/1","1/1","1/1","1/1","1/1","1/1","1/1","1/1","1/1","1/1","1/1","1/1","1/1","0/1","1/1","1/1","1/1","1/1","1/1","1/1","1/1","1/1","1/1","1/1","1/1","1/1","1/1","1/1","1/1","1/1","1/1","1/1","1/1","1/1","1/1","1/1","1/1","1/1","1/1","1/1","1/1","1/1","1/1","1/1","1/1","1/1","1/1","1/1","1/1","1/1","1/1","1/1","1/1","1/1","1/1","1/1","1/1","1/1","1/1","1/1","1/1","1/1","1/1","1/1","1/1","1/1","1/1","1/1","1/1","1/1","1/1","1/1","1/1","1/1","1/1","1/1","1/1","1/1","1/1","1/1","1/1","1/1","1/1","1/1","1/1","1/1","1/1","1/1","1/1","1/1","1/1","1/1","1/1","1/1","1/1","1/1","1/1","1/1","1/1","1/1","1/1","1/1","1/1","1/1","1/1","1/1","1/1","1/1","1/1","1/1","1/1","1/1","1/1","1/1","1/1","1/1","1/1","1/1","1/1","1/1","1/1","1/1","1/1","1/1","1/1","1/1","1/1"
"chr22:20791940_GAGC/G_SCARF2","0/0","0/0","0/0","0/0","0/0","0/0","0/0","0/0","0/0","0/0","0/0","0/0","0/0","0/0","0/0","0/0","0/0","0/0","0/0","0/0","0/0","0/0","0/0","0/0","0/0","0/0","0/0","0/0","0/0","0/0","0/0","0/0","0/0","0/0","0/0","0/0","0/0","0/0","0/0","0/0","0/0","0/0","0/0","0/0","0/0","0/0","0/0","0/0","0/0","0/0","0/0","0/0","0/0","0/0","0/0","0/0","0/0","0/0","0/0","0/0","0/0","0/0","0/0","0/0","0/0","0/0","0/0","0/0","0/0","0/0","0/0","0/0","0/0","0/0","0/0","0/0","0/0","0/0","0/0","0/0","0/0","0/0","0/0","0/0","0/0","0/0","0/0","0/0","0/0","0/0","0/0","0/0","0/0","0/0","0/0","0/0","0/0","0/0","0/0","0/0","0/0","0/0","0/0","0/0","0/0","0/0","0/0","0/0","0/0","0/0","0/0","0/0","0/0","0/0","0/0","0/0","0/0","0/0","0/0","0/0","0/1","0/0","0/0","0/0","0/0","0/0","0/0","0/0","0/0","0/0","0/0","0/0","0/0","0/0","0/0","0/0","0/0","0/0","0/0","0/0","0/0","0/0","0/0","0/0","0/0","0/0","0/0","0/0","0/0","0/0","0/0","0/0","0/0"
"chr22:20918915_C/CCAG_MED15","0/0","0/0","0/0","0/0","0/0","0/0","0/0","0/0","0/0","0/0","0/0","0/0","0/0","0/0","0/0","0/0","0/0","0/0","0/0","0/0","0/0","0/0","0/0","0/0","0/0","0/0","0/0","0/0","0/0","0/0","0/0","0/0","0/0","0/0","0/0","0/0","0/1","0/0","0/0","0/0","0/0","0/0","0/0","0/0","0/0","0/0","0/0","0/0","0/0","0/0","0/0","0/0","0/0","0/0","0/1","0/0","0/0","0/0","0/0","0/0","0/0","0/0","0/0","0/0","0/0","0/0","0/0","0/0","0/0","0/0","0/0","0/0","0/0","0/0","0/0","0/0","0/0","0/0","0/0","0/0","0/0","0/0","0/0","0/0","0/0","0/0","0/0","0/0","0/0","0/0","0/0","0/0","0/0","0/0","0/0","0/0","0/0","0/0","0/0","0/0","0/0","0/0","0/0","0/0","0/0","0/0","0/0","0/0","0/0","0/0","0/0","0/0","0/0","0/0","0/0","0/0","0/0","0/0","0/0","0/0","0/0","0/0","0/0","0/0","0/0","0/0","0/0","0/0","0/0","0/0","0/0","0/0","0/0","0/0","0/0","0/0","0/0","0/0","0/0","0/0","0/0","0/0","0/0","0/0","0/0","0/0","0/0","0/0","0/0","0/0","0/0","0/0","0/0"
"chr22:20920813_ACAG/ACAGCAG_MED15","0/0","0/0","0/0","0/0","0/1","0/1","0/1","0/1","0/1","0/1","0/0","0/1","0/1","0/0","0/0","0/0","0/1","0/0","0/1","0/1","0/2","0/2","0/0","0/1","0/1","0/1","0/0","0/1","0/0","0/0","0/0","0/1","0/2","0/2","0/1","0/2","0/1","0/0","0/0","0/0","0/0","0/0","0/1","0/1","0/0","0/1","0/0","0/0","0/1","0/0","0/0","0/0","0/0","0/0","0/1","0/0","0/0","0/1","0/0","0/0","0/0","0/0","0/0","0/0","0/0","0/0","0/0","0/0","0/0","0/2","0/0","0/0","0/0","0/0","0/0","0/0","0/0","0/0","0/0","0/0","0/2","0/0","0/0","0/2","0/0","0/1","0/1","0/0","0/1","0/1","0/0","0/0","0/0","0/0","0/0","0/0","0/0","0/2","0/0","0/0","0/0","0/1","0/0","0/1","0/1","0/0","0/0","0/0","0/0","0/1","0/0","0/2","0/2","0/2","0/0","0/1","0/1","0/0","0/0","0/0","0/0","0/0","0/1","0/0","0/0","0/0","0/2","0/0","0/0","0/0","0/0","0/1","0/0","0/0","0/0","0/2","0/2","0/0","0/1","0/1","0/1","0/1","0/1","0/0","0/2","0/0","0/0","0/2","0/0","0/1","1/1","0/1","1/1"
"chr22:21212966_G/GCCGCCTCCGCCT_PI4KA","0/0","0/0","0/0","0/0","0/0","0/0","0/0","0/0","0/0","0/0","0/0","0/0","0/0","0/0","0/0","0/0","0/0","0/0","0/0","0/0","0/0","0/1","0/0","0/0","0/0","0/0","0/0","0/0","0/0","0/0","0/0","0/0","0/0","0/0","0/0","0/0","0/0","0/0","0/0","0/0","0/0","0/0","0/0","0/0","0/0","0/0","0/0","0/0","0/0","0/0","0/0","0/0","0/0","0/0","0/0","0/0","0/0","0/0","0/0","0/0","0/0","0/0","0/0","0/0","0/0","0/0","0/0","0/0","0/0","0/0","0/0","0/2","0/2","0/0","0/0","0/0","0/0","0/0","0/0","0/0","0/0","0/0","0/0","0/0","0/0","0/0","0/0","0/0","0/0","0/0","0/0","0/0","0/0","0/0","0/0","0/0","0/0","0/0","0/0","0/0","0/0","0/0","0/0","0/0","0/0","0/0","0/0","0/0","0/0","0/0","0/0","0/0","0/0","0/0","0/0","0/0","0/0","0/0","0/0","0/0","0/0","0/0","0/0","0/0","0/0","0/0","0/0","0/0","0/0","0/0","0/0","0/0","0/0","0/0","0/0","0/0","0/0","0/0","0/0","0/0","0/0","0/0","0/0","0/0","0/0","0/0","0/0","0/0","0/0","0/0","0/0","0/0","0/0"
"chr22:21991239_TC/T_CCDC116","0/0","0/0","0/0","0/0","0/0","0/0","0/0","0/0","0/0","0/0","0/0","0/0","0/0","0/0","0/0","0/0","0/0","0/0","0/0","0/0","0/0","0/0","0/0","0/0","0/0","0/0","0/0","0/0","0/0","0/0","0/0","0/0","0/0","0/0","0/0","0/0","0/1","0/0","0/0","0/0","0/0","0/0","0/0","0/0","0/0","0/0","0/0","0/0","0/0","0/0","0/0","0/0","0/0","0/0","0/0","0/0","0/0","0/0","0/0","0/0","0/0","0/0","0/0","0/0","0/0","0/0","0/0","0/0","0/0","0/0","0/0","0/0","0/0","0/0","0/0","0/0","0/0","0/0","0/0","0/0","0/0","0/0","0/0","0/0","0/0","0/0","0/0","0/0","0/0","0/0","0/0","0/0","0/0","0/0","0/0","0/0","0/0","0/0","0/0","0/0","0/0","0/0","0/0","0/0","0/0","0/0","0/0","0/0","0/0","0/0","0/0","0/0","0/0","0/0","0/0","0/0","0/0","0/0","0/0","0/0","0/0","0/0","0/0","0/0","0/0","0/0","0/0","0/0","0/0","0/0","0/0","0/0","0/0","0/0","0/0","0/0","0/0","0/0","0/0","0/0","0/0","0/0","0/0","0/0","0/0","0/0","0/0","0/0","0/0","0/0","0/0","0/0","0/0"
"chr22:22868572_CA/C_ZNF280A","0/0","0/0","0/0","0/0","0/0","0/0","0/0","0/0","0/0","0/0","0/0","0/0","0/0","0/0","0/0","0/0","0/0","0/0","0/0","0/0","0/0","0/0","0/0","0/0","0/1","0/0","0/0","0/0","0/0","0/0","0/0","0/0","0/0","0/0","0/0","0/0","0/0","0/0","0/0","0/0","0/0","0/0","0/0","0/0","0/0","0/0","0/0","0/0","0/0","0/0","0/0","0/0","0/0","0/0","0/0","0/0","0/0","0/0","0/0","0/0","0/0","0/0","0/0","0/0","0/0","0/0","0/0","0/0","0/0","0/0","0/0","0/0","0/0","0/0","0/0","0/1","0/1","0/0","0/0","0/0","0/0","0/0","0/0","0/0","0/0","0/0","0/0","0/0","0/0","0/0","0/0","0/0","0/0","0/0","0/0","0/0","0/0","0/0","0/1","0/1","0/0","0/0","0/0","0/0","0/0","0/0","0/0","0/0","0/0","0/0","0/0","0/0","0/0","0/0","0/0","0/0","0/0","0/0","0/0","0/0","0/0","0/0","0/0","0/0","0/0","0/0","0/0","0/0","0/1","0/1","0/1","0/0","0/0","0/0","0/0","0/0","0/0","0/0","0/0","0/0","0/0","0/0","0/0","0/0","0/0","0/0","0/0","0/0","0/0","0/0","0/0","0/0","0/0"
"chr22:23964282_GCAT/G_DRICH1","0/0","0/0","0/0","0/1","0/1","0/1","0/1","0/1","0/1","0/0","0/0","0/0","0/0","0/1","0/0","0/0","0/0","0/1","0/0","0/0","0/1","1/1","0/1","0/0","0/1","0/1","0/1","1/1","0/0","0/1","0/0","0/0","0/0","1/1","0/1","0/0","0/0","0/1","0/0","1/1","0/0","0/0","0/1","0/1","0/1","0/0","0/0","0/0","0/0","0/1","0/0","0/1","0/0","0/0","0/0","1/1","0/0","0/1","0/1","0/1","0/0","0/0","0/0","0/1","0/1","0/0","0/1","0/0","0/0","0/1","0/0","0/0","0/0","0/0","0/0","0/1","0/1","0/0","0/0","0/0","0/0","0/0","0/0","0/0","0/0","0/0","0/0","0/0","0/0","0/0","0/1","0/0","0/0","0/0","0/0","0/1","0/0","0/1","0/1","0/1","0/0","0/0","0/0","0/1","0/1","0/0","0/0","1/1","1/1","0/0","0/1","0/1","0/1","0/0","0/0","1/1","1/1","0/0","0/1","0/0","0/1","0/1","1/1","0/0","0/0","0/0","0/0","0/0","1/1","1/1","1/1","0/1","1/1","0/1","1/1","1/1","0/1","0/1","0/0","0/0","0/0","0/1","0/1","0/0","0/0","0/0","0/1","0/1","0/1","0/0","0/0","0/0","0/0"
"chr22:24628055_GC/G_GGT5","0/0","0/0","0/0","0/0","0/0","0/0","0/0","0/0","0/0","0/0","0/0","0/0","0/0","0/0","0/0","0/0","0/0","0/0","0/0","0/0","0/0","0/0","0/0","0/0","0/0","0/0","0/0","0/0","0/0","0/0","0/0","0/0","0/0","0/0","0/0","0/0","0/0","0/0","0/0","0/0","0/0","0/0","0/0","0/0","0/0","0/0","0/0","0/0","0/0","0/0","0/0","0/0","0/0","0/0","0/0","0/0","0/0","0/0","0/0","0/0","0/0","0/0","0/0","0/0","0/0","0/0","0/0","0/0","0/0","0/0","0/0","0/0","0/0","0/0","0/0","0/0","0/0","0/0","0/0","0/0","0/0","0/0","0/0","0/0","0/0","0/1","0/1","0/0","0/0","0/0","0/0","0/0","0/0","0/0","0/0","0/0","0/0","0/0","0/0","0/0","0/0","0/0","0/0","0/0","0/0","0/0","0/0","0/0","0/0","0/0","0/0","0/0","0/0","0/0","0/0","0/0","0/0","0/0","0/0","0/0","0/0","0/0","0/0","0/0","0/0","0/0","0/0","0/0","0/0","0/0","0/0","0/0","0/0","0/0","0/0","0/0","0/0","0/0","0/0","0/0","0/0","0/0","0/0","0/0","0/0","0/0","0/0","0/0","0/0","0/0","0/0","0/0","0/0"
"chr22:24709412_GAAC/G_SPECC1L","0/0","0/0","0/0","0/0","0/0","0/0","0/0","0/0","0/0","0/0","0/0","0/0","0/0","0/0","0/0","0/0","0/0","0/0","0/1","0/0","0/0","0/0","0/0","0/0","0/0","0/0","0/0","0/0","0/0","0/0","0/0","0/0","0/0","0/0","0/0","0/0","0/0","0/0","0/0","0/0","0/0","0/0","0/0","0/0","0/0","0/0","0/0","0/0","0/0","0/0","0/0","0/0","0/0","0/0","0/0","0/0","0/0","0/0","0/0","0/0","0/0","0/0","0/0","0/0","0/0","0/0","0/0","0/0","0/0","0/0","0/0","0/0","0/0","0/0","0/0","0/0","0/0","0/0","0/0","0/0","0/0","0/0","0/0","0/0","0/0","0/0","0/0","0/0","0/0","0/0","0/0","0/0","0/0","0/0","0/0","0/0","0/0","0/0","0/0","0/0","0/0","0/0","0/0","0/0","0/0","0/0","0/0","0/0","0/0","0/0","0/0","0/0","0/0","0/0","0/0","0/0","0/0","0/0","0/0","0/0","0/0","0/0","0/0","0/0","0/0","0/0","0/0","0/0","0/0","0/0","0/0","0/0","0/0","0/0","0/0","0/0","0/0","0/0","0/0","0/0","0/0","0/0","0/0","0/0","0/0","0/0","0/0","0/0","0/0","0/0","0/0","0/0","0/0"
"chr22:25435002_AC/A_KIAA1671","0/0","0/0","0/0","0/0","0/0","0/0","0/0","0/0","0/0","0/0","0/0","0/0","0/0","0/0","0/0","0/0","0/0","0/0","0/0","0/0","0/0","0/0","0/0","0/0","0/0","0/0","0/0","0/0","0/0","0/0","0/0","0/0","0/0","0/0","0/0","0/0","0/1","0/0","0/0","0/0","0/0","0/0","0/0","0/0","0/0","0/0","0/0","0/0","0/0","0/0","0/0","0/0","0/0","0/0","0/0","0/0","0/0","0/0","0/0","0/0","0/0","0/0","0/0","0/0","0/0","0/0","0/0","0/0","0/0","0/0","0/0","0/0","0/0","0/0","0/0","0/0","0/0","0/0","0/0","0/0","0/0","0/0","0/0","0/0","0/0","0/0","0/0","0/0","0/0","0/0","0/0","0/0","0/0","0/0","0/0","0/0","0/0","0/0","0/0","0/0","0/0","0/0","0/0","0/0","0/0","0/0","0/0","0/0","0/0","0/0","0/0","0/0","0/0","0/0","0/0","0/0","0/0","0/0","0/0","0/0","0/0","0/0","0/0","0/0","0/0","0/0","0/0","0/0","0/0","0/0","0/0","0/0","0/0","0/0","0/0","0/0","0/0","0/0","0/0","0/0","0/0","0/0","0/0","0/0","0/0","0/0","0/0","0/0","0/0","0/0","0/0","0/0","0/0"
"chr22:26059663_CT/C_ADRBK2","0/0","0/0","0/0","0/0","0/0","0/0","0/0","0/0","0/0","0/0","0/0","0/0","0/0","0/0","0/0","0/0","0/0","0/0","0/0","0/0","0/0","0/0","0/0","0/0","0/0","0/0","0/0","0/0","0/0","0/0","0/0","0/0","0/0","0/0","0/0","0/0","0/1","0/0","0/0","0/0","0/0","0/0","0/0","0/0","0/0","0/0","0/0","0/0","0/0","0/0","0/0","0/0","0/0","0/0","0/0","0/0","0/0","0/0","0/0","0/0","0/0","0/0","0/0","0/0","0/0","0/0","0/0","0/0","0/0","0/0","0/0","0/0","0/0","0/0","0/0","0/0","0/0","0/0","0/0","0/0","0/0","0/0","0/0","0/0","0/0","0/0","0/0","0/0","0/0","0/0","0/0","0/0","0/0","0/0","0/0","0/0","0/0","0/0","0/0","0/0","0/0","0/0","0/0","0/0","0/0","0/0","0/0","0/0","0/0","0/0","0/0","0/0","0/0","0/0","0/0","0/0","0/0","0/0","0/0","0/0","0/0","0/0","0/0","0/0","0/0","0/0","0/0","0/0","0/0","0/0","0/0","0/0","0/0","0/0","0/0","0/0","0/0","0/0","0/0","0/0","0/0","0/0","0/0","0/0","0/0","0/0","0/0","0/0","0/0","0/0","0/0","0/0","0/0"
"chr22:26879946_GGAGGCGGCGCCCCGGGGGAGA/G_SRRD","1/1","1/1","1/1","0/0",".","0/1","1/1","1/1","1/1","1/1","1/1","1/1","1/1","1/1","1/1","0/1","1/1","1/1","1/1","1/1","1/1","1/1","0/1","1/1","1/1","1/1","1/1","1/1","1/1","1/1","0/1","1/1","1/1","1/1","1/1","1/1","1/1","1/1","1/1","1/1","1/1","1/1",".","1/1","1/1","1/1","1/1","1/1","1/1","1/1","1/1","1/1","1/1","1/1","1/1","0/1","1/1","1/1","1/1","1/1","1/1","1/1","1/1","0/1","0/1","0/1","1/1","1/1","1/1","1/1","0/1","1/1","1/1","1/1","1/1","1/1","1/1","0/1","0/1","1/1","1/1","1/1","1/1","0/1","0/0","1/1","1/1","1/1","1/1","1/1","1/1","0/1","0/1","1/1","1/1","1/1","1/1","0/1","1/1","1/1",".","0/1","0/1","0/1","1/1","1/1","1/1","1/1","1/1","0/1","1/1","1/1","1/1","0/0","1/1","1/1","1/1","1/1","1/1","1/1","1/1","1/1","1/1","1/1","1/1","1/1","1/1","0/1","1/1",".","1/1","1/1","0/0","0/1","1/1","1/1","0/0","0/1","0/1","0/1","0/0","1/1","1/1","1/1","1/1","1/1","1/1","1/1","1/1","1/1","1/1","1/1","1/1"
"chr22:29707639_G/GC_GAS2L1","1/1","1/1","1/1","1/1","1/1","1/1","1/1","1/1","1/1","1/1","1/1","1/1","1/1","1/1","1/1","1/1","1/1","1/1","1/1","1/1","1/1","1/1","1/1","1/1","1/1","1/1","1/1","1/1","1/1","1/1","1/1","1/1","1/1","1/1","1/1","1/1","1/1","1/1","1/1","1/1","1/1","1/1","1/1","1/1","1/1","1/1","1/1","1/1","1/1","1/1","1/1","1/1","1/1","1/1","1/1","1/1","1/1","1/1","1/1","1/1","1/1","1/1","1/1","1/1","1/1","1/1","1/1","1/1","1/1","1/1","1/1","1/1","1/1","1/1","1/1","1/1","1/1","1/1","1/1","1/1","1/1","1/1","1/1","1/1","1/1","1/1","1/1","1/1","1/1","1/1","1/1","1/1","1/1","1/1","1/1","1/1","1/1","1/1","1/1","1/1","1/1","1/1","1/1","1/1","1/1","1/1","1/1","1/1","1/1","1/1","1/1","1/1","1/1","1/1","1/1","1/1","1/1","1/1","1/1","1/1","1/1","1/1","1/1","1/1","1/1","1/1","1/1","1/1","1/1","1/1","1/1","1/1","1/1","1/1","1/1","1/1","1/1","1/1","1/1","1/1","1/1","1/1","1/1","1/1","1/1","1/1","1/1","1/1","1/1","1/1","1/1","1/1","1/1"
"chr22:29837566_TTCC/T_RFPL1","0/0","0/0","0/0","0/0","0/0","0/0","0/0","0/0","0/0","0/1","0/0","0/0","0/0","0/0","0/0","0/0","0/0","0/0","0/0","0/0","0/0","1/1","0/0","0/1","0/0","0/0","0/0","0/0","0/0","0/0","0/1","0/0","0/0","0/0","0/0","0/1","0/0","0/1","0/0","0/1","0/0","0/0","0/0","0/0","0/0","0/0","0/0","0/0","0/0","0/0","0/0","0/0","0/1","0/0","0/0","0/0","0/0","0/0","0/0","0/1","0/0","0/0","0/0","0/0","0/0","0/0","0/0","0/0","0/0","0/0","0/0","0/0","0/0","0/0","0/0","0/0","0/0","0/0","0/0","0/0","0/0","0/0","0/0","0/1","0/1","0/0","0/0","0/0","0/0","0/0","0/1","0/0","0/0","0/0","0/0","0/1","0/0","0/0","0/0","0/0","0/0","0/0","0/0","0/0","0/0","0/1","0/1","0/0","0/0","0/0","0/0","0/0","0/0","0/0","0/0","0/0","0/0","0/1","0/0","0/1","0/0","0/0","0/0","0/1","0/0","0/0","0/0","0/0","0/0","0/0","0/0","0/1","0/0","0/1","0/0","0/0","0/1","0/1","0/1","0/1","0/1","0/1","0/1","0/0","0/0","0/0","0/0","0/0","0/0","0/0","0/0","0/0","0/0"
"chr22:30518021_AAGG/A_HORMAD2","0/0","0/0","0/0","0/0","0/0","0/0","0/0","0/0","0/0","0/0","0/0","0/0","0/0","0/0","0/0","0/0","0/0","0/0","0/0","0/0","0/0","0/1","0/0","0/0","0/0","0/0","0/0","0/0","0/0","0/0","0/0","0/0","0/0","0/0","0/0","0/0","0/0","0/0","0/0","0/0","0/0","0/0","0/0","0/0","0/0","0/0","0/0","0/0","0/0","0/0","0/0","0/0","0/0","0/0","0/0","0/0","0/0","0/0","0/0","0/1","0/0","0/0","0/0","0/0","0/0","0/0","0/0","0/0","0/0","0/0","0/0","0/0","0/0","0/0","0/0","0/0","0/0","0/0","0/0","0/0","0/0","0/0","0/0","0/0","0/0","0/0","0/0","0/0","0/0","0/0","0/0","0/0","0/0","0/0","0/0","0/0","0/0","0/0","0/0","0/0","0/0","0/0","0/0","0/0","0/0","0/0","0/0","0/0","0/0","0/0","0/0","0/0","0/0","0/0","0/0","0/0","0/0","0/0","0/0","0/0","0/0","0/0","0/0","0/0","0/0","0/0","0/0","0/0","0/0","0/0","0/0","0/0","0/0","0/0","0/0","0/0","0/0","0/0","0/0","0/0","0/0","0/0","0/0","0/0","0/0","0/0","0/0","0/0","0/0","0/0","0/0","0/0","0/0"
"chr22:31059494_AT/A_DUSP18","0/0","0/0","0/0","0/0","0/0","0/0","0/0","0/0","0/0","0/0","0/0","0/0","0/0","0/0","0/0","0/1","0/0","0/0","0/0","0/0","0/0","0/0","0/0","0/0","0/0","0/0","0/0","0/0","0/0","0/0","0/0","0/0","0/0","0/0","0/0","0/0","0/0","0/0","0/0","0/0","0/0","0/0","0/0","0/0","0/0","0/0","0/0","0/0","0/0","0/0","0/0","0/0","0/0","0/0","0/0","0/0","0/0","0/0","0/0","0/0","0/0","0/0","0/0","0/0","0/0","0/0","0/0","0/0","0/0","0/0","0/0","0/0","0/0","0/0","0/0","0/0","0/0","0/0","0/0","0/0","0/0","0/0","0/0","0/0","0/0","0/0","0/0","0/0","0/0","0/0","0/0","0/0","0/0","0/0","0/0","0/0","0/0","0/0","0/0","0/0","0/0","0/0","0/0","0/0","0/0","0/0","0/0","0/0","0/0","0/0","0/0","0/0","0/0","0/0","0/0","0/0","0/0","0/0","0/0","0/0","0/0","0/0","0/0","0/0","0/0","0/0","0/0","0/0","0/0","0/0","0/0","0/0","0/0","0/0","0/0","0/0","0/0","0/0","0/0","0/0","0/0","0/0","0/0","0/0","0/0","0/0","0/0","0/0","0/0","0/0","0/0","0/0","0/0"
"chr22:31672776_G/GC_LIMK2","0/0","0/0","0/0","0/0","0/0","0/0","0/0","0/0","0/0","0/0","0/0","0/0","0/0","0/0","0/0","0/0","0/0","0/0","0/0","0/0","0/0","0/0","0/0","0/0","0/0","0/0","0/1","0/0","0/0","0/0","0/0","0/0","0/0","0/0","0/0","0/0","0/0","0/0","0/0","0/0","0/0","0/0","0/0","0/0","0/0","0/0","0/0","0/0","0/0","0/0","0/0","0/0","0/0","0/0","0/0","0/0","0/0","0/0","0/0","0/0","0/0","0/0","0/0","0/0","0/0","0/0","0/0","0/0","0/0","0/0","0/0","0/0","0/0","0/0","0/0","0/0","0/0","0/0","0/0","0/0","0/0","0/0","0/0","0/0","0/0","0/0","0/0","0/0","0/0","0/0","1/1","0/0","0/0","0/0","0/0","0/1","0/0","0/0","0/0","0/0","0/0","0/0","0/0","0/0","0/0","0/0","0/0","0/0","0/0","0/0","0/0","0/0","0/0","0/0","0/0","0/0","0/0","0/0","0/0","0/0","0/0","0/0","0/0","0/0","0/0","0/0","0/0","0/0","0/0","0/0","0/0","0/0","0/0","0/0","0/0","0/0","0/0","0/0","0/0","0/0","0/0","0/0","0/0","0/0","0/0","0/0","0/0","0/0","0/0","0/0","0/0","0/0","0/0"
"chr22:31979946_GGGACCACTACA/G_SFI1","0/0","0/0","0/0","0/0","0/0","0/0","0/0","0/0","0/0","0/0","0/0","0/0","0/0","0/0","0/0","0/0","0/0","0/0","0/0","0/0","0/0","0/0","0/0","0/0","0/0","0/0","0/0","0/0","0/0","0/0","0/0","0/0","0/0","0/0","0/0","0/0","0/0","0/0","0/1","0/0","0/0","0/0","0/0","0/0","0/0","0/0","0/0","0/0","0/0","0/0","0/0","0/0","0/0","0/0","0/0","0/0","0/0","0/0","0/0","0/0","0/0","0/0","0/0","0/0","0/0","0/0","0/0","0/0","0/0","0/0","0/0","0/0","0/0","0/0","0/0","0/0","0/0","0/0","0/0","0/0","0/0","0/0","0/0","0/0","0/0","0/0","0/0","0/0","0/0","0/0","0/0","0/0","0/0","0/0","0/0","0/0","0/0","0/0","0/0","0/0","0/0","0/0","0/0","0/0","0/0","0/0","0/0","0/0","0/0","0/0","0/0","0/0","0/0","0/0","0/0","0/0","0/0","0/0","0/0","0/0","0/0","0/0","0/0","0/0","0/0","0/0","0/0","0/0","0/0","0/0","0/0","0/0","0/0","0/0","0/0","0/0","0/0","0/0","0/0","0/0","0/0","0/0","0/0","0/0","0/0","0/0","0/0","0/0","0/0","0/0","0/0","0/0","0/0"
"chr22:32011207_AGCT/A_SFI1","0/0","0/0","0/0","0/0","0/0","0/0","0/0","0/0","0/0","0/0","0/0","0/0","0/0","0/0","0/0","0/0","0/0","0/0","0/0","0/0","0/0","0/0","0/0","0/0","0/0","0/0","0/0","0/0","0/0","0/0","0/0","0/0","0/0","0/0","0/0","0/0","0/0","0/0","0/0","0/0","0/0","0/0","0/0","0/0","0/0","0/0","0/0","0/0","0/0","0/0","0/0","0/0","0/0","0/1","0/0","0/0","0/0","0/0","0/0","0/0","0/0","0/0","0/0","0/0","0/0","0/0","0/0","0/0","0/0","0/0","0/0","0/0","0/0","0/0","0/0","0/0","0/0","0/0","0/0","0/0","0/0","0/0","0/0","0/0","0/0","0/0","0/0","0/0","0/0","0/0","0/0","0/0","0/0","0/1","0/0","0/0","0/0","0/0","0/0","0/0","0/0","0/0","0/0","0/0","0/0","0/0","0/0","0/0","0/0","0/0","0/0","0/0","0/0","0/0","0/0","0/0","0/0","0/0","0/0","0/0","0/0","0/0","0/0","0/0","0/0","0/0","0/0","0/0","0/0","0/0","0/0","0/0","0/0","0/0","0/0","0/0","0/0","0/0","0/0","0/0","0/0","0/0","0/0","0/0","0/0","0/0","0/0","0/0","0/0","0/0","0/0","0/0","0/0"
"chr22:32334104_GA/G_C22orf24","0/0","0/0","0/0","0/0","0/0","0/0","0/0","0/0","0/0","0/0","0/0","0/0","0/0","0/0","0/0","0/0","0/0","0/0","0/0","0/0","0/0","0/0","0/0","0/0","0/0","0/0","0/0","0/0","0/0","0/0","0/0","0/0","0/0","0/0","0/0","0/0","0/1","0/0","0/0","0/0","0/0","0/0","0/0","0/0","0/0","0/0","0/0","0/0","0/0","0/0","0/0","0/0","0/0","0/0","0/0","0/0","0/0","0/0","0/0","0/0","0/0","0/0","0/0","0/0","0/0","0/0","0/0","0/0","0/0","0/0","0/0","0/0","0/0","0/0","0/0","0/0","0/0","0/0","0/0","0/0","0/0","0/0","0/0","0/0","0/0","0/0","0/0","0/0","0/0","0/0","0/0","0/0","0/0","0/0","0/0","0/0","0/0","0/0","0/0","0/0","0/0","0/0","0/0","0/0","0/0","0/0","0/0","0/0","0/0","0/0","0/0","0/0","0/0","0/0","0/0","0/0","0/0","0/0","0/0","0/0","0/0","0/0","0/0","0/0","0/0","0/0","0/0","0/0","0/0","0/0","0/0","0/0","0/0","0/0","0/0","0/0","0/0","0/0","0/0","0/0","0/0","0/0","0/0","0/0","0/0","0/0","0/0","0/0","0/0","0/0","0/0","0/0","0/0"
"chr22:32643447_AC/A_SLC5A4","0/0","0/0","0/0","0/0","0/0","0/0","0/0","0/0","0/0","0/0","0/0","0/0","0/0","0/0","0/0","0/0","0/0","0/0","0/0","0/0","0/0","0/0","0/0","0/0","0/0","0/0","0/0","0/0","0/0","0/0","0/0","0/0","0/1","0/0","0/0","0/0","0/0","0/0","0/0","0/0","0/0","0/0","0/0","0/0","0/0","0/0","0/0","0/0","0/0","0/0","0/0","0/0","0/0","0/0","0/0","0/0","0/0","0/0","0/0","0/0","0/0","0/0","0/0","0/0","0/0","0/0","0/0","0/0","0/0","0/0","0/0","0/0","0/0","0/0","0/0","0/0","0/0","0/0","0/0","0/0","0/0","0/0","0/0","0/0","0/0","0/0","0/0","0/0","0/0","0/0","0/0","0/0","0/0","0/0","0/0","0/0","0/0","0/0","0/0","0/0","0/0","0/0","0/0","0/0","0/0","0/0","0/0","0/0","0/0","0/0","0/0","0/0","0/0","0/0","0/0","0/0","0/0","0/0","0/0","0/0","0/0","0/0","0/0","0/0","0/0","0/0","0/0","0/0","0/0","0/0","0/0","0/0","0/0","0/0","0/0","0/0","0/0","0/0","0/0","0/0","0/0","0/0","0/0","0/0","0/0","0/0","0/0","0/0","0/0","0/0","0/0","0/0","0/0"
"chr22:32794005_A/AT_RTCB","0/0","0/0","0/0","0/0","0/0","0/0","0/0","0/0","0/0","0/0","0/0","0/0","0/0","0/0","0/0","0/0","0/0","0/0","0/0","0/0","0/0","0/0","0/0","0/0","0/0","0/0","0/0","0/0","0/0","0/0","0/0","0/0","0/0","0/0","0/0","0/0","0/1","0/0","0/0","0/0","0/0","0/0","0/0","0/0","0/0","0/0","0/0","0/0","0/0","0/0","0/0","0/0","0/0","0/0","0/0","0/0","0/0","0/0","0/0","0/0","0/0","0/0","0/0","0/0","0/0","0/0","0/0","0/0","0/0","0/0","0/0","0/0","0/0","0/0","0/0","0/0","0/0","0/0","0/0","0/0","0/0","0/0","0/0","0/0","0/0","0/0","0/0","0/0","0/0","0/0","0/0","0/0","0/0","0/0","0/0","0/0","0/0","0/0","0/0","0/0","0/0","0/0","0/0","0/0","0/0","0/0","0/0","0/0","0/0","0/0","0/0","0/0","0/0","0/0","0/0","0/0","0/0","0/0","0/0","0/0","0/0","0/0","0/0","0/0","0/0","0/0","0/0","0/0","0/0","0/0","0/0","0/0","0/0","0/0","0/0","0/0","0/0","0/0","0/0","0/0","0/0","0/0","0/0","0/0","0/0","0/0","0/0","0/0","0/0","0/0","0/0","0/0","0/0"
"chr22:32831828_A/AG_BPIFC","0/0","0/0","0/0","0/0","0/0","0/0","0/0","0/0","0/0","0/0","0/0","0/0","0/0","0/0","0/0","0/0","0/0","0/0","0/0","0/0","0/0","0/0","0/0","0/0","0/0","0/0","0/0","0/0","0/0","0/0","0/0","0/0","0/0","0/0","0/0","0/0","0/1","0/0","0/0","0/0","0/0","0/0","0/0","0/0","0/0","0/0","0/0","0/0","0/0","0/0","0/0","0/0","0/0","0/0","0/0","0/0","0/0","0/0","0/0","0/0","0/0","0/0","0/0","0/0","0/0","0/0","0/0","0/0","0/0","0/0","0/0","0/0","0/0","0/0","0/0","0/0","0/0","0/0","0/0","0/0","0/0","0/0","0/0","0/1","0/1","0/0","0/0","0/0","0/0","0/0","0/0","0/0","0/0","0/0","0/0","0/0","0/0","0/0","0/0","0/0","0/0","0/0","0/0","0/0","0/0","0/0","0/0","0/0","0/0","0/0","0/0","0/0","0/0","0/0","0/0","0/0","0/0","0/0","0/0","0/0","0/0","0/0","0/0","0/0","0/0","0/0","0/0","0/0","0/0","0/0","0/0","0/0","0/0","0/0","0/0","0/0","0/0","0/0","0/0","0/0","0/0","0/0","0/0","0/0","0/0","0/0","0/0","0/0","0/0","0/0","0/0","0/0","0/0"
"chr22:35661543_GA/G_HMGXB4","0/0","0/0","0/0","0/0","0/0","0/0","0/0","0/0","0/0","0/1","0/0","0/0","0/0","0/0","0/0","0/0","0/0","0/0","0/0","0/0","0/0","0/0","0/0","0/0","0/0","0/0","0/0","0/0","0/0","0/0","0/0","0/0","0/0","0/0","0/0","0/0","0/0","0/0","0/0","0/0","0/0","0/0","0/0","0/0","0/0","0/0","0/0","0/0","0/0","0/0","0/0","0/0","0/0","0/0","0/0","0/0","0/0","0/0","0/0","0/0","0/0","0/0","0/0","0/0","0/0","0/0","0/0","0/0","0/0","0/0","0/0","0/0","0/0","0/0","0/0","0/0","0/0","0/0","0/0","0/0","0/0","0/0","0/0","0/0","0/0","0/0","0/0","0/0","0/0","0/0","0/0","0/0","0/0","0/0","0/0","0/0","0/0","0/0","0/0","0/0","0/0","0/0","0/0","0/1","0/0","0/0","0/0","0/0","0/0","0/0","0/0","0/0","0/0","0/0","0/0","0/0","0/0","0/0","0/0","0/0","0/0","0/0","0/0","0/0","0/0","0/0","0/0","0/0","0/0","0/0","0/0","0/0","0/0","0/0","0/0","0/0","0/0","0/0","0/0","0/0","0/0","0/0","0/0","0/0","0/0","0/0","0/0","0/0","0/0","0/0","0/0","0/0","0/0"
"chr22:36587845_A/ACT_APOL4","1/1","1/1","1/1","1/1","1/1","1/1","1/1","1/1","1/1","0/1","1/1","1/1","1/1","1/1","0/1","1/1","1/1","1/1","1/1","1/1","1/1","1/1","0/1","0/1","1/1","0/1","1/1","0/1","0/1","1/1","1/1","0/1","1/1","0/1","0/1","1/1","1/1","1/1","1/1","0/1","0/1","1/1","1/1","0/1","1/1","0/1","1/1","1/1","0/1","0/1","1/1","0/1","0/1","1/1","1/1","1/1","1/1","0/1","1/1","1/1","1/1","0/1","1/1","0/1","0/1","1/1","0/1","0/1","0/1","0/1","1/1","1/1","1/1","0/1","0/1","1/1","1/1","1/1","1/1","1/1","1/1","0/1","1/1","1/1","1/1","0/1","0/1","0/1","1/1","1/1","1/1","1/1","1/1","1/1","1/1","1/1","0/1","1/1","0/1","0/1","1/1","0/1","1/1","0/1","0/1","1/1","1/1","1/1","1/1","0/1","1/1","1/1","1/1","0/1","1/1","1/1","1/1","1/1","1/1","1/1","1/1","1/1","1/1","1/1","1/1","1/1","0/1","0/1","1/1","1/1","1/1","1/1","1/1","1/1","1/1","1/1","1/1","1/1","1/1","0/1","1/1","1/1","1/1","1/1","1/1","1/1","1/1","1/1","1/1","1/1","1/1","1/1","1/1"
"chr22:37906308_GCTCCTT/G_CARD10","0/0","0/0","0/0","0/0","0/1","0/1","1/1","1/1","1/1","0/0","0/0","0/1","0/1","0/0","0/1","0/0","0/1","0/1","0/1","0/0","0/0","0/0","0/0","0/1","0/1","0/1","0/0","0/1","0/0","0/1","0/0","0/1","0/1","0/1","0/0","0/0","0/0","0/0","0/1","0/1","0/1","0/1","0/0","0/0","1/1","0/0","0/0","0/1","0/1","0/0","1/1","0/0","1/1","0/1","0/0","0/0","0/1","1/1","0/0","0/1","0/1","0/0","0/0","0/0","0/0","0/1","0/1","0/1","0/1","0/1","0/1","0/0","0/0","0/0","0/0","0/1","0/1","0/0","0/0","0/0","0/0","0/0","1/1","0/0","0/0","0/0","0/0","0/0","0/0","0/0","0/1","0/0","0/0","1/1","1/1","0/1","0/0","0/1","0/1","0/1","0/0","0/0","0/0","0/1","0/1","0/1","0/1","0/1","0/1","0/0","0/0","0/0","0/0","0/0","0/1","1/1","1/1","1/1","0/1","1/1","0/1","0/1","1/1","1/1","0/1","0/1","0/0","0/0","0/1","0/1","0/1","0/0","0/1","0/0","0/1","0/1","0/0","0/0","0/1","0/1","0/1","0/0","0/0","0/0","0/0","0/0","0/1","0/1","0/1","0/0","0/0","0/0","0/0"
"chr22:38051320_CAGGTCT/C_SH3BP1","0/0",".","0/0","0/0","0/0",".","0/0","0/0","0/0","0/0","0/0","0/0","0/0","0/0","0/0","0/0","0/0","0/0","0/0","0/0","0/0","0/0","0/0","0/0","0/0","0/0","0/0","0/0","0/0","0/0","0/0","0/0","0/0","0/0","0/0","0/0","0/0","0/0","0/0","0/0","0/0","0/0",".","0/0","0/0","0/0","0/0","0/0","0/0","0/0","0/0","0/0","0/0","0/0","0/0","0/0","0/0","0/0","0/0","0/0","0/0","0/0","0/0","0/0","0/0","0/0","0/0","0/0","0/0","0/0","0/0","0/0",".","0/0","0/0",".","0/0","0/0","0/0","0/0","0/0","0/0","0/0","0/1",".","0/0","0/0","0/0","0/0","0/0","0/0","0/0","0/0","0/0","0/0","0/0","0/0","0/0","0/0","0/0","0/0","0/0","0/0","0/0","0/0","0/0","0/0","0/0","0/0","0/0",".","0/0","0/0","0/0","0/0","0/0","0/0",".","0/0","0/0","0/0","0/0","0/0","0/0","0/0",".","0/0","0/0","0/0","0/0","0/0","0/0","0/0","0/0","0/0",".","0/0","0/0","0/0","0/0","0/0","0/0","0/0","0/0","0/0","0/0","0/0","0/0","0/0",".","0/0","0/0","0/0"
"chr22:38119754_TCAA/T_TRIOBP","0/0","0/0","0/0","0/1","0/0","0/0","0/1","0/1","0/1","0/1","0/1","1/1","1/1","0/0","1/1","0/0","0/1","0/0","0/1","1/1","0/1","0/1","1/1","1/1","0/1","1/1","0/1","0/1","0/1","1/1","0/1","1/1","1/1","0/0","0/1","1/1","0/1","0/1","0/0","1/1","0/1","1/1","1/1","0/1","0/0","0/1","0/1","0/1","1/1","1/1","0/0","0/1","0/1","0/1","1/1","0/0","0/1","0/1","0/0","1/1","0/0","1/1","1/1","0/1","0/1","0/1","1/1","0/1","0/1","1/1","0/1","0/0","0/0","1/1","1/1","1/1","1/1","0/1","0/1","1/1","1/1","0/1","0/0","0/1","0/1","1/1","1/1","0/1","0/1","0/1","1/1","0/1","0/1","0/1","0/1","1/1","0/1","1/1","0/1","0/1","0/1","1/1","0/1","0/0","0/0","0/0","0/0","0/1","0/1","1/1","0/1","0/1","0/1","0/1","1/1","0/0","0/0","0/1","1/1","0/1","1/1","1/1","0/0","0/1","1/1","1/1","0/1","0/1","0/1","0/1","0/1","0/1","0/1","0/1","0/1","0/1","0/1","0/1","1/1","0/1","1/1","0/1","0/1","1/1","1/1","1/1","1/1","1/1","1/1","0/1","0/1","0/1","0/1"
"chr22:38130772_T/TG_TRIOBP","0/0","0/0","0/0","0/0","0/0","0/0","0/0","0/0","0/0","0/0","0/0","0/0","0/1","0/0","0/0","0/0","0/0","0/0","0/0","0/0","0/0","0/0","0/0","0/0","0/0","0/0","0/0","0/0","0/0","0/0","0/0","0/0","0/0","0/0","0/0","0/0","0/0","0/0","0/0","0/0","0/0","0/0","0/0","0/0","0/0","0/0","0/0","0/0","0/0","0/0","0/0","0/0","0/0","0/0","0/0","0/0","0/0","0/0","0/0","0/0","0/0","0/0","0/0","0/0","0/0","0/0","0/0","0/0","0/0","0/0","0/0","0/0","0/0","0/0","0/0","0/0","0/0","0/0","0/0","0/0","0/0","0/0","0/0","0/0","0/0","0/0","0/0","0/0","0/0","0/0","0/0","0/0","0/0","0/0","0/0","0/0","0/0","0/0","0/0","0/0","0/0","0/0","0/0","0/0","0/0","0/0","0/0","0/0","0/0","0/0","0/0","0/0","0/0","0/0","0/0","0/0","0/0","0/0","0/0","0/0","0/0","0/0","0/0","0/0","0/0","0/0","0/0","0/0","0/0","0/0","0/0","0/0","0/0","0/0","0/0","0/0","0/0","0/0","0/0","0/0","0/0","0/0","0/0","0/0","0/0","0/0","0/0","0/0","0/0","0/0","0/0","0/0","0/0"
"chr22:38131199_A/ACGATGT_TRIOBP","0/0","0/0","0/0","0/0","0/0","0/0","0/0","0/0","0/0","0/0","0/0","0/0","0/0","0/0","0/0","0/0","0/0","0/0","0/0","0/0","0/0","0/0","0/0","0/1","0/0","0/0","0/0","0/0","0/0","0/0","0/0","0/0","0/0","0/0","0/0","0/0","0/0","0/0","0/0","0/0","0/0","0/0","0/0","0/0","0/0","0/0","0/0","0/0","0/0","0/0","0/0","0/0","0/0","0/0","0/0","0/0","0/0","0/0","0/0","0/0","0/0","0/0","0/0","0/0","0/0","0/0","0/0","0/0","0/0","0/0","0/0","0/0","0/0","0/0","0/0","0/0","0/0","0/0","0/0","0/0","0/0","0/0","0/0","0/0","0/0","0/0","0/0","0/0","0/0","0/0","0/0","0/0","0/0","0/0","0/0","0/0","0/0","0/0","0/0","0/0","0/0","0/0","0/0","0/0","0/0","0/0","0/0","0/0","0/0","0/0","0/0","0/0","0/0","0/0","0/0","0/0","0/0","0/0","0/0","0/0","0/0","0/0","0/0","0/0","0/0","0/0","0/0","0/0","0/0","0/0","0/0","0/0","0/0","0/0","0/0","0/0","0/0","0/0","0/0","0/0","0/0","0/0","0/0","0/0","0/0","0/0","0/0","0/0","0/0","0/0","0/0","0/0","0/0"
"chr22:38142319_G/GGGC_TRIOBP","0/0","0/0","0/0",".","0/0","0/0","0/0","0/0","0/0","0/1","0/0","0/0","0/0","0/0","0/0","0/0","0/0","0/0","0/0","0/0","0/0","0/0","0/0","0/0","0/0","0/0","0/0","0/0","0/0","0/0","0/0","0/0","0/0","0/0","0/0","0/0","0/0","0/0","0/0","0/0","0/0","0/0","0/0","0/0",".","0/0","0/0","0/0","0/0","0/0","0/0","0/0","0/0",".","0/0","0/0",".","0/0","0/0","0/0","0/0","0/0","0/0","0/0","0/0","0/0","0/0","0/0","0/0","0/0","0/0","0/0","0/0","0/0","0/0","0/0","0/0","0/0","0/0","0/0","0/0","0/0","0/0","0/0","0/0","0/0","0/0","0/0","0/0","0/0","0/0","0/0","0/0","0/0","0/0","0/0","0/0","0/0","0/0","0/0",".","0/0","0/0","0/0","0/0","0/0","0/0","0/0","0/0","0/0","0/0","0/0","0/0","0/0","0/0","0/0","0/0",".","0/0","0/0","0/0",".","0/0","0/0","0/0","0/0","0/0",".","0/0","0/0","0/0","0/0",".","0/0","0/0","0/0",".",".","0/0","0/0",".",".","0/0","0/0","0/0","0/0","0/0","0/0",".","0/0","0/0","0/0","0/0"
"chr22:38482352_GTGCGGGAGCGGGACTGGCCATCCCAGTACTCCGAGGGTGCTA/G_BAIAP2L2","0/0","0/0","0/0","0/0","0/1","0/1","0/0","0/0","0/0","0/0","0/0","0/0","0/0","0/0","0/0","0/1","0/0","0/0","0/0","0/0","0/1","0/0","0/0","0/0","0/1","0/0","0/0","0/0","0/0","0/1","0/0","0/0","0/0","0/0","0/0","0/0","0/0","0/0","1/1","0/0","0/0","0/0","0/0","0/0","0/0","0/0","0/0","0/0","0/1","0/0","0/0","0/0","0/0","0/0","0/0","0/0","0/0","0/0","0/0","0/0","0/0","0/0","0/0","0/0","0/0","0/0","0/0","0/0","0/0","0/0","0/0","0/0","0/0","0/0","0/0","0/0","0/0","0/1","0/1","0/0","0/0","0/1","0/0","0/1","0/1","0/0","0/0","0/0","0/0","0/0","0/0","0/0","0/0","0/0","0/0","0/0","0/0","0/0","0/0","0/0","0/0","0/0","0/0","0/0","0/0","0/0","0/0","0/1","0/1","0/0","0/0","0/0","0/0","0/0","0/0","1/1","1/1","0/0","0/0","0/0","0/0","0/0","1/1","0/0","0/0","0/0","0/0","0/0","0/0","0/0","0/0","0/0","0/0","0/0","0/0","0/0","0/0","0/0","0/0","0/0","0/0","0/0","0/0","0/0","0/0","0/0","0/0","0/0","0/0","0/0","0/0","0/0","0/0"
"chr22:38483174_A/ACATGGAGGT_BAIAP2L2","0/1","0/1","0/1","0/0","0/0","0/0","0/0","0/0","0/0","0/0","0/0","0/1","0/0","0/0","0/0","0/0","0/0","0/0","0/0","0/0","0/0","0/0","0/0","0/0","0/0","0/0","0/0","0/1","0/0","0/0","0/0","0/0","0/0","0/0","0/0","0/0","0/0","0/0","0/0","0/0","0/0","0/0","0/0","0/0","0/0","0/0","0/0","0/0","0/0","0/0","1/1","0/0","0/0","0/0","0/1","0/0","0/0","0/0","0/0","0/0","0/0","0/0","0/0","0/0","0/0","0/0","0/0","0/0","0/0","0/0","0/0","0/0","0/0","0/0","0/0","0/0","0/0","0/0","0/0","0/0","0/0","0/0","1/1","0/0","0/0","0/0","0/0","0/0","0/0","0/0","0/0","0/0","0/0","0/0","0/0","0/0","0/0","0/0","0/1","0/1","0/0","0/1","0/0","0/0","0/0","0/0","0/0","0/0","0/0","0/1","0/0","0/0","0/0","0/0","0/0","0/0","0/0","0/0","0/0","0/0","0/0","0/0","0/0","0/0","0/0","0/0","0/0","0/0","0/0","0/0","0/0","0/0","0/0","0/0","0/0","0/0","0/0","0/0","0/0","0/0","0/0","0/0","0/0","0/0","0/0","0/0","0/0","0/0","0/0","0/0","0/0","0/0","0/0"
"chr22:39496322_TAAC/T_APOBEC3H","1/1","1/1","1/1","0/0","0/1","0/1","0/0","0/0","0/0","0/1","0/0","0/1","0/1","0/0","0/1","1/1","0/1","0/0","0/1","0/1","0/1","0/1","0/1","0/0","0/0","0/1","0/0","0/0","0/1","0/1","0/0","0/0","1/1","0/0","0/0","0/0","0/1","0/1","0/1","0/0","0/0","0/0","0/0","0/0","0/0","0/0","0/1","0/0","0/0","0/1","0/0","0/0","0/1","0/0","0/0","1/1","0/0","0/0","0/0","0/1","0/0","0/0","0/1","0/1","0/1","0/0","1/1","0/0","0/0","1/1","0/0","0/0","0/0","1/1","1/1","1/1","1/1","0/1","0/1","0/0","0/0","0/1","0/0","0/0","0/0","0/0","0/0","1/1","0/1","0/1","0/0","0/0","0/0","0/0","0/0","0/0","1/1","0/1","0/0","0/0","0/0","1/1","0/0","0/0","0/0","0/0","0/0","0/1","0/1","1/1","0/0","0/1","0/1","0/0","0/1","0/0","0/0","0/1","0/1","0/1","0/1","0/1","0/0","0/1","0/1","0/1","0/0","0/0","0/0","0/0","0/0","0/1","0/1","0/0","0/1","0/1","0/0","0/0","0/0","0/0","0/0","0/1","0/1","0/0","0/0","0/0","0/0","0/0","0/0","0/1","0/1","0/1","0/1"
"chr22:39777822_C/CCAA_SYNGR1","0/1","0/1","0/1","1/1","1/1","1/1","1/1","1/1","1/1","1/1","1/1","1/1","1/1","1/1","1/1","1/1","1/1","1/1","1/1","1/1","1/1","1/1","1/1","1/1","1/1","1/1","1/1","1/1","1/1","1/1","1/1","1/1","1/1","1/1","1/1","1/1","1/1","1/1","1/1","1/1","1/1","1/1","1/1","1/1","1/1","1/1","1/1","1/1","1/1","1/1","1/1","1/1","1/1","1/1","1/1","1/1","1/1","1/1","1/1","1/1","1/1","1/1","1/1","1/1","1/1","1/1","1/1","1/1","1/1","1/1","1/1","1/1","1/1","1/1","1/1","1/1","1/1","1/1","1/1","1/1","1/1","1/1","1/1","1/1","1/1","1/1","1/1","1/1","1/1","1/1","1/1","1/1","1/1","1/1","1/1","1/1","1/1","1/1","1/1","1/1","1/1","1/1","1/1","1/1","1/1","1/1","1/1","1/1","1/1","1/1","1/1","1/1","1/1","1/1","1/1","1/1","1/1","1/1","1/1","1/1","1/1","1/1","1/1","1/1","1/1","1/1","1/1","1/1","1/1","1/1","1/1","1/1","1/1","1/1","1/1","1/1","1/1","1/1","1/1","1/1","1/1","1/1","1/1","1/1","1/1","1/1","1/1","1/1","1/1","1/1","1/1","1/1","1/1"
"chr22:40697176_TGCA/T_TNRC6B","0/1","0/1","0/1","0/0","0/0","0/0","0/0","0/0","0/0","0/0","0/0","0/0","0/0","0/0","0/0","0/0","0/0","0/0","0/0","0/0","0/0","0/0","0/0","0/0","0/0","0/0","0/0","0/0","0/0","0/0","0/0","0/0","0/0","0/0","0/0","0/0","0/0","0/0","0/1","0/0","0/0","0/0","0/1","0/0","0/0","0/0","0/0","0/0","0/0","0/0","0/0","0/0","0/0","0/0","0/0","0/0","0/0","0/0","0/0","0/1","0/0","0/0","0/0","0/0","0/0","0/0","0/0","0/0","0/0","0/0","0/0","0/0","0/0","0/0","0/0","0/0","0/0","0/0","0/0","0/0","0/0","0/0","0/0","0/0","0/0","0/0","0/0","0/0","0/0","0/0","0/0","0/0","0/0","0/0","0/0","0/0","0/0","0/0","0/0","0/0","0/0","0/0","0/0","0/0","0/0","0/0","0/0","0/0","0/0","0/0","0/0","0/0","0/0","0/1","0/0","0/0","0/0","0/0","0/0","0/0","0/0","0/0","0/0","0/0","0/0","0/0","0/1","0/1","0/0","0/1","0/0","0/0","0/0","0/0","0/0","0/0","0/0","0/0","0/0","0/0","0/0","0/0","0/0","0/0","0/0","0/0","0/0","0/0","0/0","0/0","0/1","0/0","0/0"
"chr22:40801195_C/CA_SGSM3","0/0","0/0","0/0","0/0","0/0","0/0","0/0","0/0","0/0","0/0","0/0","0/0","0/0","0/0","0/0","0/0","0/0","0/0","0/0","0/0","0/0","0/0","0/0","0/0","0/0","0/0","0/0","0/0","0/0","0/0","0/0","0/0","0/0","0/0","0/0","0/0","0/0","0/0","0/0","0/0","0/0","0/0","0/0","0/0","0/0","0/0","0/0","0/0","0/0","0/0","0/0","0/0","0/0","0/0","0/0","0/0","0/0","0/0","0/0","0/0","0/0","0/0","0/0","0/0","0/0","0/0","0/0","0/0","0/0","0/0","0/0","0/0","0/0","0/0","0/0","0/0","0/0","0/0","0/0","0/0","0/0","0/0","0/0","0/0","0/0","0/0","0/0","0/0","0/0","0/0","0/0","0/0","0/0","0/0","0/0","0/0","0/0","0/0","0/0","0/0","0/0","0/0","0/1","0/0","0/0","0/0","0/0","0/0","0/0","0/0","0/0","0/0","0/0","0/0","0/0","0/0","0/0","0/0","0/0","0/0","0/0","0/0","0/0","0/0","0/0","0/0","0/0","0/0","0/0","0/0","0/0","0/0","0/0","0/0","0/0","0/0","0/0","0/0","0/0","0/0","0/0","0/0","0/0","0/0","0/0","0/0","0/0","0/0","0/0","0/0","0/0","0/0","0/0"
"chr22:40831524_TC/T_MKL1","0/0","0/0","0/0","0/0","0/0","0/0","0/0","0/0","0/0","0/0","0/0","0/0","0/0","0/0","0/0","0/0","0/0","0/0","0/0","0/0","0/0","0/0","0/0","0/0","0/0","0/0","0/0","0/0","0/0","0/0","0/0","0/0","0/0","0/0","0/0","0/0","0/0","0/0","0/0","0/0","0/0","0/0","0/0","0/0","0/0","0/0","0/0","0/0","0/0","0/0","0/0","0/0","0/0","0/0","0/0","0/0","0/0","0/0","0/0","0/0","0/0","0/0","0/0","0/0","0/0","0/0","0/0","0/0","0/0","0/0","0/0","0/0","0/0","0/0","0/0","0/0","0/0","0/0","0/0","0/0","0/0","0/0","0/0","0/0","0/0","0/0","0/0","0/0","0/0","0/0","0/0","0/0","0/0","0/0","0/0","0/0","0/0","0/0","0/0","0/0","0/0","0/0","0/0","0/0","0/0","0/0","0/0","0/0","0/0","0/0","0/0","0/0","0/0","0/0","0/0","0/0","0/0","0/0","0/0","0/0","0/0","0/0","0/0","0/0","0/0","0/0","0/1","0/1","0/0","0/0","0/0","0/0","0/0","0/0","0/0","0/0","0/0","0/0","0/0","0/0","0/0","0/0","0/0","0/0","0/0","0/0","0/0","0/0","0/0","0/0","0/0","0/0","0/0"
"chr22:41257332_GA/G_DNAJB7","0/0","0/0","0/0","0/0","0/0","0/0","0/0","0/0","0/0","0/0","0/0","0/0","0/0","0/0","0/0","0/0","0/0","0/0","0/0","0/0","0/0","0/0","0/0","0/0","0/0","0/0","0/0","0/0","0/0","0/0","0/0","0/0","0/0","0/0","0/0","0/0","0/1","0/0","0/0","0/0","0/0","0/0","0/0","0/0","0/0","0/0","0/0","0/0","0/0","0/0","0/0","0/0","0/0","0/0","0/0","0/0","0/0","0/0","0/0","0/0","0/0","0/0","0/0","0/0","0/0","0/0","0/0","0/0","0/0","0/0","0/0","0/0","0/0","0/0","0/0","0/0","0/0","0/0","0/0","0/0","0/0","0/0","0/0","0/0","0/0","0/0","0/0","0/0","0/0","0/0","0/0","0/0","0/0","0/0","0/0","0/0","0/0","0/2","0/0","0/0","0/0","0/0","0/0","0/0","0/0","0/0","0/0","0/0","0/0","0/0","0/0","0/0","0/0","0/0","0/0","0/0","0/0","0/0","0/0","0/0","0/0","0/0","0/0","0/0","0/0","0/0","0/0","0/0","0/0","0/0","0/0","0/0","0/0","0/0","0/0","0/0","0/0","0/0","0/0","0/0","0/0","0/0","0/0","0/0","0/0","0/0","0/0","0/0","0/0","0/0","0/0","0/0","0/0"
"chr22:41257853_ACTT/A_DNAJB7","0/0","0/0","0/0","0/0","0/0","0/0","0/0","0/0","0/0","0/0","0/0","0/0","0/0","0/0","0/0","0/0","0/0","0/0","0/0","0/0","0/0","0/0","0/0","0/0","0/0","0/0","0/0","0/0","0/0","0/0","0/0","0/0","0/0","0/0","0/1","0/0","0/0","0/0","0/0","0/0","0/0","0/0","0/0","0/0","0/0","0/0","0/0","0/0","0/0","0/0","0/0","0/0","0/0","0/0","0/0","0/0","0/0","0/0","0/0","0/0","0/0","0/0","0/0","0/0","0/0","0/0","0/0","0/0","0/0","0/0","0/0","0/0","0/0","0/0","0/0","0/0","0/0","0/0","0/0","0/0","0/0","0/0","0/0","0/0","0/0","0/0","0/0","0/0","0/1","0/1","0/0","0/0","0/0","0/0","0/0","0/0","0/0","0/0","0/0","0/0","0/0","0/0","0/0","0/0","0/0","0/0","0/0","0/0","0/0","0/0","0/0","0/0","0/0","0/0","0/0","0/0","0/0","0/0","0/0","0/0","0/0","0/0","0/0","0/0","0/0","0/0","0/0","0/0","0/0","0/0","0/0","0/0","0/0","0/0","0/0","0/0","0/0","0/0","0/0","0/0","0/0","0/0","0/0","0/0","0/0","0/0","0/0","0/0","0/0","0/0","0/0","0/0","0/0"
"chr22:41650387_TTCC/T_RANGAP1","0/0","0/0","0/0","0/0","0/0","0/0","0/0","0/0","0/0","0/0","0/0","0/1","0/0","0/0","0/0","0/0","0/0","0/0","0/0","0/0","0/0","0/0","0/0","0/0","0/0","0/0","0/0","0/0","0/0","0/0","0/0","0/0","0/0","0/0","0/0","0/0","0/0","0/0","0/0","0/0","0/0","0/0","0/0","0/0","0/0","0/0","0/0","0/0","0/0","0/0","0/0","0/0","0/0","0/0","0/0","0/0","0/0","0/0","0/0","0/0","0/0","0/0","0/0","0/0","0/0","0/0","0/0","0/0","0/0","0/0","0/0","0/0","0/0","0/0","0/0","0/0","0/0","0/0","0/0","0/0","0/0","0/0","0/0","0/0","0/0","0/0","0/0","0/0","0/0","0/0","0/0","0/0","0/0","0/0","0/0","0/0","0/0","0/0","0/0","0/0","0/0","0/0","0/0","0/0","0/0","0/0","0/0","0/0","0/0","0/0","0/0","0/0","0/0","0/0","0/0","0/0","0/0","0/0","0/0","0/0","0/0","0/0","0/0","0/0","0/0","0/0","0/0","0/0","0/0","0/0","0/0","0/0","0/0","0/0","0/0","0/0","0/0","0/0","0/0","0/0","0/0","0/0","0/0","0/0","0/0","0/0","0/0","0/0","0/0","0/0","0/0","0/0","0/0"
"chr22:41650468_TTCCTCC/T_RANGAP1","0/0","0/0","0/0","0/0","0/0","0/0","0/0","0/0","0/0","0/0","0/0","0/1","0/0","0/0","0/0","0/0","0/0","0/0","0/0","0/0","0/0","0/0","0/0","0/0","0/0","0/0","0/0","0/0","0/0","0/0","0/0","0/0","0/0","0/0","0/0","0/0","0/0","0/0","0/0","0/0","0/0","0/0","0/0","0/0","0/0","0/0","0/0","0/0","0/0","0/0","0/0","0/0","0/0","0/0","0/0","0/0","0/0","0/0","0/0","0/0","0/0","0/0","0/0","0/0","0/0","0/0","0/0","0/0","0/0","0/0","0/0","0/0","0/0","0/0","0/0","0/0","0/0","0/0","0/0","0/0","0/0","0/0","0/0","0/0","0/0","0/0","0/0","0/0","0/0","0/0","0/0","0/0","0/0","0/0","0/0","0/0","0/0","0/0","0/0","0/0","0/0","0/0","0/0","0/0","0/0","0/0","0/0","0/0","0/0","0/0","0/0","0/0","0/0","0/0","0/0","0/0","0/0","0/0","0/0","0/0","0/0","0/0","0/0","0/0","0/0","0/0","0/0","0/0","0/0","0/0","0/0","0/0","0/0","0/0","0/0","0/0","0/0","0/0","0/0","0/0","0/0","0/0","0/0","0/0","0/0","0/0","0/0","0/0","0/0","0/0","0/0","0/0","0/0"
"chr22:42114096_TGA/T_MEI1","0/0","0/0","0/0","0/0","0/0","0/0","0/0","0/0","0/0","0/0","0/0","0/0","0/0","0/0","0/0","0/0","0/0","0/0","0/0","0/0","0/0","0/0","0/0","0/0","0/0","0/0","0/0","0/0","0/0","0/0","0/0","0/0","0/0","0/0","0/0","0/0","0/0","0/0","0/0","0/0","0/0","0/0","0/0","0/0","0/0","0/0","0/0","0/0","0/0","0/0","0/0","0/0","0/0","0/0","0/0","0/0","0/0","0/0","0/0","0/0","0/0","0/0","0/0","0/0","0/0","0/0","0/0","0/0","0/0","0/0","0/0","0/0","0/0","0/0","0/0","0/0","0/0","0/0","0/0","0/0","0/0","0/0","0/0","0/0","0/0","0/0","0/0","0/0","0/0","0/0","0/0","0/1","0/0","0/0","0/0","0/0","0/0","0/0","0/0","0/0","0/0","0/0","0/0","0/0","0/0","0/0","0/0","0/0","0/0","0/0","0/0","0/0","0/0","0/0","0/0","0/0","0/0","0/0","0/0","0/0","0/0","0/0","0/0","0/0","0/0","0/0","0/0","0/0","0/0","0/0","0/0","0/0","0/0","0/0","0/0","0/0","0/0","0/0","0/0","0/0","0/0","0/0","0/0","0/0","0/0","0/0","0/0","0/0","0/0","0/0","0/0","0/0","0/0"
"chr22:42177763_GC/G_MEI1","0/0","0/0","0/0","0/0","0/0","0/0","0/0","0/0","0/0","0/0","0/0","0/0","0/0","0/0","0/0","0/0","0/0","0/0","0/0","0/0","0/0","0/0","0/0","0/0","0/0","0/0","0/0","0/0","0/0","0/0","0/0","0/0","0/0","0/0","0/0","0/0","0/0","0/0","0/0","0/0","0/0","0/0","0/0","0/0","0/0","0/0","0/0","0/0","0/0","0/0","0/0","0/0","0/0","0/0","0/0","0/0","0/0","0/0","0/0","0/0","0/0","0/0","0/0","0/0","0/0","0/0","0/0","0/0","0/0","0/0","0/0","0/0","0/0","0/0","0/0","0/0","0/0","0/0","0/0","0/0","0/0","0/1","0/0","0/0","0/0","0/0","0/0","0/0","0/0","0/0","0/0","0/0","0/0","0/0","0/0","0/0","0/0","0/0","0/0","0/0","0/0","0/0","0/0","0/0","0/0","0/0","0/0","0/0","0/0","0/0","0/0","0/0","0/0","0/0","0/0","0/0","0/0","0/0","0/0","0/0","0/0","0/0","0/0","0/0","0/0","0/0","0/0","0/0","0/0","0/0","0/0","0/0","0/0","0/0","0/0","0/0","0/0","0/0","0/0","0/0","0/0","0/0","0/0","0/0","0/0","0/0","0/0","0/0","0/0","0/0","0/0","0/0","0/0"
"chr22:42273296_CTG/C_SREBF2","0/0","0/0","0/0","0/0","0/0","0/0","0/0","0/0","0/0","0/1","0/0","0/0","0/0","0/0","0/0","0/0","0/0","0/0","0/0","0/0","0/0","0/0","0/0","0/0","0/0","0/0","0/0","0/0","0/0","0/0","0/0","0/0","0/0","0/0","0/0","0/0","0/0","0/0","0/0","0/0","0/0","0/0","0/0","0/0","0/0","0/0","0/0","0/0","0/0","0/0","0/0","0/0","0/0","0/0","0/0","0/0","0/0","0/0","0/0","0/0","0/0","0/0","0/0","0/0","0/0","0/0","0/0","0/0","0/0","0/0","0/0","0/0","0/0","0/0","0/0","0/0","0/0","0/0","0/0","0/0","0/0","0/0","0/0","0/0","0/0","0/0","0/0","0/0","0/0","0/0","0/0","0/0","0/0","0/0","0/0","0/0","0/0","0/0","0/0","0/0","0/0","0/0","0/0","0/0","0/0","0/0","0/0","0/0","0/0","0/0","0/0","0/0","0/0","0/0","0/0","0/0","0/0","0/0","0/0","0/0","0/0","0/0","0/0","0/0","0/0","0/0","0/0","0/0","0/0","0/0","0/0","0/0","0/0","0/0","0/0","0/0","0/0","0/0","0/0","0/0","0/0","0/0","0/0","0/0","0/0","0/0","0/0","0/0","0/0","0/0","0/0","0/0","0/0"
"chr22:43525244_CGCT/C_BIK","0/0","0/0","0/0","0/0","0/0","0/0","0/0","0/0","0/0","0/0","0/0","0/0","0/0","0/0","0/0","0/0","0/0","0/0","0/0","0/0","0/1","0/0","0/0","0/0","0/0","0/0","0/0","0/0","0/0","0/0","0/0","0/0","0/0","0/0","0/0","0/0","0/0","0/0","0/0","0/0","0/0","0/0","0/0","0/0","0/0","0/0","0/0","0/0","0/0","0/0","0/0","0/0","0/0","0/0","0/0","0/0","0/0","0/0","0/0","0/0","0/0","0/0","0/0","0/0","0/0","0/0","0/0","0/0","0/0","0/0","0/0","0/0","0/0","0/0","0/0","0/0","0/0","0/0","0/0","0/0","0/0","0/0","0/0","0/0","0/0","0/0","0/0","0/0","0/0","0/0","0/0","0/0","0/0","0/0","0/0","0/0","0/0","0/0","0/0","0/0","0/0","0/0","0/0","0/0","0/0","0/0","0/0","0/0","0/0","0/0","0/0","0/0","0/0","0/0","0/0","0/0","0/0","0/0","0/0","0/0","0/0","0/0","0/0","0/0","0/0","0/0","0/0","0/0","0/0","0/0","0/0","0/0","0/0","0/0","0/0","0/0","0/0","0/0","0/0","0/0","0/0","0/0","0/0","0/0","0/0","0/0","0/0","0/0","0/0","0/0","0/0","0/0","0/0"
"chr22:44420263_TGAA/T_PARVB","0/0","0/0","0/0","0/0","0/1",".","0/0","0/0","0/0","0/0","0/0","0/0","0/0","0/0","0/0","0/0","0/0","0/0","0/0","0/0","0/0","0/0","0/0","0/0","0/0","0/0","0/0","0/0","0/0","0/0","0/0","0/0","0/0","0/0","0/0","0/0","0/0","0/0","0/0","0/0","0/0","0/0","0/0","0/0","0/0","0/0","0/0","0/0","0/0","0/0","0/0","0/0","0/0","0/0","0/0","0/0","0/0","0/0","0/0","0/0","0/0","0/0","0/0","0/0","0/0","0/0","0/0","0/0","0/0","0/0","0/0","0/0","0/0","0/0","0/0","0/0","0/0","0/0","0/0","0/0","0/0","0/0","0/0","0/0","0/0","0/0","0/0","0/0","0/0","0/0","0/0","0/0","0/0","0/0","0/0","0/0","0/0","0/0","0/0","0/0","0/0","0/0","0/0","0/0","0/0","0/0","0/0","0/0","0/0","0/0","0/0","0/0","0/0","0/0","0/0","0/0","0/0","0/0","0/0","0/0","0/0","0/0","0/0","0/0","0/0","0/0","0/0","0/0","0/0","0/0","0/0","0/0","0/0","0/0","0/0","0/0","0/0","0/0","0/0","0/0","0/0","0/0","0/0","0/1","0/1","0/1","0/0","0/0","0/0","0/0","0/0","0/0","0/0"
"chr22:45574196_CCCT/C_NUP50","0/0","0/0","0/0","0/0","0/0","0/0","0/0","0/0","0/0","0/0","0/0","0/0","0/0","0/0","0/0","0/0","0/0","0/0","0/0","0/0","0/0","0/0","0/0","0/0","0/0","0/0","0/0","0/0","0/0","0/0","0/1","0/0","0/0","0/0","0/0","0/0","0/0","0/0","0/0","0/0","0/0","0/0","0/0","0/0","0/0","0/0","0/0","0/0","0/0","0/0","0/0","0/0","0/0","0/0","0/0","0/0","0/0","0/0","0/0","0/0","0/0","0/0","0/0","0/0","0/0","0/0","0/0","0/0","0/0","0/0","0/0","0/0","0/0","0/0","0/0","0/0","0/0","0/0","0/0","0/0","0/0","0/0","0/0","0/0","0/0","0/0","0/0","0/0","0/0","0/0","0/0","0/0","0/0","0/0","0/0","0/0","0/0","0/0","0/0","0/0","0/0","0/0","0/0","0/0","0/0","0/0","0/0","0/0","0/0","0/0","0/0","0/0","0/0","0/0","0/0","0/0","0/0","0/0","0/0","0/0","0/0","0/0","0/0","0/0","0/0","0/0","0/0","0/0","0/0","0/0","0/0","0/0","0/0","0/0","0/0","0/0","0/0","0/0","0/0","0/0","0/0","0/0","0/0","0/0","0/0","0/0","0/0","0/0","0/0","0/0","0/0","0/0","0/0"
"chr22:45810278_A/AC_RIBC2","1/1","1/1","1/1","1/1","1/1","1/1","1/1","1/1","1/1","1/1","1/1","1/1","1/1","1/1","1/1","1/1","1/1","1/1","1/1","1/1","1/1","1/1","1/1","1/1","1/1","1/1","1/1","1/1","1/1","1/1","1/1","1/1","1/1","1/1","1/1","1/1","1/1","1/1","1/1","1/1","1/1","1/1","1/1","1/1","1/1","1/1","1/1","1/1","1/1","1/1","1/1","1/1","1/1","1/1","1/1","1/1","1/1","1/1","1/1","1/1","1/1","1/1","1/1","1/1","1/1","1/1","1/1","1/1","1/1","1/1","1/1","1/1","1/1","1/1","1/1","1/1","1/1","1/1","1/1","1/1","1/1","1/1","1/1","1/1","1/1","1/1","1/1","1/1","1/1","1/1","1/1","1/1","1/1","1/1","1/1","1/1","1/1","1/1","1/1","1/1","1/1","1/1","1/1","1/1","1/1","1/1","1/1","1/1","1/1","1/1","1/1","1/1","1/1","1/1","1/1","1/1","1/1","1/1","1/1","1/1","1/1","1/1","1/1","1/1","1/1","1/1","1/1","1/1","1/1","1/1","1/1","1/1","1/1","1/1","1/1","1/1","1/1","1/1","1/1","1/1","1/1","1/1","1/1","1/1","1/1","1/1","1/1","1/1","1/1","1/1","1/1","1/1","1/1"
"chr22:46658882_ACGAGCG/A_PKDREJ","0/0","0/0","0/0","0/0","0/0","0/0","0/0","0/0","0/0","0/0","0/0","0/0","0/0","0/0","0/0","0/0","0/0","0/0","0/0","0/0","0/0","0/0","0/0","0/0","0/0","0/0","0/0","0/0","0/0","0/0","0/0","0/0","0/0","0/0","0/0","0/0","0/0","0/0","0/0","0/0","0/0","0/0","0/0","0/0","0/0","0/0","0/0","0/0","0/0","0/0","0/0","0/0","0/0","0/0","0/0","0/0","0/0","0/0","0/0","0/0","0/0","0/0","0/0","0/0","0/0","0/0","0/0","0/0","0/0","0/0","0/0","0/1","0/0","0/0","0/0","0/0","0/0","0/0","0/0","0/0","0/0","0/0","0/0","0/0",".","0/0","0/0","0/0","0/0","0/0","0/0","0/0","0/0","0/0","0/0","0/0","0/0","0/0","0/0","0/0","0/0","0/0","0/0","0/0","0/0","0/0","0/0","0/0","0/0","0/0","0/0","0/0","0/0","0/0","0/0","0/0","0/0","0/0","0/0","0/0","0/0","0/0","0/0","0/0","0/0","0/0","0/0","0/0","0/0","0/0","0/0","0/0","0/0","0/0","0/0","0/0","0/0","0/0","0/0","0/0","0/0","0/0","0/0","0/0","0/0","0/0","0/0","0/0","0/0","0/0","0/0","0/0","0/0"
"chr22:46760470_CG/C_CELSR1","0/0","0/0","0/0","0/0","0/0","0/0","0/0","0/0","0/0","0/0","0/0","0/0","0/0","0/0","0/0","0/0","0/0","0/0","0/0","0/0","0/0","0/0","0/0","0/0","0/0","0/0","0/0","0/0","0/0","0/0","0/0","0/0","0/0","0/0","0/0","0/0","0/1","0/0","0/0","0/0","0/0","0/0","0/0","0/0","0/0","0/0","0/0","0/0","0/0","0/0","0/0","0/0","0/0","0/0","0/0","0/0","0/0","0/0","0/0","0/0","0/0","0/0","0/0","0/0","0/0","0/0","0/0","0/0","0/0","0/0","0/0","0/0","0/0","0/0","0/0","0/0","0/0","0/0","0/0","0/0","0/0","0/0","0/0","0/0","0/0","0/0","0/0","0/0","0/0","0/0","0/0","0/0","0/0","0/0","0/0","0/0","0/0","0/0","0/0","0/0","0/0","0/0","0/0","0/0","0/0","0/0","0/0","0/0","0/0","0/0","0/0","0/0","0/0","0/0","0/0","0/0","0/0","0/0","0/0","0/0","0/0","0/0","0/0","0/0","0/0","0/0","0/0","0/0","0/0","0/0","0/0","0/0","0/0","0/0","0/0","0/0","0/0","0/0","0/0","0/0","0/0","0/0","0/0","0/0","0/0","0/0","0/0","0/0","0/0","0/0","0/0","0/0","0/0"
"chr22:50315936_CCTCAGCAGTCAGGACCGGCCTCTCCGATTCTTACCCG/C_CRELD2","0/0","0/0","0/0","0/0","0/0","0/0","0/0","0/0","0/0","0/0","0/0","0/0","0/0","0/0","0/0","0/0","0/0","0/2","0/0","0/0","0/0","0/0","0/0","0/1","0/0","0/0","0/0","0/0","0/0","0/0","0/0","0/0","0/0","0/0","0/0","0/0","0/0","0/1","0/0","0/0","0/0","0/0","0/1","0/0","0/0","0/0","0/2","0/0","0/0","0/0","0/0","0/0","0/0","0/0","0/0","0/0","0/0","0/0","0/0","0/0","0/0","0/1","0/0","0/0","0/0","0/0","0/0","0/0","0/0","0/0","0/0","0/0","0/0","0/1","0/1","0/0","0/0","0/0","0/0","0/0","0/0","0/0","0/0","0/0","0/0","0/0","0/0","0/0","0/0","0/0","0/0","0/0","0/0","0/0","0/0","0/0","0/0","0/0","0/0","0/0","0/0","0/2","0/0","0/0","0/0","0/0","0/0","0/0","0/0","0/2","0/0","0/0","0/0","0/0","0/0","0/0","0/0","0/0","0/0","0/0","0/0","0/0","0/0","0/0","0/0","0/0","0/0","0/0","0/0","0/0","0/0","0/2","0/2","0/0","0/2","0/2","0/0","0/0","0/0","0/0","0/0","0/2","0/2","0/0","0/0","0/0","0/0","0/0","0/0","0/2","0/2","0/2","0/2"
"chr22:50502592_TAGC/T_MLC1","0/0","0/0","0/0","0/0","0/0","0/0","0/0","0/0","0/0","0/0","0/0","0/0","0/0","0/0","0/0","0/0","0/0","0/0","0/0","0/0","0/0","0/0","0/0","0/0","0/0","0/0","0/0","0/0","0/0","0/0","0/0","0/0","0/0","0/0","0/0","0/0","0/0","0/0","0/0","0/0","0/0","0/0","0/0","0/0","0/0","0/0","0/0","0/0","0/0","0/0","0/0","0/0","0/0","0/0","0/0","0/0","0/0","0/0","0/0","0/0","0/0","0/0","0/0","0/0","0/0","0/0","0/0","0/0","0/0","0/0","0/0","0/0","0/0","0/0","0/0","0/0","0/0","0/1","0/0","0/0","0/0","0/0","0/0","0/0","0/0","0/0","0/0","0/0","0/0","0/0","0/0","0/0","0/0","0/0","0/0","0/0","0/0","0/0","0/0","0/0","0/0","0/0","0/0","0/0","0/0","0/0","0/0","0/0","0/0","0/0","0/0","0/0","0/0","0/0","0/0","0/0","0/0","0/0","0/0","0/0","0/0","0/0","0/0","0/0","0/0","0/0","0/0","0/0","0/0","0/0","0/0","0/0","0/0","0/0","0/0","0/0","0/0","0/0","0/0","0/0","0/0","0/0","0/0","0/0","0/0","0/0","0/0","0/0","0/0","0/0","0/0","0/0","0/0"
"chr22:50682751_GAA/G_TUBGCP6","0/0","0/0","0/0","0/0","0/0","0/0","0/0","0/0","0/0","0/0","0/0","0/0","0/0","0/0","0/0","0/0","0/0","0/0","0/0","0/0","0/0","0/0","0/0","0/0","0/0","0/0","0/0","0/0","0/0","0/0","0/0","0/0","0/0","0/0","0/0","0/0","0/1","0/0","0/0","0/0","0/0","0/0","0/0","0/0","0/0","0/0","0/0","0/0","0/0","0/0","0/0","0/0","0/0","0/0","0/0","0/0","0/0","0/0","0/0","0/0","0/0","0/0","0/0","0/0","0/0","0/0","0/0","0/0","0/0","0/0","0/0","0/0","0/0","0/0","0/0","0/0","0/0","0/0","0/0","0/0","0/0","0/0","0/0","0/0","0/0","0/0","0/0","0/0","0/0","0/0","0/0","0/0","0/0","0/0","0/0","0/0","0/0","0/0","0/0","0/0","0/0","0/0","0/0","0/0","0/0","0/0","0/0","0/0","0/0","0/0","0/0","0/0","0/0","0/0","0/0","0/0","0/0","0/0","0/0","0/0","0/0","0/0","0/0","0/0","0/0","0/0","0/0","0/0","0/0","0/0","0/0","0/0","0/0","0/0","0/0","0/0","0/0","0/0","0/0","0/0","0/0","0/0","0/0","0/0","0/0","0/0","0/0","0/0","0/0","0/0","0/0","0/0","0/0"
"chr22:50921148_AACACTCGGGCCCCCGAAG/A_ADM2","1/1","1/1","1/1","0/0","0/0","0/0","0/1","0/1","0/1","0/0","0/0","0/0","0/0","0/1","0/1","0/0","0/0","0/1","0/1","1/1","0/0","1/1","0/0","0/0","0/0","0/1","0/0","0/0","0/1","0/1","0/0","0/0","0/1","0/0","0/1","0/0","0/1","0/0","0/1","0/1","0/1","0/1","0/1","0/1","0/0","0/0","1/1","0/0","0/0","0/0","0/0","0/1","0/0","0/0","0/0","0/1","0/0","0/0","0/0","0/0","1/1","0/0","0/0","0/0","0/0","0/0","0/0","0/0","0/0","0/0","0/0","0/1","0/1","0/1","0/1","0/0","0/0","0/0","0/0","0/0","0/0","0/0","0/0","0/1","0/1","0/1","0/1","0/0","0/0","0/0","0/1","0/0","0/0","0/1","0/1","0/1","0/0","0/1","0/0","0/0","0/0","1/1","0/0","0/1","0/1","0/0","0/0","0/1","0/1","1/1","0/0","0/0","0/0","0/0","0/1","0/0","0/0","0/1","0/0","0/1","0/0","0/0","0/0","0/1","0/1","0/1","0/0","0/0","0/1","0/1","0/1","0/0","0/0","0/0","0/0","0/0","0/0","0/0","0/0","0/0","0/0","0/0","0/0","0/0","0/0","0/0","0/0","0/0","0/0","0/0","0/0","0/0","0/0"
"chr22:51042513_C/CG_MAPK8IP2","1/1","1/1","1/1","1/1","1/1","1/1","1/1","1/1","1/1","1/1","1/1","1/1","1/1","1/1","1/1","1/1","1/1","1/1","1/1","1/1","1/1","1/1","1/1","1/1","1/1","1/1","1/1","1/1","1/1","1/1","1/1","1/1","1/1","1/1","1/1","1/1","1/1","1/1","1/1","1/1","1/1","1/1","1/1","1/1","1/1","1/1","1/1","1/1","1/1","1/1","1/1","1/1","1/1","1/1","1/1","1/1","1/1","1/1","1/1","1/1","1/1","1/1","1/1","1/1","1/1","1/1","1/1","1/1","1/1","1/1","1/1","1/1","1/1","1/1","1/1","1/1","1/1","1/1","1/1","1/1","1/1","1/1","1/1","1/1","1/1","1/1","1/1","1/1","1/1","1/1","1/1","1/1","1/1","1/1","1/1","1/1","1/1","1/1","1/1","1/1","1/1","1/1","1/1","1/1","1/1","1/1","1/1","1/1","1/1","1/1","1/1","1/1","1/1","1/1","1/1","1/1","1/1","1/1","1/1","1/1","1/1","1/1","1/1","1/1","1/1","1/1","1/1","1/1","1/1","1/1","1/1","1/1","1/1","1/1","1/1","1/1","1/1","1/1","1/1","1/1","1/1","1/1","1/1","1/1","1/1","1/1","1/1","1/1","1/1","1/1","1/1","1/1","1/1"
"chr22:51183451_TACCCCC/T_ACR","0/0","0/0","0/0","0/0","0/0","0/0","0/0","0/0","0/0","0/0","0/0","0/0","0/0","0/1","0/0","0/0","0/0","0/0","0/0","0/0","0/0","0/0","0/0","0/0","0/0","0/0","0/0","0/0","0/0","0/0","0/0","0/0","0/0","0/0","0/1","0/0","0/0","0/0","0/0","0/0","0/0","0/0","0/0","0/0","0/0","0/0","0/0","0/0","0/0","0/0","0/0","0/0","0/0","0/0","0/0","0/0","0/0","0/0","0/0","0/0","0/0","0/0","0/0","0/0","0/0","0/0","0/0","0/0","0/0","0/0","0/0","0/0","0/0","0/0","0/0","0/0","0/0","0/0","0/0","0/0","0/0","0/0","0/0","0/0","0/0","0/0","0/0","0/0","0/0","0/0","0/0","0/0","0/0","0/0","0/0","0/0","0/0","0/0","0/0","0/0","0/1","0/0","0/1","0/0","0/0","0/0","0/0","0/0","0/0","0/0","0/0","0/0","0/0","0/0","0/0","0/0","0/0","0/0","0/0","0/0","0/0","0/0","0/0","0/0","0/0","0/0","0/0","0/0","0/0","0/0","0/0","0/0","0/0","0/0","0/0","0/0","0/0","0/0","0/0","0/0","0/0","0/0","0/0","0/0","0/0","0/0","0/0","0/0","0/0","0/0","0/0","0/0","0/0"
"chrX:2835998_CCCACGCCGG/C_ARSD","0/0","0/0","0/0","0/1","0/1","0/1","0/1","0/1","0/0","0/1","0/1","0/1","0/1","0/1","0/1","0/0","0/0","0/1","0/1","0/1","0/0","0/1","0/1","0/1","0/1","0/1","0/1","0/1","0/0","0/1","0/1","0/1","0/1","0/1","0/1","0/1","0/0","0/1","0/1","0/1","0/0","0/1","0/1","0/1","0/1","0/1","0/0","0/1","0/1","0/0","0/1","0/0","0/1","0/1","0/1","0/0","0/0","0/1","0/1","0/1","0/1","0/1","0/1","0/1","0/1","0/1","0/1","0/0","0/0","0/1","0/1","0/1","0/1","0/1","0/1","0/1","0/1","0/1","0/1","0/1","0/1","0/0","0/1","0/1","0/1","0/1","0/1","0/1","0/1","0/1","0/1","0/1","0/1","0/1","0/1","0/1","0/1","0/0","0/0","0/0","0/1","0/1","0/1","0/1","0/1","0/1","0/1","0/1","0/1","0/1","0/1","0/1","0/1","0/1","0/1","0/1","0/1","0/1","0/0","0/1","0/0","0/0","0/1","0/1","0/1","0/1","0/1","0/1","0/1","0/1","0/1","0/1","0/1","0/1","0/1","0/1","0/1","0/1","0/1","0/1","0/1","0/1","0/1","0/1","0/1","0/1","0/1","0/1","0/1","0/1","0/1","0/1","0/1"
"chrX:2836035_CAG/C_ARSD","0/0","0/0","0/0","0/0","0/0","0/0","0/0","0/0","0/0","0/0","0/0","0/0","0/0","0/0","0/0","0/0","0/0","0/0","0/0","0/0","0/0","0/0","0/0","0/0","0/0","0/0","0/0","0/0","0/0","0/0","0/0","0/0","0/0","0/0","0/0","0/0","0/0","0/0","0/0","0/0","0/0","0/0","0/0","0/0","0/0","0/0","0/0","0/0","0/0","0/0","0/0","0/0","0/0","0/0","0/0","0/0","0/0","0/0","0/0","0/0","0/0","0/0","0/0","0/0","0/0","0/0","0/1","0/0","0/0","0/1","0/0","0/0","0/0","0/0","0/0","0/0","0/0","0/0","0/0","0/0","0/0","0/0","0/0","0/0","0/0","0/0","0/0","0/0","0/0","0/0","0/0","0/0","0/0","0/0","0/0","0/0","0/0","0/0","0/0","0/0","0/0","0/0","0/0","0/0","0/0","0/0","0/0","0/0","0/0","0/0","0/0","0/0","0/0","0/0","0/0","0/0","0/0","0/0","0/0","0/0","0/0","0/0","0/0","0/0","0/0","0/0","0/0","0/0","0/0","0/0","0/0","0/0","0/0","0/0","0/0","0/0","0/0","0/0","0/0","0/0","0/0","0/0","0/0","0/0","0/0","0/0","0/0","0/0","0/0","0/0","0/0","0/0","0/0"
"chrX:2878445_GTCTC/G_ARSE","0/0","0/0","0/0","0/0","0/0","0/0","0/0","0/0","0/0","0/0","0/0","0/0","0/0","0/0","0/0","0/0","0/0","0/0","0/0","0/0","0/0","0/0","0/0","0/0","0/0","0/0","0/0","0/0","0/0","0/0","0/0","0/0","0/0","0/0","0/0","0/0","0/0","0/0","0/0","0/0","0/0","0/0","0/0","0/0","0/0","0/0","0/0","0/0","0/0","0/0","0/0","0/0","0/0","0/0","0/0","0/0","0/0","0/0","1/1","0/0","0/0","0/0","0/0","0/0","0/0","0/0","0/0","0/0","0/0","0/0","0/0","0/0","0/0","0/0","0/0","0/0","0/0","0/0","0/0","0/0","0/0","0/0","0/0","0/0","0/0","0/0","0/0","0/0","0/0","0/0","0/0","0/0","0/0","0/0","0/0","0/0","0/0","0/0","0/0","0/0","0/0","0/0","0/0","0/0","0/0","0/0","0/0","0/0","0/0","0/0","0/0","0/0","0/0","0/0","0/0","0/0","0/0","0/0","0/0","0/0","0/0","0/0","0/0","0/0","0/0","0/0","0/0","0/0","0/0","0/0","0/0","0/0","0/0","0/0","0/0","0/0","0/0","0/0","0/0","0/0","0/0","0/0","0/0","0/0","0/0","0/0","0/0","0/0","0/0","0/0","0/0","0/0","0/0"
"chrX:8763306_TCTG/T_FAM9A","0/0","0/0","0/0","0/0","0/0","0/0","0/0","0/0","0/0","0/0","0/0","0/0","0/0","0/0","0/0","0/1","0/0","0/0","0/0","0/0","0/0","0/0","0/0","0/0","0/0","0/0","0/0","0/0","0/0","0/0","0/0","0/0","0/0","0/0","0/0","0/0","0/0","0/0","0/0","0/0","0/0","0/0","0/0","0/0","0/0","0/0","0/0","0/0","0/0","0/0","0/0","0/0","0/0","0/0","0/0","0/0","0/0","0/0","0/0","0/0","0/0","0/0","0/0","0/0","0/0","0/0","0/0","0/0","0/0","0/0","0/0","0/0","0/0","0/0","0/0","0/0","0/0","0/0","0/0","0/0","0/0","0/0","0/0","0/0","0/0","0/0","0/0","0/0","0/0","0/0","0/0","0/0","0/0","0/0","0/0","0/0","0/0","0/0","0/0","0/0","0/0","0/0","0/0","0/0","0/0","0/0","0/0","0/0","0/0","0/0","0/0","0/0","0/0","0/0","0/0","0/0","0/0","0/0","0/0","0/0","0/0","0/0","0/0","0/0","0/0","0/0","0/0","0/0","0/0","0/0","0/0","0/0","0/0","0/0","0/0","0/0","0/0","0/0","0/0","0/0","0/0","0/0","0/0","0/0","0/0","0/0","0/0","0/0","0/1","0/0","0/0","0/0","0/0"
"chrX:8997369_CTCT/C_FAM9B","0/0","0/0","0/0","0/0","0/0","0/0","0/0","0/0","0/0","0/0","0/0","0/0","0/0","0/0","0/0","0/0","0/0","0/0","0/0","0/0","0/0","0/0","0/0","0/0","0/0","0/0","0/0","0/0","0/0","0/0","0/0","0/0","0/0","0/0","0/0","0/0","0/0","0/0","0/0","0/0","0/0","0/0","0/0","0/0","0/0","0/0","0/0","0/0","0/0","0/0","0/0","0/0","0/0","0/0","0/0","0/0","0/0","0/0","0/0","0/0","0/0","0/0","0/0","0/0","0/0","0/0","0/0","0/0","0/0","0/0","0/0","0/0","0/0","0/0","0/0","0/0","0/0","0/0","0/0","0/0","0/0","0/0","0/0","0/0","0/0","0/0","0/0","0/0","0/0","0/0","0/0","0/0","0/1","0/0","0/0","0/0","0/0","0/0","0/0","0/0","0/0","0/0","0/0","0/0","0/0","0/0","0/0","0/0","0/0","0/0","0/0","0/0","0/0","0/0","0/0","0/0","0/0","0/0","0/0","0/0","0/0","0/0","0/0","0/0","0/0","0/0","0/1","0/1","0/0","0/0","0/0","0/0","0/0","0/0","0/0","0/0","0/0","0/0","0/0","0/0","0/0","0/0","0/0","0/0","0/0","0/0","0/0","0/0","0/0","0/0","0/0","0/0","0/0"
"chrX:9863177_CCTCTCTGTCCAG/C_SHROOM2","0/0","0/0","0/0","0/0","1/1","1/1","0/0","0/0","0/0","0/0","0/0","0/0","0/0","0/0","0/0","0/0","0/0","0/0","0/0","0/0","0/0","0/0","0/0","0/0","0/0","0/0","0/0","0/0","0/0","0/0","0/0","0/0","0/0","0/0","0/0","0/0","0/0","0/0","0/0","0/0","0/0","0/0","0/0","0/0","1/1","0/0","0/0","0/0","0/0","0/0","0/0","0/0","0/0","0/0","0/0","0/0","0/0","0/0","0/0","0/0","0/0","0/0","0/0","0/0","0/0","0/0","0/0","0/0","0/0","0/0","0/0","0/0","0/0","0/0","0/0","0/0","0/0","0/0","0/0","0/0","0/0","0/0","0/0","0/0","0/0","0/0","0/0","0/0","0/0","0/0","0/0","0/0","0/0","0/0","0/0","0/0","0/0","0/0","0/0","0/0","0/0","0/0","0/0","0/0","0/0","0/0","0/0","0/0","0/0","0/0","0/0","0/0","0/0","0/0","0/0","0/0","0/0","0/0","0/0","0/0","0/0","0/0","0/0","0/0","0/0","0/0","0/0","0/0","0/0","0/0","0/0","0/0","0/0","0/0","0/0","0/0","0/0","0/0","1/1","0/1","1/1","0/0","0/0","0/0","0/0","0/0","0/0","0/0","0/0","0/0","0/0","0/0","0/0"
"chrX:13726884_CT/C_RAB9A","0/0","0/0","0/0","0/0","0/0","0/0","0/0","0/0","0/0","0/0","0/0","0/0","0/0","0/0","0/0","0/0","0/0","0/0","0/0","0/0","0/0","0/0","0/0","0/0","0/0","0/0","0/0","0/0","0/0","0/0","0/0","0/0","0/0","0/0","0/0","0/0","0/1","0/0","0/0","0/0","0/0","0/0","0/0","0/0","0/0","0/0","0/0","0/0","0/0","0/0","0/0","0/0","0/0","0/0","0/0","0/0","0/0","0/0","0/0","0/0","0/0","0/0","0/0","0/0","0/0","0/0","0/0","0/0","0/0","0/0","0/0","0/0","0/0","0/0","0/0","0/0","0/0","0/0","0/0","0/0","0/0","0/0","0/0","0/0","0/0","0/0","0/0","0/0","0/0","0/0","0/0","0/0","0/0","0/0","0/0","0/0","0/0","0/0","0/0","0/0","0/0","0/0","0/0","0/0","0/0","0/0","0/0","0/0","0/0","0/0","0/0","0/0","0/0","0/0","0/0","0/0","0/0","0/0","0/0","0/0","0/0","0/0","0/0","0/0","0/0","0/0","0/0","0/0","0/0","0/0","0/0","0/0","0/0","0/0","0/0","0/0","0/0","0/0","0/0","0/0","0/0","0/0","0/0","0/0","0/0","0/0","0/0","0/0","0/0","0/0","0/0","0/0","0/0"
"chrX:13764945_CA/C_OFD1","0/0","0/0","0/0","0/0","0/0","0/0","0/0","0/0","0/0","0/0","0/0","0/0","0/0","0/0","0/0","0/0","0/0","0/0","0/0","0/0","0/0","0/0","0/0","0/0","0/0","0/0","0/0","0/0","0/0","0/0","0/0","0/1","0/0","0/0","0/0","0/0","0/1","0/0","0/0","0/0","0/0","0/0","0/0","0/0","0/0","0/0","0/0","0/0","0/0","0/0","0/0","0/0","0/0","0/0","0/0","0/0","0/0","0/0","0/1","0/0","0/0","0/0","0/0","0/0","0/0","0/0","0/0","0/0","0/0","0/0","0/0","0/0","0/0","0/0","0/0","0/0","0/0","0/0","0/0","0/0","0/0","0/0","0/0","0/0","0/0","0/0","0/0","0/0","0/0","0/0","0/0","0/0","0/0","0/0","0/0","0/0","0/0","0/0","0/0","0/0","0/0","0/0","0/0","0/0","0/0","0/0","0/0","0/0","0/0","0/0","0/0","0/0","0/0","0/0","0/0","0/0","0/0","0/1","0/0","0/0","0/0","0/0","0/0","0/0","0/0","0/0","0/0","0/0","0/0","0/0","0/0","0/1","0/0","0/0","0/0","0/0","0/0","0/0","0/0","0/0","0/0","0/0","0/0","0/0","0/0","0/0","0/0","0/0","0/0","0/0","0/0","0/0","0/0"
"chrX:15381377_TC/T_FIGF","0/0","0/0","0/0","0/0","0/0","0/0","0/0","0/0","0/0","0/0","0/0","0/0","0/0","0/0","0/0","0/0","0/0","0/0","0/0","0/0","0/1","0/0","0/0","0/0","0/0","0/0","0/0","0/0","0/0","0/0","0/0","0/0","0/0","0/0","0/0","0/0","0/0","0/0","0/0","0/0","0/0","0/0","0/0","0/0","0/0","0/0","0/0","0/0","0/0","0/0","0/0","0/0","0/0","0/0","0/0","0/0","0/0","0/0","0/0","0/0","0/0","0/0","0/0","0/0","0/0","0/0","0/0","0/0","0/0","0/0","0/0","0/0","0/0","0/0","0/0","0/0","0/0","0/0","0/0","0/0","0/0","0/0","0/0","0/0","0/0","0/0","0/0","0/0","0/0","0/0","0/0","0/0","0/0","0/0","0/0","0/0","0/0","0/0","0/0","0/0","0/0","0/0","0/0","0/0","0/0","0/0","0/0","0/0","0/0","0/0","0/0","0/0","0/0","0/0","0/0","0/0","0/0","0/0","0/0","0/0","0/0","0/0","0/0","0/0","0/0","0/0","0/0","0/0","0/0","0/0","0/0","0/0","0/0","0/0","0/0","0/0","0/0","0/0","0/0","0/0","0/0","0/0","0/0","0/0","0/0","0/0","0/0","0/0","0/0","0/0","0/0","0/0","0/0"
"chrX:15790675_TG/T_CA5B","0/0","0/0","0/0","0/0","0/0","0/0","0/0","0/0","0/0","0/0","0/0","0/0","0/0","0/0","0/0","0/0","0/0","0/0","0/0","0/0","0/0","0/0","0/0","0/0","0/0","0/0","0/0","0/0","0/0","0/0","0/0","0/0","0/0","0/0","0/0","0/0","0/1","0/0","0/0","0/0","0/0","0/0","0/0","0/0","0/0","0/0","0/0","0/0","0/0","0/0","0/0","0/0","0/0","0/0","0/0","0/0","0/0","0/0","0/0","0/0","0/0","0/0","0/0","0/0","0/0","0/0","0/0","0/0","0/0","0/0","0/0","0/0","0/0","0/0","0/0","0/0","0/0","0/0","0/0","0/0","0/0","0/0","0/0","0/0","0/0","0/0","0/0","0/0","0/0","0/0","0/0","0/0","0/0","0/0","0/0","0/0","0/0","0/0","0/0","0/0","0/0","0/0","0/0","0/0","0/0","0/0","0/0","0/0","0/0","0/0","0/0","0/0","0/0","0/0","0/0","0/0","0/0","0/0","0/0","0/0","0/0","0/0","0/0","0/0","0/0","0/0","0/0","0/0","0/0","0/0","0/0","0/0","0/0","0/0","0/0","0/0","0/0","0/0","0/0","0/0","0/0","0/0","0/0","0/0","0/0","0/0","0/0","0/0","0/0","0/0","0/0","0/0","0/0"
"chrX:16850848_CAG/C_TXLNG","0/0","0/0","0/0","0/0","0/0","0/0","0/0","0/0","0/0","0/0","0/0","0/0","0/0","0/0","0/0","0/0","0/0","0/0","0/0","0/0","0/0","0/0","0/0","0/0","0/0","0/0","0/0","0/0","0/0","0/0","0/0","0/0","0/0","0/0","0/0","0/0","0/0","0/0","0/0","0/0","0/0","0/0","0/0","0/0","0/0","0/0","0/0","0/0","0/0","0/0","0/0","0/0","0/0","0/0","0/0","0/0","0/0","0/0","0/0","0/0","0/0","0/0","0/0","0/0","0/0","0/0","0/0","0/0","0/0","0/0","0/0","0/0","0/0","0/0","0/0","0/0","0/0","0/0","0/0","0/0","0/0","0/0","0/0","0/0","0/0","0/0","0/0","0/0","0/0","0/0","0/0","0/0","0/0","0/0","0/0","0/0","0/0","0/0","0/0","0/0","0/0","0/0","0/0","0/0","0/0","0/0","0/0","0/0","0/0","0/0","0/0","0/0","0/0","0/0","0/0","0/0","0/0","0/1","0/0","0/0","0/0","0/0","0/0","0/0","0/0","0/0","0/0","0/0","0/0","0/0","0/0","0/0","0/0","0/0","0/0","0/0","0/0","0/0","0/0","0/0","0/0","0/0","0/0","0/0","0/0","0/0","0/0","0/0","0/0","0/0","0/0","0/0","0/0"
"chrX:16964870_CGGTGGTGGCGGCGGCGGCGGCGGCGGCAGCTGAGGCCGAGGAGGCGGTGGCTGTGGCGGACGCAGCAGCACCCCAGCTAGGGACAGGGCTCCGCCGCGCCCCCTTGCTGGCCCCATGGA/C_REPS2","0/0","0/0","0/0","0/0","0/0",".","0/0","0/0","0/0","0/0","0/0","0/0","0/0","0/0","0/0","0/0","0/0","0/0","0/0","0/0","0/0","0/0","0/0","0/0","0/0","0/0","0/0","0/0","0/0","0/0","0/0","0/0","0/0","0/0","0/0","0/0","0/0","0/0","0/0","0/0","0/0","0/0","0/0","0/0","0/0","0/0","0/0","0/0","0/0","0/0","0/0","0/0","0/0","0/0","0/0","0/0","0/0","0/0","0/0","0/0","0/0","0/0","0/0","0/0","0/0","0/0","0/0","0/0","0/0","0/0","0/0","0/0","0/0","0/0","0/0","0/0","0/0","0/0","0/0","0/0","0/0","0/0","0/0","0/0","0/0","0/0","0/0","0/0","0/0","0/0","0/0","0/0","0/0","0/0","0/0","0/0","0/0","0/0","0/0","0/0","0/0","0/0","0/0","0/0",".","0/0","0/0","0/0","0/0","0/0","0/0","0/0","0/0","0/0","0/0","0/0","0/1","0/0","0/0","0/0","0/0","0/0","0/0","0/0","0/0","0/0","0/0","0/0","0/0","0/0","0/0","0/0","0/0","0/0","0/0","0/0","0/0","0/0","0/0","0/0","0/0","0/0","0/0","0/0","0/0","0/0","0/0","0/0","0/0","0/0","0/0","0/0","0/0"
"chrX:17745215_AC/A_NHS","0/0","0/0","0/0","0/0","0/0","0/0","0/0","0/0","0/0","0/0","0/0","0/0","0/0","0/0","0/0","0/0","0/0","0/0","0/0","0/0","0/0","0/0","0/0","0/0","0/0","0/0","0/0","0/0","0/0","0/0","0/0","0/1","0/0","0/0","0/0","0/0","0/0","0/0","0/0","0/0","0/0","0/0","0/0","0/0","0/0","0/0","0/0","0/0","0/0","0/0","0/0","0/0","0/0","0/0","0/0","0/0","0/0","0/0","0/0","0/0","0/0","0/0","0/0","0/0","0/0","0/0","0/0","0/0","0/0","0/0","0/0","0/0","0/0","0/0","0/0","0/0","0/0","0/0","0/0","0/0","0/0","0/0","0/0","0/0","0/0","0/0","0/0","0/0","0/0","0/0","0/0","0/0","0/0","0/0","0/0","0/0","0/0","0/0","0/0","0/0","0/0","0/0","0/0","0/0","0/0","0/0","0/0","0/0","0/0","0/0","0/0","0/0","0/0","0/0","0/0","0/0","0/0","0/0","0/0","0/0","0/0","0/0","0/0","0/0","0/0","0/0","0/0","0/0","0/0","0/0","0/0","0/0","0/0","0/0","0/0","0/0","0/0","0/0","0/0","0/0","0/0","0/0","0/0","0/0","0/0","0/0","0/0","0/0","0/0","0/0","0/0","0/0","0/0"
"chrX:19378878_C/CTT_MAP3K15","0/0","0/0","0/0","0/0","0/0","0/0","0/0","0/0","0/0","0/0","0/0","0/0","0/0","0/0","0/0","0/0","0/0","0/0","0/0","0/0","0/0","0/0","0/0","0/0","0/0","0/0","0/0","0/0","0/0","0/0","0/0","0/0","1/1","0/0","0/0","0/0","0/0","0/0","0/0","0/0","0/0","0/0","0/0","0/0","0/0","0/0","0/0","0/0","0/0","0/0","0/0","0/0","0/0","0/0","0/0","0/0","0/0","0/0","0/0","0/0","0/0","0/0","0/0","0/0","0/0","0/0","0/0","0/0","0/0","0/0","0/0","0/0","0/0","0/0","0/0","0/0","0/0","0/0","0/0","0/0","0/0","0/0","0/0","0/0","0/0","0/0","0/0","0/0","0/0","0/0","0/0","0/0","0/0","0/0","0/0","0/0","0/0","0/0","0/0","0/0","0/0","0/0","0/0","0/0","0/0","0/0","0/0","0/0","0/0","0/0","0/0","0/0","0/0","0/0","0/0","0/0","0/0","0/0","0/0","0/0","0/0","0/0","0/0","0/0","0/0","0/0","0/0","0/0","0/0","0/0","0/0","0/0","0/0","0/0","0/0","0/0","0/0","0/0","0/0","0/0","0/0","0/0","0/0","0/0","0/0","0/0","0/0","0/0","0/0","0/0","0/0","0/0","0/0"
"chrX:20134976_AGCC/A_MAP7D2","0/0","0/0","0/0","0/0","0/0","0/0","0/0","0/0","0/0","0/0","0/0","0/0","0/0","0/0","0/0","0/0","0/0","0/0","0/0","0/0","0/0","0/0","0/0","0/0","0/0","0/0","0/0","0/0","0/0","0/0","0/0","0/0","0/0","0/0","0/0","0/0","0/0","0/0","0/0","0/0","0/0","0/0","0/0","0/0","0/0","0/0","0/0","0/0","0/0","0/0","0/0","0/0","0/0","0/0","0/0","0/0","0/0","0/0","0/0","0/0","0/0","0/0","0/0","0/0","0/0","0/0","0/0","0/0","0/0","0/0","0/0","0/0","0/0","0/0","0/0","0/0","0/1","0/0","0/0","0/0","0/0","0/0","0/0","0/0","0/0","0/0","0/0","0/0","0/0","0/0","0/0","0/0","0/0","0/0","0/0","0/0","0/0","0/0","0/0","0/0","0/0","0/0","0/0","0/0","0/0","0/0","0/0","0/0","0/0","0/0","0/0","0/0","0/0","0/1","0/0","0/0","0/0","0/0","0/0","0/0","0/0","0/0","0/0","0/0","0/0","0/0","0/0","0/0","0/0","0/0","0/0","0/0","0/0","0/0","0/0","0/0","0/0","0/0","0/0","0/0","0/0","0/0","0/0","0/0","0/0","0/0","0/0","0/0","0/0","0/0","0/0","0/0","0/0"
"chrX:21627677_AGAG/A_CNKSR2","0/0","0/0","0/0","0/0","0/0","0/0","0/0","0/0","0/0","0/0","0/0","0/0","0/0","0/0","0/0","0/0","0/0","0/0","0/0","0/0","0/0","0/0","0/0","0/0","0/0","0/0","0/0","0/0","0/0","0/0","0/0","0/1","0/0","0/0","0/0","0/0","0/0","0/0","0/0","0/0","0/0","0/0","0/0","0/0","0/0","0/0","0/0","0/0","0/0","0/0","0/0","0/0","0/0","0/0","0/0","0/0","0/0","0/0","0/0","0/0","0/0","0/0","0/0","0/0","0/0","0/0","0/0","0/0","0/0","0/0","0/0","0/0","0/0","0/0","0/0","0/0","0/0","0/0","0/0","0/0","0/0","0/0","0/0","0/0","0/0","0/0","0/0","0/0","0/0","0/0","0/0","0/0","0/0","0/0","0/0","0/0","0/0","0/0","0/0","0/0","0/0","0/1","0/0","0/0","0/0","0/0","0/0","0/0","0/0","0/0","0/0","0/0","0/0","0/0","0/0","0/1","0/0","0/0","0/0","0/0","0/0","0/0","0/0","0/0","0/0","0/0","0/0","0/0","0/0","0/0","0/0","0/0","0/0","0/0","0/0","0/0","0/0","0/0","0/0","0/0","0/0","0/0","0/0","0/0","0/0","0/0","0/0","0/0","0/0","0/0","0/0","0/0","0/0"
"chrX:21857868_CTGG/C_MBTPS2","0/0","0/0","0/0","0/0","0/0","0/0","0/0","0/0","0/0","0/0","0/0","0/0","0/0","0/0","0/0","0/0","0/0","0/0","0/0","0/0","0/0","0/0","0/0","0/0","0/0","0/0","0/0","0/0","0/0","0/0","0/0","0/0","0/0","0/0","0/0","0/0","0/0","0/0","0/0","0/0","0/0","0/0","0/0","0/0","0/0","0/0","0/0","0/0","0/0","0/0","0/0","0/0","0/0","0/0","0/0","0/0","0/0","0/0","0/0","0/0","0/0","0/0","0/0","0/0","0/0","0/0","0/0","0/0","0/0","0/0","0/0","0/0","0/0","0/0","0/0","0/0","0/0","0/0","0/0","0/0","0/0","0/0","0/0","0/0","0/0","0/0","0/0","0/0","0/0","0/0","0/0","0/0","0/0","0/0","0/0","0/0","0/0","0/0","0/0","0/0","0/1","0/0","0/0","0/0","0/0","0/0","0/0","0/0","0/0","0/0","0/0","0/0","0/0","0/0","0/0","0/0","0/0","0/0","0/0","0/0","0/0","0/0","0/0","0/0","0/0","0/0","0/0","0/0","0/0","0/0","0/0","0/0","0/0","0/0","0/0","0/0","0/0","0/0","0/0","0/0","0/0","0/0","0/0","0/0","0/0","0/1","0/0","0/0","0/0","0/0","0/0","0/0","0/0"
"chrX:24382373_TTGCTGC/TTGC_SUPT20HL1","0/0","0/0","0/0","1/1","0/0","0/0","1/1","1/1","0/1","0/0","0/1","1/1","0/0","2/2","0/0","0/0","0/0","2/4","0/0","0/0","0/0","0/0","0/0","1/1","0/0","0/0","5/5","0/0","2/4","3/3","1/1","2/3","0/0","4/4","0/0","1/6","0/1","1/6","3/3","2/5","0/0","1/1","0/0","0/0","0/0","0/0","0/1","1/1","0/0","0/1","1/1","6/6","0/3","0/0","0/0","0/0","0/0","0/0","0/0","0/0","2/2","0/0","0/0","0/0","0/0","0/0","0/0","0/5","0/5","0/1","0/0","1/1","1/6","0/0","0/0","0/3","3/3","0/0","0/0","0/3","3/3","3/3","1/1","0/0","0/0","1/1","0/0","0/0","5/5","5/5","2/2","1/1","1/1","0/0","0/0","2/2","0/0","0/1","0/2","0/2","0/0","1/1","0/0","0/0","0/0","0/0","0/0",".",".","1/1","1/1","1/6","1/1","2/4","2/2","0/0","0/0","3/3","1/5","3/3","1/5","1/5","0/0","0/3","2/2","2/5","2/2","2/2","1/1","0/0","0/0","0/0","0/0","1/1","0/0","0/0","1/1","1/6","0/0","0/0","0/0","0/0","0/0","1/1","1/1","1/1","1/1","1/1","1/1","2/2","2/4","2/2","2/2"
"chrX:24382417_G/GCTGCTGCTGCTC_SUPT20HL1","0/0","0/0","0/0","0/0","0/0","0/0","0/0","0/0","0/0","0/0","0/0","0/0","0/0","0/0","0/0","0/0","0/0","0/0","0/0","0/0","0/0","0/0","0/0","2/2","0/0","0/0","0/0","0/0","0/0","0/0","0/0","0/0","0/0","0/0","0/0","0/0","0/0","0/0","0/0","0/0","0/0","0/0","0/0","0/0","1/1","0/0","0/0","0/0","0/0","0/0","0/0","0/0","0/0","0/0","0/0","0/0","0/0","0/0","0/0","0/0","0/0","0/0","0/0","0/0","0/0","0/0","0/0","0/0","0/0","0/0","0/0","0/0","0/0","0/0","0/0","0/0","0/0","0/0","0/0","0/0","0/0","0/0","0/0","0/0","0/0","0/0","0/0","0/0","0/0","0/0","0/0","0/0","0/0","0/0","0/0","0/0","0/0","0/0","0/0","0/1","0/0","0/0","0/0","0/0","0/0","0/0","0/0","0/0","0/0","0/0","0/0","0/0","0/0","0/0","0/0","0/0","0/0","0/0","0/0","0/0","0/0","0/0","0/0","0/0","0/0","0/0","0/0","0/0","0/0","0/0","0/0","0/0","0/0","0/0","0/0","0/0","0/0","0/0","0/0","0/0","0/0","0/0","0/0","0/0","0/0","0/0","0/0","0/0","0/0","0/0","0/0","0/0","0/0"
"chrX:25031776_TGCC/T_ARX","0/0","0/0","0/0","0/0","0/0","0/0","0/0","0/0",".","0/0","0/0","0/0","0/0","0/0","0/0","0/0","0/0","0/0","0/0","0/0","0/0","0/0","0/0","0/0","0/0","0/0","0/0","0/0","0/0","0/0","0/0","0/0","0/0","0/0","0/0","0/0","0/0","0/0","0/0","0/0","0/0","0/0",".","0/0","0/0","0/0","0/0","0/0","0/0","0/0",".",".","0/0","0/0","0/0","0/0","0/0","0/0","0/0","0/0","0/0","0/0","0/0",".","0/0","0/0","0/0","0/0","0/0","0/0","0/0","0/0","0/0","0/0","0/0","0/0","0/0","0/0","0/0","0/0","0/0","0/0","0/0","0/0",".","0/0","0/0","0/0","0/0","0/0",".","0/0","0/0","0/0","0/0","0/0","0/0",".","0/0","0/0",".","0/0","0/0","0/0","0/0","0/0","0/0","0/0","0/0","0/0","0/0","0/0","0/0","0/0","0/1",".","0/0","0/0","0/0","0/0","0/0","0/0",".","0/0","0/0","0/0","0/0","0/0","0/0","0/0","0/0","0/0","0/0","0/0",".","0/0","0/0","0/0","0/0","0/0","0/0","0/0","0/0","0/0","0/0","0/0","0/0",".","0/0","0/0","0/0","0/0","0/0"
"chrX:27765438_GGAGGAGGAA/G_DCAF8L2","0/0","0/0","0/0","0/0","0/0","0/0","0/0","0/0","0/0","0/0","0/0","0/0","0/0","0/0","0/0","0/0","0/0","0/0","0/0","0/0","0/0","0/0","0/0","0/0","0/0","0/0","0/0","0/0","0/0","0/0","0/0","0/0","0/0","0/0","0/0","0/0","0/0","0/0","0/0","0/0","0/0","0/0","0/0","0/0","0/0","0/0","0/0","0/0","0/0","0/0","0/0","0/0","0/0","0/0","0/0","0/0","0/0","0/0","0/0","0/0","0/0","0/0","0/0","0/0","0/0","0/0","0/0","0/0","0/0","0/0","0/0","0/0","0/0","0/0","0/0","0/0","0/0","0/0","0/0","0/0","0/0","0/0","0/0","0/0","0/0","0/0","0/0","0/0","0/0","0/0","0/0","0/0","0/0","0/0","0/0","0/0","0/0","0/0","0/0","0/0","0/0","0/0","0/0","0/0","0/0","0/0","0/0","0/0","0/0","0/0","0/0","0/0","0/0","0/0","0/0","0/0","0/0","0/0","0/0","0/0","0/0","0/0","0/0","0/0","0/0","0/0","0/0","0/0","0/0","0/0","0/0","0/0","0/0","0/0","0/0","0/0","0/0","0/0","0/1","0/1","0/1","0/0","0/0","0/0","0/0","0/0","0/0","0/0","0/0","0/0","0/0","0/0","0/0"
"chrX:32472776_TACC/T_DMD","0/1","0/0","0/0","0/0","0/0","0/0","0/0","0/0","0/0","0/0","0/0","0/0","0/0","0/0","0/0","0/0","0/0","0/0","0/0","0/0","0/0","0/0","0/0","0/0","0/0","0/0","0/0","0/0","0/0","0/0","0/0","0/0","0/0","0/0","0/0","0/0","0/0","0/0","0/0","0/1","0/0","0/0","0/0",".","0/0","0/0","0/0","0/0","0/0","0/0","0/0","0/0","0/0","0/0","0/0","0/0","0/0","0/0","0/0","0/0","0/0","0/0","0/0","0/0","0/0","0/0","0/0","0/0","0/0","0/0","0/0","0/0","0/0","0/0","0/0","0/0","0/0","0/0","0/0","0/0","0/0","0/0","0/0","0/0","0/0","0/0","0/1","0/0","0/0","0/0","0/0","0/0","0/0","0/0","0/0","0/0","0/0","0/0","0/0","0/0","0/0","0/0","0/0","0/0","0/0","0/0","0/0","0/0","0/0","0/0","0/0","0/0","0/0","0/0","0/0","0/0","0/0","0/0","0/0",".","0/0","0/0","0/0","0/0","0/0","0/0","0/0","0/0","0/0","0/0","0/0","0/0","0/0","0/0","0/0","0/0","0/0","0/0","0/0","0/0","0/0","0/0","0/1","0/0","0/0","0/0","0/0","0/0","0/0","0/0","0/0","0/0","0/0"
"chrX:32472779_C/CTTTT_DMD","0/1","0/0",".","0/0","0/0","0/0",".","0/0","0/0",".","0/0","0/0","0/0","0/0","0/0","0/0","0/0","0/0","0/0","0/0","0/0","0/0","0/0","0/0","0/0","0/0","0/0","0/0","0/0","0/0","0/0","0/0","0/0","0/0","0/0","0/0","0/0","0/0","0/0","0/1",".","0/0","0/0",".","0/0","0/0",".","0/0","0/0","0/0","0/0","0/0","0/0","0/0","0/0","0/0","0/0","0/0","0/0","0/0","0/0","0/0","0/0","0/0","0/0","0/0","0/0","0/0","0/0","0/0","0/0","0/0","0/0","0/0","0/0","0/0","0/0","0/0","0/0","0/0","0/0","0/0","0/0","0/0","0/0","0/0","0/1","0/0","0/0","0/0","0/0",".","0/0","0/0","0/0","0/0","0/0","0/0","0/0","0/0","0/0","0/0","0/0","0/0","0/0","0/0","0/0","0/0",".","0/0","0/0","0/0","0/0","0/0",".","0/0","0/0","0/0","0/0",".","0/0",".","0/0","0/0","0/0","0/0","0/0","0/0","0/0","0/0","0/0","0/0","0/0","0/0","0/0","0/0","0/0","0/0","0/0","0/0","0/0","0/0","0/1","0/0","0/0","0/0","0/0","0/0","0/0","0/0","0/0","0/0","0/0"
"chrX:36337371_TTCA/T_CFAP47","0/0","0/0","0/0","0/0","0/0","0/0","0/0","0/0","0/0","0/0","0/0","0/0","0/0","0/0","0/0","0/0","0/0","0/0","0/0","0/0","0/0","0/0","0/0","0/0","0/0","0/0","0/0","0/0","0/0","0/0","0/0","0/0","0/1","0/0","0/0","0/0","0/0","0/0","0/0","0/0","0/0","0/0","0/0","0/0","0/0","0/0","0/0","0/0","0/0","0/0","0/0","0/0","0/0","0/0","0/0","0/0","0/0","0/0","0/0","0/0","0/0","0/0","0/0","0/0","0/0","0/0","0/0","0/0","0/0","0/0","0/0","0/0","0/0","0/0","0/0","0/0","0/0","0/0","0/0","0/0","0/0","0/0","0/0","0/0","0/0","0/0","0/0","0/0","0/0","0/0","0/0","0/0","0/0","0/0","0/0","0/0","0/0","0/0","0/0","0/0","0/0","0/0","0/0","0/0","0/0","0/0","0/0","0/0","0/0","0/0","0/0","0/0","0/0","0/0","0/0","0/0","0/0","0/0","0/0","0/0","0/0","0/0","0/0","0/0","0/0","0/0","0/0","0/0","0/0","0/0","0/0","0/0","0/0","0/0","0/0","0/0","0/0","0/0","0/0","0/0","0/0","0/0","0/0","0/0","0/0","0/0","0/0","0/0","0/0","0/0","0/0","0/0","0/0"
"chrX:37312610_AC/A_PRRG1","0/0","0/0","0/0","0/0","0/0","0/0","0/0","0/0","0/0","0/0","0/0","0/0","0/0","0/0","0/0","0/0","0/0","0/0","0/0","0/0","0/0","0/0","0/0","0/0","0/0","0/0","0/0","0/0","0/0","0/0","0/0","0/0","0/0","0/0","0/0","0/0","0/1","0/0","0/0","0/0","0/0","0/0","0/0","0/0","0/0","0/0","0/0","0/0","0/0","0/0","0/0","0/0","0/0","0/0","0/0","0/0","0/0","0/0","0/0","0/0","0/0","0/0","0/0","0/0","0/0","0/0","0/0","0/0","0/0","0/0","0/0","0/0","0/0","0/0","0/0","0/0","0/0","0/0","0/0","0/0","0/0","0/0","0/0","0/0","0/0","0/0","0/0","0/0","0/0","0/0","0/0","0/0","0/0","0/0","0/0","0/0","0/0","0/0","0/0","0/0","0/0","0/0","0/0","0/0","0/0","0/0","0/0","0/0","0/0","0/0","0/0","0/0","0/0","0/0","0/0","0/0","0/0","0/0","0/0","0/0","0/0","0/0","0/0","0/0","0/0","0/2","0/0","0/0","0/0","0/0","0/0","0/0","0/0","0/0","0/0","0/0","0/0","0/0","0/0","0/0","0/0","0/0","0/0","0/0","0/0","0/0","0/0","0/0","0/0","0/0","0/0","0/0","0/0"
"chrX:37431315_GC/G_LANCL3","0/0","0/0","0/0","0/0","0/0","0/0","0/0","0/0","0/0","0/0","0/0","0/0","0/0","0/0","0/0","0/0","0/0","0/0","0/0","0/0","0/0","0/0","0/0","0/0","0/0","0/0","0/0","0/0","0/0","0/0","0/0","0/0","0/0","0/0","0/0","0/0","0/0","0/0","0/0","0/0","0/0","0/0","0/0","0/0","0/0","0/0","0/0","0/0","0/0","0/0","0/0","0/0","0/0","0/0","1/1","0/0","0/0","0/0","0/0","0/0","0/0","0/0","0/0","0/0","0/0","0/0","0/0","0/0","0/0","0/0","0/0","0/0","0/0","0/0","0/0","0/0","0/0","0/0","0/0","0/0","0/0","0/0","0/0","0/0","0/0","0/0","0/0","0/0","0/0","0/0","0/0","0/0","0/0","0/0","0/0","0/0","0/0","0/0","0/0","0/0","0/0","0/0","0/0","0/0","0/0","0/0","0/0","0/0","0/0","0/0","0/0","0/0","0/0","0/0","0/0","0/0","0/0","0/0","0/0","0/0","0/0","0/0","0/0","0/0","0/0","0/0","0/0","0/0","0/0","0/0","0/0","0/0","0/0","0/0","0/0","0/0","0/0","0/0","0/0","0/0","0/0","0/0","0/0","0/0","0/0","0/0","0/0","0/0","0/0","0/0","0/0","0/0","0/0"
"chrX:38145312_C/CTCCCCTTCTCCTTCCTCCCCT_RPGR","0/0","0/0","0/0","0/0","0/0","0/0","0/0","0/0","0/0","0/0","0/0","0/0","0/0","0/0","0/0","0/0","0/0","0/0","0/0","0/0","0/0","0/0","0/0","0/0","0/0","0/0","0/0","0/0","0/0","0/0","0/0","0/0","0/0","0/0","0/0","0/0","0/1","0/0","0/0","0/0","0/1","0/0","0/0","0/0","0/0","0/0","0/0","0/0","0/0","0/0","0/0","0/0","0/0","0/0","0/0","0/0","0/0","0/0","0/0","0/0","0/0","0/0","0/0","0/0","0/0","0/0","0/0","1/1","1/1","0/0","0/0","0/0","0/0","0/0","0/0","0/0","0/0","0/0","0/0","0/0","0/0","0/0","0/0","0/0","0/0","0/0",".","0/0","0/0","0/0","0/0","0/0","0/0","0/0","0/0","0/0","0/0","0/0","0/0","0/0","0/0","0/0","0/0","0/0","0/0","0/0","0/0","0/0","0/0","0/0","0/0","0/0","0/0","0/0","0/0",".","0/0","0/0","0/0","0/0","0/0","0/0","0/0","0/0","0/0","0/0","0/0","0/0","0/0","0/0","0/0","0/0","0/0","0/0","0/0","0/0","0/0","0/0","0/0","0/0","0/0","0/0","0/0","0/0","0/0","0/0","0/0","0/0","0/0","0/0","0/0","0/0","0/0"
"chrX:38535026_TC/T_TSPAN7","0/0","0/0","0/0","0/0","0/0","0/0","0/0","0/0","0/0","0/0","0/0","0/0","0/0","0/0","0/0","0/0","0/0","0/0","0/0","0/0","0/0","0/0","0/0","0/0","0/0","0/0","0/0","0/0","0/0","0/0","0/0","0/0","0/0","0/0","0/0","0/0","0/1","0/0","0/0","0/0","0/0","0/0","0/0","0/0","0/0","0/0","0/0","0/0","0/0","0/0","0/0","0/0","0/0","0/0","0/0","0/0","0/0","0/0","0/0","0/0","0/0","0/0","0/0","0/0","0/0","0/0","0/0","0/0","0/0","0/0","0/0","0/0","0/0","0/0","0/0","0/0","0/0","0/0","0/0","0/0","0/0","0/0","0/0","0/0","0/0","0/0","0/0","0/0","0/0","0/0","0/0","0/0","0/0","0/0","0/0","0/0","0/0","0/0","0/0","0/0","0/0","0/0","0/0","0/0","0/0","0/0","0/0","0/0","0/0","0/0","0/0","0/0","0/0","0/0","0/0","0/0","0/0","0/0","0/0","0/0","0/0","0/0","0/0","0/0","0/0","0/0","0/0","0/0","0/0","0/0","0/0","0/0","0/0","0/0","0/0","0/0","0/0","0/0","0/0","0/0","0/0","0/0","0/0","0/0","0/0","0/0","0/0","0/0","0/0","0/0","0/0","0/0","0/0"
"chrX:44913186_G/GT_KDM6A","0/0","0/0","0/0","0/0","0/0","0/0","0/0","0/0","0/0","0/0","0/0","0/0","0/0","0/0","0/0","0/0","0/0","0/0","0/0","0/0","0/0","0/0","0/0","0/0","0/0","0/0","0/0","0/0","0/0","0/0","0/0","0/0","0/0","0/0","0/0","0/0","0/1","0/0","0/0","0/0","0/0","0/0","0/0","0/0","0/0","0/0","0/0","0/0","0/0","0/0","0/0","0/0","0/0","0/0","0/0","0/0","0/0","0/0","0/0","0/0","0/0","0/0","0/0","0/0","0/0","0/0","0/0","0/0","0/0","0/0","0/0","0/0","0/0","0/0","0/0","0/0","0/0","0/0","0/0","0/0","0/0","0/0","0/0","0/0","0/0","0/0","0/0","0/0","0/0","0/0","0/0","0/0","0/0","0/0","0/0","0/0","0/0","0/0","0/0","0/0","0/0","0/0","0/0","0/0","0/0","0/0","0/0","0/0","0/0","0/0","0/0","0/0","0/0","0/0","0/0","0/0","0/0","0/0","0/0","0/0","0/0","0/0","0/0","0/0","0/0","0/0","0/0","0/0","0/0","0/0","0/0","0/0","0/0","0/0","0/0","0/0","0/0","0/0","0/0","0/0","0/0","0/0","0/0","0/0","0/0","0/0","0/0","0/0","0/0","0/0","0/0","0/0","0/0"
"chrX:47030560_GGGA/G_RBM10","0/0","0/0","0/0","0/0","0/0","0/1","0/0","0/0","0/0","0/0","0/0","0/0","0/0","0/0","0/0","0/0","0/0","0/0","0/0","0/0","0/0","0/0","0/0","0/0","0/0","0/0","0/0","0/0","0/0","0/0","0/0","0/0","0/0","0/0","0/0","0/0","0/0","0/0","0/1","0/0","0/0","0/0","0/0","0/0","0/0","0/0","0/0","0/0","0/0","0/0","0/0","0/0","0/0","0/0","0/1","0/0","0/0","0/0","0/0","0/0","0/0","0/0","0/0","0/0","0/0","0/0","0/0","0/0","0/0","0/0","0/0","0/0","0/0","0/0","0/0","0/0","0/0","0/0","0/0","0/0","0/0","0/0","0/0","0/0","0/0","0/0","0/0","0/0","0/1","0/0","0/0","0/0","0/0","0/0","0/0","0/0","0/0","0/0","0/0","0/0","0/0","0/0","0/0","0/0","0/0","0/0","0/0","0/1","0/0","0/0","0/0","0/0","0/0","0/0","0/0","0/0","0/0","0/0","0/0","0/0","0/0","0/0","0/1","0/0","0/0","0/0","0/0","0/0","0/0","0/0","0/0","0/0","0/0","0/0","0/0","0/0","0/0","0/0","0/0","0/0","0/0","0/0","0/0","0/0","0/0","0/0","0/0","0/1","0/0","0/0","0/0","0/0","0/0"
"chrX:49032277_GTGGCGACGTCTGCT/G_PRICKLE3","0/0","0/0","0/0","0/0","0/0","0/0","0/0","0/0","0/0","0/0","0/0","0/0","0/0","0/0","0/0","0/0","0/0","0/0","0/0","0/0","0/0","0/0","0/0","0/0","0/0","0/0","0/0","0/0","0/0","0/0","0/0","0/0","0/0","0/0","0/0","0/0","0/0","0/0","0/0","0/0","0/0","0/0","0/0","0/0","0/0","0/0","0/0","0/0","0/0","0/0","0/0","0/0","0/0","0/0","0/0","0/0","0/0","0/0","0/0","0/0","0/0","0/0","0/0","0/0","0/0","0/0","0/0","0/0","0/0","0/0","0/0","0/1","0/0","0/0","0/0","0/0","0/0","0/0","0/0","0/0","0/0","0/0","0/0","0/0","0/0","0/0","0/0","0/0","0/0","0/0","0/0","0/0","0/0","0/0","0/0","0/0","0/0","0/0","0/0","0/0","0/0","0/0","0/0","0/0","0/0","0/0","0/0","0/0","0/0","0/0","0/0","0/0","0/0","0/0","0/0","0/0","0/0","0/0","0/0","0/0","0/0","0/0","0/0","0/0","0/0","0/0","0/0","0/0","0/0","0/0","0/0","0/0","0/0","0/0","0/0","0/0","0/0","0/0","0/0","0/0","0/0","0/0","0/0","0/0","0/0","0/0","0/0","0/0","0/0","0/0","0/0","0/0","0/0"
"chrX:49126548_T/TGGC_PPP1R3F","0/0","0/0","0/0","0/0","0/0","0/0","0/0","0/0","0/0","0/0","0/0","0/0","0/0","0/0","0/0","0/0","0/0","0/0","0/0","0/0","0/0","0/0","0/0","0/0","0/0","0/0","0/0","0/0","0/0","0/0","0/0","0/0","0/0","0/0","0/0","0/0","0/0","0/0","0/0","0/0","0/0","0/0","0/0","0/0","0/0","0/0","0/0","0/0","0/0","0/0","0/0","0/0","0/0","0/0","0/0","0/0","0/0","0/0","0/0","0/0","0/0","0/0","0/0","0/0","0/0","1/1","0/0","0/1","0/1","0/0","1/1","0/0","0/0","0/0","0/0","0/0","0/0","0/0","0/0","0/0","0/0","0/0","0/0","0/0","0/0","0/0","0/0","0/0","0/0","0/0","0/0","0/0","0/0","0/0","0/0","0/0","0/0","0/0","0/0","0/0","0/0","0/0","0/0","0/0","0/0","0/0","0/0","0/0","0/0","0/0","0/0","0/0","0/0","0/0","0/0","0/0","0/0","0/0","0/0","0/0","0/0","0/0","0/0","0/0","0/0","0/0","0/0","0/0","0/0","0/0","0/0","0/0","0/0","0/0","0/0","0/0","0/0","0/0","0/0","0/0","0/0","0/0","0/0","0/0","0/0","0/0","0/0","0/0","0/0","0/0","0/0","0/0","0/0"
"chrX:50121146_A/AG_DGKK","1/1","1/1","1/1","1/1","1/1","1/1","1/1","1/1","1/1","1/1","1/1","1/1","1/1","1/1","1/1","1/1","1/1","1/1","1/1","1/1","1/1","1/1","1/1","1/1","1/1","1/1","1/1","1/1","1/1","1/1","1/1","1/1","1/1","1/1","1/1","1/1","1/1","1/1","1/1","1/1","1/1","1/1","1/1","1/1","1/1","1/1","1/1","1/1","1/1","1/1","1/1","1/1","1/1","1/1","1/1","1/1","1/1","1/1","1/1","1/1","1/1","1/1","1/1","1/1","1/1","1/1","1/1","1/1","1/1","1/1","1/1","1/1","1/1","1/1","1/1","1/1","1/1","1/1","1/1","1/1","1/1","1/1","1/1","1/1","1/1","1/1","1/1","1/1","1/1","1/1","1/1","1/1","1/1","1/1","1/1","1/1","1/1","1/1","1/1","1/1","1/1","1/1","1/1","1/1","1/1","1/1","1/1","1/1","1/1","1/1","1/1","1/1","1/1","1/1","1/1","1/1","1/1","1/1","1/1","1/1","1/1","1/1","1/1","1/1","1/1","1/1","1/1","1/1","1/1","1/1","1/1","1/1","1/1","1/1","1/1","1/1","1/1","1/1","1/1","1/1","1/1","1/1","1/1","1/1","1/1","1/1","1/1","1/1","1/1","1/1","1/1","1/1","1/1"
"chrX:50350728_T/TTCC_SHROOM4","0/1","0/1","0/1","0/0","1/1","1/1","1/1","1/1","1/1","0/0","1/1","0/0","0/0","0/0","0/0","0/0","0/0","0/0","0/0","0/0","0/0","0/0","1/1","0/0","0/0","1/1","1/1","0/0","0/0","1/1","0/0","1/1","0/0","0/0","1/1","0/0","0/0","0/0","0/1","0/0","0/1","0/0","0/0","0/0","1/1","1/1","0/0","0/0","0/0","0/0","1/1","0/0","0/0","0/0","0/0","0/0","0/0","0/0","0/0","0/0","0/0","0/0","0/0","0/0","0/0","0/0","1/1","0/0","0/0","1/1","0/0","0/0","0/0","1/1","1/1","0/0","0/0","0/0","0/0","0/0","0/0","1/1","1/1","0/0","0/0","0/0","0/0","0/0","0/0","0/0","0/0","0/0","0/0","0/0","0/0","0/0","0/0","0/0","0/1","0/1","0/0","1/1","0/0","0/0","0/0","1/1","1/1","0/0","0/0","1/1","0/0","1/1","1/1","0/0","0/0","0/0","0/0","1/1","0/1","1/1","0/1","0/1","0/0","1/1","0/0","0/0","0/0","0/0","1/1","1/1","1/1","0/0","0/0","1/1","0/0","0/0","1/1","1/1","0/0","0/0","0/0","0/0","0/0","0/0","0/0","0/0","0/0","0/0","0/0","0/0","0/0","0/0","0/0"
"chrX:50350758_C/CTGCTGCTGCTGT_SHROOM4","0/1","0/1","0/1","0/0","1/1","1/1","1/1","1/1","1/1","0/0","1/1","0/0","0/0","0/0","0/0","0/0","0/1","0/0","0/0","0/0","0/0","0/0","1/1","0/0","0/0","1/1","1/1","0/0","0/0","1/1","0/0","1/1","0/0","0/0","1/1","0/0","0/0","0/0","1/1","0/0","0/1","0/0","0/0","0/0","1/1","1/1","0/0","0/0","0/0","0/0","1/1","0/0","0/0","0/0","0/0","0/0","0/0","0/0","0/0","0/0","0/0","0/0","0/0","0/0","0/0","0/0","1/1","0/0","0/0","1/1","0/0","0/0","0/0","1/1","1/1","0/0","0/0","0/0","0/0","0/0","0/0","1/1","1/1","0/0","0/0","0/0","0/0","0/0","0/0","0/0","0/0","0/0","0/0","0/0","0/0","0/0","0/0","0/0","0/1","0/1","0/0","1/1","0/0","0/0","0/0","1/1","1/1","0/0","0/0","1/1","0/0","1/1","1/1","0/0","0/0","0/0","0/0","1/1","0/1","1/1","0/1","0/1","0/0","1/1","0/0","0/0","0/0","0/0","1/1","1/1","1/1","0/0","0/0","1/1","0/0","0/0","1/1","1/1","0/0","0/0","0/0","0/0","0/0","0/0","0/0","0/0","0/0","0/0","0/0","0/0","0/0","0/0","0/0"
"chrX:50659210_C/CTCT_BMP15","0/0","0/0","0/0","0/0","0/0","0/0","0/0","0/0","0/0","0/0","0/0","0/0","0/0","0/0","0/0","0/0","0/0","0/0","0/0","0/0","0/1","0/0","0/0","0/0","0/0","0/0","0/0","0/0","0/0","0/0","0/0","0/0","0/0","0/0","0/0","0/0","0/0","0/0","0/0","0/0","0/0","0/0","0/0","0/0","0/0","0/0","0/0","0/0","0/0","0/0","1/1","0/0","0/0","0/0","0/0","0/0","0/0","0/0","0/0","0/0","0/0","0/0","0/0","0/0","0/0","0/0","0/0","0/0","0/0","0/0","0/0","0/0","0/0","0/0","0/0","0/0","0/0","0/0","0/0","0/0","0/0","0/0","1/1","0/0","0/0","0/0","0/0","0/0","0/0","0/0","0/0","0/0","0/0","1/1","1/1","0/0","0/0","0/0","0/0","0/0","0/0","0/0","0/0","0/0","0/0","0/0","0/0","0/0","0/0","0/0","0/0","0/0","0/0","0/0","0/0","0/0","0/0","0/0","0/1","0/0","0/1","0/1","0/0","0/0","0/0","0/0","0/0","0/0","0/0","0/0","0/0","0/0","0/0","1/1","0/0","0/0","1/1","1/1","0/0","0/0","0/0","0/0","0/0","0/0","0/0","0/0","0/0","0/0","0/0","0/0","0/0","0/0","0/0"
"chrX:51239295_ATCCTCGAGGCAGCC/A_NUDT11","1/1","1/1","1/1","1/1","1/1","1/1","1/1","1/1","1/1","1/1","1/1","1/1","1/1","1/1","1/1","1/1","1/1","1/1","1/1","1/1","1/1","1/1","1/1","1/1","1/1","1/1","1/1","1/1","1/1","1/1","1/1","1/1","1/1","1/1","1/1","1/1","1/1","1/1","1/1","1/1","1/1","1/1","1/1","1/1","1/1","1/1","1/1","1/1","1/1","1/1","1/1","1/1","1/1","1/1","1/1","1/1","1/1","1/1","1/1","1/1","1/1","1/1","1/1","1/1","1/1","1/1","1/1","1/1","1/1","1/1","1/1","1/1","1/1","1/1","1/1","1/1","1/1","1/1","1/1","1/1","1/1","1/1","1/1","1/1","1/1","1/1","1/1","1/1","1/1","1/1","1/1","1/1","1/1","1/1","1/1","1/1","1/1","1/1","1/1","1/1","1/1","1/1","1/1","1/1","1/1","1/1","1/1","1/1","1/1","1/1","1/1","1/1","1/1","1/1","1/1","1/1","1/1","1/1","1/1","1/1","1/1","1/1","1/1","1/1","1/1","1/1","1/1","1/1","1/1","1/1","1/1","1/1","1/1","1/1","1/1","1/1","1/1","1/1","1/1","1/1","1/1","1/1","1/1","1/1","1/1","1/1","1/1","1/1","1/1","1/1","1/1","1/1","1/1"
"chrX:51637811_A/AC_MAGED1","0/0","0/0","0/0","0/0","0/0","0/0","0/0","0/0","0/0","0/0","0/0","0/0","0/0","0/0","0/0","0/0","0/0","0/0","0/0","0/0","0/0","0/0","0/0","0/0","0/0","0/0","0/0","0/0","0/0","0/0","0/0","0/0","0/0","0/0","0/0","0/0","0/0","0/0","0/0","0/0","0/0","0/0","0/0","0/0","0/0","0/0",".","0/0","0/0","0/0","0/0","0/0","0/0","0/0","0/0","0/0","0/0","0/0","0/0","0/0","0/0","0/0","0/0","0/0","0/0","0/0","0/0","0/0","0/0","0/0","0/0","0/0","0/0","0/0","0/0","0/0","0/0","0/0","0/0","0/0","0/0","0/0","0/0","1/1","1/1","0/0","0/0","0/0","0/0","0/0","0/0","0/0","0/0","0/0","0/0","0/0","0/0","0/0","0/0","0/0","0/0","0/0","0/0","0/0","0/0","0/0","0/0","0/0","0/0","0/0","0/0","0/0","0/0","0/0","0/0","0/0","0/0","0/0","0/0","0/0","0/0","0/0","0/0","0/0","0/0","0/0","0/0","0/0","0/0","0/0","0/0","0/0","0/0","0/0","0/0","0/0","0/0","0/0","0/0","0/0","0/0","0/0","0/0","0/0","0/0","0/0","0/0","0/0","0/0","0/0","0/0","0/0","0/0"
"chrX:53111758_CCCGCCGCCG/CCCGCCG_TSPYL2","0/0","0/0","0/0","0/0","0/0","0/0","0/0","0/0","0/0","0/0","0/0","0/0","0/0","0/0","0/0","0/0","0/0","0/0","0/0","0/0","0/0","0/0","0/0","0/0","0/0","0/0","0/0","0/0","0/0","0/0","0/0","0/0","0/0","0/0","0/0","0/0","0/0","0/0","0/0","0/0","0/0","0/0","0/1","0/0","0/0","0/0","0/0","0/0","0/0","0/0","0/0","2/2","0/0","0/0","0/0","0/0","0/0","0/0","0/0","0/0","0/0","0/0","0/1","0/0","0/0","0/0","0/0","0/0","0/0","0/0","0/0","0/0","0/0","0/1","0/0","0/0","0/0","0/0","0/0","0/0","0/0","0/0","0/0","0/0","0/0","0/0","0/0","0/0","0/0","0/0","0/0","0/0","0/0","0/0","0/0","0/0","0/0","0/0","0/0","0/0","0/0","0/0","0/0","0/0","0/0","0/0","0/0","0/0","0/0","0/0","0/0","0/0","0/0","0/0","0/0","0/0","0/0","0/0","0/0","0/0","0/0","0/0","0/0","0/0","0/0","0/0","0/0","0/0","0/0","0/0","0/0","2/2","0/0","0/0","0/0","0/0","0/0","0/0","0/0","0/0","0/0","2/2","2/2","0/0","0/0","0/0","0/0","0/0","0/0","0/0","0/0","0/0","0/0"
"chrX:53112051_C/CG_TSPYL2","0/0","0/0","0/0","0/0","0/0","0/0","0/0","0/0","0/0","0/0","0/0","0/0","0/0","0/0","0/0","0/0","0/0","0/0","0/0","0/0","0/0","0/0","0/0","0/0","0/0","0/0","0/0","0/0","0/0","0/0","0/0","0/0","0/0","0/0","0/0","0/0","0/0","0/0","0/0","0/0","0/0","0/0","0/0","0/0","0/0","0/0","0/0","0/0","0/0","0/0","0/0","0/0","0/0","0/0","0/0","0/0","0/0","0/0","0/0","0/0","0/0","0/0","0/0","0/0","0/0","0/0","0/0","0/0","0/1","0/0","0/0","0/0","0/0","0/0","0/0","0/0","0/0","0/0","0/0","0/0","0/0","0/0","0/0","0/0","0/0","0/0","0/0","0/0","0/0","0/0","0/0","0/0","0/0","0/0","0/0","0/0","0/0","0/0","0/0","0/0","0/0","0/0","0/0","0/0","0/0","0/0","0/0","0/0","0/0","0/0","0/0","0/0","0/0","0/0","0/0","0/0","0/0","0/0","0/0","0/0","0/0","0/0","0/0","0/0","0/0","0/0","0/0","0/0","0/0","0/0","0/0","0/0","0/0","0/0","0/0","0/0","0/0","0/0","0/0","0/0","0/0","0/0","0/0","0/0","0/0","0/0","0/0","0/0","0/0","0/0","0/0","0/0","0/0"
"chrX:53296224_TCTC/T_IQSEC2","0/0","0/0","0/0","0/0","0/0","0/0","0/0","0/0","0/0","0/0","0/0","0/0","0/0","0/0","0/0","0/0","0/0","0/0","0/0","0/0","0/0","0/0","0/0","0/0","0/0","0/0","0/0","0/0","0/1","0/0","0/0","0/0","0/0","0/0","0/0","0/0","0/0","0/1","0/0","0/0","0/0","0/0","0/0","0/0","0/0","0/0","0/0","0/0","0/0","0/0","0/0","0/0","0/0","0/0","0/0","0/0","0/1","0/0","0/0","0/0","0/1","0/0","0/0","0/0","0/0","0/0","0/0","0/0","0/0","0/0","0/0","0/0","0/0","0/0","0/0","0/0","0/0","0/0","0/0","0/0","0/0","0/0","0/0","0/0","0/0","0/0","0/0","0/0","0/0","0/0","0/0","0/0","0/0","0/0","0/0","0/0","0/0","0/0","0/0","0/0","0/0","0/0","0/0","0/0","0/0","0/0","0/0","0/0","0/0","0/0","0/0","0/0","0/0","0/0","0/0","0/0","0/0","0/0","0/0","0/0","0/0","0/0","0/0","0/0","0/0","0/0","0/0","0/0","0/0","0/0","0/0","0/0","0/0","0/0","0/0","0/0","0/0","0/0","0/0","0/0","0/0","0/0","0/0","0/0","0/0","0/0","0/0","0/0","0/0","0/0","0/0","0/0","0/0"
"chrX:54209518_GTGC/G_FAM120C","0/0","0/0","0/0","0/0","0/0","0/0","0/0","0/0","0/0","0/0","0/0","0/0","0/0","0/0","0/0","0/0","0/0","0/0","0/0","0/0","0/0","0/0","0/0","0/0","0/0","0/0","0/0","0/0","0/0","0/0","0/0","0/0","0/0","0/0","0/0","0/0","0/0","0/0","0/0","0/0","0/0","0/0","0/0","0/0","0/0","0/0","0/0","0/0","0/0","0/0","0/0","0/0","0/0","0/0","0/0","0/0","0/0","0/0","0/0","0/0","0/0","0/0","0/0","0/0","0/0","0/0","0/0","0/0","0/0","0/0","0/0","0/0","0/0","0/0","0/0","0/0","0/0","0/0","0/0","0/0","0/1","0/0","0/0","0/0","0/0","0/0","0/0","0/0","0/0","0/0","0/0","0/0","0/0","0/0","0/0","0/0","0/0","0/0","0/0","0/0","0/0","0/0","0/0","0/0","0/0","0/0","0/0","0/0","0/0","0/0","0/0","0/0","0/0","0/0","0/0","0/0","0/0","0/0","0/0","0/0","0/0","0/0","0/0","0/0","0/0","0/0","0/0","0/0","0/0","0/0","0/0","0/0","0/0","0/0","0/0","0/0","0/0","0/1","0/0","0/0","0/0","0/0","0/0","0/0","0/0","0/0","0/0","0/0","0/0","0/0","0/0","0/0","0/0"
"chrX:55039922_C/CA_ALAS2","0/0","0/0","0/0","0/0","0/0","0/0","0/0","0/0","0/0","0/0","0/0","0/0","0/0","0/0","0/0","0/0","0/0","0/0","0/0","0/0","0/0","0/0","0/0","0/0","0/0","0/0","0/0","0/0","0/0","0/0","0/0","0/0","0/0","0/0","0/0","0/0","0/0","0/0","0/0","0/0","0/0","0/0","0/0","0/0","0/0","0/0","0/0","0/0","0/0","0/0","0/0","0/0","0/0","0/0","0/0","0/0","0/0","0/0","0/0","0/0","0/0","0/0","0/0","0/0","0/0","0/0","0/0","0/0","0/0","0/0","0/0","0/0","0/0","0/0","0/0","0/0","0/0","0/0","0/0","0/0","0/0","0/0","0/0","0/0","0/0","0/0","0/0","0/0","0/0","0/0","0/0","0/0","0/0","0/0","0/0","0/0","0/0","0/0","0/0","0/0","0/0","0/0","0/0","0/0","0/0","0/0","0/0","0/0","0/0","0/0","0/0","0/0","0/0","0/0","0/0","0/0","0/0","0/0","0/0","0/0","0/0","0/0","0/0","0/0","0/0","0/1","0/0","0/0","0/0","0/0","0/0","0/0","0/0","0/0","0/0","0/0","0/0","0/0","0/0","0/0","0/0","0/0","0/0","0/0","0/0","0/0","0/0","0/0","0/0","0/0","0/0","0/0","0/0"
"chrX:55172688_TG/T_FAM104B","0/1","0/1","0/1","0/0","0/0","0/0","0/1","0/1","0/1","0/1","0/1","0/0","0/0","0/1","0/1","0/0","0/0","0/0","0/1","0/1","0/1","0/1","0/1","0/0","0/0","0/1","0/0","0/1","0/1","0/1","0/1","0/0","0/1","0/1","0/0","0/0","0/1","0/0","0/1","0/1","0/1","0/1","0/0","0/1","0/1","0/1","0/0","0/0","0/1","0/1","0/1","0/0","0/0","0/1","0/1","0/1","0/0","0/1","0/1","0/1","0/1","0/1","0/1","0/1","0/1","0/1","0/1","0/1","0/1","0/1","0/1","0/1","0/1","0/0","0/0","0/1","0/1","0/1","0/1","0/0","0/0","0/1","0/1","0/0","0/0","0/0","0/0","0/1","0/1","0/1","0/1","0/0","0/0","0/1","0/1","0/1","0/1","0/0","0/1","0/1","0/1","0/1","0/1","0/0","0/0","0/1","0/1","0/0","0/0","0/1","0/0","0/1","0/1","0/1","0/0","0/1","0/1","0/1","0/1","0/1","0/1","0/1","0/1","0/1","0/0","0/0","0/1","0/1","0/1","0/1","0/1","0/1","0/0","0/0","0/0","0/1","0/0","0/0","0/1","0/1","0/1","0/1","0/1","0/0","0/0","0/0","0/1","0/1","0/1","0/1","0/1","0/1","0/1"
"chrX:57618532_C/CGGCGGCGGT_ZXDB","0/0","0/0","0/0","0/0","0/0","0/0",".","0/0",".",".","0/0","0/0","0/0","0/0","0/0","0/0","0/0","0/0","0/0","0/0","0/0","0/0","0/0","0/0","0/0","0/0","0/0","0/0","0/0","0/0","0/0","0/0","0/0","0/0","0/0","0/0","0/0","0/0","0/0","0/0","0/0",".","0/0","0/0","0/0","0/0","1/1","0/0","0/0","0/0",".","0/0","0/0","0/0","0/0","0/0","0/0","0/0","0/0","0/0","0/0","0/0","0/0","0/0","0/0","0/0","0/0","0/0","0/0","0/0","0/0",".",".","0/0","0/0","0/0","0/0","0/0","0/0","0/0","0/0","0/0",".","0/0","0/0","0/0","0/0","0/0","0/0","0/0","0/0","0/0","0/0","0/0","0/0","0/0","0/0","0/0","0/0","0/0","0/0","0/0","0/0","0/0","0/0","0/0",".","0/0","0/0",".",".","0/0","0/0","0/0","0/0","0/0","0/0","0/0",".","0/0","0/0","0/0","0/0","0/0","0/0","0/0","0/0","0/0","0/0","0/0","0/0","0/0","0/0","0/0","0/0",".","0/0","0/0","0/0","0/0","0/0",".","0/0","0/0","0/0","0/0","0/0","0/0",".","0/0","0/0",".","0/0"
"chrX:57618724_T/TAGCGGCGGC_ZXDB","0/0","0/0","0/0","0/0","0/0","0/0","0/0","0/0","0/0","0/0","0/0","0/0","0/0","0/0","0/0","0/0","0/0","0/0","0/0","0/0","0/0","0/0","0/0","0/0","0/0","0/0","0/0","0/0","0/0","0/0","0/0","0/0","0/0","0/0","0/0","0/0","0/0","0/0","0/0","0/0","0/0","0/0","1/1","0/0","0/0","0/0","0/0","0/0","0/0","0/0","0/0","0/0","0/0","0/0","0/0","0/0","0/0","0/0","0/0","0/0","0/0","0/0","0/0","0/0","0/0","0/0","0/0","0/0","0/0","0/0","0/0","0/0","0/0","0/0","0/0","0/0","0/0","0/0","0/0","0/0","0/0","0/0","0/0","0/0","0/0","0/0","0/0","0/0","0/0","0/0","0/0","0/0","0/0","0/0","0/0","0/0","0/0","0/0","0/0","0/0","0/0","0/0","0/0","0/0","0/0","0/0","0/0","0/0","0/0","0/0","0/0","0/0","0/0","0/0","0/0","0/0","0/0","0/0","0/0","0/0","0/0","0/0","0/0","0/0","0/0","0/0","0/0","0/0","0/0","0/0","0/0","0/0","0/0","0/0","0/0","0/0","0/0","0/0","0/0","0/0","0/0","0/0","0/0","0/0","0/0","0/0","0/0","0/0","0/0","0/0","0/0","0/0","0/0"
"chrX:57618725_AGCG/A_ZXDB","0/0","0/0","0/0","0/0","0/0","0/0","0/0","0/0","0/0","0/0","0/1","0/0","0/0","0/0","0/0","0/0","0/0","0/0","0/0","0/0","0/0","0/0","0/0","0/0","0/0","0/0","0/0","0/0","0/0","0/0","0/0","0/0","0/0","0/0","0/0","0/0","0/0","0/0","0/0","0/0","0/0","0/0",".","0/0","0/0","0/0","0/0","0/0","0/0","0/0","0/0","0/0","0/0","0/0","0/0","0/0","0/0","0/0","0/0","0/0","0/0","0/0","0/0","0/0","0/0","0/0","0/0","0/0","0/0","0/0","0/0","0/0","0/0","0/0","0/0","0/0","0/0","0/1","0/0","0/0","0/0","0/0","0/0","0/0","0/0","0/0","0/0","0/0","0/0","0/0","0/0","0/0","0/0","0/0","0/0","0/0","0/0","0/0","0/0","0/0","0/0","0/0","0/0","0/0","0/0","0/0","0/0","0/0","0/0","0/0","0/0","0/0","0/0","0/0","0/0","0/0","0/0","0/0","0/0","0/0","0/0","0/0","0/0","0/0","0/0","0/0","0/0","0/0","0/0","0/0","0/0","0/0","0/0","0/0","0/1","0/0","0/0","0/0","0/0","0/0","0/0","0/0","0/0","0/0","0/0","0/0","0/0","0/0","0/0","0/0","0/0","0/0","0/0"
"chrX:66765155_T/TGCA_AR","0/0","0/0","0/0","0/0","0/0","0/0","0/0","0/0","0/0","0/0","0/0","0/0","0/0","0/0","0/0","0/0","0/0","0/0","0/0","0/0","0/0","0/0","0/0","0/0","0/0","0/0","0/0","0/0","0/0","0/0","0/0","0/0","0/0","0/0","0/0","0/0","0/0","0/0","0/0","0/0","0/0","0/0","0/0","0/0","0/0","0/0","0/0","0/0","0/0","0/0","0/0","0/0","0/0","0/0","0/0","0/0","0/0","0/0","0/0","0/0","0/0","0/0","0/0","0/0","0/0","0/0","0/0","0/0","0/0","0/0","0/0","0/0","0/0","0/0","0/0","0/0","0/0","0/0","0/0","0/0","0/0","0/0","0/0","0/0","0/0","0/0","0/0","0/0","0/0","0/0","0/0","0/0","0/0","0/0","0/0","0/0","0/0","0/0","0/0","0/0","0/0","0/0","0/0","0/0","0/0","0/0","0/0","0/0","0/0","0/0","0/0","0/0","0/0","0/0","0/0","0/0","0/0","0/0","0/0","0/0","0/0","0/0","0/0","0/0","0/0","0/0","0/0","0/0","0/0","0/0","0/0","0/0","0/0","0/0","0/0","0/0","0/0","0/0","0/0","0/0","0/0","0/0","0/0","0/0","0/0","0/0","1/1","1/1","1/1","0/0","0/0","0/0","0/0"
"chrX:66765158_TGCAGCA/TGCA_AR","0/0","0/0","0/0","0/0","0/0","0/0","0/0","0/0","0/0","0/0","1/1","0/0","2/2",".","2/2","2/2","0/2","0/0","4/5","2/3","3/3","1/6","0/3","0/5","0/0","2/2","0/0","4/4","5/5","1/1","1/1","0/5","3/3","0/0","2/3","0/0","2/3","6/6","4/4","2/2","1/4","0/0","0/0","0/0","3/3","0/0","3/3",".","0/0","2/2","4/5","6/6","4/4","0/0","4/4","0/0","0/0","5/5","0/1","4/4","0/0","2/3","4/5","2/2","2/2","0/0","0/0","0/1","0/0","0/0","0/0","0/0","0/0","0/0","0/0","3/3","3/3","0/1","1/1","4/4","4/4","5/5","4/4","3/3","3/3","4/4","0/4","5/5","0/0","0/1","0/0","0/0","0/0","0/0","0/0","0/0","4/5","1/6","0/3","3/3","0/0","0/0","0/0","5/5","5/5","0/0","0/0","0/0","0/0","0/0","0/0","1/1","1/1","0/0",".","0/0","0/0",".","3/6","0/0","3/6","3/6","0/0",".",".",".","0/0","0/0","0/6","6/6","6/6","1/6",".","1/1",".","1/1","1/1","1/1","4/5","0/0","4/4","1/1","1/1","5/5","5/5","5/5","1/1","1/1","1/1","2/2","2/2","2/2","2/2"
"chrX:67718908_GA/G_YIPF6","0/0","0/0","0/0","0/0","0/0","0/0","0/0","0/0","0/0","0/0","0/0","0/0","0/0","0/0","0/0","0/0","0/0","0/1","0/0","0/0","0/0","0/0","0/0","0/0","0/0","0/0","0/0","0/0","0/0","0/0","0/0","0/0","0/0","0/0","0/0","0/0","0/0","0/0","0/0","0/0","0/0","0/0","0/0","0/0","0/0","0/0","0/0","0/0","0/0","0/0","0/0","0/0","0/0","0/0","0/0","0/0","0/0","0/0","0/0","0/0","0/0","0/0","0/0","0/0","0/0","0/0","0/0","0/0","0/0","0/0","0/0","0/0","0/0","0/0","0/0","0/0","0/0","0/0","0/0","0/0","0/0","0/0","0/0","0/0","0/0","0/0","0/0","0/0","0/0","0/0","0/0","0/0","0/0","0/0","0/0","0/0","0/0","0/0","0/0","0/0","0/0","0/0","0/0","0/0","0/0","0/0","0/0","0/0","0/0","0/0","0/0","0/0","0/0","0/0","0/0","0/0","0/0","0/0","0/0","0/0","0/0","0/0","0/0","0/0","0/0","0/0","0/0","0/0","0/0","0/0","0/0","0/0","0/0","0/0","0/0","0/0","0/0","0/0","0/0","0/0","0/0","0/0","0/0","0/0","0/0","0/0","0/0","0/0","0/0","0/0","0/0","0/0","0/0"
"chrX:67718910_TG/T_YIPF6","0/0","0/0","0/0","0/0","0/0","0/0","0/0","0/0","0/0","0/0","0/0","0/0","0/0","0/0","0/0","0/0","0/0","0/1","0/0","0/0","0/0","0/0","0/0","0/0","0/0","0/0","0/0","0/0","0/0","0/0","0/0","0/0","0/0","0/0","0/0","0/0","0/0","0/0","0/0","0/0","0/0","0/0","0/0","0/0","0/0","0/0","0/0","0/0","0/0","0/0","0/0","0/0","0/0","0/0","0/0","0/0","0/0","0/0","0/0","0/0","0/0","0/0","0/0","0/0","0/0","0/0","0/0","0/0","0/0","0/0","0/0","0/0","0/0","0/0","0/0","0/0","0/0","0/0","0/0","0/0","0/0","0/0","0/0","0/0","0/0","0/0","0/0","0/0","0/0","0/0","0/0","0/0","0/0","0/0","0/0","0/0","0/0","0/0","0/0","0/0","0/0","0/0","0/0","0/0","0/0","0/0","0/0","0/0","0/0","0/0","0/0","0/0","0/0","0/0","0/0","0/0","0/0","0/0","0/0","0/0","0/0","0/0","0/0","0/0","0/0","0/0","0/0","0/0","0/0","0/0","0/0","0/0","0/0","0/0","0/0","0/0","0/0","0/0","0/0","0/0","0/0","0/0","0/0","0/0","0/0","0/0","0/0","0/0","0/0","0/0","0/0","0/0","0/0"
"chrX:68725178_TCTG/T_FAM155B","0/0","0/0","0/0","0/0","0/0","0/0","0/0","0/0","0/0","0/0","0/0","0/0","0/0","0/0","0/0","0/0","0/0","0/0","0/0","0/0","0/0","0/0","0/0","0/0","0/0","0/0","0/0","0/0","0/0","0/0","0/0","0/0","0/0","0/0","0/0","0/0","0/0","0/0","0/0","0/0","0/0","0/0","0/0","0/0","0/0","0/0","0/0","0/0","0/0","0/0","0/0","0/0","0/1","0/0","0/0","0/0","0/0","0/0","0/0","0/0","0/0","0/0","0/0","0/0","0/0","0/0","0/0","0/0","0/0","0/1","0/0","0/0","0/0","0/0","0/0","0/0","0/0","0/0","0/0","0/0","0/0","0/0","0/0","0/0","0/0","0/0","0/0","0/0","0/0","0/0","0/0","0/0","0/0","0/0","0/0","0/0","0/0","0/0","0/0","0/0","0/0","0/0","0/0","0/1","0/0","0/0","0/0","0/0","0/0","0/0","0/0","0/0","0/0","0/1","0/0","0/0","0/0","0/0","0/0","0/0","0/0","0/0","0/0","0/0","0/0","0/0","0/0","0/0","0/0","0/0","0/0","0/0","0/0","0/0","0/0","0/0","0/0","0/0","0/0","0/0","0/0","0/0","0/0","0/0","0/0","0/0","0/0","0/0","0/0","0/0","0/0","0/0","0/0"
"chrX:70823459_A/AT_ACRC","0/0","0/0","0/0","0/0","0/0","0/0","0/0","0/0","0/0","0/0","0/0","0/0","0/0","0/0","0/0","0/0","0/0","0/0","0/0","0/0","0/0","0/0","0/0","0/0","0/1","0/0","0/0","0/0","0/0","0/0","0/0","0/0","0/0","0/0","0/0","0/0","0/0","0/0","0/0","0/0","0/0","0/0","0/0","0/0","0/0","0/0","0/0","0/0","0/0","0/0","0/0","0/0","0/0","0/0","0/0","0/0","0/0","0/0","0/0","0/0","0/0","0/0","0/0","0/0","0/0","0/0","0/0","0/0","0/0","0/0","0/0","0/0","0/0","0/0","0/0","0/0","0/0","0/0","0/0","0/0","0/0","0/0","0/0","0/0","0/0","0/0","0/0","0/0","0/0","0/0","0/0","0/0","0/0","0/0","0/0","0/0","0/0","0/0","0/0","0/0","0/0","0/0","0/0","0/0","0/0","0/0","0/0","0/0","0/0","0/0","0/0","0/0","0/0","0/0","0/0","0/0","0/0","0/0","0/0","0/0","0/0","0/0","0/0","0/0","0/0","0/0","0/0","0/0","0/0","0/0","0/0","0/0","0/0","0/0","0/0","0/0","0/0","0/0","0/0","0/0","0/0","0/0","0/0","0/0","0/0","0/0","0/0","0/0","0/0","0/0","0/0","0/0","0/0"
"chrX:72433663_GTCC/G_NAP1L2","0/0","0/0","0/0","0/0","0/0","0/0","0/0","0/0","0/0","0/0","0/0","0/0","0/0","0/0","1/1","0/0","0/0","0/0","0/1","0/0","0/0","0/0","0/0","0/0","0/1","0/0","0/0","0/0","0/0","0/0","0/0","0/0","0/0","0/1","0/1","0/0","0/0","0/0","0/0","0/0","0/0","0/0","0/0","0/0","0/0","0/0","0/0","0/0","0/0","0/0","0/0","0/0","0/1","0/0","0/0","0/0","0/0","0/0","0/0","0/0","0/0","0/0","0/0","0/0","0/0","0/0","0/0","0/0","0/0","0/0","0/1","0/0","0/0","0/0","0/0","0/0","0/0","0/0","0/0","0/0","0/0","0/0","0/0","0/0","0/0","0/0","0/0","0/0","0/0","0/0","0/0","0/0","0/0","0/0","0/0","0/0","0/0","0/0","0/0","0/0","0/0","0/0","0/0","0/0","0/0","0/0","0/0","0/0","0/0","0/0","0/0","0/0","0/0","0/0","0/0","1/1","1/1","0/0","0/0","0/0","0/0","0/0","1/1","0/0","0/0","0/0","0/1","0/0","0/0","0/1","0/0","0/0","0/0","0/0","0/0","0/0","0/0","0/0","0/0","0/0","0/0","0/0","0/0","0/0","0/0","0/0","0/0","0/0","0/0","0/0","0/0","0/0","0/0"
"chrX:78010547_CTGTT/C_LPAR4","0/0","0/0","0/0","0/0","0/0","0/0","0/0","0/0","0/0","0/0","0/0","0/0","0/0","0/0","0/0","0/0","0/0","0/0","0/0","0/0","0/0","0/0","0/0","0/0","0/0","0/0","0/0","0/0","0/0","0/0","0/0","0/0","0/0","0/0","0/0","0/0","0/0","0/0","0/0","0/0","0/0","0/0","0/0","0/0","0/0","0/0","0/0","0/0","0/0","0/0","0/0","0/0","0/0","0/0","0/0","0/0","0/0","0/0","0/0","0/0","0/0","0/0","0/0","0/0","0/0","0/0","0/0","0/0","0/0","0/0","0/0","0/0","0/0","0/0","0/0","0/0","0/0","0/0","0/0","0/0","0/0","0/0","0/0","0/0","0/0","0/0","0/0","0/0","0/0","0/0","0/0","0/0","0/0","0/0","0/0","0/0","0/0","0/0","0/0","0/0","0/0","0/0","0/0","0/0","0/0","0/0","0/0","0/0","0/0","0/0","0/0","0/0","0/0","0/0","0/0","0/0","0/0","0/0","0/0","0/0","0/0","0/0","0/0","0/0","0/0","0/1","0/0","0/0","0/0","0/0","0/0","0/0","0/0","0/0","0/0","0/0","0/0","0/0","0/0","0/0","0/0","0/0","0/0","0/0","0/0","0/0","0/0","0/0","0/0","0/0","0/0","0/0","0/0"
"chrX:100536708_C/CT_TAF7L","0/0","0/0","0/0","0/0","0/0","0/0","0/0","0/0","0/0","0/0","0/0","0/0","0/0","0/0","0/0","0/0","0/0","0/0","0/0","0/0","0/0","0/0","0/0","0/0","0/0","0/0","0/0","0/0","0/0","0/0","0/0","0/0","0/0","0/0","0/0","0/0","0/0","0/0","0/0","0/0","0/0","0/0","0/0","0/0","0/0","0/0","0/0","0/0","0/0","0/0","0/0","0/0","0/0","0/0","0/0","0/0","0/0","0/0","0/0","0/0","0/0","0/0","0/0","0/0","0/0","0/0","0/0","0/0","0/0","0/0","0/0","0/0","0/0","0/0","0/0","0/0","0/0","0/0","0/0","0/0","0/0","0/0","0/0","0/0","0/0","0/0","0/0","0/0","0/0","0/0","0/0","0/0","0/0","0/0","0/0","0/0","0/0","0/0","0/0","0/0","0/0","0/0","0/0","0/0","0/0","0/0","0/0","0/0","0/0","0/0","0/0","0/0","0/0","0/0","0/0","0/0","0/0","0/0","0/0","0/0","0/0","0/0","0/0","0/0","0/0","0/1","0/0","0/0","0/0","0/0","0/0","0/0","0/0","0/0","0/0","0/0","0/0","0/0","0/0","0/0","0/0","0/0","0/0","0/0","0/0","0/0","0/0","0/0","0/0","0/0","0/0","0/0","0/0"
"chrX:100653488_A/AT_GLA","0/0","0/0","0/0","0/0","0/0","0/0","0/0","0/0","0/0","0/0","0/0","0/0","0/0","0/0","0/0","0/0","0/0","0/0","0/0","0/0","0/0","0/0","0/0","0/0","0/0","0/0","0/0","0/0","0/0","0/0","0/0","0/0","0/0","0/0","0/0","0/0","0/0","0/0","0/0","0/0","0/0","0/0","0/0","0/0","0/0","0/0","0/0","0/0","0/0","0/0","0/0","0/0","0/0","0/0","0/0","0/0","0/0","0/0","0/0","0/0","0/0","0/0","0/0","0/0","0/0","0/0","0/0","0/0","0/0","0/0","0/0","0/0","0/0","0/0","0/0","0/0","0/0","0/0","0/0","0/0","0/0","0/0","0/0","0/0","0/0","0/0","0/0","0/0","0/0","0/0","0/0","0/0","0/0","0/0","0/0","0/0","0/0","0/0","0/0","0/0","0/0","0/0","0/0","0/0","0/0","0/0","0/0","0/0","0/0","0/0","0/0","0/0","0/0","0/0","0/0","0/0","0/0","0/0","0/0","0/0","0/0","0/0","0/0","0/0","0/0","0/0","0/0","0/0","0/0","0/0","0/0","0/0","0/0","0/0","0/0","0/0","0/0","0/0","0/0","0/0","0/0","0/0","0/0","0/0","0/0","0/0","0/0","0/0","0/0","0/1","0/1","0/0","0/1"
"chrX:101395780_T/TG_TCEAL6","1/1","1/1","1/1","1/1","1/1","1/1","1/1","1/1","1/1","1/1","1/1","1/1","1/1","1/1","1/1","1/1","1/1","1/1","1/1","1/1","1/1","1/1","1/1","1/1","1/1","1/1","1/1","1/1","1/1","1/1","1/1","1/1","1/1","1/1","1/1","1/1","1/1","1/1","1/1","1/1","1/1","1/1","1/1","1/1","1/1","1/1","1/1","1/1","1/1","1/1","1/1","1/1","1/1","1/1","1/1","1/1","1/1","1/1","1/1","1/1","1/1","1/1","1/1","1/1","1/1","1/1","1/1","1/1","1/1","1/1","1/1","1/1","1/1","1/1","1/1","1/1","1/1","1/1","1/1","1/1","1/1","1/1","1/1","1/1","1/1","1/1","1/1","1/1","1/1","1/1","1/1","1/1","1/1","1/1","1/1","1/1","1/1","1/1","1/1","1/1","1/1","1/1","1/1","1/1","1/1","1/1","1/1","1/1","1/1","1/1","1/1","1/1","1/1","1/1","1/1","1/1","1/1","1/1","1/1","1/1","1/1","1/1","1/1","1/1","1/1","1/1","1/1","1/1","1/1","1/1","1/1","1/1","1/1","1/1","1/1","1/1","1/1","1/1","1/1","1/1","1/1","1/1","1/1","1/1","1/1","1/1","1/1","1/1","1/1","1/1","1/1","1/1","1/1"
"chrX:102632402_G/GA_NGFRAP1","0/0","0/0","0/0","0/0","0/0","0/0","0/0","0/0","0/0","0/0","0/0","0/0","0/0","0/0","0/0","0/0","0/0","0/0","0/0","0/0","0/0","0/1","0/0","0/0","0/0","0/0","0/0","0/0","0/0","0/0","0/0","0/0","0/0","0/0","0/0","0/0","0/0","0/0","0/0","0/0","0/0","0/0","0/0","0/0","0/0","0/0","0/0","0/0","0/0","0/0","0/0","0/0","0/0","0/0","0/0","0/0","0/0","0/0","0/0","0/0","0/0","0/0","0/0","0/0","0/0","0/0","0/0","0/0","0/0","0/0","0/0","0/0","0/0","0/0","0/0","0/0","0/0","0/0","0/0","0/0","0/0","0/0","0/0","0/0","0/0","0/0","0/0","0/0","0/0","0/0","0/0","0/0","0/0","0/0","0/0","0/0","0/0","0/0","0/0","0/0","0/0","0/0","0/0","0/0","0/0","0/0","0/0","0/0","0/0","0/0","0/0","0/1","0/0","0/0","0/0","0/0","0/0","0/0","0/0","0/0","0/0","0/0","0/0","0/0","0/0","0/0","0/0","0/0","0/0","0/0","0/0","0/0","0/0","0/0","0/0","0/0","0/1","0/0","0/0","0/0","0/0","0/0","0/1","0/0","0/0","0/0","0/0","0/0","0/0","0/0","0/0","0/0","0/0"
"chrX:102632462_A/AT_NGFRAP1","0/0","0/0","0/0","0/0","0/0","0/0","0/0","0/0","0/0","0/0","0/0","0/0","0/0","0/0","0/0","0/0","0/0","0/0","0/0","0/0","0/0","0/0","0/0","0/0","0/0","0/0","0/0","0/0","0/0","0/0","0/0","0/0","0/0","0/0","0/0","0/0","0/0","0/0","0/0","0/0","0/0","0/0","0/0","0/0","0/0","0/0","0/0","0/0","0/0","0/0","0/0","0/0","0/0","0/0","0/0","0/0","0/0","0/0","0/0","0/0","0/0","0/0","0/0","0/0","0/0","0/0","0/0","0/0","0/0","0/0","0/0","0/0","0/0","0/0","0/0","0/0","0/0","0/0","0/0","0/0","0/0","0/0","0/0","0/0","0/0","0/0","0/0","0/0","0/0","0/0","0/0","0/0","0/0","0/0","0/0","0/0","0/0","0/0","0/0","0/0","0/0","0/0","0/0","0/0","0/0","0/0","0/0","0/0","0/0","0/0","0/0","0/0","0/0","0/0","0/0","0/0","0/0","0/0","0/0","0/0","0/0","0/0","0/0","0/0","0/0","0/0","0/0","0/0","0/0","0/0","0/0","0/0","0/0","0/0","0/0","0/1","0/0","0/0","0/0","0/0","0/0","0/0","0/0","0/0","0/0","0/0","0/0","0/0","0/0","0/0","0/0","0/0","0/0"
"chrX:103494998_TGGGTGGCAGAGGCGCCATGGGCGGCCC/T_ESX1","0/0","0/0","0/0","0/0","0/0","0/0","0/0","0/0","0/0","0/0","0/0","0/0","0/0","0/0","0/0","0/0","0/0","0/0","0/0","0/0","0/0","0/0","0/0","0/0","0/0","0/0","0/0","0/0","0/0","0/0","0/0","0/0","0/0","0/0","0/0","0/0","0/0","0/0","0/0","0/0","0/0","0/0","0/0","0/0","0/0","0/0","0/0","0/0","0/0","0/0","0/0","0/0","0/0","0/0","0/0","0/0","0/0","0/0","0/0","0/0","0/0","0/0","0/0","0/0","0/0","0/0","0/0","0/0","0/0","0/0","0/0","1/1","0/0","1/1","0/0","0/0","0/0","0/0","0/0","0/0","0/0","0/0","0/0","0/0","0/0","0/0","0/0","0/0","0/0","0/0","0/0","0/0","0/0","0/0","0/0","0/0","0/0","0/0","0/0","0/0","0/0","0/0","0/0","0/0","0/0","0/0","0/0","0/0","0/0","0/0","0/0","0/0","0/0","0/0","0/0","0/0","0/0","0/0","0/0","0/0","0/0","0/0","0/0","0/0","0/0","0/0","0/0","0/0","0/0","0/0","0/0","0/0","0/0","0/0","0/0","0/0","0/0","0/0","0/0","0/0","0/0","0/0","0/0","0/0","0/0","0/0","0/0","0/0","0/0","1/1","0/0","0/0","0/0"
"chrX:104464276_CA/C_TEX13A\x3bTEX13A","1/1","1/1","1/1","1/1","1/1","1/1","1/1","1/1","1/1","1/1","1/1","1/1","1/1","1/1","1/1","1/1","1/1","1/1","1/1","1/1","1/1","1/1","1/1","1/1","1/1","1/1","1/1","1/1","1/1","1/1","1/1","1/1","1/1","1/1","1/1","1/1","1/1","1/1","1/1","1/1","1/1","1/1","1/1","1/1","1/1","1/1","1/1","1/1","1/1","1/1","1/1","1/1","1/1","1/1","1/1","1/1","1/1","1/1","1/1","1/1","1/1","1/1","1/1","1/1","1/1","1/1","1/1","1/1","1/1","1/1","1/1","1/1","1/1","1/1","1/1","1/1","1/1","1/1","1/1","1/1","1/1","1/1","1/1","1/1","1/1","1/1","1/1","1/1","1/1","1/1","1/1","1/1","1/1","1/1","1/1","1/1","1/1","1/1","1/1","1/1","1/1","1/1","1/1","1/1","1/1","1/1","1/1","1/1","1/1","1/1","1/1","1/1","1/1","1/1","1/1","1/1","1/1","1/1","1/1","1/1","1/1","1/1","1/1","1/1","1/1","1/1","1/1","1/1","1/1","1/1","1/1","1/1","1/1","1/1","1/1","1/1","1/1","1/1","1/1","1/1","1/1","1/1","1/1","1/1","1/1","1/1","1/1","1/1","1/1","1/1","1/1","1/1","1/1"
"chrX:106841056_TGAG/T_FRMPD3","0/0","0/0","0/0","0/0","0/0","0/0","0/0","0/0","0/0","0/0","0/0","0/0","0/0","0/0","0/0","0/0","0/0","0/0","0/0","0/0","0/0","0/0","0/0","0/0","0/0","0/0","0/0","0/0","0/0","0/0","0/0","0/0","0/0","0/0","0/0","0/0","0/0","0/0","0/0","0/0","0/0","0/0","0/0","0/0","0/0","0/0","0/0","0/0","0/0","0/0","0/0","0/0","0/0","0/0","0/0","0/0","0/0","0/0","0/0","0/0","0/0","0/0","0/0","0/0","0/0","0/0","0/0","0/0","0/0","0/0","0/1","0/0","0/0","0/0","0/0","0/0","0/0","0/0","0/0","0/0","0/0","0/0","0/0","0/0","0/1","0/0","0/0","0/0","0/0","0/0","0/0","0/0","0/0","0/0","0/0","0/0","0/0","0/0","0/0","0/0","0/0","0/0","0/0","0/0","0/0","0/0","0/0","0/0","0/0","0/0","0/0","0/0","0/0","0/0","0/0","0/0","0/0","0/0","0/0","0/0","0/0","0/0","0/0","0/0","0/0","0/1","0/0","0/0","0/0","0/0","0/0","0/0","0/0","0/0","0/0","0/0","0/0","0/0","0/0","0/0","0/0","0/0","0/0","0/0","0/0","0/0","0/0","0/0","0/0","0/0","0/0","0/0","0/0"
"chrX:107426982_C/CCTT_COL4A6",".","0/0",".",".",".",".",".",".","0/0",".",".",".",".",".",".",".",".",".",".",".",".",".",".",".",".",".",".",".",".",".",".",".",".",".",".",".",".",".",".",".",".",".",".",".",".",".",".",".",".",".","0/0",".",".","0/0","0/0",".",".",".",".",".",".",".",".",".",".",".","1/1",".",".",".",".",".",".",".",".",".",".",".","0/0",".",".",".",".",".",".",".",".",".",".",".","0/0",".",".",".",".",".",".",".",".",".",".",".",".",".",".",".",".",".",".",".",".",".",".",".",".",".",".",".",".",".",".",".",".",".",".",".",".","0/0",".","0/0",".",".",".",".",".",".",".",".","0/0",".","0/0",".",".",".",".",".",".",".",".",".",".",".","0/0"
"chrX:107439764_TTCCCTTTTC/T_COL4A6","0/0","0/0","0/0","0/0","0/0","0/0","0/0","0/0","0/0","0/0","0/0","0/0","0/0","0/0","0/0","0/0","0/0","0/0","0/0","0/0","0/0","0/0","0/0","0/0","0/0","0/0","0/0","0/0","0/0","0/0","0/0","0/0","0/0","0/0","0/0","0/0","0/0","0/0","1/1","0/0","0/0","0/0","0/0","0/0","0/0","0/0","0/0","0/0","0/0","0/0","0/0","0/0","0/0","0/0","0/0","0/0","0/0","0/0","0/0","0/0","0/0","0/0","0/0","0/0","0/0","0/0","0/0","0/0","0/0","0/0","0/0","0/0","0/0","0/0","0/0","0/0","0/0","0/0","0/0","0/0","0/0","0/0","0/0","0/0","0/0","0/0","0/0","0/0","0/0","0/0","0/0","0/0","0/0","0/0","0/0","0/0","0/0","0/0","0/0","0/0","0/0","0/0","0/0","0/0","0/0","0/0","0/0","0/0","0/0","0/0","0/0","0/0","0/0","0/0","0/0","0/0","0/0","0/0","0/0","0/0","0/0","0/0","0/0","0/0","0/0","0/0","0/0","0/0","0/0","0/0","0/0","0/0","0/0","0/0","0/0","0/0","0/0","0/0","0/0","0/0","0/0","0/0","0/0","0/0","0/0","0/0","0/0","0/0","0/0","0/0","0/0","0/0","0/0"
"chrX:107979509_TGCC/T_IRS4","0/0","0/0","0/0","0/0","0/0","0/0","0/0","0/0","0/0","0/0","0/0","0/0","0/0","0/0","0/0","0/0","0/0","0/0","0/0","0/0","0/0","0/0","0/0","0/0","0/0","0/0","0/0","0/0","0/0","0/0","0/0","0/0","0/0","0/0","0/0","0/0","0/0","0/0","0/0","0/0","0/0","0/0","0/0","0/0","0/0","0/0","0/0","0/0","0/0","0/0","0/0","0/0","0/0","0/0","0/0","0/0","0/0","0/0","0/0","0/0","0/0","0/0","0/0","0/0","0/0","0/0","0/0","0/0","0/0","0/0","0/0","0/0","0/0","0/0","0/0","0/0","0/0","0/0","0/0","0/0","0/0","0/0","0/0","0/0","0/0","0/0","0/0","0/0","0/0","0/0","0/0","0/0","0/0","0/0","0/0","0/0","0/0","0/0","0/0","0/0","0/0","0/0","0/0","0/0","0/0","0/0","0/0","0/0","0/0","0/0","0/0","0/0","0/0","0/0","0/0","0/0","0/0","0/0","0/0","0/0","0/0","0/0","0/0","0/0","0/0","0/0","0/0","0/0","0/0","0/0","0/0","0/0","0/0","0/0","0/1","0/0","0/0","0/0","0/0","0/0","0/0","0/0","0/0","0/0","0/0","0/0","0/0","0/0","0/1","0/0","0/0","0/0","0/0"
"chrX:109561206_GGGA/G_AMMECR1","0/0","0/0","0/0","0/0","0/0","0/0","0/0","0/0","0/0","0/0","0/0","0/0","0/0","0/0","0/0","0/0","0/0","0/0","0/0","0/0","0/0","0/0","0/0","0/0","0/0","0/0","0/0","0/0","0/0","0/0","0/0","0/0","0/0","0/0","0/0","0/0","0/0","0/0","0/0","0/0","0/0","0/0","0/0","0/0","0/0","0/0","0/0","0/0","0/0","0/0","0/0","0/0","0/0","0/0","0/0","0/0","0/0","0/0","0/0","0/0","0/0","0/0","0/0","0/0","0/0","0/0","0/0","0/0","0/0","0/1","0/0","0/0","0/0","0/0","0/0","0/0","0/0","0/0","0/0","0/0","0/0","0/0","0/0","0/0","0/0","0/0","0/0","0/0","0/0","0/0","0/0","0/0","0/0","0/0","0/0","0/0","0/0","0/0","0/0","0/0","0/0","0/0","0/0","0/0","0/0","0/0","0/0","0/0","0/0","0/0","0/0","0/0","0/0","0/0","0/0","0/1","0/0","0/0","0/0","0/0","0/0","0/0","0/0","0/0","0/0","0/0","0/0","0/0","0/0","0/0","0/0","0/0","0/0","0/0","0/0","0/0","0/0","0/0","0/0","0/0","0/0","0/0","0/0","0/0","0/0","0/0","0/0","0/0","0/0","0/0","0/0","0/0","0/0"
"chrX:110987953_TACCACCACCACCACC/TACCACCACCACCACCACC_ALG13","0/0","0/0","0/0","0/0","0/0","0/0","0/0","0/0","0/0","0/0","0/0","0/0","0/0","0/0","0/0","1/1","0/0","0/0","0/0","0/0","0/0","1/1","0/0","0/0","0/0","0/0","0/0","0/0","0/0","0/0","0/0","0/0","0/0","0/0","0/0","1/1","0/2","0/0","0/0","0/0","0/0","0/0","0/0","0/0","0/0","0/0","0/0","0/0","0/0","0/0","0/0","0/0","0/0","0/0","0/0","0/0","0/0","0/0","0/0","1/1","0/0","0/0","0/0","0/0","0/0","0/0","0/0","0/3","0/3","0/0","0/0","0/0","0/0","0/0","0/0","0/0","0/0","0/0","0/0","0/0","0/0","0/0","0/0","0/0","0/0","0/0","0/0","0/0","0/0","0/0","0/0","0/0","0/0","0/0","0/0","0/0","0/0","0/0","0/0","0/0","0/0","0/0","0/0","0/0","0/0","0/0","0/0","0/0","0/0","0/0","0/0","0/0","0/0","0/0","0/0","0/0","0/0","0/0","0/0","0/0","0/1","0/0","0/0","0/0","0/0","0/0","0/0","0/0","0/0","0/0","0/0","0/0","0/0","0/0","0/0","0/0","0/0","0/0","0/0","0/0","0/0","0/0","0/0","0/0","0/0","0/0","0/0","0/0","0/0","0/0","0/0","0/0","0/0"
"chrX:110987996_ACCT/A_ALG13","0/0","0/0","0/0","0/0","0/0","0/0","0/0","0/0","0/0","0/0","0/0","0/0","0/0","0/0","0/0","0/0","0/0","0/0","0/1","0/0","0/1","0/0","0/0","0/0","0/0","0/0","0/0","0/0","0/0","0/0","0/0","0/0","0/1","0/0","0/1","0/0","0/0","0/0","0/0","0/1","0/0","0/0","0/0","0/0","0/0","0/0","0/0","0/1","0/0","0/0","0/0","0/0","0/0","0/0","0/1","0/0","0/0","0/0","0/0","0/0","0/0","0/1","0/0","0/0","0/0","0/0","1/1","0/0","0/0","1/1","0/0","0/0","0/0","0/0","0/0","0/0","0/0","0/0","0/0","0/0","0/0","0/0","0/0","0/0","0/0","0/0","0/0","0/0","0/0","0/0","0/0","0/0","0/0","0/0","0/0","0/0","0/0","0/0","0/0","0/0","0/0","0/0","0/0","0/0","0/0","0/0","0/0","0/0","0/0","0/0","0/0","0/0","0/0","0/0","0/0","0/0","0/0","0/0","0/0","0/0","0/0","0/0","0/0","0/0","0/0","0/1","0/0","0/0","0/0","0/0","0/0","0/0","0/0","0/0","0/0","0/0","0/0","0/0","0/0","0/0","0/0","0/0","0/0","0/0","0/0","0/0","0/0","0/0","0/0","0/0","0/0","0/1","0/0"
"chrX:112022476_ACAG/A_AMOT","0/0","0/0","0/0","0/0","0/0","0/0","0/0","0/0","0/0","0/0","0/0","0/1","0/0","0/0","0/0","0/0","0/0","0/0","0/0","0/0","0/0","0/0","0/0","0/0","0/0","0/0","0/0","0/0","0/0","0/0","0/0","0/0","0/0","0/0","0/0","0/0","0/0","0/0","0/0","0/0","0/0","0/0","0/0","0/0","0/0","0/0","0/0","0/0","0/0","0/0","0/0","0/0","0/0","0/0","0/0","0/0","0/0","0/0","0/0","0/0","0/0","0/0","0/0","0/0","0/0","0/0","0/0","0/0","0/0","0/0","0/0","0/0","0/0","0/0","0/0","0/0","0/0","0/0","0/0","0/0","0/0","0/0","0/0","0/0","0/0","0/0","0/0","0/0","0/0","0/0","0/0","0/0","0/0","0/0","0/0","0/0","0/0","0/0","0/0","0/0","0/0","0/0","0/0","0/0","0/0","0/0","0/0","0/0","0/0","0/0","0/0","0/0","0/0","0/0","0/0","0/0","0/0","0/0","0/0","0/0","0/0","0/0","0/0","0/0","0/0","0/0","0/0","0/0","0/0","0/0","0/0","0/0","0/0","0/0","0/0","0/0","0/0","0/0","0/0","0/0","0/0","0/0","0/0","0/0","0/0","0/0","0/0","0/0","0/0","0/0","0/0","0/0","0/0"
"chrX:113965926_GC/G_HTR2C","0/0","0/0","0/0","0/0","0/0","0/0","0/0","0/0","0/0","0/0","0/0","0/0","0/0","0/0","0/0","0/0","0/0","0/0","0/0","0/0","0/0","0/0","0/0","0/0","0/0","0/0","0/0","0/0","0/0","0/0","0/0","0/0","0/0","0/0","0/0","0/0","0/0","0/0","0/0","0/0","0/0","0/0","0/0","0/0","0/0","0/0","0/0","0/0","0/0","0/0","0/0","0/0","0/0","0/0","0/0","0/0","0/0","0/0","0/0","0/0","0/0","0/0","0/0","0/0","0/0","0/0","0/0","0/0","0/0","0/0","0/0","0/0","0/0","0/0","0/0","0/0","0/0","0/0","0/0","0/0","0/0","0/0","0/0","0/0","0/0","0/0","0/0","0/0","0/0","0/0","0/0","0/0","0/0","0/0","0/0","0/0","0/0","0/0","0/0","0/0","0/0","0/0","0/0","0/0","0/0","0/0","0/0","0/0","0/0","0/0","0/0","0/0","0/0","0/0","0/0","0/0","0/0","0/0","0/0","0/0","0/0","0/0","0/0","0/0","0/0","0/0","0/0","0/0","0/0","0/0","0/0","0/0","0/0","0/0","0/0","0/1","0/0","0/0","0/0","0/0","0/0","0/0","0/0","0/0","0/0","0/0","0/0","0/0","0/0","0/0","0/0","0/0","0/0"
"chrX:119387833_C/CTGA_ZBTB33","0/1","0/1","0/1","0/0","1/1","1/1","0/0","0/0","0/0","1/1","1/1","1/1","1/1","0/0","0/0","0/0","1/1","1/1","1/1","1/1","1/1","1/1","1/1","1/1","0/0","1/1","1/1","1/1","1/1","1/1","1/1","1/1","1/1","0/0","0/0","0/0","1/1","1/1","0/0","1/1","1/1","1/1","1/1","1/1","1/1","1/1","0/0","1/1","1/1","1/1","0/0","1/1","1/1","0/0","1/1","0/1","0/1","1/1","1/1","1/1","0/0","1/1","0/0","0/0","0/0","0/0","1/1","1/1","1/1","1/1","0/0","0/0","0/0","1/1","1/1","1/1","1/1","1/1","1/1","0/0","0/0","1/1","0/0","1/1","1/1","0/0","0/0","0/0","1/1","1/1","0/0","0/0","0/0","1/1","1/1","0/0","0/0","0/0","0/1","0/1","1/1","1/1","1/1","0/0","0/0","0/0","0/0","1/1","1/1","1/1","0/0","1/1","1/1","1/1","1/1","0/0","0/0","0/0","1/1","0/0","1/1","1/1","0/0","0/0","1/1","1/1","1/1","1/1","0/0","0/0","0/0","0/0","0/0","0/0","0/0","0/0","0/0","0/0","1/1","1/1","1/1","0/0","0/0","0/0","0/0","0/0","0/0","0/0","0/0","0/0","0/0","0/0","0/0"
"chrX:122336600_T/TG_GRIA3","1/1","1/1","1/1","1/1","1/1","1/1","1/1","1/1","1/1","1/1","1/1","1/1","1/1","1/1","1/1","1/1","1/1","1/1","1/1","1/1","1/1","1/1","1/1","1/1","1/1","1/1","1/1","1/1","1/1","1/1","1/1","1/1","1/1","1/1","1/1","1/1","1/1","1/1","1/1","1/1","1/1","1/1","1/1","1/1","1/1","1/1","1/1","1/1","1/1","1/1","1/1","1/1","1/1","1/1","1/1","1/1","1/1","1/1","1/1","1/1","1/1","1/1","1/1","1/1","1/1","1/1","1/1","1/1","1/1","1/1","1/1","1/1","1/1","1/1","1/1","1/1","1/1","1/1","1/1","1/1","1/1","1/1","1/1","1/1","1/1","1/1","1/1","1/1","1/1","1/1","1/1","1/1","1/1","1/1","1/1","1/1","1/1","1/1","1/1","1/1","1/1","1/1","1/1","1/1","1/1","1/1","1/1","1/1","1/1","1/1","1/1","1/1","1/1","1/1","1/1","1/1","1/1","1/1","1/1","1/1","1/1","1/1","1/1","1/1","1/1","1/1","1/1","1/1","1/1","1/1","1/1","1/1","1/1","1/1","1/1","1/1","1/1","1/1","1/1","1/1","1/1","1/1","1/1","1/1","1/1","1/1","1/1","1/1","1/1","1/1","1/1","1/1","1/1"
"chrX:123205086_AC/A_STAG2","0/0","0/0","0/0","0/0","0/0","0/0","0/0","0/0","0/0","0/0","0/0","0/0","0/0","0/0","0/0","0/0","0/0","0/0","0/0","0/0","0/0","0/0","0/0","0/0","0/0","0/0","0/0","0/0","0/0","0/0","0/0","0/0","0/0","0/0","0/0","0/0","0/1","0/0","0/0","0/0","0/0","0/0","0/0","0/0","0/0","0/0","0/0","0/0","0/0","0/0","0/0","0/0","0/0","0/0","0/0","0/0","0/0","0/0","0/0","0/0","0/0","0/0","0/0","0/0","0/0","0/0","0/0","0/0","0/0","0/0","0/0","0/0","0/0","0/0","0/0","0/0","0/0","0/0","0/0","0/0","0/0","0/0","0/0","0/0","0/0","0/0","0/0","0/0","0/0","0/0","0/0","0/0","0/0","0/0","0/0","0/0","0/0","0/0","0/0","0/0","0/0","0/0","0/0","0/0","0/0","0/0","0/0","0/0","0/0","0/0","0/0","0/0","0/0","0/0","0/0","0/0","0/0","0/0","0/0","0/0","0/0","0/0","0/0","0/0","0/0","0/0","0/0","0/0","0/0","0/0","0/0","0/0","0/0","0/0","0/0","0/0","0/0","0/0","0/0","0/0","0/0","0/0","0/0","0/0","0/0","0/0","0/0","0/0","0/0","0/0","0/0","0/0","0/0"
"chrX:128926977_AC/A_SASH3","0/0","0/0","0/0","0/0","0/0","0/0","0/0","0/0","0/0","0/0","0/0","0/0","0/0","0/0","0/0","0/0","0/0","0/0","0/0","0/0","0/0","0/1","0/0","0/0","0/0","0/0","0/0","0/0","0/0","0/0","0/0","0/0","0/0","0/0","0/0","0/0","0/0","0/0","0/0","0/0","0/0","0/0","0/0","0/0","0/0","0/0","0/0","0/0","0/0","0/0","0/0","0/0","0/0","0/0","0/0","0/0","0/0","0/0","0/0","0/0","0/0","0/0","0/0","0/0","0/0","0/0","0/0","0/0","0/0","0/0","0/0","0/0","0/0","0/0","0/0","0/0","0/0","0/0","0/0","0/0","0/0","0/0","0/0","0/0","0/0","0/0","0/0","0/0","0/0","0/0","0/0","0/0","0/0","0/0","0/0","0/0","0/0","0/0","0/0","0/0","0/0","0/0","0/0","0/0","0/0","0/0","0/0","0/0","0/0","0/0","0/0","0/0","0/0","0/0","0/0","0/0","0/0","0/0","0/0","0/0","0/0","0/0","0/0","0/0","0/0","0/0","0/0","0/0","0/0","0/0","0/0","0/0","0/0","0/0","0/0","0/0","0/0","0/0","0/0","0/0","0/0","0/0","0/0","0/0","0/0","0/0","0/0","0/0","0/0","0/0","0/0","0/0","0/0"
"chrX:130678922_G/GA_OR13H1","0/0","0/0","0/0","0/0","0/0","0/0","0/0","0/0","0/0","0/0","0/0","0/0","0/0","0/0","0/0","0/0","0/0","0/0","0/0","0/0","0/0","0/0","0/0","0/0","0/0","0/0","0/0","0/0","0/0","0/0","0/0","0/0","0/0","0/0","0/0","0/0","0/0","0/0","0/0","0/0","0/0","0/0","0/0","0/0","0/0","0/0","0/0","0/0","0/0","0/0","0/1","0/0","0/0","0/0","0/0","0/0","0/0","0/0","0/0","0/0","0/0","0/0","0/0","0/0","0/0","0/0","0/0","0/0","0/0","0/0","0/0","0/0","0/0","0/0","0/0","0/0","0/0","0/0","0/0","0/0","0/0","0/0","0/0","0/0","0/0","0/0","0/0","0/0","0/0","0/0","0/0","0/0","0/0","0/0","0/0","0/0","0/0","0/0","0/0","0/0","0/0","0/0","0/0","0/0","0/0","0/0","0/0","0/0","0/0","0/0","0/0","0/0","0/0","0/0","0/0","0/0","0/0","0/0","0/0","0/0","0/0","0/0","0/0","0/0","0/0","0/0","0/0","0/0","0/0","0/0","0/0","0/0","0/0","0/0","0/0","0/0","0/0","0/0","0/0","0/0","0/0","0/0","0/0","0/0","0/0","0/0","0/0","0/0","0/0","0/0","0/0","0/0","0/0"
"chrX:135474444_AGAT/A_ADGRG4","0/1","0/1","0/1","1/1","1/1","1/1","1/1","1/1","1/1","0/0","1/1","1/1","1/1","1/1","1/1","1/1","1/1","1/1","1/1","1/1","0/1","1/1","1/1","1/1","1/1","1/1","1/1","1/1","1/1","1/1","1/1","1/1","1/1","1/1","1/1","1/1","1/1","1/1","1/1","1/1","1/1","1/1","1/1","1/1","1/1","1/1","0/0","1/1","1/1","1/1","1/1","1/1","1/1","1/1","0/0","1/1","1/1","1/1","1/1","1/1","1/1","1/1","1/1","1/1","1/1","0/0","1/1","1/1","1/1","1/1","0/0","1/1","1/1","1/1","1/1","1/1","1/1","1/1","1/1","1/1","1/1","1/1","1/1","1/1","1/1","1/1","1/1","1/1","1/1","1/1","1/1","0/0","0/0","1/1","1/1","1/1","1/1","1/1","1/1","1/1","1/1","1/1","1/1","1/1","1/1","1/1","1/1","1/1","1/1","1/1","1/1","0/0","0/0","1/1","1/1","1/1","1/1","1/1","1/1","1/1","1/1","1/1","1/1","1/1","1/1","1/1","1/1","1/1","1/1","1/1","1/1","0/0","1/1","1/1","1/1","1/1","1/1","1/1","1/1","1/1","1/1","0/0","0/0","1/1","1/1","1/1","1/1","1/1","1/1","1/1","1/1","1/1","1/1"
"chrX:135494500_GT/G_ADGRG4","0/0","0/0","0/0","0/0","0/0","0/0","0/0","0/0","0/0","0/0","0/0","0/0","0/0","0/0","0/0","0/0","0/0","0/0","0/0","0/0","0/0","0/0","0/0","0/0","0/0","0/0","0/0","0/0","0/0","0/0","0/0","0/0","0/0","0/0","0/0","0/0","0/0","0/0","0/0","0/0","0/0","0/0","0/0","0/0","0/0","0/0","0/0","0/0","0/0","0/0","0/0","0/0","0/0","0/0","0/0","0/0","0/0","0/0","0/0","0/0","0/0","0/0","0/0","0/0","0/0","0/0","0/0","0/0","0/0","0/0","0/0","0/0","0/0","0/0","0/0","0/0","0/0","0/0","0/0","0/0","0/0","0/0","0/0","0/0","0/0","0/0","0/0","0/0","0/0","0/0","0/0","0/0","0/0","0/0","0/0","0/0","0/0","0/0","0/0","0/0","0/0","0/0","0/0","0/0","0/0","0/0","0/0","0/0","0/0","0/0","0/0","0/0","0/0","0/0","0/0","1/1","1/1","0/0","0/0","0/0","0/0","0/0","1/1","0/0","0/0","0/0","0/0","0/0","0/0","0/0","0/0","0/0","0/0","0/0","0/0","0/0","0/0","0/0","0/0","0/0","0/0","0/0","0/0","0/0","0/0","0/0","0/0","0/0","0/0","0/0","0/0","0/0","0/0"
"chrX:140993926_CTGAGTCTTTTCCAGAGTTTCTCTGAGAGAACTCAGAGTACTTTTGAGGGTTTTGCCCAGTCTTCTCTCCAGATTCCTGTGAGCCCCTCCTTCTCCTCCACTTTAG/C_MAGEC1","0/0","0/0","0/0","0/0","0/0","0/0","0/0","0/0","0/0","1/1","0/0","0/0","0/0","0/0","1/1","0/0","0/0","0/0","0/0","0/0","0/0","0/0","0/0","0/0","0/0","0/0","0/0","0/0","0/0","0/0","0/0","0/0","0/0",".","0/0","0/0","0/0","0/0","0/0","0/0","0/0","0/0","0/0","0/0","0/0","0/0","0/0","2/2","0/0","0/0","0/0","0/0","0/0","0/0","0/0",".","0/0","0/0","0/0","0/0","0/0","0/0","2/2","0/0","0/0","0/0","0/0","0/0","0/0","0/0","0/0","0/0","0/0","0/0","0/0","0/0","0/0","0/0","0/0","0/0","0/0","0/0","0/0","0/0","0/0","0/0","0/1",".","0/0","0/0","0/0","0/0","0/0","0/0","0/0","0/0",".","0/0","0/0","0/0","0/0","0/0","0/0","0/0","0/0","0/0","0/0","0/0","0/0","0/0","0/0","0/0","0/0","0/0","0/0","0/0","0/0","0/0","0/0","0/0","0/0","0/0","0/0","0/0","0/0","0/0","0/0","0/0","0/0","0/0","0/0","0/0","2/2","0/0","2/2","2/2","0/0","0/0","0/0","0/0","0/0","0/0","0/0","0/0","0/0","0/0","0/0","0/2","0/0","0/0","0/0","0/0","0/0"
"chrX:140995265_TC/T_MAGEC1","0/0","0/0","0/0","0/0","0/0","0/0","0/0","0/0","0/0","0/0","0/0","0/0","0/0","0/0","0/0","0/0","0/0","0/0","0/0","0/0","0/0","0/1","0/0","0/0","0/0","0/0","0/0","0/0","0/0","0/0","0/0","0/0","0/0","0/0","0/0","0/0","0/0","0/0","0/0","0/0","0/0","0/0","0/0","0/0","0/0","0/0","0/0","0/0","0/0","0/0","0/0","0/0","0/0","0/0","0/0","0/0","0/0","0/0","0/0","0/0","0/0","0/0","0/0","0/0","0/0","0/0","0/0","0/0","0/0","0/0","0/0","0/0","0/0","0/0","0/0","0/0","0/0","0/0","0/0","0/0","0/0","0/0","0/0","0/0","0/0","0/0","0/0","0/0","0/0","0/0","0/0","0/0","0/0","0/0","0/0","0/0","0/0","0/0","0/0","0/0","0/0","0/0","0/0","0/0","0/0","0/0","0/0","0/0","0/0","0/0","0/0","0/0","0/0","0/0","0/0","0/0","0/0","0/0","0/0","0/0","0/0","0/0","0/0","0/0","0/0","0/0","0/0","0/0","0/0","0/0","0/0","0/0","0/0","0/0","0/0","0/0","0/0","0/0","0/0","0/0","0/0","0/0","0/0","0/0","0/0","0/0","0/0","0/0","0/0","0/0","0/0","0/0","0/0"
"chrX:149862013_C/CCGG_MTMR1","0/0","0/0","0/0","0/0","0/0","0/0","0/0","0/0",".","0/0","0/0","0/0","0/0",".","0/0","0/0","0/0","0/0","0/0","0/0","0/0","0/0","0/0","0/0","0/0","0/0","0/0",".","0/0","0/0","0/0","0/0","0/0","0/0","0/0","0/0","0/0",".","0/0","0/0",".","0/0","0/0","0/0","0/0","0/0","0/0","0/0","0/0",".","0/0","0/0","0/0","0/0","0/0","0/0","0/0","0/0","0/0","0/0",".","0/0","0/0","0/0","0/0","0/0",".","0/1","0/0","0/0",".","0/0","0/0","0/0",".","0/0",".","0/0","0/0","0/0","0/0","0/0","0/0","0/0","0/0","0/0",".","0/0","0/0","0/0",".","0/0","0/0","0/0",".","0/0","0/0",".","0/0","0/0","0/0","0/0","0/0","0/0","0/0","0/0",".","0/0","0/0","0/0","0/0","0/0","0/0","0/0",".","0/0","0/0","0/0",".","0/0","0/0","0/0","0/0","0/0",".",".","0/0",".","0/0","0/0","0/0","0/0","0/0",".","0/0",".","0/0",".","0/0","0/0","0/0","0/0","0/0","0/0",".","0/0",".",".","0/0","0/0","0/0","0/0","."
"chrX:149862041_AGGGCGGCGGGGGCCCGAACCCGGGGCCGGCGGGCGGCAGGAGGCCTCCTCGGGCCGCGG/A_MTMR1","0/0","0/0","0/0","0/0","0/0","0/0","0/0","0/0",".","0/0","0/0","0/0","0/0",".","0/0","0/0","0/0","0/0","0/0","0/0","0/0","0/0","0/0","0/0","0/0","0/1","0/0","0/0","0/0","0/0","0/0","0/0","0/0","0/0","0/0","0/0","0/0",".","0/0","0/0","0/0","0/0","0/0","0/0","0/0","0/0","0/0","0/0","0/0","0/0","0/0","0/0","0/0","0/0","0/0","0/0","0/0","0/0","0/0","0/0","0/0","0/0","0/0","0/0","0/0","0/0",".","0/0","0/0","0/0",".","0/0","0/0","0/0",".","0/0",".","0/0","0/0","0/0","0/0","0/0","0/0","0/0",".","0/0","0/0",".","0/0","0/0",".","0/0","0/0","0/0","0/0","0/0","0/0",".","0/0","0/0","0/0","0/0","0/0","0/0","0/0","0/0","0/0","0/0",".","0/0",".","0/0","0/0","0/0","0/0","0/0","0/0","0/0",".","0/0","0/0","0/0","0/0","0/0","0/0",".",".",".","0/0","0/0","0/0","0/0","0/0","0/0","0/0","0/0","0/0","0/0","0/0","0/0","0/0","0/0","0/0","0/0","0/0","0/0",".",".","0/0",".","0/0","0/0","0/0"
"chrX:150349557_CCACCACTGGCCA/C_GPR50","0/1","0/1","0/1","0/0","0/0","0/0","0/0","0/0","0/0","0/0","1/1","0/0","0/0","0/0","0/0","0/0","0/1","0/0","0/0","1/1","0/0","0/0","0/0","1/1","0/0","0/0","1/1","0/0","0/0","0/0","0/0","1/1","0/0","0/0","0/0","0/0","0/0","0/0","1/1","0/0","0/1","0/0","0/0","0/0","0/0","0/0","1/1","0/0","0/0","0/1","1/1","0/0","1/1","0/0","1/1","0/0","0/0","0/0","0/0","0/0","0/0","0/0","0/0","1/1","1/1","0/0","1/1","0/1","0/1","1/1","0/0","1/1","1/1","0/0","0/0","0/0","0/0","1/1","1/1","0/0","0/0","0/0","1/1","0/0","0/0","0/0","0/0","0/0","1/1","1/1","1/1","0/0","0/0","1/1","1/1","1/1","0/0","0/1","0/0","0/0","0/0","0/0","0/0","0/0","0/0","0/0","0/0","0/0","0/0","0/0","0/0","0/0","0/0","1/1","1/1","0/0","0/0","0/0","0/0","0/0","0/0","0/0","0/0","0/0","1/1","1/1","1/1","1/1","1/1","1/1","1/1","0/0","0/0","0/0","0/0","0/0","0/0","0/0","0/0","0/0","0/0","0/0","0/0","0/0","0/0","0/0","1/1","1/1","1/1","0/0","0/0","0/0","0/0"
"chrX:150817141_CGCT/C_PASD1","0/0","0/0","0/0","0/0","0/0","0/0","0/0","0/0","0/0","0/0","0/0","0/0","0/0","0/0","0/1","0/0","0/0","0/0","0/0","0/0","0/1","0/0","0/0","0/0","0/0","0/0","0/0","0/0","0/0","0/0","0/0","0/0","0/0","0/0","0/0","0/0","0/0","0/0","0/0","0/0","0/0","0/0","0/0","0/0","0/0","0/0","0/0","0/0","0/0","0/0","0/0","0/0","0/0","0/0","0/0","0/0","0/0","0/0","0/0","0/0","0/0","0/0","0/0","0/0","0/0","0/0","0/0","0/0","0/0","0/0","0/0","0/0","0/0","0/0","0/0","0/0","0/0","0/0","0/0","0/0","0/0","0/0","0/0","0/0","0/0","0/0","0/0","0/0","0/0","0/0","0/0","0/0","0/0","0/0","0/0","0/0","0/0","0/0","0/0","0/0","0/0","0/0","0/0","0/0","0/0","0/0","0/0","0/0","0/0","0/0","0/0","0/0","0/0","0/0","0/0","0/0","0/0","0/0","0/0","0/0","0/0","0/0","0/0","0/0","0/0","0/0","0/0","0/0","0/0","0/0","0/0","0/0","0/0","0/0","0/0","0/0","0/0","0/0","0/0","0/0","0/0","0/0","0/0","0/0","0/0","0/0","0/0","0/0","0/0","0/0","0/0","0/0","0/0"
"chrX:152087569_CGAG/C_ZNF185","0/0","0/0","0/0","0/0","0/0","0/0","0/0","0/0","0/0","0/0","0/0","0/0","0/0","0/0","0/0","0/0","0/0","0/0","0/0","0/0","0/0","0/0","0/0","0/0","0/0","0/0","0/0","0/0","0/0","0/0","0/0","0/0","0/0","0/0","0/0","0/0","0/0","0/0","0/0","0/0","0/0","0/0","0/0","0/0","0/0","0/0","0/0","0/0","0/0","0/0","0/0","0/0","0/0","0/0","0/0","0/0","0/0","0/1","0/0","0/0","0/0","0/0","0/0","0/0","0/0","0/0","0/0","0/0","0/0","0/0","0/0","0/0","0/0","0/0","0/0","0/0","0/0","0/0","0/0","0/0","0/0","0/0","0/0","0/0","0/0","0/0","0/0","0/0","0/0","0/0","0/0","0/0","0/0","0/0","0/0","0/0","0/0","0/0","0/0","0/0","0/0","0/0","0/0","0/0","0/0","0/0","0/0","0/0","0/0","0/0","0/0","0/0","0/0","0/0","0/0","0/0","0/0","0/0","0/0","0/0","0/0","0/0","0/0","0/0","0/0","0/0","0/0","0/0","0/0","0/0","0/0","0/0","0/0","0/0","0/0","0/0","0/0","0/0","0/0","0/0","0/0","0/0","0/0","0/0","0/0","0/0","0/0","0/0","0/0","0/0","0/0","0/0","0/0"
"chrX:152482903_AGAG/A_MAGEA1","0/0","0/0","0/0","0/0","1/1","1/1","0/0","0/0","0/0","0/0","0/0","0/0","0/0","0/0","0/0","0/0","0/0","0/0","0/0","0/0","0/0","0/0","0/0","0/0","0/0","0/0","0/0","0/0","0/0","0/0","0/0","0/0","0/0","0/0","0/0","0/0","0/0","0/0","0/0","0/0","0/0","0/0","0/0","0/0","0/0","0/0","0/0","0/0","0/0","0/0","0/0","0/0","0/0","0/0","0/0","0/0","0/0","0/0","0/0","0/0","0/0","0/0","0/0","0/0","0/0","0/0","0/0","0/0","0/0","0/0","0/0","0/0","0/0","0/0","0/0","0/0","0/0","0/0","0/0","0/0","0/0","0/0","0/0","0/0","0/0","0/0","0/0","0/0","0/0","0/0","0/0","0/0","0/0","0/0","0/0","0/0","0/0","0/0","0/0","0/0","0/0","0/0","0/0","0/0","0/0","0/0","0/0","0/0","0/0","0/0","0/0","0/0","0/0","0/0","0/0","0/0","0/0","0/0","0/0","0/0","0/0","0/0","0/0","0/0","0/0","0/0","0/0","0/0","0/0","0/0","0/0","0/0","0/0","0/0","0/0","0/0","0/0","0/0","0/0","0/0","0/0","0/0","0/0","0/0","0/0","0/0","0/0","0/0","0/0","0/0","0/0","0/0","0/0"
"chrX:152864477_G/GC_FAM58A","1/1",".",".",".",".",".",".","1/1","1/1",".",".",".",".",".",".",".",".",".","1/1",".","1/1",".",".",".","1/1",".",".",".",".","1/1",".",".",".",".",".",".","1/1","1/1",".",".",".",".",".","1/1","1/1","1/1","1/1",".",".",".",".",".",".",".","1/1",".","1/1","1/1","1/1",".",".","1/1","1/1",".",".",".","1/1","1/1","1/1",".","1/1",".","1/1",".",".","1/1",".","1/1",".",".",".",".","1/1",".",".",".",".",".","1/1",".",".",".","1/1",".","1/1",".",".",".",".","1/1",".","1/1",".","1/1",".",".",".",".",".",".",".",".",".","1/1",".","1/1",".",".","1/1",".",".","1/1",".",".","1/1",".",".",".","1/1",".",".",".",".",".",".",".",".",".",".","1/1","1/1",".",".",".",".","1/1",".",".",".",".","1/1","1/1","."
"chrX:152864513_G/GC_FAM58A",".",".",".",".",".",".",".",".","1/1",".",".","1/1",".",".",".","1/1",".",".","1/1",".","1/1",".",".",".","1/1",".",".",".","1/1","1/1",".",".",".",".",".",".","1/1","1/1",".",".",".",".",".","1/1",".","1/1","1/1",".","1/1",".",".",".",".",".","1/1",".",".","1/1","1/1",".",".","1/1","1/1",".",".",".","1/1",".","1/1",".","1/1",".","1/1",".",".","1/1",".","1/1","1/1","1/1","1/1",".","1/1",".",".","1/1","1/1",".","1/1",".","1/1",".","1/1","1/1","1/1",".","1/1",".","1/1","1/1",".",".","1/1","1/1",".",".",".",".",".","1/1",".",".",".","1/1",".","1/1",".",".","1/1",".",".","1/1",".",".","1/1","1/1",".","1/1",".",".",".",".",".",".",".",".",".",".",".","1/1",".",".",".",".",".",".",".",".",".",".","1/1",".","."
"chrX:153200771_C/CGGGGGA_RENBP","0/0","0/0","0/0","0/0","0/0","0/0","0/0","0/0","0/0","0/0","0/0","0/0","0/0","0/0","0/0","0/0","0/0","0/0","0/0","0/0","0/0","0/0","0/0","0/0","0/0","0/0","0/0","0/0","0/0","0/0","0/0","0/0","0/0","0/0","0/0","0/0","0/0","0/0","0/0","0/0","0/1","0/0","0/0","0/0","0/0","0/0","0/0","0/0","0/0","0/0","0/0","0/0","0/0","0/0","0/0","0/0","0/0","0/0","0/0","0/0","0/0","0/0","0/0","0/0","0/0","0/0","0/0","0/0","0/0","0/0","0/0","0/0","0/0","0/0","0/0","0/0","0/0","0/0","0/0","0/0","0/0","0/0","0/0","0/0","0/0","0/0","0/0","0/0","0/0","0/0","0/0","0/0","0/0","0/0","0/0","0/0","0/0","0/0","0/0","0/0","0/0","0/0","0/0","0/0","0/0","0/0","0/0","0/0","0/0","0/0","0/0","0/0","0/0","0/0","0/0","0/0","0/0","0/0","0/0","0/0","0/0","0/0","0/0","0/0","0/0","0/0","0/0","0/0","0/0","0/0","0/0","0/0","0/0","0/0","0/0","0/0","0/0","0/0","0/0","0/0","0/0","0/0","0/0","0/0","0/0","0/0","0/0","0/0","0/0","0/0","0/0","0/0","0/0"
"chrX:154005088_CAAG/C_DKC1","0/0","0/0","0/0","0/0","0/0","0/0","0/0","0/0","0/0","0/0","0/0","0/0","0/0","0/0","0/0","0/0","0/0","0/0","0/0","0/0","0/0","0/0","0/0","0/0","0/0","0/0","0/0","0/0","0/0","0/0","0/0","0/0","0/0","0/0","0/0","0/0","0/0","0/0","0/0","0/0","0/0","0/1","0/0","0/0","0/0","0/0","0/0","0/0","0/0","0/0","0/0","0/0","0/0","0/0","0/0","0/0","0/0","0/0","0/0","0/0","0/0","0/0","0/0","0/0","0/0","0/0","0/0","0/0","0/0","0/0","0/0","0/0","0/0","0/0","0/0","0/0","0/0","0/0","0/0","0/0","0/0","0/0","0/0","0/0","0/0","0/0","0/0","0/0","0/0","0/0","0/0","0/0","0/0","0/0","0/0","0/0","0/0","0/0","0/0","0/0","0/0","0/0","0/0","0/0","0/0","0/0","0/0","0/0","0/0","0/0","0/0","0/0","0/0","0/0","0/0","0/0","0/0","0/0","0/0","0/0","0/0","0/0","0/0","0/0","0/0","0/0","0/0","0/0","0/0","0/0","0/0","0/0","0/0","0/0","0/0","0/0","0/0","0/0","0/0","0/0","0/0","0/0","0/0","0/0","0/0","0/0","0/0","0/0","0/0","0/0","0/0","0/0","0/0"
"chrY:21154529_G/GTTACATGGATACATTTCCACATCACAGCTACCTCCA_CD24",".",".",".",".",".",".",".",".",".",".","0/0","0/0",".",".",".",".",".","0/0",".",".","0/1","0/0","0/0",".","0/0",".","0/0","0/0",".","0/0",".","0/0",".",".",".","0/0",".",".",".",".",".",".","0/0","0/0",".","0/0","0/0",".",".",".",".","0/0",".",".",".",".",".","0/0","0/0",".",".",".",".",".",".","0/0","0/0",".",".","0/0",".","0/0",".","0/0","0/0","0/0",".",".","0/0",".",".",".","0/0","0/2","0/0",".","0/0",".",".","0/0",".","0/0","0/0",".",".",".",".",".",".",".","0/0",".","0/0","0/0","0/0","0/0","0/0",".","0/0",".","0/0","0/0",".",".","0/0","0/0",".",".",".",".",".",".",".",".",".",".","0/0","0/0",".","0/0","0/0","0/0",".","0/2","0/0",".","0/0",".","0/0","0/0","0/1",".",".",".","0/0","0/0",".",".","0/0","0/0",".",".","0/0"
